James van Riemsdyk,TOR,L,2016-11-26,false,WSH,9,9,-3,8,1,3,0,0,1,0,61,19690,441,24,12,13,6,10,1,3
Trevor van Riemsdyk,CHI,D,2017-01-13,false,WSH,1,3,4,6,0,0,0,0,0,0,26,23689,508,9,30,11,14,8,0,0
Calvin de Haan,NYI,D,2016-11-28,false,CGY,1,6,2,22,0,0,0,0,0,0,34,23174,452,34,51,12,16,5,0,0
Jason Zucker,MIN,L,2016-11-26,false,STL,2,8,11,8,0,0,0,0,0,0,28,15887,378,22,8,21,5,12,1,2
Mats Zuccarello,NYR,R,2016-11-23,false,PIT,7,8,4,8,2,1,0,0,0,0,47,23534,486,24,10,10,9,20,2,1
Harry Zolnierczyk,NSH,L,2017-02-28,false,BUF,1,2,-1,10,0,0,0,0,0,0,16,10754,260,24,10,2,1,5,2,3
Mika Zibanejad,NYR,C,2017-01-19,false,TOR,7,10,2,6,0,5,0,0,0,0,56,21012,491,9,12,32,10,10,206,177
Henrik Zetterberg,DET,L,2016-11-25,false,NJD,3,11,3,2,1,2,0,0,0,0,39,24368,479,14,7,10,9,13,156,156
Travis Zajac,NJD,C,2016-11-26,false,PIT,5,10,2,12,2,1,0,0,1,0,47,25362,542,29,7,7,5,9,230,210
Nikita Zaitsev,TOR,D,2016-11-26,false,WSH,0,8,-7,4,0,2,0,0,0,0,25,27787,602,50,33,15,17,9,0,0
Nikita Zadorov,COL,D,2016-12-01,false,CBJ,0,3,-7,22,0,0,0,0,0,0,16,21293,508,45,26,10,8,5,0,0
Pavel Zacha,NJD,C,2016-11-26,false,PIT,2,5,-9,10,1,2,0,0,0,0,23,18197,385,22,12,8,5,2,64,79
Keith Yandle,FLA,D,2016-11-26,false,CBJ,1,10,2,14,1,3,0,0,0,0,54,28324,515,8,27,22,18,7,0,0
Nail Yakupov,STL,R,2016-12-19,false,EDM,3,3,-2,10,0,0,0,0,0,0,17,12960,321,16,3,10,3,7,0,0
Miles Wood,NJD,L,2017-01-06,false,TOR,4,2,-3,20,0,0,0,0,0,0,31,15046,368,26,7,19,4,7,1,0
Luke Witkowski,TBL,D,2017-03-14,false,OTT,0,3,-2,22,0,0,0,0,0,0,13,12237,292,44,11,6,6,3,0,0
Daniel Winnik,WSH,L,2016-12-16,false,CAR,4,3,7,10,0,0,0,0,1,0,17,14959,345,10,10,7,9,7,3,4
Tommy Wingels,SJS,C,2016-12-02,false,MTL,4,1,1,2,0,0,0,0,2,0,22,11876,309,36,10,6,6,0,37,43
Scott Wilson,PIT,L,2016-12-01,false,DAL,3,4,-3,2,0,0,0,0,0,0,39,15716,387,48,11,11,4,5,1,0
Colin Wilson,NSH,L,2016-11-29,false,COL,4,5,0,8,2,0,0,0,0,0,40,19031,437,15,10,9,8,9,0,3
Tom Wilson,WSH,R,2016-11-26,false,TOR,1,0,1,21,0,0,0,0,0,0,22,16440,377,42,5,4,4,10,0,3
Justin Williams,WSH,R,2016-11-26,false,TOR,2,2,-3,16,1,0,0,0,0,0,42,19991,415,5,10,24,10,11,26,15
Patrick Wiercioch,COL,D,2016-12-03,false,DAL,2,6,1,13,0,0,0,0,0,0,26,22139,516,18,25,10,4,3,0,0
Chris Wideman,OTT,D,2016-12-05,false,PIT,1,6,0,12,0,1,0,0,1,0,32,17023,450,18,17,12,13,3,0,0
Dennis Wideman,CGY,D,2016-12-04,false,ANA,2,5,0,16,2,2,0,0,0,0,45,26883,591,21,22,11,20,9,0,0
Ryan White,ARI,C,2016-12-01,false,LAK,1,2,-5,37,0,0,0,0,1,0,17,13361,315,68,10,7,2,2,18,28
Blake Wheeler,WPG,R,2016-11-20,false,CAR,6,8,0,14,0,3,1,0,0,0,63,25986,538,38,11,20,17,11,17,19
Zach Werenski,CBJ,D,2016-11-29,false,TBL,5,11,4,4,3,5,0,0,1,1,59,27866,590,14,23,18,11,7,0,0
Alexander Wennberg,CBJ,C,2016-11-29,false,TBL,5,15,6,4,1,9,0,0,2,0,24,22307,496,22,17,7,8,6,146,182
Dale Weise,PHI,R,2016-12-01,false,OTT,2,2,0,8,1,0,0,0,1,0,30,15654,362,34,6,13,5,8,0,0
Yannick Weber,NSH,D,2016-11-29,false,COL,0,3,8,15,0,0,0,0,0,0,19,14915,372,27,15,10,9,0,0,0
Shea Weber,MTL,D,2016-11-24,false,CAR,8,9,17,10,7,3,0,1,3,0,55,32386,598,51,48,22,31,2,0,0
Jordan Weal,PHI,C,2017-04-02,false,NYR,8,3,4,6,1,0,0,0,1,0,46,17942,414,5,7,13,6,10,13,14
Austin Watson,NSH,L,2016-12-06,false,COL,1,3,6,21,0,0,0,0,0,0,20,14301,349,36,8,5,0,6,0,3
Joel Ward,SJS,R,2016-11-25,false,NYI,2,3,-2,4,0,0,1,0,1,0,32,20223,477,17,12,15,14,9,54,56
Chris Wagner,ANA,C,2016-12-01,false,VAN,2,0,-4,6,0,0,0,0,0,0,20,12324,315,46,9,11,6,2,33,54
Radim Vrbata,ARI,R,2016-11-29,false,SJS,7,8,-3,4,1,1,0,0,0,0,63,21674,471,15,5,24,9,11,7,5
Jakub Vrana,WSH,L,2017-03-16,false,NSH,3,3,2,2,3,1,0,0,2,0,32,13997,291,6,7,17,9,4,0,3
Jakub Voracek,PHI,R,2016-11-23,false,TBL,7,10,-9,32,0,6,0,0,1,1,73,24451,506,8,4,24,12,5,0,4
Marc-Edouard Vlasic,SJS,D,2016-11-25,false,NYI,3,4,2,26,1,2,0,0,2,1,41,27554,553,7,35,19,16,3,0,0
Jimmy Vesey,NYR,L,2016-11-23,false,PIT,7,5,2,2,2,1,0,0,2,0,35,18573,401,16,9,12,8,14,0,0
Kris Versteeg,CGY,R,2016-12-16,false,CBJ,4,8,4,6,0,3,0,0,0,0,28,17141,383,2,10,9,14,11,9,5
Antoine Vermette,ANA,C,2016-11-25,false,CHI,4,5,0,16,1,1,0,0,0,0,35,20138,521,20,14,15,6,4,223,108
Frank Vatrano,BOS,C,2017-02-04,false,TOR,6,3,-8,4,3,1,0,0,1,0,59,18475,421,27,6,28,2,5,0,0
Sami Vatanen,ANA,D,2016-11-25,false,CHI,1,8,4,4,1,5,0,0,0,0,29,27347,549,30,42,9,7,6,0,0
Thomas Vanek,DET,L,2016-12-17,false,ANA,5,12,2,14,2,3,0,0,0,0,48,18807,409,10,1,10,7,11,3,5
Chris VandeVelde,PHI,C,2016-11-23,false,TBL,2,2,-4,4,0,0,0,0,0,0,14,13364,335,28,14,6,4,5,15,8
Scottie Upshall,STL,R,2016-12-01,false,TBL,3,3,-5,11,0,0,0,0,0,0,25,12974,364,24,1,11,3,4,1,3
Fedor Tyutin,COL,D,2016-12-11,false,TOR,0,7,-7,10,0,0,0,0,0,0,15,24047,560,41,29,4,6,5,0,0
Kyle Turris,OTT,C,2016-11-26,false,CAR,10,3,1,6,1,0,0,0,3,2,42,24089,518,6,18,17,16,5,147,165
Nikita Tryamkin,VAN,D,2016-12-16,false,TBL,0,3,3,17,0,0,0,0,0,0,17,21079,470,60,22,17,7,2,0,0
Jacob Trouba,WPG,D,2016-12-22,false,VAN,1,5,-1,16,0,0,0,0,0,0,39,29614,585,31,44,19,28,12,0,0
Vincent Trocheck,FLA,C,2016-11-26,false,CBJ,6,7,-5,6,0,3,0,0,1,1,48,26131,497,50,13,28,20,17,214,210
Jordin Tootoo,CHI,R,2016-12-06,false,ARI,0,0,0,16,0,0,0,0,0,0,23,8795,230,18,3,9,4,4,1,0
Tyler Toffoli,LAK,C,2016-11-23,false,NYI,5,8,10,0,2,1,0,1,0,0,68,23116,507,26,2,28,11,5,0,2
Jonathan Toews,CHI,C,2016-11-23,false,SJS,4,8,2,15,1,3,0,0,2,0,54,25884,553,13,8,10,14,10,292,192
Matthew Tkachuk,CGY,L,2016-11-28,false,NYI,6,4,4,45,1,0,0,0,1,0,38,17850,391,23,4,22,7,8,1,5
Chris Tierney,SJS,C,2016-11-25,false,NYI,1,6,-2,0,0,0,1,1,1,0,20,16279,410,12,14,8,13,8,80,100
Shawn Thornton,FLA,L,2017-01-18,false,EDM,1,1,-3,9,0,0,0,0,0,0,10,8655,221,18,2,9,6,1,4,4
Joe Thornton,SJS,C,2016-11-25,false,NYI,2,11,3,6,0,5,0,0,0,0,20,23493,502,18,9,6,19,17,123,92
Chris Thorburn,WPG,R,2016-12-01,false,EDM,1,0,-4,43,0,0,0,0,0,0,14,10264,289,37,16,2,1,1,8,10
Nate Thompson,ANA,C,2017-03-18,false,SJS,0,0,1,9,0,0,0,0,0,0,13,13209,338,51,7,3,4,5,91,89
Paul Thompson,FLA,R,2017-01-23,false,ARI,0,3,-4,22,0,0,0,0,0,0,19,9954,255,48,16,6,2,4,0,1
Shea Theodore,ANA,D,2016-12-30,false,VAN,1,5,-10,16,1,0,0,1,0,0,35,21840,460,7,17,22,19,2,0,0
Teuvo Teravainen,CAR,L,2016-11-27,false,FLA,5,5,-3,2,1,3,0,0,1,0,32,19549,424,8,4,18,9,10,14,21
Matt Tennyson,CAR,D,2016-12-28,false,PIT,0,2,-1,0,0,0,0,0,0,0,18,18469,414,24,25,9,9,7,0,0
John Tavares,NYI,C,2016-11-28,false,CGY,6,11,0,18,2,3,0,0,0,0,64,25640,500,10,6,23,14,15,224,211
Tomas Tatar,DET,L,2016-11-25,false,NJD,3,4,-7,6,0,1,0,0,0,0,48,21823,466,18,10,21,9,9,3,3
Vladimir Tarasenko,STL,R,2016-11-23,false,WSH,9,13,1,2,2,7,0,0,1,1,75,23092,551,4,9,29,7,13,0,1
Christopher Tanev,VAN,D,2017-01-15,false,NJD,0,5,4,6,0,0,0,0,0,0,12,24967,562,5,35,9,12,6,0,0
Brandon Tanev,WPG,L,2016-11-20,false,CAR,2,1,-3,19,0,0,0,0,1,0,31,14887,405,50,17,10,5,9,0,0
Brandon Sutter,VAN,C,2016-11-25,false,DAL,5,6,-9,0,1,1,0,0,1,1,54,24442,541,13,12,20,8,7,199,174
Ryan Suter,MIN,D,2016-11-26,false,STL,4,10,11,8,1,5,1,0,0,0,48,34737,614,16,24,16,8,13,0,0
Andrej Sustr,TBL,D,2016-11-23,false,PHI,0,3,-4,13,0,0,0,0,0,0,25,22357,499,17,28,7,10,9,0,0
P.K. Subban,NSH,D,2016-11-27,false,WPG,5,9,-9,18,3,4,0,0,2,0,49,30867,573,20,36,14,26,13,0,0
Mark Stuart,WPG,D,2017-02-04,false,COL,1,0,2,15,0,0,0,0,0,0,11,14716,357,30,48,2,10,3,0,0
Ryan Strome,NYI,C,2016-12-01,false,WSH,2,4,-3,14,1,1,0,0,0,0,35,17520,378,16,7,9,13,7,47,64
Mark Streit,PHI,D,2016-11-23,false,TBL,4,8,-5,14,1,4,0,0,1,0,39,25346,575,12,20,14,9,3,0,0
Anton Stralman,TBL,D,2016-12-14,false,CGY,1,7,1,0,0,5,0,0,0,0,28,28757,555,28,22,16,6,7,0,0
Michael Stone,ARI,D,2016-12-19,false,CGY,0,6,-5,4,0,3,0,0,0,0,28,25911,566,45,47,19,8,0,1,0
Mark Stone,OTT,R,2016-11-27,false,NYR,6,7,-1,6,1,2,0,0,2,0,33,22264,466,17,16,11,16,24,3,4
Chris Stewart,MIN,R,2016-11-26,false,STL,2,3,0,29,0,1,0,0,0,0,12,13883,329,26,5,5,6,4,0,1
Derek Stepan,NYR,C,2016-11-23,false,PIT,3,10,3,6,0,4,1,0,1,0,43,21850,508,3,17,11,14,14,168,204
Lee Stempniak,CAR,R,2016-11-27,false,FLA,4,6,2,12,1,2,0,0,0,0,32,20276,447,35,5,14,13,13,1,2
Alexander Steen,STL,L,2016-12-08,false,NYI,3,12,-9,27,0,6,0,0,0,0,36,25006,591,8,18,17,5,7,30,58
Troy Stecher,VAN,D,2016-12-13,false,CAR,1,6,-8,15,0,3,0,0,0,0,63,26577,523,17,21,18,9,8,0,0
Paul Stastny,STL,C,2016-11-23,false,WSH,5,7,-1,16,2,4,0,0,2,0,33,25711,586,13,10,12,4,11,245,204
Viktor Stalberg,CAR,L,2016-11-29,false,NYR,6,1,1,19,0,0,1,0,2,0,35,15030,389,42,3,9,9,15,0,2
Matt Stajan,CGY,C,2016-11-21,false,BUF,1,4,3,8,0,0,0,0,0,0,17,16556,393,18,14,10,4,6,109,75
Drew Stafford,WPG,R,2016-12-22,false,VAN,1,3,0,8,0,0,0,0,1,0,33,18209,414,21,0,7,15,5,2,6
Eric Staal,MIN,C,2016-11-26,false,STL,5,11,7,6,1,3,0,1,2,0,60,24158,531,15,7,18,6,18,191,183
Jordan Staal,CAR,C,2016-11-27,false,FLA,5,4,-3,6,2,0,0,0,0,0,42,23279,546,44,6,16,11,16,220,146
Marc Staal,NYR,D,2016-11-23,false,PIT,1,3,6,6,0,0,0,1,0,0,18,24486,563,20,27,10,12,9,0,0
Jared Spurgeon,MIN,D,2016-12-07,false,TOR,1,8,13,6,0,1,0,1,0,0,45,29811,582,11,47,8,6,6,0,0
Ryan Sproul,DET,D,2017-01-10,false,CHI,1,5,-5,4,1,2,0,0,0,0,39,19697,446,8,11,14,7,3,0,0
Ryan Spooner,BOS,C,2016-11-27,false,TBL,3,5,-2,8,2,1,0,0,0,0,44,18784,403,10,4,12,12,11,8,11
Jason Spezza,DAL,C,2016-12-08,false,NSH,5,9,-14,8,1,6,0,0,2,0,51,20596,489,5,8,25,13,7,125,107
Nikita Soshnikov,TOR,R,2016-12-17,false,PIT,1,3,0,6,0,1,0,0,0,0,34,13403,343,45,11,12,7,4,1,7
Carl Soderberg,COL,C,2016-11-29,false,NSH,3,4,-2,14,1,0,0,0,0,0,41,21166,494,9,14,9,6,13,132,121
Devante Smith-Pelly,NJD,R,2016-12-01,false,CHI,2,4,-4,2,0,2,0,0,0,0,38,17047,371,32,8,14,6,7,6,7
Craig Smith,NSH,R,2016-11-29,false,COL,6,2,-1,16,2,1,0,0,0,0,44,18585,425,23,5,29,11,7,23,27
Brendan Smith,DET,D,2016-12-27,false,BUF,2,2,-3,22,1,2,0,0,1,0,28,22569,508,26,20,11,19,0,0,0
Ben Smith,TOR,R,2016-11-30,false,CGY,1,1,-2,0,0,0,0,0,0,0,15,14844,376,12,18,5,4,6,132,116
Reilly Smith,FLA,R,2016-11-26,false,CBJ,4,3,-4,4,2,0,0,0,1,0,45,24488,498,18,5,24,6,21,1,0
Zack Smith,OTT,C,2016-11-26,false,CAR,3,2,-1,27,0,0,1,0,0,0,46,21033,472,44,8,15,20,8,88,76
Anton Slepyshev,EDM,L,2017-01-21,false,CGY,3,2,4,2,0,0,0,0,0,0,34,13832,326,30,5,7,8,7,1,1
Jaccob Slavin,CAR,D,2016-11-27,false,FLA,1,5,0,2,0,1,0,0,0,0,30,28224,560,10,40,8,9,16,0,0
Brady Skjei,NYR,D,2016-11-23,false,PIT,0,11,2,8,0,2,0,0,0,0,21,21246,474,31,17,13,15,4,0,0
Jeff Skinner,CAR,L,2016-11-29,false,NYR,9,10,-2,12,2,5,0,0,0,0,76,23600,479,11,8,27,13,25,4,9
Jack Skille,VAN,R,2016-12-10,false,FLA,3,1,-3,4,0,0,0,0,0,0,26,11029,273,35,7,4,4,3,0,0
Colton Sissons,NSH,C,2016-12-15,false,MIN,2,1,0,0,0,0,1,0,0,0,8,12967,339,41,8,4,5,6,78,78
Wayne Simmonds,PHI,R,2016-11-23,false,TBL,10,8,-7,19,5,4,1,0,0,0,54,24484,557,44,17,26,10,7,1,2
Jakob Silfverberg,ANA,R,2016-11-25,false,CHI,7,7,8,4,1,1,1,0,2,0,53,23485,545,14,13,15,12,10,1,3
Nick Shore,LAK,C,2016-11-26,false,CHI,0,3,-2,10,0,0,0,0,0,0,21,14765,356,18,11,8,5,3,89,112
Devin Shore,DAL,C,2016-11-23,false,NSH,1,7,-7,4,0,3,0,0,0,0,25,17471,428,12,17,10,1,10,91,101
Conor Sheary,PIT,L,2016-12-10,false,TBL,7,8,11,8,0,0,0,0,2,0,48,18737,430,8,7,12,9,11,0,0
Riley Sheahan,DET,C,2016-11-25,false,NJD,0,4,-10,12,0,1,0,0,0,0,30,17125,410,12,12,12,7,4,37,34
Logan Shaw,ANA,C,2017-01-06,false,ARI,1,1,-3,4,0,0,0,0,0,0,28,10687,302,17,9,9,1,5,20,51
Andrew Shaw,MTL,C,2016-11-24,false,CAR,4,4,8,41,1,0,0,0,0,0,40,18538,409,50,11,12,7,9,83,60
Kevin Shattenkirk,STL,D,2016-11-23,false,WSH,4,10,1,21,3,6,0,0,0,0,39,25647,563,23,18,17,13,7,0,0
Patrick Sharp,DAL,L,2017-01-19,false,NYI,4,5,-5,21,0,0,1,0,0,0,58,20362,468,18,9,19,6,2,13,13
Michael Sgarbossa,FLA,C,2017-01-20,false,VAN,1,2,-5,2,1,1,0,0,0,0,23,14903,365,22,12,5,8,1,90,102
Damon Severson,NJD,D,2016-11-26,false,PIT,3,9,-6,12,0,5,0,0,1,0,34,26314,555,23,18,10,24,6,0,0
Devin Setoguchi,LAK,R,2016-11-23,false,NYI,3,4,-1,6,0,1,0,0,0,0,30,16853,392,26,3,13,11,5,2,2
Andrej Sekera,EDM,D,2016-11-23,false,COL,2,4,6,8,0,1,0,0,0,0,22,25324,534,14,35,18,11,8,0,0
Dennis Seidenberg,NYI,D,2016-12-13,false,WSH,4,6,13,12,0,0,0,0,0,0,24,24673,468,29,50,6,14,2,0,0
Tyler Seguin,DAL,C,2016-11-23,false,NSH,7,15,-9,6,4,6,0,0,1,0,74,23762,539,20,4,29,10,9,139,128
Lukas Sedlak,CBJ,C,2016-12-03,false,ARI,0,4,4,4,0,0,0,0,0,0,16,11724,283,22,8,13,6,7,56,61
Daniel Sedin,VAN,L,2016-11-25,false,DAL,6,7,-4,6,2,2,0,0,1,0,60,23501,496,7,6,19,5,7,0,1
Henrik Sedin,VAN,C,2016-11-25,false,DAL,5,7,-5,4,1,3,0,0,1,1,26,24280,495,5,2,10,16,3,160,160
Brent Seabrook,CHI,D,2016-11-23,false,SJS,2,9,8,2,2,2,0,0,0,0,36,28867,607,33,32,14,26,3,0,0
Jaden Schwartz,STL,L,2016-12-03,false,WPG,8,6,4,4,2,0,0,0,2,0,54,24689,576,22,16,24,5,18,27,25
Justin Schultz,PIT,D,2016-11-25,false,MIN,0,5,6,4,0,2,0,0,0,0,38,21095,486,17,17,13,11,5,0,0
Nick Schultz,PHI,D,2017-03-19,false,CAR,0,4,-1,6,0,0,0,0,0,0,20,19064,475,36,37,13,7,1,0,0
Jordan Schroeder,MIN,C,2017-02-08,false,CHI,3,5,5,0,0,0,0,0,0,0,20,12440,281,15,7,7,1,6,5,5
Nate Schmidt,WSH,D,2016-12-07,false,BOS,0,6,1,4,0,0,0,0,0,0,25,18926,406,19,11,12,20,14,0,0
Nick Schmaltz,CHI,C,2016-11-23,false,SJS,1,3,-2,2,0,1,0,0,0,0,13,15088,346,9,10,4,6,15,35,74
David Schlemko,SJS,D,2016-11-26,false,ANA,0,5,2,6,0,2,0,0,0,0,42,22186,484,13,28,17,14,14,0,0
Luke Schenn,ARI,D,2016-12-06,false,CHI,0,2,-2,9,0,0,0,0,0,0,20,19349,454,73,30,10,8,4,0,0
Brayden Schenn,PHI,C,2016-11-29,false,BOS,3,11,-5,13,3,6,0,0,1,0,45,22261,491,51,13,23,12,3,34,29
Mark Scheifele,WPG,C,2016-11-20,false,CAR,11,12,6,20,3,2,0,0,1,1,54,26187,515,26,10,14,11,18,184,236
Tim Schaller,BOS,C,2016-12-01,false,CAR,3,4,-3,15,0,0,0,0,1,0,30,15428,362,22,11,16,11,6,18,12
Colton Sceviour,FLA,C,2016-11-26,false,CBJ,5,4,-5,10,1,2,2,0,1,0,40,18673,391,25,19,14,5,9,20,12
Marco Scandella,MIN,D,2016-12-22,false,MTL,0,2,-4,10,0,0,0,0,0,0,29,21248,480,15,25,8,9,8,0,0
Luca Sbisa,VAN,D,2016-11-25,false,DAL,0,4,2,13,0,0,0,0,0,0,10,20727,462,36,33,8,14,5,0,0
David Savard,CBJ,D,2016-11-29,false,TBL,1,4,8,12,0,0,0,0,0,0,28,26896,585,41,36,27,6,6,0,0
Steven Santini,NJD,D,2017-02-18,false,NYI,2,3,2,6,0,0,0,0,0,0,22,19915,459,45,19,10,6,0,0,0
Zach Sanford,WSH,L,2017-02-11,false,ANA,1,1,-1,4,0,0,0,0,1,0,18,12691,300,12,6,7,9,9,10,8
Brandon Saad,CBJ,L,2016-11-29,false,TBL,6,11,8,4,0,0,0,0,1,0,50,21670,511,6,7,25,6,10,1,1
Bobby Ryan,OTT,R,2016-11-29,false,BUF,3,5,1,6,1,1,0,0,0,0,34,18820,399,22,12,12,10,4,1,1
Derek Ryan,CAR,C,2016-12-28,false,PIT,4,8,-4,6,2,4,1,0,2,0,21,17020,389,13,11,10,12,6,101,85
Bryan Rust,PIT,R,2016-12-01,false,DAL,3,3,-6,2,0,0,0,0,0,0,37,15900,402,37,13,12,7,5,1,0
Kris Russell,EDM,D,2016-12-06,false,BUF,0,4,5,4,0,0,0,0,0,0,26,26650,570,21,60,9,16,10,0,0
Chad Ruhwedel,PIT,D,2017-03-10,false,EDM,2,5,6,4,0,1,0,0,0,0,30,20545,472,17,16,11,5,5,0,0
Michal Rozsival,CHI,D,2017-04-04,false,COL,1,2,-2,10,0,0,0,0,1,0,15,19509,441,47,25,5,10,5,0,0
Carter Rowney,PIT,R,2017-03-29,false,CHI,1,2,1,4,0,0,0,0,1,0,15,12921,323,43,11,7,3,7,65,62
Antoine Roussel,DAL,L,2016-11-23,false,NSH,4,9,1,56,0,3,0,0,2,0,26,19517,507,25,12,17,14,3,1,3
Evan Rodrigues,BUF,L,2017-03-20,false,DET,3,2,0,2,0,0,0,0,0,0,39,16079,349,10,7,13,6,8,61,90
Brett Ritchie,DAL,R,2016-11-23,false,NSH,6,1,-2,13,1,0,0,0,0,0,42,15203,371,37,6,11,3,1,1,0
Nick Ritchie,ANA,L,2016-11-29,false,MTL,5,1,0,12,1,0,0,0,1,0,44,17739,430,71,8,19,2,3,2,1
Rasmus Ristolainen,BUF,D,2016-11-25,false,WSH,0,9,-4,12,0,7,0,0,0,0,49,33044,656,49,38,24,14,9,0,0
Morgan Rielly,TOR,D,2016-11-26,false,WSH,1,11,-3,7,1,1,0,0,0,0,42,28898,665,9,41,23,27,10,0,0
Tobias Rieder,ARI,R,2016-12-03,false,CBJ,6,4,2,0,0,0,0,1,0,0,43,21271,482,7,12,17,6,8,0,2
Mike Ribeiro,NSH,C,2016-11-27,false,WPG,3,9,0,12,2,2,0,0,0,0,18,19961,421,12,3,6,13,5,92,104
Sam Reinhart,BUF,C,2016-11-25,false,WSH,4,6,-2,4,2,3,0,0,1,0,53,21725,443,5,8,12,12,7,46,68
Ryan Reaves,STL,R,2016-11-28,false,DAL,0,2,0,9,0,0,0,0,0,0,15,9307,251,51,4,9,2,5,0,0
Matt Read,PHI,R,2016-11-23,false,TBL,6,3,-1,2,2,0,0,0,0,0,31,18876,448,39,13,8,6,8,1,4
Dennis Rasmussen,CHI,C,2016-11-29,false,FLA,1,1,0,2,0,0,0,0,0,0,23,15214,402,22,19,6,7,9,44,62
Victor Rask,CAR,C,2016-11-27,false,FLA,8,9,6,4,3,1,0,0,2,0,48,24073,507,8,7,8,8,14,127,142
Mikko Rantanen,COL,R,2016-12-10,false,MTL,3,8,-8,6,1,3,0,0,0,0,34,22770,482,2,12,15,7,11,17,7
Rickard Rakell,ANA,C,2016-12-17,false,DET,14,7,1,4,3,3,0,0,3,0,61,21815,482,28,9,17,8,4,11,11
Michael Raffl,PHI,L,2016-12-10,false,DAL,6,2,7,4,0,0,0,0,2,0,26,16998,418,35,8,18,5,8,2,2
Alexander Radulov,MTL,R,2016-11-29,false,ANA,4,14,6,18,1,4,0,0,0,0,39,20148,453,24,10,17,16,16,2,1
Alan Quine,NYI,C,2016-12-18,false,OTT,2,3,-2,2,1,0,0,0,1,0,28,14372,340,35,12,5,5,5,79,65
Kyle Quincey,NJD,D,2016-11-26,false,PIT,2,4,8,12,0,0,0,0,0,0,28,21546,499,31,32,3,11,6,0,0
Mark Pysyk,FLA,D,2016-11-26,false,CBJ,1,2,3,4,0,0,0,0,0,0,21,22193,428,15,28,11,4,9,0,1
Tom Pyatt,OTT,L,2016-11-26,false,CAR,2,3,0,2,0,0,0,1,0,0,27,20153,485,12,26,9,6,9,8,11
Jesse Puljujarvi,EDM,R,2016-12-06,false,BUF,1,6,4,4,1,0,0,0,0,0,38,15305,351,8,10,15,10,9,0,1
Matt Puempel,NYR,L,2016-12-18,false,NJD,1,0,-5,9,0,0,0,0,0,0,17,11115,276,15,6,11,1,4,0,1
Ivan Provorov,PHI,D,2016-11-23,false,TBL,1,8,-8,8,0,2,0,0,0,0,35,25354,573,31,36,22,22,6,0,0
Dalton Prout,NJD,D,2017-03-17,false,PIT,0,4,-2,22,0,0,0,0,0,0,11,17527,420,29,19,6,8,2,0,0
Nate Prosser,MIN,D,2017-01-26,false,STL,0,2,-1,4,0,0,0,0,0,0,12,16593,387,18,37,11,7,2,0,0
Shane Prince,NYI,L,2016-12-13,false,WSH,4,5,-6,4,1,0,0,0,1,0,38,16103,357,20,4,4,7,10,3,2
Benoit Pouliot,EDM,L,2016-11-29,false,TOR,3,1,-2,20,0,0,0,0,1,0,28,19547,470,11,15,16,9,4,3,6
Paul Postma,WPG,D,2016-12-03,false,STL,0,3,-2,2,0,0,0,0,0,0,17,15461,344,13,14,5,8,1,0,0
Jason Pominville,MIN,R,2016-11-26,false,STL,3,5,-1,0,0,2,0,0,0,0,40,18305,441,14,14,14,3,7,9,9
Roman Polak,TOR,D,2016-12-10,false,BOS,1,1,0,22,0,0,0,0,0,0,14,21922,508,72,34,11,9,6,0,1
Brayden Point,TBL,C,2016-11-23,false,PHI,2,7,0,6,2,2,0,0,0,0,40,18618,375,8,8,14,5,7,4,3
Tomas Plekanec,MTL,C,2016-11-24,false,CAR,1,5,0,6,0,3,1,0,1,0,43,21626,531,20,20,9,5,7,201,191
Brandon Pirri,NYR,R,2016-11-23,false,PIT,5,5,1,4,3,1,0,0,3,0,30,15628,354,15,6,19,8,6,63,41
Alex Pietrangelo,STL,D,2016-11-23,false,WSH,4,5,-10,12,2,2,0,0,1,0,52,31969,646,14,42,17,6,17,0,0
Dion Phaneuf,OTT,D,2016-11-26,false,CAR,2,4,-7,27,0,1,0,0,0,0,51,28400,677,36,44,14,14,3,0,0
Jeff Petry,MTL,D,2016-11-26,false,DET,3,6,5,10,1,2,0,0,0,0,38,27633,585,46,44,16,24,4,0,0
Alex Petrovic,FLA,D,2017-02-11,false,NSH,1,6,7,25,0,0,0,0,0,0,21,22000,414,44,22,14,12,8,0,0
Nic Petan,WPG,L,2017-01-07,false,BUF,1,8,-3,6,0,5,0,0,0,0,26,17222,391,6,5,13,5,9,70,84
Brett Pesce,CAR,D,2016-11-27,false,FLA,0,4,2,4,0,1,0,0,0,0,22,25150,528,15,36,14,11,14,0,0
Corey Perry,ANA,R,2016-11-25,false,CHI,4,12,-3,14,0,7,0,0,0,0,66,23959,506,20,5,22,3,6,0,4
David Perron,STL,L,2016-11-23,false,WSH,6,7,-7,14,2,3,0,0,2,0,42,22617,547,19,7,21,4,9,12,18
Mathieu Perreault,WPG,C,2016-12-20,false,VAN,2,4,-8,10,0,1,0,0,0,0,42,20443,431,32,5,9,6,15,95,88
Brendan Perlini,ARI,L,2017-01-21,false,TBL,7,2,-4,6,1,1,0,0,1,0,35,18329,382,18,8,14,3,2,1,0
Adam Pelech,NYI,D,2017-02-04,false,CAR,1,5,-1,2,0,0,0,0,0,0,20,20310,409,31,22,11,19,8,0,0
Tanner Pearson,LAK,L,2016-11-30,false,SJS,7,4,7,0,1,1,0,0,0,0,38,19909,457,36,3,27,6,7,0,4
Joe Pavelski,SJS,C,2016-11-25,false,NYI,7,12,5,12,2,4,0,0,2,0,69,24510,521,33,26,33,21,11,122,109
Greg Pateryn,MTL,D,2017-02-09,false,ARI,1,4,1,4,0,0,0,0,0,0,25,18031,392,33,39,13,12,4,0,0
David Pastrnak,BOS,R,2016-12-05,false,FLA,15,6,15,4,4,1,0,0,3,1,71,21552,450,13,8,24,14,10,0,1
Zach Parise,MIN,L,2016-12-13,false,FLA,5,6,-1,14,1,1,0,0,0,0,67,23399,509,17,28,15,5,18,2,1
PA Parenteau,NJD,R,2016-11-26,false,PIT,5,3,-4,14,1,0,0,0,0,0,40,19845,431,20,1,6,11,8,0,5
Colton Parayko,STL,D,2016-11-23,false,WSH,0,10,1,10,0,2,0,0,0,0,56,26319,618,14,37,20,11,9,0,0
Cedric Paquette,TBL,C,2016-11-25,false,CBJ,1,4,-1,16,0,0,0,0,0,0,20,12481,306,47,9,7,3,8,56,63
Richard Panik,CHI,R,2016-11-23,false,SJS,6,4,2,4,2,1,0,0,1,0,30,17996,410,48,7,10,9,13,0,2
Artemi Panarin,CHI,L,2016-11-23,false,SJS,8,11,11,13,2,2,0,0,1,1,56,24552,486,7,2,25,12,15,1,0
Kyle Palmieri,NJD,R,2016-12-01,false,CHI,3,8,4,10,1,3,0,0,1,0,44,20329,444,40,11,22,12,6,3,6
Ondrej Palat,TBL,L,2016-11-23,false,PHI,3,7,-4,13,0,4,0,0,0,0,33,22035,450,39,8,14,11,24,1,4
Jean-Gabriel Pageau,OTT,C,2016-11-26,false,CAR,2,3,2,4,0,0,0,0,0,0,38,20622,476,50,16,9,8,5,115,93
Max Pacioretty,MTL,L,2016-11-24,false,CAR,5,9,6,14,1,1,0,1,3,0,56,22438,505,23,9,37,15,17,0,0
Magnus Paajarvi,STL,L,2017-03-18,false,ARI,5,3,4,4,1,0,0,0,3,0,33,15017,377,22,13,7,0,7,1,2
Alex Ovechkin,WSH,L,2016-11-26,false,TOR,12,6,0,12,4,2,0,0,4,1,86,23138,444,54,7,39,11,12,0,1
Xavier Ouellet,DET,D,2016-12-29,false,OTT,1,3,4,32,0,0,0,0,0,0,26,22308,481,17,29,12,7,5,0,1
Steve Ott,DET,C,2016-12-03,false,PIT,2,1,-1,28,0,0,0,0,0,0,20,12928,325,44,7,3,1,4,47,35
T.J. Oshie,WSH,R,2016-12-13,false,NYI,9,5,13,10,2,2,1,1,1,0,44,21924,452,24,14,19,11,13,25,26
Brooks Orpik,WSH,D,2016-11-26,false,TOR,0,5,8,6,0,0,0,0,0,0,19,21430,445,45,35,9,14,5,0,0
Dmitry Orlov,WSH,D,2016-11-26,false,TOR,1,6,6,12,0,1,0,0,0,0,33,24078,479,33,26,13,19,9,0,0
Jamie Oleksiak,DAL,D,2017-02-11,false,CAR,5,1,3,23,0,0,0,1,1,0,21,19453,447,29,28,7,8,3,0,0
Kyle Okposo,BUF,R,2016-11-29,false,OTT,7,8,1,6,3,7,0,0,0,0,61,24396,471,18,6,18,13,7,38,35
Johnny Oduya,DAL,D,2016-12-13,false,ANA,1,5,3,6,0,0,0,0,0,0,16,23853,548,10,50,13,11,5,0,0
Ryan O'Reilly,BUF,C,2016-12-09,false,WSH,6,10,-1,4,3,6,0,0,2,0,72,27813,541,3,8,19,9,20,292,209
Gustav Nyquist,DET,R,2016-11-25,false,NJD,4,10,3,4,0,2,0,0,2,0,42,21397,454,11,4,13,4,11,1,0
William Nylander,TOR,C,2016-11-29,false,EDM,6,10,-3,6,4,5,0,0,0,0,50,20137,444,5,8,23,7,14,36,43
Markus Nutivaara,CBJ,D,2016-11-29,false,TBL,1,2,3,2,0,0,0,0,0,0,20,16116,375,12,11,9,5,2,0,0
Darnell Nurse,EDM,D,2016-11-23,false,COL,3,2,-4,17,0,0,0,0,0,0,38,22437,484,53,21,12,12,7,0,0
Ryan Nugent-Hopkins,EDM,C,2016-11-23,false,COL,3,7,-1,4,2,0,0,0,1,0,62,22320,505,12,4,17,2,10,150,170
Joakim Nordstrom,CAR,L,2016-11-27,false,FLA,1,2,-5,6,0,0,0,0,1,0,32,16979,430,27,18,10,4,8,3,4
Jordan Nolan,LAK,C,2016-12-18,false,BOS,2,2,-3,38,0,0,0,0,0,0,17,12919,295,28,2,10,3,2,1,1
Stefan Noesen,NJD,R,2017-02-18,false,NYI,4,1,2,4,0,0,0,0,0,0,28,11501,285,25,4,8,3,5,21,36
Matt Niskanen,WSH,D,2016-11-26,false,TOR,0,9,2,6,0,1,0,1,0,0,38,28102,561,29,27,21,25,11,0,0
Matt Nieto,COL,L,2017-01-19,false,ANA,1,3,-3,6,0,0,0,0,0,0,32,16585,417,27,12,9,8,10,0,2
Frans Nielsen,DET,C,2016-11-25,false,NJD,5,6,-6,0,0,5,2,0,0,0,41,21933,523,20,17,9,5,6,158,152
Nino Niederreiter,MIN,R,2016-11-26,false,STL,7,6,7,4,3,0,0,0,0,0,38,18221,424,31,3,10,7,7,0,1
Nikita Nesterov,TBL,D,2016-12-10,false,PIT,2,3,3,18,1,0,0,0,0,0,25,21400,426,32,13,8,9,3,0,0
Patrik Nemeth,DAL,D,2017-02-02,false,WPG,0,2,-3,8,0,0,0,0,0,0,26,19523,439,22,22,7,6,7,0,0
Brock Nelson,NYI,C,2016-11-28,false,CGY,5,8,2,6,1,2,0,1,0,0,40,19771,475,19,19,13,9,8,112,141
Chris Neil,OTT,R,2016-11-27,false,NYR,1,1,-5,29,0,0,0,0,0,0,20,10616,268,45,10,3,5,3,0,0
James Neal,NSH,L,2016-12-06,false,COL,11,5,2,15,2,2,0,0,1,0,74,24232,491,25,9,16,12,13,1,1
Rick Nash,NYR,R,2016-11-23,false,PIT,9,5,1,10,3,1,0,0,1,0,63,20222,497,12,17,12,16,17,0,0
Riley Nash,BOS,C,2016-11-25,false,CGY,1,3,1,4,0,0,0,1,0,0,29,17673,406,10,8,12,4,10,91,83
Vladislav Namestnikov,TBL,C,2016-11-23,false,PHI,3,7,3,10,2,3,0,0,0,0,32,18747,379,8,7,10,7,5,43,56
Jake Muzzin,LAK,D,2016-11-23,false,NYI,3,2,-2,14,1,0,0,0,0,0,51,28583,658,47,35,19,13,4,0,0
Ryan Murray,CBJ,D,2016-12-10,false,NYI,0,3,5,10,0,0,0,1,0,0,16,23332,528,6,34,6,3,4,0,0
Ryan Murphy,CAR,D,2017-03-16,false,MIN,0,2,-11,8,0,0,0,0,0,0,11,16827,366,2,22,7,8,8,0,0
Connor Murphy,ARI,D,2016-12-01,false,LAK,0,4,-6,14,0,0,0,0,0,0,23,27482,611,47,35,6,9,5,0,0
Matt Moulson,BUF,L,2016-11-25,false,WSH,7,2,-3,2,6,2,0,0,1,0,48,18410,370,11,8,18,4,5,0,0
Tyler Motte,CHI,L,2016-12-03,false,PHI,3,3,3,14,0,0,0,0,0,0,30,15129,397,20,18,9,2,10,4,4
Josh Morrissey,WPG,D,2016-11-20,false,CAR,1,3,1,8,0,0,0,0,1,0,24,22892,492,31,37,9,7,2,0,0
Dominic Moore,BOS,C,2016-11-25,false,CGY,5,3,1,12,0,0,2,0,1,0,25,16705,390,6,13,6,7,5,103,84
John Moore,NJD,D,2016-11-26,false,PIT,4,6,4,10,0,1,0,0,0,0,35,24903,561,20,19,15,20,0,0,0
Brandon Montour,ANA,D,2017-03-26,false,NYR,1,3,8,10,0,1,0,0,0,0,41,21205,405,16,19,18,14,2,0,0
Sean Monahan,CGY,C,2016-11-21,false,BUF,5,3,-11,8,1,0,0,0,1,1,41,23216,504,11,7,18,14,10,193,182
Torrey Mitchell,MTL,C,2016-11-24,false,CAR,5,2,6,8,0,0,0,0,1,0,12,16199,426,9,18,9,8,13,119,105
John Mitchell,COL,C,2016-12-10,false,MTL,1,0,-3,12,0,0,0,0,1,0,20,16742,384,26,19,9,3,9,115,92
Drew Miller,DET,L,2016-12-15,false,LAK,2,0,-8,4,0,0,0,0,1,0,16,12384,306,33,15,3,1,4,1,0
Kevan Miller,BOS,D,2017-01-05,false,EDM,0,1,-7,15,0,0,0,0,0,0,23,21642,476,44,29,5,7,3,0,0
J.T. Miller,NYR,L,2016-11-23,false,PIT,8,10,11,8,1,1,1,0,2,0,48,19485,466,34,16,15,14,14,26,39
Colin Miller,BOS,D,2016-12-07,false,WSH,2,2,-5,8,1,0,0,0,0,0,32,20270,459,22,11,18,10,5,0,0
Marc Methot,OTT,D,2016-11-26,false,CAR,0,3,7,4,0,0,0,0,0,0,34,25655,616,45,25,3,16,3,0,0
Jon Merrill,NJD,D,2017-01-13,false,CGY,1,3,-2,12,0,0,0,0,0,0,17,22358,498,17,31,7,9,5,0,0
Timo Meier,SJS,R,2017-02-04,false,ARI,2,2,-2,4,0,0,0,0,1,0,53,16392,402,50,4,20,17,16,1,3
Jayson Megna,VAN,C,2016-12-31,false,EDM,3,0,-1,4,0,0,0,0,0,0,21,13347,308,25,7,5,2,4,0,1
Adam McQuaid,BOS,D,2016-12-05,false,FLA,0,0,-1,13,0,0,0,0,0,0,24,22884,539,46,37,10,11,2,0,0
Brayden McNabb,LAK,D,2017-01-31,false,ARI,2,1,1,18,0,0,0,0,0,0,18,20582,478,48,24,14,21,6,0,0
Cody McLeod,COL,L,2016-12-20,false,MIN,0,0,-3,38,0,0,0,0,0,0,9,7714,191,40,0,5,0,2,0,0
Curtis McKenzie,DAL,L,2016-12-11,false,CHI,3,4,4,30,0,0,0,0,1,0,31,12562,322,36,14,6,2,0,2,2
Greg McKegg,FLA,C,2017-01-04,false,WPG,1,2,-2,6,0,0,0,0,0,0,17,13573,320,24,9,4,5,3,20,20
Jamie McGinn,ARI,L,2016-12-08,false,CGY,4,3,-4,12,0,0,0,0,2,0,41,17184,395,42,9,7,9,0,0,1
Brock McGinn,CAR,L,2017-01-03,false,NJD,1,2,-2,2,0,0,0,1,0,0,26,14662,358,29,12,9,5,9,1,3
Ryan McDonagh,NYR,D,2016-11-23,false,PIT,0,13,12,9,0,3,0,0,0,0,36,30150,609,20,35,12,17,11,0,0
Connor McDavid,EDM,C,2016-11-23,false,COL,9,18,6,8,0,7,0,0,3,0,58,26492,534,4,8,19,13,14,126,161
Jay McClement,CAR,C,2016-11-27,false,FLA,0,0,-7,6,0,0,0,0,0,0,16,13670,358,21,11,9,1,7,83,78
Michael McCarron,MTL,R,2017-02-23,false,NYI,1,4,0,30,0,0,0,0,0,0,26,12200,305,47,7,9,3,5,57,75
Jared McCann,FLA,C,2017-01-11,false,NYI,1,3,0,2,0,0,0,0,0,0,31,13908,313,19,6,10,7,6,28,37
Jake McCabe,BUF,D,2016-11-25,false,WSH,0,3,-1,12,0,0,0,0,0,0,15,25970,567,21,22,15,10,3,0,0
Scott Mayfield,NYI,D,2017-03-25,false,BOS,1,6,-1,33,0,0,0,0,0,0,31,17384,359,34,31,12,10,7,0,0
Shawn Matthias,WPG,L,2017-01-14,false,LAK,6,1,2,6,0,0,1,0,1,0,32,16597,410,19,8,10,5,4,3,6
Auston Matthews,TOR,C,2016-11-26,false,WSH,9,8,-2,0,1,5,0,0,1,0,77,21859,457,3,12,30,12,20,104,111
Michael Matheson,FLA,D,2016-11-27,false,CAR,2,5,0,6,0,1,0,0,0,0,45,24664,441,19,25,15,14,16,1,0
Andreas Martinsen,COL,L,2016-11-29,false,NSH,1,2,-3,13,0,0,0,1,0,0,26,14585,381,68,12,10,3,11,1,0
Jordan Martinook,ARI,L,2016-11-29,false,SJS,5,5,4,10,1,0,0,1,0,0,33,20093,487,18,18,15,6,10,112,145
Alec Martinez,LAK,D,2016-11-23,false,NYI,4,9,-1,6,0,3,0,0,2,2,46,28838,664,45,38,27,13,0,0,1
Paul Martin,SJS,D,2016-11-25,false,NYI,0,7,2,6,0,0,0,0,0,0,13,23241,505,10,31,3,12,3,0,0
Matt Martin,TOR,L,2016-11-26,false,WSH,2,2,1,46,0,0,0,0,0,0,21,12470,312,91,5,6,2,6,0,5
Patrick Maroon,EDM,L,2016-11-23,false,COL,6,4,5,19,0,1,0,0,0,0,48,20053,439,43,3,14,7,4,1,4
Mitchell Marner,TOR,C,2016-11-26,false,WSH,7,11,-4,14,1,3,0,0,3,0,57,21167,457,12,15,26,17,21,6,6
Patrick Marleau,SJS,L,2016-11-25,false,NYI,6,1,-1,4,1,1,0,0,2,0,54,20763,441,23,5,15,7,11,13,19
Andrei Markov,MTL,D,2016-11-24,false,CAR,2,15,5,6,0,7,0,1,0,0,31,27647,576,15,19,13,19,10,0,0
Martin Marincin,TOR,D,2017-01-31,false,DAL,1,6,2,8,0,0,0,1,0,0,19,23391,537,22,25,17,14,5,0,0
Jonathan Marchessault,FLA,C,2016-11-26,false,CBJ,9,7,3,10,2,3,0,0,2,0,56,22772,425,31,6,16,14,16,47,41
Alexey Marchenko,DET,D,2016-12-11,false,PHI,0,5,0,10,0,0,0,1,0,0,18,22625,527,2,29,13,12,2,0,0
Brad Marchand,BOS,L,2016-11-25,false,CGY,6,12,7,22,1,3,0,0,3,0,52,23340,494,14,7,18,15,16,9,7
Anthony Mantha,DET,R,2016-12-29,false,OTT,7,6,9,12,1,1,0,0,2,1,50,21029,454,13,15,17,12,6,1,1
Josh Manson,ANA,D,2016-11-25,false,CHI,0,5,0,38,0,0,0,0,0,0,21,23630,498,55,18,7,19,4,0,0
Brandon Manning,PHI,D,2016-11-25,false,NYR,3,6,1,18,0,0,1,0,1,0,31,23454,545,49,24,8,17,1,0,0
Evgeni Malkin,PIT,C,2016-11-25,false,MIN,8,10,1,36,1,6,0,0,1,0,58,23615,504,11,11,20,20,13,140,177
Denis Malgin,FLA,C,2016-11-26,false,CBJ,4,4,2,6,1,0,0,0,1,1,27,14715,330,12,5,9,3,6,41,73
Nathan MacKinnon,COL,C,2016-11-29,false,NSH,5,10,-2,0,0,4,1,0,1,0,81,25477,555,15,6,28,9,12,210,185
Derek MacKenzie,FLA,C,2016-11-26,false,CBJ,2,3,6,9,0,0,0,1,0,0,25,15904,367,51,12,9,4,7,110,104
Andrew MacDonald,PHI,D,2016-12-08,false,EDM,1,8,0,6,0,0,0,0,0,0,13,24217,554,14,46,11,18,2,0,0
Olli Maatta,PIT,D,2016-11-25,false,MIN,0,1,6,6,0,0,0,0,0,0,23,23085,544,17,35,12,17,4,0,0
Roman Lyubimov,PHI,L,2016-12-11,false,DET,2,1,0,2,0,0,0,0,0,0,22,12877,327,20,8,14,3,5,0,4
Milan Lucic,EDM,L,2016-11-23,false,COL,6,8,-1,9,2,4,0,0,1,0,48,22726,476,50,7,16,14,7,2,1
Adam Lowry,WPG,C,2016-11-20,false,CAR,5,2,-2,17,1,2,0,0,0,0,31,20138,493,51,12,10,7,8,158,181
Ben Lovejoy,NJD,D,2016-11-26,false,PIT,0,2,-5,8,0,0,0,0,0,0,24,25449,542,30,40,11,6,6,0,0
Bryan Little,WPG,C,2017-01-11,false,MTL,7,9,1,6,2,1,0,0,1,1,49,21603,528,7,6,19,6,10,226,171
Hampus Lindholm,ANA,D,2016-12-20,false,MTL,1,3,3,6,0,2,0,0,1,0,27,27607,564,33,29,19,18,7,0,0
Elias Lindholm,CAR,C,2016-11-27,false,FLA,2,5,-4,2,0,2,0,2,0,0,44,23350,503,27,23,20,10,17,121,114
Esa Lindell,DAL,D,2016-12-11,false,CHI,2,2,-3,4,0,1,0,0,1,0,22,24659,544,30,36,10,6,7,0,1
Oscar Lindberg,NYR,C,2016-12-23,false,MIN,0,3,-1,14,0,1,0,0,0,0,33,14606,353,33,15,9,3,4,94,83
John-Michael Liles,BOS,D,2016-11-25,false,CGY,0,5,-2,4,0,3,0,0,0,0,19,21309,477,14,28,9,4,8,1,0
Trevor Lewis,LAK,C,2016-11-23,false,NYI,2,4,-2,4,0,0,0,0,0,0,29,16674,387,44,7,12,4,3,22,37
Mark Letestu,EDM,C,2016-11-29,false,TOR,2,4,-3,0,0,0,2,0,2,0,14,15970,427,20,12,7,6,4,121,110
Kris Letang,PIT,D,2016-12-05,false,OTT,2,13,-3,16,1,5,0,0,1,1,69,32516,635,44,40,25,29,18,0,0
Jori Lehtera,STL,C,2016-12-06,false,MTL,3,4,1,8,0,1,0,0,1,0,26,19637,509,17,11,0,5,6,148,126
Artturi Lehkonen,MTL,L,2016-12-16,false,SJS,5,1,2,6,1,0,0,0,1,0,45,17443,435,18,7,13,6,9,0,0
Anders Lee,NYI,L,2016-11-28,false,CGY,4,1,0,10,1,0,0,0,0,0,34,16293,384,57,12,12,4,8,1,3
Nick Leddy,NYI,D,2016-11-30,false,PIT,4,6,-9,6,1,2,0,0,0,0,44,28933,503,22,35,19,5,7,0,0
Curtis Lazar,OTT,C,2017-01-14,false,TOR,0,0,-4,4,0,0,0,0,0,0,20,11116,281,39,6,5,4,4,18,25
Adam Larsson,EDM,D,2016-11-23,false,COL,1,3,-1,12,0,0,0,0,0,0,23,25779,553,69,34,11,18,5,0,0
Philip Larsen,VAN,D,2017-02-25,false,SJS,1,5,-8,4,0,2,0,0,0,0,28,21554,455,6,16,15,10,2,0,0
Dylan Larkin,DET,C,2016-11-25,false,NJD,6,1,-6,17,1,0,0,0,1,0,65,21210,450,9,6,16,17,24,38,53
Nick Lappin,NJD,R,2016-12-09,false,STL,4,3,-2,4,0,0,0,0,0,0,29,15724,359,21,3,10,2,10,2,4
Gabriel Landeskog,COL,L,2016-12-20,false,MIN,4,5,-6,26,2,0,0,0,2,1,42,23050,495,49,10,12,9,24,13,17
Anton Lander,EDM,C,2017-02-05,false,MTL,1,3,3,6,0,0,0,0,0,0,9,12140,334,26,7,5,4,5,78,61
Patrik Laine,WPG,R,2016-11-20,false,CAR,12,6,-1,8,5,2,0,0,2,1,57,23708,473,22,11,18,26,9,0,2
Andrew Ladd,NYI,L,2016-11-28,false,CGY,2,1,-5,14,0,0,0,0,0,0,36,21199,442,23,10,15,13,12,1,2
Kevin Labanc,SJS,R,2016-12-23,false,EDM,6,2,4,8,0,0,0,0,2,1,30,16306,384,7,3,11,10,5,0,1
Paul LaDue,LAK,D,2017-04-04,false,EDM,0,8,-5,4,0,4,0,0,0,0,27,19727,458,14,13,7,10,3,0,0
Evgeny Kuznetsov,WSH,C,2016-11-26,false,TOR,3,6,5,10,0,1,0,0,0,0,33,21620,449,12,5,14,15,9,129,181
Chris Kunitz,PIT,L,2016-12-08,false,FLA,2,10,5,18,0,2,0,0,2,0,39,20021,468,68,6,14,11,8,3,4
Dmitry Kulikov,BUF,D,2017-01-24,false,NSH,0,1,-10,14,0,0,0,0,0,0,20,28232,611,26,31,16,11,6,0,0
Nikolay Kulemin,NYI,L,2016-12-01,false,WSH,2,3,1,6,0,0,0,0,0,0,18,17452,443,23,15,15,7,7,5,2
Brett Kulak,CGY,D,2017-02-15,false,PHI,0,3,-3,12,0,0,0,0,0,0,19,17945,415,14,13,11,10,4,0,0
Tom Kuhnhackl,PIT,R,2016-12-12,false,ARI,2,3,6,6,0,0,0,0,0,0,14,12385,325,29,15,7,2,2,0,1
Nikita Kucherov,TBL,R,2016-11-25,false,CBJ,11,15,12,8,2,5,0,0,3,0,59,23386,462,5,11,32,15,19,0,0
Marcus Kruger,CHI,C,2016-11-23,false,SJS,1,3,4,18,0,0,0,0,0,0,20,16544,444,9,13,11,2,10,114,116
Torey Krug,BOS,D,2016-11-25,false,CGY,1,5,-9,8,0,3,0,0,0,0,65,26980,566,22,17,21,13,4,0,0
Niklas Kronwall,DET,D,2016-12-23,false,FLA,0,2,-1,10,0,1,0,0,0,0,20,23814,541,31,34,8,6,2,0,0
David Krejci,BOS,C,2016-11-25,false,CGY,2,10,-6,12,1,4,0,0,1,0,41,22518,449,20,18,16,15,12,142,141
Chris Kreider,NYR,L,2016-12-06,false,NYI,6,11,2,13,1,3,0,0,1,0,56,21155,454,46,14,25,12,7,2,2
Lauri Korpikoski,DAL,L,2016-11-23,false,NSH,4,4,1,4,0,0,0,1,0,0,36,17948,466,13,12,9,5,7,0,3
Anze Kopitar,LAK,C,2016-12-08,false,CAR,2,12,3,4,0,4,0,1,0,0,47,26939,526,31,14,25,10,9,267,227
Travis Konecny,PHI,C,2016-11-23,false,TBL,4,8,-5,12,2,1,0,0,0,0,47,19339,438,35,7,22,6,10,0,0
Leo Komarov,TOR,C,2016-11-26,false,WSH,3,6,2,11,0,2,1,0,0,0,26,21737,522,73,14,9,3,7,25,27
Mikko Koivu,MIN,C,2016-11-26,false,STL,4,7,4,6,0,3,0,1,1,0,32,25346,561,6,25,15,10,12,277,227
Slater Koekkoek,TBL,D,2016-12-20,false,DET,0,4,1,8,0,0,0,0,0,0,21,16388,380,21,19,11,4,1,0,0
John Klingberg,DAL,D,2016-11-25,false,VAN,2,9,-8,10,0,5,0,0,0,0,26,28549,593,12,29,15,22,5,0,0
Kevin Klein,NYR,D,2016-11-29,false,CAR,0,6,2,0,0,1,0,1,0,0,20,22609,505,37,52,5,13,8,0,0
Oscar Klefbom,EDM,D,2016-11-23,false,COL,3,4,0,0,0,2,0,0,2,0,50,27954,557,14,33,21,16,4,0,0
Dwight King,LAK,L,2016-11-23,false,NYI,4,4,7,6,0,0,0,0,1,0,31,19364,418,32,6,12,6,5,3,4
Jakub Kindl,FLA,D,2017-01-07,false,BOS,0,2,-9,16,0,0,0,0,0,0,23,18677,393,33,22,11,12,3,0,0
Alex Killorn,TBL,L,2016-11-23,false,PHI,8,4,0,14,2,3,0,0,2,0,50,21899,439,34,9,11,11,4,1,5
Phil Kessel,PIT,R,2016-11-25,false,MIN,6,15,-3,10,3,6,0,0,1,0,52,23090,499,6,5,20,10,3,0,4
Ryan Kesler,ANA,C,2016-11-25,false,CHI,8,7,9,22,5,2,0,0,2,0,53,26926,559,37,17,27,10,2,286,185
Tanner Kero,CHI,C,2017-02-10,false,WPG,4,4,8,2,0,0,0,0,0,0,20,16798,402,22,24,5,6,5,95,118
Michal Kempny,CHI,D,2016-12-03,false,PHI,0,2,0,14,0,0,0,0,0,0,27,20350,456,42,26,20,15,2,0,0
Adrian Kempe,LAK,L,2017-03-31,false,VAN,2,4,-2,6,0,2,0,1,1,0,30,15422,366,20,7,9,7,4,60,76
Chris Kelly,OTT,C,2016-11-26,false,CAR,1,2,-2,4,0,0,0,0,0,0,28,16530,416,20,16,10,7,6,85,104
Duncan Keith,CHI,D,2016-11-23,false,SJS,0,14,8,6,0,3,0,0,0,0,48,32377,609,5,22,13,16,6,0,0
Zack Kassian,EDM,R,2016-11-29,false,TOR,2,2,-1,27,0,0,0,0,0,0,32,15236,376,47,5,9,5,6,1,0
Ondrej Kase,ANA,R,2016-12-29,false,CGY,2,5,-4,12,0,0,0,0,1,0,32,15676,403,16,8,14,14,8,1,3
Melker Karlsson,SJS,C,2016-12-10,false,CAR,2,3,6,4,0,0,0,0,0,0,16,15221,388,19,15,11,7,5,0,2
William Karlsson,CBJ,C,2016-11-29,false,TBL,4,5,6,2,0,0,0,1,1,0,31,18046,444,9,4,13,8,10,109,142
Erik Karlsson,OTT,D,2016-11-26,false,CAR,4,13,6,10,1,3,0,1,1,0,48,34173,698,19,64,38,34,15,0,0
Evander Kane,BUF,L,2016-12-22,false,CAR,6,5,-6,20,1,3,0,0,0,0,64,23180,465,37,9,19,10,13,29,27
Patrick Kane,CHI,R,2016-11-23,false,SJS,6,14,2,12,1,4,0,0,2,0,69,28018,508,8,2,19,7,9,3,15
Sergey Kalinin,NJD,C,2016-12-11,false,NYR,0,1,-8,11,0,0,0,0,0,0,20,15817,384,28,10,7,3,3,15,27
Nazem Kadri,TOR,C,2016-11-26,false,WSH,9,7,0,47,3,2,0,0,1,1,58,19948,470,30,9,23,11,20,135,169
Tomas Jurco,CHI,L,2017-03-09,false,ANA,0,0,-8,4,0,0,0,0,0,0,18,13124,322,10,5,15,4,2,0,1
Roman Josi,NSH,D,2016-11-27,false,WPG,2,10,-4,4,1,6,0,0,0,0,63,31245,596,15,33,21,13,6,0,0
Jacob Josefson,NJD,C,2017-01-21,false,PHI,0,3,-1,10,0,1,0,0,0,0,26,15185,352,19,7,16,7,4,72,66
Josh Jooris,ARI,R,2017-01-07,false,NYI,1,2,2,10,0,0,0,0,0,0,22,13335,338,24,10,8,1,4,66,65
Seth Jones,CBJ,D,2016-12-13,false,EDM,4,7,5,4,0,0,0,0,1,1,40,29513,635,24,41,11,13,5,0,0
Jyrki Jokipakka,CGY,D,2016-12-14,false,TBL,1,4,1,4,0,0,0,0,0,0,12,19092,463,12,18,6,10,3,0,0
Jussi Jokinen,FLA,L,2016-12-15,false,WPG,2,3,-5,12,0,0,0,0,1,0,36,22732,481,5,8,12,17,7,14,11
Erik Johnson,COL,D,2016-11-29,false,NSH,1,9,-1,4,0,4,0,0,0,0,44,28396,652,43,59,14,11,11,0,0
Tyler Johnson,TBL,C,2016-11-23,false,PHI,7,6,-4,8,4,3,0,0,1,0,40,22648,467,21,12,11,8,9,181,159
Jack Johnson,CBJ,D,2016-11-29,false,TBL,0,3,8,12,0,0,0,0,0,0,29,27579,587,32,35,13,8,3,0,0
Stephen Johns,DAL,D,2016-12-08,false,NSH,2,3,-2,12,0,0,0,0,1,0,25,23808,547,53,39,14,12,4,0,0
Marcus Johansson,WSH,L,2016-11-26,false,TOR,9,6,7,4,2,2,0,0,4,1,40,21970,424,10,0,8,13,12,5,8
Ryan Johansen,NSH,C,2016-11-27,false,WPG,4,10,2,14,3,5,0,0,2,0,48,23296,490,22,6,22,10,11,174,166
Nick Jensen,DET,D,2017-02-09,false,WSH,2,4,4,4,0,0,0,0,0,0,27,20349,467,21,21,9,12,2,0,0
Boone Jenner,CBJ,C,2016-11-29,false,TBL,2,4,-6,10,0,1,0,0,0,0,47,18713,421,50,20,14,5,10,36,22
Dmitrij Jaskin,STL,R,2016-11-28,false,DAL,0,5,5,6,0,0,0,0,0,0,21,14489,344,37,5,11,5,4,3,4
Calle Jarnkrok,NSH,C,2016-11-27,false,WPG,3,1,-2,4,0,0,0,0,0,0,22,17927,448,11,5,12,7,6,92,110
Jaromir Jagr,FLA,R,2016-11-26,false,CBJ,3,7,2,12,1,1,0,0,0,0,50,20774,404,5,2,14,11,14,0,0
Matt Irwin,NSH,D,2016-12-10,false,ARI,3,3,7,4,0,0,0,0,1,0,28,19009,439,46,34,18,12,5,0,0
Jarome Iginla,COL,R,2016-11-29,false,NSH,3,2,1,31,1,1,0,0,0,0,45,19083,422,22,5,11,9,8,5,4
Zach Hyman,TOR,C,2016-11-26,false,WSH,2,4,-2,8,0,0,0,0,1,0,44,20727,479,33,12,14,5,16,7,12
Ben Hutton,VAN,D,2016-11-25,false,DAL,2,2,-8,12,0,2,0,0,1,1,38,26587,545,17,33,16,17,9,0,0
Matt Hunwick,TOR,D,2016-12-15,false,ARI,0,7,5,4,0,0,0,0,0,0,20,22621,525,38,31,13,18,12,0,0
Jiri Hudler,DAL,R,2017-01-17,false,NYR,2,5,2,4,0,0,0,0,1,0,16,15532,383,8,2,8,5,8,2,2
Jonathan Huberdeau,FLA,L,2017-03-21,false,CAR,6,10,5,6,1,3,0,0,2,1,53,22548,481,18,3,15,17,10,2,4
Marian Hossa,CHI,R,2016-11-25,false,ANA,11,6,5,6,3,3,0,0,3,2,48,21689,504,5,12,20,3,13,4,6
Bo Horvat,VAN,C,2016-11-25,false,DAL,7,7,-4,14,0,1,2,0,0,0,32,21355,502,28,7,25,4,8,178,171
Patric Hornqvist,PIT,R,2016-12-08,false,FLA,6,12,7,6,5,3,0,0,1,0,80,20498,480,59,25,17,3,9,1,4
Korbinian Holzer,ANA,D,2017-01-31,false,COL,1,5,-1,6,0,0,0,0,0,0,11,17525,385,51,24,5,7,2,0,0
Peter Holland,ARI,C,2017-01-13,false,WPG,1,5,-5,10,0,0,0,0,0,0,37,16941,367,17,2,19,4,3,93,120
Nick Holden,NYR,D,2016-11-23,false,PIT,2,8,11,6,1,0,0,0,0,0,14,24622,554,39,24,11,15,8,0,0
Mike Hoffman,OTT,L,2016-11-29,false,BUF,7,9,-1,10,3,4,0,0,2,0,67,21609,433,13,9,22,11,13,2,2
Joshua Ho-Sang,NYI,R,2017-04-09,false,OTT,4,6,1,12,1,1,0,0,0,0,22,20735,395,4,2,10,20,9,0,2
Niklas Hjalmarsson,CHI,D,2016-11-25,false,ANA,2,3,5,2,0,0,0,0,0,0,15,27090,593,7,44,4,12,6,0,0
Vinnie Hinostroza,CHI,L,2016-12-11,false,DAL,1,3,-3,4,0,0,0,0,0,0,24,14167,313,12,10,12,7,10,44,72
Thomas Hickey,NYI,D,2016-11-28,false,CGY,2,3,0,2,0,1,0,0,1,1,27,23730,471,31,45,12,12,2,0,0
Tomas Hertl,SJS,C,2017-02-04,false,ARI,5,6,0,12,1,1,0,0,2,0,46,20929,477,40,7,16,8,13,91,72
Adam Henrique,NJD,C,2016-11-26,false,PIT,4,5,6,10,0,0,0,0,1,1,33,23267,494,29,19,15,11,8,161,168
Matt Hendricks,EDM,L,2017-01-21,false,CGY,2,2,-6,19,0,0,0,0,1,0,23,14062,348,36,24,5,4,2,60,47
Darren Helm,DET,C,2017-01-25,false,TOR,5,3,6,10,2,0,0,1,1,0,37,19195,469,30,9,9,8,12,124,104
Victor Hedman,TBL,D,2016-11-23,false,PHI,4,11,5,14,2,4,0,0,2,0,37,30743,599,23,31,21,17,12,0,0
Kevin Hayes,NYR,C,2016-11-23,false,PIT,9,9,15,6,0,1,1,1,1,0,33,20514,475,13,17,12,22,16,121,136
Jimmy Hayes,BOS,R,2016-11-29,false,PHI,1,0,-9,16,0,0,0,0,0,0,36,13163,309,30,2,7,4,7,1,5
Erik Haula,MIN,L,2016-12-13,false,FLA,5,4,3,8,0,0,0,0,1,0,42,18514,439,11,10,9,6,10,127,119
Garnet Hathaway,CGY,R,2017-01-09,false,WPG,1,4,2,37,0,0,0,0,0,0,17,11404,288,44,14,6,3,6,10,8
Scott Hartnell,CBJ,L,2016-11-29,false,TBL,5,8,7,4,1,0,0,0,0,0,29,15868,392,19,12,8,11,3,0,0
Ryan Hartman,CHI,L,2016-12-03,false,PHI,5,1,0,2,0,0,0,0,1,0,41,14213,323,27,10,9,7,5,4,6
Scott Harrington,CBJ,D,2017-04-06,false,WPG,1,2,3,10,0,0,0,0,0,0,14,16081,376,18,22,9,5,3,0,0
Martin Hanzal,ARI,C,2016-12-08,false,CGY,5,4,-11,18,2,2,0,0,1,1,51,23349,509,44,17,15,16,9,238,197
Jannik Hansen,VAN,R,2017-02-09,false,CBJ,5,5,-3,27,0,0,0,0,1,0,41,20515,466,19,4,20,6,11,0,0
Noah Hanifin,CAR,D,2016-11-27,false,FLA,1,7,-8,12,1,3,0,0,0,0,37,21936,450,15,10,12,13,7,0,0
Travis Hamonic,NYI,D,2016-12-04,false,DET,2,4,-12,40,0,1,0,0,0,0,28,25810,480,29,40,19,16,7,0,0
Dougie Hamilton,CGY,D,2016-11-21,false,BUF,2,8,-3,22,0,1,0,0,1,0,55,23705,554,33,21,16,13,3,0,0
Freddie Hamilton,CGY,C,2017-01-23,false,TOR,1,0,-1,6,0,0,0,0,1,0,23,12154,290,35,1,8,1,3,62,44
Dan Hamhuis,DAL,D,2016-11-25,false,VAN,0,5,-5,8,0,0,0,1,0,0,26,25695,569,28,35,11,10,4,0,0
Taylor Hall,NJD,L,2016-12-15,false,STL,8,12,-4,8,4,3,0,0,2,1,72,25767,511,25,13,21,10,12,1,3
Micheal Haley,SJS,C,2016-12-23,false,EDM,0,3,-1,37,0,0,0,0,0,0,12,10005,259,58,7,7,8,9,5,8
Ron Hainsey,CAR,D,2016-11-27,false,FLA,1,5,-1,6,0,0,1,0,0,0,25,27766,563,32,22,11,16,4,0,0
Carl Hagelin,PIT,L,2016-11-25,false,MIN,2,5,1,2,0,0,0,1,0,0,44,21004,503,21,10,17,11,6,0,1
Carl Gunnarsson,STL,D,2016-12-03,false,WPG,0,2,-1,4,0,0,0,0,0,0,12,17767,456,16,26,7,1,1,0,0
Jake Guentzel,PIT,C,2017-02-19,false,DET,6,6,3,6,0,0,0,0,0,0,31,19390,425,42,8,9,4,7,8,8
Radko Gudas,PHI,D,2016-12-10,false,DAL,1,7,2,25,0,1,0,0,0,0,35,25401,553,87,53,25,18,8,0,0
Eric Gryba,EDM,D,2017-01-07,false,NJD,1,2,0,36,0,0,0,0,1,0,24,21205,460,80,18,9,8,3,0,0
Mikhail Grigorenko,COL,C,2016-12-01,false,CBJ,3,5,-2,8,0,3,0,0,0,0,31,17089,386,8,6,6,4,12,39,45
Seth Griffith,FLA,C,2016-12-29,false,MTL,0,4,5,4,0,1,0,0,0,0,20,16314,370,28,5,19,6,3,2,4
Andy Greene,NJD,D,2016-11-26,false,PIT,2,3,-3,2,0,0,1,0,1,1,23,28015,595,22,48,18,12,7,0,0
Matt Greene,LAK,D,2016-12-20,false,CBJ,1,1,3,19,0,0,0,0,0,0,12,17193,444,63,24,9,15,1,0,0
Mike Green,DET,D,2016-11-25,false,NJD,4,8,1,16,1,2,0,0,1,1,36,30634,600,17,27,16,18,9,0,0
Kevin Gravel,LAK,D,2016-12-23,false,DAL,0,2,5,4,0,1,0,0,0,0,19,17481,426,29,31,12,10,0,0,0
Tyler Graovac,MIN,C,2016-12-15,false,NSH,2,0,0,2,0,0,0,0,0,0,15,11603,292,21,3,13,1,7,69,69
Derek Grant,BUF,C,2016-11-25,false,WSH,0,2,-3,17,0,0,0,0,0,0,19,14315,364,15,12,11,4,5,116,102
Mikael Granlund,MIN,C,2016-11-26,false,STL,5,9,5,2,1,4,1,0,2,0,37,24443,524,14,12,21,7,8,4,5
Markus Granlund,VAN,C,2016-11-25,false,DAL,5,3,-7,6,1,0,0,0,1,1,35,20933,475,10,3,16,4,11,29,40
Michael Grabner,NYR,R,2016-11-23,false,PIT,12,4,19,2,0,0,0,1,1,0,47,16414,438,11,14,12,7,21,2,1
Shayne Gostisbehere,PHI,D,2016-11-25,false,NYR,4,7,-5,12,1,4,0,0,1,0,58,26375,541,8,27,36,20,6,0,0
Josh Gorges,BUF,D,2016-11-25,false,WSH,0,0,-4,21,0,0,0,0,0,0,9,24481,575,49,40,7,6,0,0,1
Cody Goloubef,COL,D,2017-02-07,false,MTL,0,3,-11,19,0,0,0,0,0,0,18,22780,526,15,26,5,5,4,0,0
Alex Goligoski,ARI,D,2016-11-29,false,SJS,0,8,-9,4,0,2,0,0,0,0,35,29400,590,25,33,9,11,1,0,0
Luke Glendening,DET,C,2016-11-25,false,NJD,1,5,1,10,0,1,0,0,0,0,28,16188,394,54,25,11,2,7,84,79
Claude Giroux,PHI,C,2016-11-23,false,TBL,4,13,-9,10,3,7,0,0,0,0,52,24243,530,15,4,20,4,7,246,212
Zemgus Girgensons,BUF,C,2016-11-25,false,WSH,1,3,-5,4,0,0,0,0,0,0,35,15880,373,27,9,10,1,2,85,80
Dan Girardi,NYR,D,2016-12-01,false,BUF,3,3,11,6,0,0,0,1,3,0,18,23365,534,43,56,7,17,2,0,0
Mark Giordano,CGY,D,2016-11-21,false,BUF,1,6,3,18,0,2,0,1,0,0,50,31349,646,18,53,23,6,16,0,0
Brian Gionta,BUF,R,2016-11-25,false,WSH,4,4,0,6,0,0,0,0,1,0,47,21990,457,15,9,15,7,6,7,8
Stephen Gionta,NYI,R,2017-03-31,false,NJD,1,5,7,0,0,0,0,0,0,0,12,13425,338,49,5,2,5,2,32,33
Ryan Getzlaf,ANA,C,2016-12-01,false,VAN,2,17,-2,12,1,6,0,0,1,0,42,25438,537,27,20,24,17,12,167,146
Eric Gelinas,COL,D,2017-01-19,false,ANA,0,1,-3,12,0,0,0,0,0,0,26,14944,358,23,13,12,5,3,0,1
Frederik Gauthier,TOR,C,2017-02-25,false,MTL,2,1,2,23,0,0,0,0,0,0,15,12213,349,17,17,5,3,5,120,115
Brendan Gaunce,VAN,C,2016-11-25,false,DAL,0,2,-3,20,0,0,0,0,0,0,16,11274,297,27,4,5,2,2,57,54
Johnny Gaudreau,CGY,L,2016-12-10,false,WPG,7,12,-5,0,1,4,0,0,1,0,56,23761,494,3,4,19,26,10,0,0
Jason Garrison,TBL,D,2016-11-23,false,PHI,0,2,-4,6,0,0,0,0,0,0,29,23202,517,25,32,17,13,6,0,0
Jake Gardiner,TOR,D,2016-11-26,false,WSH,4,5,5,10,1,1,0,0,0,0,33,24858,536,17,17,12,24,8,0,0
Brendan Gallagher,MTL,R,2016-11-24,false,CAR,4,7,5,20,1,0,0,0,1,0,56,19337,450,25,6,21,4,10,19,27
Alex Galchenyuk,MTL,C,2016-11-24,false,CAR,8,13,10,12,3,4,0,0,1,0,41,20076,451,9,11,12,12,7,96,148
Sam Gagner,CBJ,C,2016-12-01,false,COL,8,5,6,2,2,3,0,0,1,0,49,17196,368,3,3,21,5,4,38,47
Marian Gaborik,LAK,R,2017-01-14,false,WPG,3,5,0,4,1,1,0,0,0,0,47,18696,415,12,3,20,6,3,0,1
Michael Frolik,CGY,R,2016-11-21,false,BUF,6,8,2,6,0,0,2,0,1,1,48,20381,462,14,14,13,11,12,6,7
Cody Franson,BUF,D,2016-11-25,false,WSH,1,5,0,8,1,0,0,0,0,0,31,23051,505,16,20,9,11,4,0,0
Cam Fowler,ANA,D,2016-11-25,false,CHI,6,7,2,2,4,3,0,0,1,0,45,30101,592,10,28,14,17,3,0,0
Gustav Forsling,CHI,D,2016-11-29,false,FLA,1,3,0,2,0,1,0,0,0,0,27,19641,426,11,8,7,15,1,0,0
Filip Forsberg,NSH,L,2016-11-27,false,WPG,2,14,-4,6,0,3,0,0,0,0,45,23294,526,35,7,25,12,21,5,6
Derek Forbort,LAK,D,2016-11-23,false,NYI,1,5,4,32,0,0,0,0,0,0,20,21542,508,46,48,8,14,2,0,0
Christian Folin,MIN,D,2016-12-15,false,NSH,0,2,10,16,0,0,0,0,0,0,19,20964,474,32,27,9,5,6,0,0
Marcus Foligno,BUF,L,2016-11-25,false,WSH,4,2,1,10,0,0,0,0,0,0,37,20501,454,70,17,12,9,9,0,1
Nick Foligno,CBJ,L,2016-11-29,false,TBL,8,11,2,22,4,6,0,0,0,0,46,23211,515,32,12,16,11,9,22,17
Brian Flynn,MTL,C,2016-12-20,false,ANA,3,2,6,2,0,0,0,0,0,0,20,14872,402,10,10,10,7,5,43,33
Mike Fisher,NSH,C,2016-12-06,false,COL,5,9,-7,29,3,5,0,0,1,0,39,20737,477,46,17,15,1,7,201,165
Valtteri Filppula,TBL,C,2016-11-25,false,CBJ,4,11,6,4,0,5,0,0,1,0,26,22708,465,8,11,6,10,10,171,221
Vernon Fiddler,NJD,C,2016-11-26,false,PIT,1,1,-3,15,0,0,1,0,0,0,21,15739,391,21,10,4,11,4,140,119
Kevin Fiala,NSH,L,2016-12-19,false,PHI,5,2,-1,6,0,0,0,0,1,0,47,16016,385,18,5,10,8,15,0,0
Micheal Ferland,CGY,L,2016-11-21,false,BUF,3,5,0,5,1,1,0,0,0,0,28,13558,340,49,7,8,10,9,0,0
Eric Fehr,PIT,C,2016-11-25,false,MIN,2,2,-1,2,0,0,0,0,1,0,22,14210,356,23,16,5,5,15,26,22
Taylor Fedun,BUF,D,2017-01-31,false,MTL,0,7,4,10,0,3,0,0,0,0,23,17575,420,6,14,3,8,3,0,0
Justin Faulk,CAR,D,2016-12-03,false,NYR,3,4,-10,8,1,3,0,0,0,0,56,29549,563,41,23,27,19,14,0,0
Jesper Fast,NYR,R,2016-11-23,false,PIT,2,8,8,12,0,0,0,0,0,0,11,16818,419,29,10,7,4,14,7,9
Justin Falk,BUF,D,2016-12-31,false,BOS,0,1,-1,7,0,0,0,0,0,0,15,16258,413,38,8,12,6,2,0,0
Radek Faksa,DAL,C,2016-11-23,false,NSH,1,6,2,15,0,0,0,0,0,0,35,20579,524,25,18,19,5,16,160,179
Robby Fabbri,STL,C,2016-11-26,false,MIN,4,5,-8,15,3,2,0,0,0,0,34,20137,455,29,10,10,6,10,3,4
Adam Erne,TBL,L,2017-04-01,false,MTL,1,0,-7,11,0,0,0,0,0,0,33,14984,353,57,10,18,3,2,0,2
Loui Eriksson,VAN,L,2016-11-25,false,DAL,4,4,-8,0,1,1,0,1,1,0,39,23677,510,1,10,13,7,6,0,0
Jonathan Ericsson,DET,D,2016-11-25,false,NJD,0,4,3,37,0,0,0,0,0,0,17,22189,524,27,15,11,10,1,0,0
Toby Enstrom,WPG,D,2016-11-20,false,CAR,1,6,1,10,0,3,1,0,0,0,23,28166,600,7,30,11,12,5,0,0
Tyler Ennis,BUF,L,2017-02-06,false,NJD,3,3,-4,0,0,0,0,0,0,0,39,16990,362,15,11,7,4,11,0,4
Deryk Engelland,CGY,D,2016-11-21,false,BUF,1,3,7,19,0,0,0,0,1,0,27,23051,533,39,40,11,14,2,0,0
Alexei Emelin,MTL,D,2016-11-24,false,CAR,1,3,6,25,0,0,0,0,0,0,20,26711,536,70,43,9,27,3,0,0
Ryan Ellis,NSH,D,2016-12-15,false,MIN,4,6,7,19,0,3,0,0,2,0,32,29671,586,27,40,19,13,8,0,0
Lars Eller,WSH,C,2016-12-01,false,NYI,2,1,-3,18,0,0,0,0,0,0,26,17593,388,14,4,15,7,10,117,122
Oliver Ekman-Larsson,ARI,D,2016-11-29,false,SJS,5,5,-1,10,2,1,0,0,1,1,48,30575,585,35,21,26,14,9,0,0
Mattias Ekholm,NSH,D,2016-11-27,false,WPG,0,5,-4,10,0,1,0,1,0,0,34,29409,580,14,38,20,21,7,0,0
Aaron Ekblad,FLA,D,2016-11-26,false,CBJ,5,0,-6,24,2,0,0,0,1,1,61,29097,500,43,18,22,13,9,0,0
Jack Eichel,BUF,C,2017-01-13,false,CAR,8,7,-2,4,4,3,0,0,2,0,78,24965,470,14,16,27,19,15,104,150
Nikolaj Ehlers,WPG,L,2016-11-20,false,CAR,4,14,1,8,0,2,0,0,1,0,48,22689,463,12,8,24,12,10,0,1
Joel Edmundson,STL,D,2016-12-19,false,EDM,0,6,-6,23,0,0,0,0,0,0,26,20852,514,40,27,9,5,4,0,0
Alexander Edler,VAN,D,2016-11-26,false,COL,1,2,-8,4,1,1,0,0,0,0,46,29854,584,36,48,12,12,5,2,1
Jordan Eberle,EDM,C,2016-11-23,false,COL,7,9,-5,4,2,3,0,0,0,0,64,22690,487,5,8,18,5,6,1,1
Patrick Eaves,DAL,R,2016-11-25,false,VAN,9,7,-4,8,5,3,0,0,1,0,54,21396,504,26,13,28,3,5,0,1
Cody Eakin,DAL,C,2017-01-12,false,DET,0,2,-8,25,0,1,0,0,0,0,23,18914,474,27,9,17,9,3,147,146
Ryan Dzingel,OTT,L,2016-11-26,false,CAR,5,6,6,2,0,1,1,0,1,0,36,17209,394,13,11,10,5,10,2,4
Christian Dvorak,ARI,C,2016-12-06,false,CHI,2,5,-1,4,0,1,0,0,0,0,20,18048,381,22,20,7,5,1,100,135
Brian Dumoulin,PIT,D,2016-11-25,false,MIN,0,2,-4,10,0,0,0,0,0,0,29,24545,570,36,26,9,12,7,0,0
Gabriel Dumont,TBL,C,2017-03-03,false,PIT,1,1,-2,18,0,0,0,0,0,0,20,11581,291,42,5,6,3,3,56,44
Matt Dumba,MIN,D,2016-11-26,false,STL,2,5,3,14,1,2,0,0,1,1,43,26224,528,29,21,16,8,8,0,0
Anthony Duclair,ARI,L,2016-11-29,false,SJS,1,3,0,4,0,0,0,0,0,0,25,16935,391,9,3,8,11,9,0,0
Matt Duchene,COL,C,2016-12-08,false,BOS,10,7,-4,2,2,2,0,0,3,1,52,23409,502,5,19,17,12,19,124,81
Brandon Dubinsky,CBJ,C,2016-12-03,false,ARI,2,5,2,15,0,1,0,0,1,0,26,22598,523,66,19,16,10,12,209,186
Jonathan Drouin,TBL,L,2016-12-10,false,PIT,6,7,-2,6,3,2,0,0,0,0,59,21533,415,15,7,12,23,14,29,34
Leon Draisaitl,EDM,C,2016-11-23,false,COL,7,9,-6,2,5,2,0,0,0,0,39,21291,453,6,10,18,16,12,157,149
Nic Dowd,LAK,C,2016-11-30,false,SJS,2,9,-5,2,1,3,0,0,1,1,25,17224,411,55,12,10,7,3,120,135
Drew Doughty,LAK,D,2016-11-23,false,NYI,3,7,5,16,0,2,0,0,0,0,48,33953,701,33,41,19,22,2,1,0
Jake Dotchin,TBL,D,2017-03-13,false,NYR,0,5,7,25,0,0,0,0,0,0,26,22828,483,52,12,18,9,3,0,0
Joonas Donskoi,SJS,R,2016-11-25,false,NYI,2,5,-1,8,1,2,0,0,0,0,37,18773,445,10,9,22,11,13,0,0
Max Domi,ARI,L,2016-11-29,false,SJS,4,11,-4,13,1,3,0,0,1,0,49,22091,466,15,8,16,13,8,3,4
Shane Doan,ARI,R,2016-11-29,false,SJS,2,4,-2,4,1,1,0,0,0,0,41,19822,414,36,11,10,11,2,34,36
Brenden Dillon,SJS,D,2016-11-25,false,NYI,0,1,0,18,0,0,0,0,0,0,23,19923,459,45,17,15,5,1,0,0
Phillip Di Giuseppe,CAR,L,2017-02-24,false,OTT,1,4,-10,13,0,1,0,0,1,1,41,15449,359,37,8,15,7,8,0,2
Nicolas Deslauriers,BUF,L,2017-01-13,false,CAR,0,0,-4,11,0,0,0,0,0,0,11,9935,228,62,4,7,0,1,0,0
Andrew Desjardins,CHI,L,2016-12-30,false,CAR,0,0,-4,6,0,0,0,0,0,0,27,12532,290,30,6,5,5,4,23,20
David Desharnais,MTL,C,2016-11-26,false,DET,3,4,3,2,0,1,0,0,0,0,15,16221,375,0,5,6,4,9,48,55
Jason Demers,FLA,D,2016-11-26,false,CBJ,2,6,-4,6,0,3,0,1,0,0,22,24979,497,21,23,23,11,11,0,0
Michael Del Zotto,PHI,D,2016-12-30,false,SJS,4,5,-3,4,0,0,0,0,0,0,36,24168,548,79,41,13,11,3,0,0
Dylan DeMelo,SJS,D,2017-03-16,false,STL,1,6,1,12,0,0,0,0,0,0,27,19576,446,26,24,12,10,4,0,0
Danny DeKeyser,DET,D,2016-11-25,false,NJD,1,2,-3,15,0,0,0,0,0,0,14,28042,601,25,35,10,12,3,0,0
Anthony DeAngelo,ARI,D,2017-02-23,false,CHI,3,6,-5,14,2,4,0,0,0,0,41,23936,490,13,29,14,11,2,0,0
Brandon Davidson,EDM,D,2017-02-05,false,MTL,0,1,2,6,0,0,0,0,0,0,27,18668,435,20,38,10,14,1,0,0
Laurent Dauphin,ARI,C,2017-01-07,false,NYI,2,1,-2,10,0,0,1,0,1,0,26,13848,341,29,8,3,3,8,29,33
Marko Dano,WPG,C,2016-12-10,false,CGY,3,5,0,6,2,0,0,0,0,0,25,15327,365,49,10,14,8,11,1,3
Phillip Danault,MTL,L,2016-11-24,false,CAR,5,4,1,4,0,0,0,0,1,0,30,16753,419,20,20,10,10,4,65,60
Trevor Daley,PIT,D,2016-11-25,false,MIN,2,5,2,12,1,1,0,1,0,0,28,26416,616,5,36,20,10,12,0,0
Klas Dahlbeck,CAR,D,2017-02-28,false,FLA,1,2,-3,18,0,0,0,0,0,0,15,16936,398,31,18,9,9,5,0,0
Austin Czarnik,BOS,C,2016-12-03,false,BUF,2,3,-3,8,0,1,0,0,1,0,29,17573,417,8,14,9,7,7,6,21
Matt Cullen,PIT,C,2016-11-25,false,MIN,4,6,0,8,0,1,0,0,1,0,27,17658,451,11,4,16,7,4,147,129
Lawson Crouse,ARI,L,2016-12-06,false,CHI,1,0,-8,14,0,0,0,0,0,0,20,13654,330,45,10,5,1,6,0,0
Sidney Crosby,PIT,C,2016-12-08,false,FLA,18,11,6,8,5,2,0,0,3,0,73,24209,521,25,6,18,21,10,237,258
Joseph Cramarossa,ANA,C,2016-12-19,false,TOR,2,3,-2,35,0,0,0,0,0,0,16,13235,334,44,11,8,8,5,2,0
Adam Cracknell,DAL,R,2016-11-23,false,NSH,2,1,2,0,0,0,0,0,0,0,23,12782,323,29,14,13,5,2,33,36
Charlie Coyle,MIN,C,2016-11-26,false,STL,8,7,5,18,3,0,0,0,2,0,51,22813,494,24,18,14,10,12,11,12
Sean Couturier,PHI,C,2016-12-28,false,STL,5,3,-4,14,0,1,0,1,1,0,31,22843,529,14,14,16,12,12,173,179
Logan Couture,SJS,C,2016-11-25,false,NYI,6,5,-2,2,4,0,0,0,0,0,68,23115,518,8,14,18,22,10,80,150
Nick Cousins,PHI,C,2016-12-01,false,OTT,3,4,0,10,1,1,0,0,0,0,31,14615,343,23,10,6,3,7,35,78
Andrew Copp,WPG,C,2016-12-10,false,CGY,4,3,0,6,0,0,1,0,1,0,25,15992,413,28,11,11,5,11,32,44
Brett Connolly,WSH,R,2016-12-31,false,NJD,4,1,1,16,1,0,0,0,0,0,32,13507,302,39,2,6,3,7,3,4
Kevin Connauton,ARI,D,2017-04-02,false,LAK,0,1,-3,10,0,0,0,0,0,0,19,15580,378,43,15,12,4,4,0,0
J.T. Compher,COL,L,2017-04-09,false,STL,3,2,0,4,1,0,0,0,1,0,30,18811,415,11,21,13,8,6,78,86
Blake Comeau,COL,L,2016-12-08,false,BOS,3,2,0,20,2,0,0,0,0,0,32,20004,461,41,7,11,5,10,49,50
Blake Coleman,NJD,C,2017-04-04,false,PHI,1,1,-4,27,0,0,0,0,0,0,26,16080,362,44,14,8,12,12,86,116
Ian Cole,PIT,D,2016-11-25,false,MIN,1,3,4,19,0,0,0,0,0,0,22,23047,519,50,45,22,13,4,0,0
Joe Colborne,COL,C,2016-12-03,false,DAL,3,1,-7,10,2,0,0,0,0,0,23,15591,369,19,6,5,6,3,30,42
Andrew Cogliano,ANA,L,2016-11-25,false,CHI,5,5,6,8,0,0,2,0,0,0,51,18889,482,22,11,4,5,6,1,7
Braydon Coburn,TBL,D,2016-11-23,false,PHI,0,4,4,12,0,0,0,0,0,0,24,20623,456,22,14,9,7,0,0,0
Cal Clutterbuck,NYI,R,2016-11-30,false,PIT,2,5,0,10,0,0,0,0,1,0,37,19655,488,78,10,13,10,11,1,2
Kyle Clifford,LAK,L,2016-12-01,false,ARI,2,3,3,35,0,0,0,0,0,0,36,12846,305,43,2,12,1,7,0,1
Adam Clendening,NYR,D,2017-02-16,false,NYI,1,7,4,10,1,1,0,0,0,0,27,19869,451,12,22,10,13,6,0,0
Fredrik Claesson,OTT,D,2017-03-09,false,ARI,1,7,1,0,0,0,0,1,0,0,13,13211,334,27,10,4,10,1,0,0
Casey Cizikas,NYI,C,2016-11-28,false,CGY,2,4,-2,12,0,1,0,0,1,0,24,18729,483,52,22,6,10,10,162,173
Jakob Chychrun,ARI,D,2016-12-12,false,PIT,1,4,-4,29,0,0,0,0,0,0,25,21412,473,35,32,21,11,4,0,0
Jason Chimera,NYI,L,2016-11-28,false,CGY,1,5,-7,16,0,0,0,0,0,0,28,17209,421,38,12,7,5,3,6,8
Alex Chiasson,CGY,R,2016-11-21,false,BUF,2,2,2,14,0,0,0,0,0,0,30,16509,409,24,3,8,7,6,0,11
Ben Chiarot,WPG,D,2016-11-23,false,MIN,0,3,-4,10,0,0,0,0,0,0,12,17384,372,27,27,2,12,3,0,0
Zdeno Chara,BOS,D,2016-12-07,false,WSH,1,5,11,19,0,1,0,0,0,0,30,28588,546,33,43,12,18,12,0,0
Michael Chaput,VAN,C,2016-12-20,false,WPG,0,3,-5,11,0,0,0,0,0,0,15,12761,317,26,6,1,3,3,88,85
Cody Ceci,OTT,D,2016-11-26,false,CAR,0,2,-7,6,0,0,0,1,0,0,36,28523,664,41,44,13,21,6,0,0
Jeff Carter,LAK,C,2016-11-23,false,NYI,9,8,4,8,2,1,1,0,5,1,69,23135,501,22,10,24,9,7,205,172
William Carrier,BUF,L,2016-12-20,false,FLA,1,1,1,8,0,0,0,0,0,0,28,11795,303,61,4,8,3,4,1,1
Connor Carrick,TOR,D,2016-11-30,false,CGY,1,2,4,24,0,0,0,0,0,0,31,21816,515,21,26,15,18,6,0,0
Daniel Carr,MTL,L,2016-12-28,false,TBL,1,4,6,6,0,0,0,0,1,0,29,12753,316,16,7,13,4,4,1,1
John Carlson,WSH,D,2016-11-26,false,TOR,0,8,3,0,0,2,0,0,0,0,50,29194,540,18,30,32,26,8,0,0
Brandon Carlo,BOS,D,2016-11-25,false,CGY,2,2,9,15,0,0,0,0,0,0,25,27897,548,21,38,14,7,4,0,0
Brian Campbell,CHI,D,2016-11-23,false,SJS,2,6,4,8,1,2,0,0,0,0,22,23256,493,15,18,12,15,0,0,0
Michael Cammalleri,NJD,L,2016-12-09,false,STL,9,8,6,12,1,3,0,0,2,1,57,22358,465,15,3,24,11,10,7,6
Matt Calvert,CBJ,L,2016-12-10,false,NYI,2,2,5,12,0,0,1,0,1,0,29,18505,438,25,11,14,8,10,2,11
Drake Caggiula,EDM,L,2017-01-03,false,CBJ,2,4,-2,2,1,1,0,0,0,0,27,16628,380,41,4,11,6,6,31,47
Paul Byron,MTL,L,2016-11-24,false,CAR,7,5,5,8,0,0,1,0,2,0,27,17658,463,28,6,5,6,10,2,0
Dustin Byfuglien,WPG,D,2016-11-20,false,CAR,1,9,-1,25,0,1,0,0,0,0,55,35433,607,56,35,36,26,16,0,0
Alexandre Burrows,VAN,L,2016-12-03,false,TOR,4,6,4,27,0,0,0,1,0,0,44,17497,446,14,4,11,6,13,0,3
Brent Burns,SJS,D,2016-11-25,false,NYI,8,12,4,4,1,4,0,1,1,0,86,29877,566,21,39,36,40,9,0,0
Alexander Burmistrov,WPG,C,2016-12-03,false,STL,0,2,-4,4,0,0,0,1,0,0,13,14398,325,28,4,6,6,3,50,85
Andre Burakovsky,WSH,L,2016-11-26,false,TOR,2,8,-2,4,0,1,0,0,0,0,37,18680,384,9,9,16,13,12,0,1
Pavel Buchnevich,NYR,R,2017-02-07,false,ANA,6,9,2,11,1,2,0,0,0,0,32,17600,414,8,5,15,16,9,1,3
Dustin Brown,LAK,R,2016-11-23,false,NYI,3,6,-7,10,1,2,1,0,1,0,52,20799,476,53,3,17,8,6,0,1
Connor Brown,TOR,R,2016-11-26,false,WSH,3,5,5,4,0,0,0,0,1,0,30,17831,452,18,20,11,2,7,0,0
J.T. Brown,TBL,R,2016-12-01,false,STL,2,1,-5,34,0,0,1,0,1,0,23,13537,328,30,7,7,3,4,0,1
Troy Brouwer,CGY,R,2016-11-21,false,BUF,4,4,-7,14,0,2,1,0,0,0,31,21918,491,50,12,10,6,8,11,22
Kyle Brodziak,STL,C,2016-11-26,false,MIN,2,1,-3,21,0,0,0,0,1,0,20,12285,349,18,10,5,0,6,62,80
Jonas Brodin,MIN,D,2016-11-26,false,STL,2,8,3,10,1,2,0,0,2,0,31,25188,547,6,31,15,9,4,0,0
TJ Brodie,CGY,D,2016-11-21,false,BUF,0,4,-13,6,0,2,0,0,0,0,25,29757,641,11,24,13,19,15,0,0
Justin Braun,SJS,D,2016-11-25,false,NYI,0,2,-5,4,0,0,0,0,0,0,20,25432,525,26,41,15,16,12,0,0
Derick Brassard,OTT,C,2016-11-26,false,CAR,3,6,2,4,1,1,0,0,0,0,52,22414,469,25,4,23,12,16,187,169
Tyler Bozak,TOR,C,2016-11-26,false,WSH,5,10,-2,4,1,1,0,0,1,0,35,20407,468,17,5,13,10,14,189,148
Brian Boyle,TBL,C,2016-11-27,false,BOS,4,1,2,29,0,0,0,0,0,0,27,14529,344,30,13,7,5,6,60,60
Johnny Boychuk,NYI,D,2016-11-28,false,CGY,2,4,-4,2,0,1,1,0,1,0,53,25808,492,51,50,27,12,4,0,0
Jay Bouwmeester,STL,D,2016-11-23,false,WSH,1,2,-6,12,0,0,0,0,0,0,29,28877,637,19,26,11,13,5,0,0
Rene Bourque,COL,R,2016-12-03,false,DAL,8,2,-4,17,2,0,0,0,2,1,38,18769,435,32,10,18,3,7,0,3
Lance Bouma,CGY,C,2016-12-31,false,ARI,2,2,-1,15,0,0,0,0,1,0,16,14502,366,55,15,7,4,4,1,4
Reid Boucher,VAN,C,2017-02-28,false,DET,2,2,0,2,0,0,0,0,0,0,33,13415,296,13,9,6,2,11,0,1
Robert Bortuzzo,STL,D,2017-02-11,false,MTL,1,2,6,2,0,0,0,0,0,0,30,17815,485,49,38,15,10,3,0,0
Mark Borowiecki,OTT,D,2016-11-26,false,CAR,0,0,0,27,0,0,0,0,0,0,8,15873,440,76,27,6,5,2,0,0
Nick Bonino,PIT,C,2016-11-25,false,MIN,1,7,-3,6,0,1,1,0,0,0,33,21395,514,17,30,7,9,12,166,173
Jared Boll,ANA,R,2016-12-04,false,CGY,0,1,-4,41,0,0,0,0,0,0,7,7931,214,16,4,2,2,1,0,1
Zach Bogosian,BUF,D,2017-01-12,false,TBL,0,3,-8,15,0,0,0,0,0,0,19,25353,539,32,40,7,11,7,0,0
Mikkel Boedker,SJS,L,2016-11-25,false,NYI,2,0,-6,4,0,0,0,0,0,0,20,18845,451,15,6,17,12,8,2,8
Joseph Blandisi,NJD,L,2017-03-23,false,TOR,3,6,-8,20,1,4,0,0,2,1,20,16637,393,29,3,12,3,6,63,67
Nick Bjugstad,FLA,C,2017-01-06,false,NSH,1,1,-10,10,0,1,0,0,0,0,33,17121,394,31,3,10,7,7,67,77
Oliver Bjorkstrand,CBJ,R,2017-03-19,false,NJD,6,5,7,6,0,0,0,0,2,0,48,17614,393,13,7,11,7,8,1,0
Anthony Bitetto,NSH,D,2017-03-11,false,SJS,0,3,-2,21,0,0,0,0,0,0,15,14566,364,33,20,8,5,0,0,0
Kevin Bieksa,ANA,D,2016-11-25,false,CHI,1,0,0,23,1,0,0,0,0,0,34,25827,508,49,19,13,7,3,0,0
Alex Biega,VAN,D,2017-02-28,false,DET,0,2,-2,12,0,0,0,0,0,0,22,18447,455,51,20,17,4,5,0,0
Patrik Berglund,STL,C,2016-11-23,false,WSH,1,5,-3,8,0,0,0,0,0,0,35,18789,476,42,12,17,5,6,133,122
Patrice Bergeron,BOS,C,2016-12-01,false,CAR,3,3,0,4,1,1,0,0,1,0,75,23535,508,16,15,27,6,7,295,198
Matt Benning,EDM,D,2016-12-09,false,MIN,0,4,5,6,0,1,0,0,0,0,30,21235,478,49,23,13,14,1,0,0
Sam Bennett,CGY,C,2016-11-21,false,BUF,4,5,-4,28,1,0,0,0,0,0,33,19462,440,38,8,14,6,12,86,93
Beau Bennett,NJD,R,2016-12-06,false,VAN,1,6,-2,6,1,1,0,0,0,0,37,17164,360,20,4,17,7,6,1,3
Jamie Benn,DAL,L,2016-11-23,false,NSH,6,10,-8,25,4,2,0,0,2,1,53,25350,600,36,11,22,10,19,91,80
Jordie Benn,DAL,D,2016-11-28,false,STL,1,5,0,12,0,2,0,0,0,0,25,24325,558,15,46,18,12,2,0,0
Pierre-Edouard Bellemare,PHI,L,2016-11-23,false,TBL,0,3,4,2,0,0,0,1,0,0,31,17850,439,23,18,11,3,3,122,134
Matt Beleskey,BOS,L,2016-11-27,false,TBL,2,3,-6,17,0,2,0,0,0,0,43,19491,419,52,11,16,6,5,22,31
Anthony Beauvillier,NYI,C,2016-12-16,false,BUF,2,5,4,4,0,0,0,0,0,0,19,15206,339,22,8,6,9,6,21,20
Nathan Beaulieu,MTL,D,2016-12-08,false,NJD,1,6,9,13,0,2,0,0,1,0,26,21643,463,24,36,9,25,6,0,0
Francois Beauchemin,COL,D,2016-11-29,false,NSH,0,4,1,6,0,1,0,0,0,0,29,25365,566,21,43,12,12,7,0,0
Jay Beagle,WSH,C,2016-11-26,false,TOR,4,4,3,2,0,0,1,1,2,0,29,15943,390,14,11,5,6,3,153,101
Matt Bartkowski,CGY,D,2017-04-02,false,ANA,1,1,-2,9,0,0,0,0,0,0,14,18905,450,38,11,10,11,3,0,0
Tyson Barrie,COL,D,2016-11-29,false,NSH,2,8,-10,6,0,3,0,0,1,0,50,28776,594,12,22,25,13,7,0,0
Aleksander Barkov,FLA,C,2016-11-26,false,CBJ,2,10,1,0,0,3,0,0,1,1,38,23879,466,12,9,13,5,14,153,161
Mark Barberio,MTL,D,2017-01-16,false,DET,0,4,1,6,0,1,0,0,0,0,24,18722,400,9,22,6,12,4,0,0
Ivan Barbashev,STL,C,2017-03-23,false,VAN,3,4,4,2,0,0,0,0,1,0,11,13574,322,27,10,7,2,4,57,74
Justin Bailey,BUF,R,2017-02-26,false,ARI,2,2,5,4,0,0,0,0,1,0,27,14151,330,17,12,8,8,6,0,0
Josh Bailey,NYI,R,2016-11-28,false,CGY,3,9,2,2,1,2,0,0,1,1,42,23923,499,10,20,18,10,11,4,3
Sven Baertschi,VAN,L,2016-11-29,false,MIN,3,7,-1,0,0,1,0,0,2,0,38,18509,427,12,10,8,4,6,1,0
Nicklas Backstrom,WSH,C,2016-11-26,false,TOR,6,14,3,12,0,8,0,0,1,0,46,23516,478,20,7,7,13,15,186,154
Mikael Backlund,CGY,C,2016-11-21,false,BUF,3,6,1,6,0,1,0,2,1,0,50,22138,508,14,18,17,10,8,199,177
David Backes,BOS,R,2016-12-05,false,FLA,7,5,6,23,2,1,0,0,1,0,55,23086,468,62,16,18,11,8,36,42
Yohann Auvitu,NJD,D,2016-12-06,false,VAN,2,2,4,2,0,1,0,0,0,0,48,20317,443,16,8,11,8,7,0,0
Cam Atkinson,CBJ,R,2016-11-29,false,TBL,8,12,0,4,4,5,1,0,2,1,66,22805,519,9,8,20,2,10,2,0
Andreas Athanasiou,DET,C,2016-12-27,false,BUF,5,2,-2,9,0,0,0,0,0,0,35,15576,365,9,5,17,5,5,22,23
Viktor Arvidsson,NSH,L,2016-11-27,false,WPG,6,7,0,8,1,2,1,1,0,0,67,19434,462,9,10,20,8,6,2,1
Joel Armia,WPG,R,2017-01-14,false,LAK,2,3,-4,10,0,0,0,0,0,0,42,19489,450,20,7,10,12,13,2,4
Artem Anisimov,CHI,C,2016-11-25,false,ANA,9,11,11,16,1,3,0,0,3,1,38,22798,482,10,8,14,1,9,135,183
Sven Andrighetto,MTL,R,2017-02-04,false,WSH,2,6,6,4,0,1,0,0,0,0,23,14166,343,21,9,15,1,6,0,0
Andy Andreoff,LAK,L,2017-01-31,false,ARI,0,2,0,26,0,0,0,0,0,0,19,13850,316,40,6,10,6,3,34,22
Josh Anderson,CBJ,R,2016-11-29,false,TBL,7,3,10,19,0,0,0,0,1,0,37,15124,390,35,14,7,9,4,6,11
Karl Alzner,WSH,D,2016-11-26,false,TOR,2,2,7,10,0,0,0,0,0,0,24,25366,546,25,31,8,13,5,0,0
Sebastian Aho,CAR,R,2016-11-27,false,FLA,3,8,-3,2,0,3,0,0,0,0,49,18963,421,8,2,20,12,7,0,1
Noel Acciari,BOS,C,2017-03-21,false,OTT,0,3,1,4,0,0,0,0,0,0,19,12366,293,49,3,6,4,7,9,12
Justin Abdelkader,DET,L,2016-11-29,false,DAL,4,4,-4,13,2,0,0,1,0,0,35,21511,457,51,8,12,6,8,0,4
Kyle Rau,FLA,C,2016-12-13,false,MIN,2,1,-2,4,0,0,0,0,0,0,20,12645,292,22,2,5,1,5,2,1
Tyler Pitlick,EDM,R,2016-11-23,false,COL,6,1,-1,4,0,0,0,0,1,0,36,12444,306,48,7,4,5,2,3,2
Johan Larsson,BUF,C,2016-11-25,false,WSH,3,4,-4,12,1,0,0,0,2,0,29,22645,472,23,18,13,10,10,161,157
Erik Gudbranson,VAN,D,2016-11-25,false,DAL,0,3,-9,7,0,0,0,0,0,0,28,25148,531,45,25,11,17,3,0,0
Ryan Garbutt,ANA,C,2016-11-25,false,CHI,1,1,-4,12,0,0,0,1,1,0,22,12076,323,35,10,15,1,2,5,4
