James van Riemsdyk,TOR,L,2016-12-10,false,BOS,12,9,-3,10,2,3,0,0,1,0,75,24915,555,33,13,18,8,12,1,3
Trevor van Riemsdyk,CHI,D,2017-01-24,false,TBL,1,4,5,8,0,0,0,0,0,0,31,29281,636,12,41,12,16,11,0,0
Calvin de Haan,NYI,D,2016-12-08,false,STL,1,6,7,26,0,0,0,0,0,0,38,28632,564,39,73,14,20,5,0,0
Jason Zucker,MIN,L,2016-12-09,false,EDM,5,10,15,10,0,0,0,0,0,0,40,20822,484,27,12,26,7,14,1,2
Mats Zuccarello,NYR,R,2016-12-03,false,CAR,7,10,1,8,2,1,0,0,0,0,58,29212,598,32,11,14,13,21,3,2
Mika Zibanejad,NYR,C,2017-02-02,false,BUF,7,12,2,8,0,5,0,0,0,0,61,26338,624,10,14,36,12,14,258,223
Henrik Zetterberg,DET,L,2016-12-04,false,NYI,6,13,5,6,1,3,0,0,0,0,54,30206,603,16,9,13,11,16,205,192
Travis Zajac,NJD,C,2016-12-08,false,MTL,8,13,3,14,3,2,0,0,1,0,59,31500,675,33,9,9,5,11,279,264
Nikita Zaitsev,TOR,D,2016-12-10,false,BOS,0,9,-8,6,0,2,0,0,0,0,34,34592,763,58,40,21,19,13,0,0
Nikita Zadorov,COL,D,2016-12-11,false,TOR,0,4,-8,33,0,0,0,0,0,0,17,26947,630,63,36,15,10,6,0,0
Pavel Zacha,NJD,C,2016-12-18,false,NYR,2,5,-13,10,1,2,0,0,0,0,29,21525,457,24,15,9,7,5,74,98
Keith Yandle,FLA,D,2016-12-05,false,BOS,1,11,4,16,1,3,0,0,0,0,62,34007,632,9,27,27,22,8,0,0
Nail Yakupov,STL,R,2017-01-15,false,ANA,3,3,-4,10,0,0,0,0,0,0,21,16574,409,18,5,12,3,8,0,0
Miles Wood,NJD,L,2017-01-15,false,VAN,5,2,-4,22,0,0,0,0,0,0,40,18823,453,30,8,21,6,7,1,0
Luke Witkowski,TBL,D,2017-03-24,false,DET,0,3,-3,28,0,0,0,0,0,0,18,15055,361,55,12,7,6,3,0,0
Daniel Winnik,WSH,L,2017-01-01,false,OTT,5,4,9,17,0,0,1,0,1,0,26,18570,427,12,15,10,14,9,4,4
Tommy Wingels,SJS,C,2016-12-14,false,OTT,4,1,0,13,0,0,0,0,2,0,28,14811,393,43,13,6,7,0,48,61
Scott Wilson,PIT,L,2016-12-12,false,ARI,4,6,0,2,0,0,0,0,1,0,47,18520,461,56,13,16,4,6,1,0
Colin Wilson,NSH,L,2016-12-10,false,ARI,5,7,-1,8,2,0,0,0,0,0,46,23319,534,17,11,14,8,11,0,3
Tom Wilson,WSH,R,2016-12-09,false,BUF,1,0,3,23,0,0,0,0,0,0,27,19962,463,57,7,5,5,13,0,3
Justin Williams,WSH,R,2016-12-09,false,BUF,4,3,-5,16,1,1,0,0,0,0,55,24901,509,8,14,33,11,15,34,23
Patrick Wiercioch,COL,D,2016-12-14,false,PHI,2,6,-2,17,0,0,0,0,0,0,29,27293,634,27,31,10,6,3,0,0
Chris Wideman,OTT,D,2016-12-17,false,NJD,1,6,0,12,0,1,0,0,1,0,38,20617,542,22,18,12,14,3,0,0
Dennis Wideman,CGY,D,2016-12-16,false,CBJ,2,6,0,18,2,2,0,0,0,0,51,33051,727,26,28,13,23,9,0,0
Ryan White,ARI,C,2016-12-10,false,NSH,1,3,-6,58,0,0,0,0,1,0,20,16256,384,81,14,7,2,3,29,43
Blake Wheeler,WPG,R,2016-12-01,false,EDM,8,11,4,18,1,4,1,0,0,0,74,32227,669,41,15,24,20,13,20,22
Zach Werenski,CBJ,D,2016-12-10,false,NYI,6,11,6,6,3,5,0,0,1,1,76,34016,719,20,31,30,12,8,0,0
Alexander Wennberg,CBJ,C,2016-12-10,false,NYI,6,16,7,4,1,10,0,0,2,0,30,28033,619,26,18,9,11,9,186,229
Dale Weise,PHI,R,2016-12-10,false,DAL,2,2,1,8,1,0,0,0,1,0,33,19197,442,44,6,14,7,8,0,0
Yannick Weber,NSH,D,2016-12-10,false,ARI,0,3,6,19,0,0,0,0,0,0,26,17969,437,31,21,15,11,0,0,0
Shea Weber,MTL,D,2016-12-06,false,STL,8,10,16,14,7,3,0,1,3,0,66,40683,753,60,55,32,33,4,0,0
Austin Watson,NSH,L,2016-12-17,false,NYR,1,5,8,21,0,0,0,1,0,0,27,17929,431,44,13,13,0,7,0,3
Joel Ward,SJS,R,2016-12-07,false,OTT,2,5,1,6,0,0,1,0,1,0,39,25439,598,24,20,18,18,11,64,73
Chris Wagner,ANA,C,2017-03-03,false,TOR,3,1,-2,6,0,0,0,0,0,0,28,15065,377,62,14,13,8,2,36,58
Radim Vrbata,ARI,R,2016-12-08,false,CGY,8,9,-7,6,2,2,0,0,0,0,75,26805,581,19,6,28,10,16,9,11
Jakub Voracek,PHI,R,2016-12-03,false,CHI,8,14,-5,32,1,7,0,0,1,1,89,30372,638,9,5,31,14,9,0,4
Marc-Edouard Vlasic,SJS,D,2016-12-07,false,OTT,3,4,3,26,1,2,0,0,2,1,50,33558,674,7,43,22,22,6,0,0
Jimmy Vesey,NYR,L,2016-12-03,false,CAR,8,7,3,2,3,2,0,0,3,0,40,22877,501,22,11,14,11,16,1,3
Kris Versteeg,CGY,R,2016-12-29,false,ANA,6,10,2,8,2,4,0,0,1,0,37,21478,467,2,10,13,14,13,9,7
Antoine Vermette,ANA,C,2016-12-04,false,CGY,4,5,-4,18,1,1,0,0,0,0,42,25071,651,24,18,17,10,7,281,144
Frank Vatrano,BOS,C,2017-02-22,false,ANA,9,6,-3,6,4,1,0,0,1,0,77,22379,518,35,8,33,4,6,2,5
Sami Vatanen,ANA,D,2016-12-04,false,CGY,1,10,5,6,1,6,0,0,0,0,34,33918,676,31,49,9,12,8,0,0
Thomas Vanek,DET,L,2017-01-01,false,TOR,7,14,1,14,3,3,0,0,0,0,67,23596,514,16,1,11,10,12,5,8
Chris VandeVelde,PHI,C,2016-12-03,false,CHI,4,4,-4,6,0,0,0,0,0,0,23,16674,425,33,20,8,5,5,16,12
Scottie Upshall,STL,R,2016-12-11,false,MIN,3,3,-5,13,0,0,0,0,0,0,26,16031,450,27,4,11,4,6,1,3
Fedor Tyutin,COL,D,2016-12-22,false,TOR,1,7,-9,10,0,0,0,0,0,0,20,29551,685,48,35,4,6,5,0,0
Kyle Turris,OTT,C,2016-12-05,false,PIT,11,7,-1,8,1,3,0,0,3,2,52,30077,646,6,20,21,21,7,194,207
Nikita Tryamkin,VAN,D,2016-12-28,false,LAK,1,3,2,23,0,0,0,0,0,0,24,25784,584,69,27,19,11,3,0,0
Jacob Trouba,WPG,D,2017-01-04,false,FLA,2,11,4,18,0,0,0,1,0,0,56,37120,737,39,56,28,30,14,0,0
Vincent Trocheck,FLA,C,2016-12-05,false,BOS,6,8,-8,10,0,3,0,0,1,1,61,32460,624,66,17,32,24,21,269,263
Jordin Tootoo,CHI,R,2016-12-18,false,SJS,0,0,-1,16,0,0,0,0,0,0,25,10632,274,22,3,10,6,4,1,0
Tyler Toffoli,LAK,C,2016-12-08,false,CAR,5,10,11,6,2,1,0,1,0,0,82,28441,621,32,2,34,15,8,1,2
Jonathan Toews,CHI,C,2016-12-20,false,OTT,4,10,3,17,1,3,0,0,2,0,64,32092,673,16,10,17,17,11,341,235
Matthew Tkachuk,CGY,L,2016-12-08,false,ARI,6,6,3,49,1,1,0,0,1,0,47,22702,504,25,7,24,8,12,3,5
Chris Tierney,SJS,C,2016-12-07,false,OTT,2,6,-2,0,0,0,1,1,1,0,27,20717,524,15,16,9,18,11,120,131
Shawn Thornton,FLA,L,2017-02-03,false,ANA,1,1,-3,11,0,0,0,0,0,0,17,10782,275,22,2,11,6,1,5,7
Joe Thornton,SJS,C,2016-12-07,false,OTT,2,14,1,6,0,7,0,0,0,0,27,29428,624,22,9,9,25,19,153,109
Chris Thorburn,WPG,R,2016-12-10,false,CGY,2,0,-6,53,0,0,1,0,0,0,17,12862,359,43,18,2,3,2,9,12
Nate Thompson,ANA,C,2017-03-30,false,WPG,0,0,2,9,0,0,0,0,0,0,18,16409,420,60,9,5,5,6,113,103
Shea Theodore,ANA,D,2017-02-04,false,TBL,1,7,-10,24,1,1,0,1,0,0,41,26203,555,11,21,23,22,3,0,0
Teuvo Teravainen,CAR,L,2016-12-07,false,ANA,7,5,-2,4,2,3,0,0,1,0,45,24910,539,9,4,20,13,10,39,52
Matt Tennyson,CAR,D,2017-01-13,false,BUF,0,3,-2,0,0,0,0,0,0,0,23,22024,499,28,29,10,9,8,0,0
John Tavares,NYI,C,2016-12-08,false,STL,8,13,1,18,3,3,0,0,0,0,78,31498,619,10,6,28,21,21,274,257
Tomas Tatar,DET,L,2016-12-04,false,NYI,3,7,-6,12,0,1,0,0,0,0,55,27089,587,26,11,25,9,10,3,3
Vladimir Tarasenko,STL,R,2016-12-06,false,MTL,13,14,-1,2,3,8,0,0,3,2,92,28985,689,6,10,34,9,17,0,1
Christopher Tanev,VAN,D,2017-01-26,false,ARI,0,5,6,6,0,0,0,0,0,0,15,31340,708,5,48,10,13,7,0,0
Brandon Tanev,WPG,L,2016-12-01,false,EDM,2,1,-3,24,0,0,0,0,1,0,37,18981,512,64,21,14,6,12,0,0
Brandon Sutter,VAN,C,2016-12-06,false,NJD,6,8,-14,0,2,2,0,0,1,1,63,31020,685,20,14,26,10,9,234,212
Ryan Suter,MIN,D,2016-12-09,false,EDM,4,12,15,10,1,5,1,0,0,0,54,42567,754,24,33,19,11,15,0,0
Andrej Sustr,TBL,D,2016-12-03,false,WSH,0,4,-6,19,0,0,0,0,0,0,38,28124,616,19,34,9,13,11,0,0
P.K. Subban,NSH,D,2016-12-08,false,DAL,7,10,-8,18,3,4,0,0,2,0,67,39189,723,25,38,18,32,15,0,0
Mark Stuart,WPG,D,2017-02-19,false,OTT,1,0,5,19,0,0,0,0,0,0,13,17834,435,38,53,3,12,3,0,0
Ryan Strome,NYI,C,2016-12-15,false,CHI,3,4,-6,14,1,1,0,0,0,0,44,22023,470,20,7,11,15,9,70,91
Mark Streit,PHI,D,2016-12-03,false,CHI,4,9,-5,14,1,4,0,0,1,0,51,31224,701,14,27,15,13,3,0,0
Anton Stralman,TBL,D,2016-12-23,false,WSH,1,10,1,0,0,5,0,0,0,0,38,35536,692,32,24,20,6,8,0,0
Michael Stone,ARI,D,2017-01-04,false,VAN,0,6,-8,4,0,3,0,0,0,0,30,31318,679,56,59,26,11,0,1,0
Mark Stone,OTT,R,2016-12-07,false,SJS,9,11,1,8,4,4,0,0,2,0,44,28233,584,20,21,13,18,33,5,5
Chris Stewart,MIN,R,2016-12-09,false,EDM,4,3,-1,33,0,1,0,0,0,0,19,16287,397,33,6,5,6,7,0,3
Derek Stepan,NYR,C,2016-12-03,false,CAR,5,13,5,10,0,5,1,0,1,0,57,27604,633,4,21,12,18,17,216,245
Lee Stempniak,CAR,R,2016-12-07,false,ANA,4,8,4,18,1,2,0,0,0,0,37,24804,549,40,7,17,15,16,1,2
Alexander Steen,STL,L,2016-12-17,false,CHI,3,14,-11,31,0,7,0,0,0,0,41,30561,724,9,24,18,6,16,31,58
Troy Stecher,VAN,D,2016-12-23,false,CGY,1,8,-6,15,0,4,0,0,0,0,70,32651,638,18,26,25,10,10,0,0
Paul Stastny,STL,C,2016-12-06,false,MTL,7,8,2,22,2,4,0,0,2,0,39,31889,734,19,16,15,4,12,299,246
Viktor Stalberg,CAR,L,2016-12-08,false,LAK,7,2,-1,23,0,0,1,0,2,0,42,19323,499,49,6,13,12,17,0,2
Matt Stajan,CGY,C,2016-11-30,false,TOR,2,5,4,10,0,0,0,0,0,0,23,21188,500,23,20,17,4,9,135,108
Drew Stafford,WPG,R,2017-01-04,false,FLA,2,4,0,10,0,1,0,0,1,0,41,21074,489,26,1,8,15,5,2,7
Eric Staal,MIN,C,2016-12-09,false,EDM,6,12,9,8,1,3,0,1,3,0,75,30204,656,18,10,22,9,23,231,219
Jordan Staal,CAR,C,2016-12-23,false,BOS,7,6,-1,11,2,0,1,0,1,0,52,28559,670,56,9,22,16,21,259,172
Marc Staal,NYR,D,2016-12-03,false,CAR,2,3,7,10,0,0,0,1,0,0,26,30756,696,25,42,13,18,10,0,0
Jared Spurgeon,MIN,D,2016-12-17,false,ARI,1,10,18,6,0,1,0,1,0,0,49,36760,719,12,54,12,6,9,0,0
Ryan Sproul,DET,D,2017-03-03,false,CGY,1,6,-7,6,1,2,0,0,0,0,45,24225,545,11,14,21,7,4,0,0
Ryan Spooner,BOS,C,2016-12-07,false,WSH,3,6,-1,8,2,1,0,0,0,0,53,22611,485,11,6,14,13,12,8,13
Jason Spezza,DAL,C,2016-12-17,false,PHI,5,10,-16,19,1,7,0,0,2,0,59,25395,601,7,9,33,16,10,148,123
Nikita Soshnikov,TOR,R,2016-12-29,false,TBL,1,3,0,6,0,1,0,0,0,0,37,16506,429,50,16,17,8,4,2,10
Carl Soderberg,COL,C,2016-12-10,false,MTL,4,4,-3,14,1,0,0,0,0,0,49,25676,592,12,18,10,7,13,154,143
Devante Smith-Pelly,NJD,R,2016-12-11,false,NYR,2,4,-7,4,0,2,0,0,0,0,46,21195,470,41,9,18,8,9,11,12
Craig Smith,NSH,R,2016-12-10,false,ARI,6,4,1,18,2,1,0,0,0,0,51,22590,518,32,6,32,11,11,30,32
Brendan Smith,DET,D,2017-02-07,false,CBJ,2,3,-2,30,1,2,0,0,1,0,35,27955,628,37,29,13,21,2,0,0
Ben Smith,TOR,R,2016-12-13,false,SJS,2,1,-2,2,0,0,0,0,0,0,21,18400,465,18,25,9,5,8,156,143
Reilly Smith,FLA,R,2016-12-05,false,BOS,4,5,-4,4,2,0,0,0,1,0,52,30132,617,26,7,24,6,25,1,1
Zack Smith,OTT,C,2016-12-05,false,PIT,3,3,-4,31,0,0,1,0,0,0,52,25426,572,50,16,17,21,10,112,100
Anton Slepyshev,EDM,L,2017-02-03,false,CAR,3,4,5,2,0,0,0,0,0,0,41,17242,402,39,7,8,11,7,1,2
Jaccob Slavin,CAR,D,2016-12-07,false,ANA,1,7,2,2,0,2,0,0,0,0,39,36211,701,11,52,13,14,18,0,0
Brady Skjei,NYR,D,2016-12-03,false,CAR,0,13,3,8,0,3,0,0,0,0,28,26032,584,39,23,15,21,4,0,1
Jeff Skinner,CAR,L,2016-12-08,false,LAK,9,12,-5,14,2,6,0,0,0,0,88,28899,590,12,9,37,21,30,4,11
Jack Skille,VAN,R,2016-12-20,false,WPG,3,1,-3,4,0,0,0,0,0,0,32,13520,334,39,8,8,4,7,0,0
Colton Sissons,NSH,C,2016-12-30,false,STL,2,1,-2,2,0,0,1,0,0,0,9,15913,414,51,10,5,6,7,84,83
Wayne Simmonds,PHI,R,2016-12-03,false,CHI,11,11,-6,23,5,5,1,0,1,0,64,29938,680,55,21,35,14,10,6,4
Jakob Silfverberg,ANA,R,2016-12-04,false,CGY,8,9,6,4,1,1,1,0,2,0,68,28606,675,15,14,19,15,13,1,3
Nick Shore,LAK,C,2016-12-10,false,OTT,1,4,0,12,0,0,0,0,0,0,25,18330,442,21,11,11,8,4,113,135
Devin Shore,DAL,C,2016-12-03,false,COL,2,8,-6,4,0,3,0,0,0,0,28,20348,498,15,21,11,3,12,101,111
Conor Sheary,PIT,L,2016-12-20,false,NYR,8,10,12,10,1,1,0,0,2,0,64,23523,535,9,9,16,11,11,0,0
Riley Sheahan,DET,C,2016-12-04,false,NYI,0,5,-10,12,0,1,0,0,0,0,38,21107,507,23,15,15,9,9,61,51
Logan Shaw,ANA,C,2017-01-15,false,STL,1,1,-3,6,0,0,0,0,0,0,31,13651,381,23,10,10,2,6,31,71
Andrew Shaw,MTL,C,2016-12-06,false,STL,6,5,10,58,1,1,0,0,0,0,49,23447,517,63,12,15,10,11,99,84
Kevin Shattenkirk,STL,D,2016-12-06,false,MTL,6,13,-2,23,5,7,0,0,0,0,50,31676,700,28,23,19,14,10,0,0
Patrick Sharp,DAL,L,2017-02-02,false,WPG,6,6,-7,23,0,0,1,0,0,0,71,25471,587,18,10,27,12,5,17,17
Michael Sgarbossa,FLA,C,2017-02-09,false,LAK,2,5,-4,2,1,1,0,0,0,0,29,18632,457,25,13,7,8,3,109,135
Damon Severson,NJD,D,2016-12-08,false,MTL,3,12,-10,21,0,6,0,0,1,0,43,32608,699,29,23,12,27,10,0,0
Devin Setoguchi,LAK,R,2016-12-20,false,CBJ,3,4,-3,6,0,1,0,0,0,0,34,20417,477,33,4,15,13,8,2,2
Andrej Sekera,EDM,D,2016-12-03,false,ANA,3,7,9,8,0,2,0,0,0,0,26,32193,668,17,43,20,17,17,0,0
Dennis Seidenberg,NYI,D,2016-12-23,false,BUF,4,8,12,16,0,0,0,0,0,0,30,30095,574,40,58,6,17,2,0,0
Tyler Seguin,DAL,C,2016-12-03,false,COL,9,18,-10,8,6,6,0,0,1,0,90,29529,660,26,7,36,11,10,159,146
Lukas Sedlak,CBJ,C,2016-12-16,false,CGY,2,5,6,6,0,0,0,0,0,0,21,14718,359,25,11,15,6,7,73,77
Daniel Sedin,VAN,L,2016-12-06,false,NJD,8,9,-5,6,3,3,0,0,1,0,73,29452,621,8,7,23,10,8,2,2
Henrik Sedin,VAN,C,2016-12-06,false,NJD,7,10,-6,6,1,5,0,0,1,1,30,30610,620,6,3,10,19,5,188,192
Brent Seabrook,CHI,D,2016-12-03,false,PHI,2,13,8,6,2,3,0,0,0,0,42,35752,749,40,38,19,30,7,0,0
Jaden Schwartz,STL,L,2016-12-13,false,NSH,11,7,2,6,3,0,0,0,3,1,69,30392,708,27,18,27,6,19,32,38
Justin Schultz,PIT,D,2016-12-05,false,OTT,3,8,13,6,0,2,0,0,0,0,50,26535,610,21,22,15,13,6,0,0
Nick Schultz,PHI,D,2017-04-04,false,NJD,0,4,0,10,0,0,0,0,0,0,24,23523,589,40,53,15,10,1,0,0
Jordan Schroeder,MIN,C,2017-02-21,false,CHI,3,6,5,0,0,0,0,0,0,0,26,15315,341,18,10,9,2,8,5,8
Nate Schmidt,WSH,D,2016-12-17,false,MTL,0,6,2,8,0,0,0,0,0,0,30,23784,507,25,12,16,23,20,0,0
Nick Schmaltz,CHI,C,2016-12-03,false,PHI,1,3,-3,2,0,1,0,0,0,0,16,18388,414,12,10,4,6,15,47,99
David Schlemko,SJS,D,2016-12-14,false,OTT,0,6,2,8,0,2,0,0,0,0,52,26853,596,17,33,19,17,17,0,0
Luke Schenn,ARI,D,2016-12-15,false,TOR,0,2,-4,20,0,0,0,0,0,0,27,25403,587,87,40,14,11,5,0,0
Brayden Schenn,PHI,C,2016-12-08,false,EDM,4,12,-7,15,3,7,0,0,1,0,57,27822,603,65,15,25,13,4,59,67
Mark Scheifele,WPG,C,2016-12-01,false,EDM,13,13,5,22,3,2,0,0,1,1,66,32022,628,28,14,17,13,21,218,270
Tim Schaller,BOS,C,2016-12-10,false,TOR,4,5,-6,17,0,0,0,0,1,0,42,19995,464,28,13,24,13,8,21,16
Colton Sceviour,FLA,C,2016-12-05,false,BOS,5,4,-6,10,1,2,2,0,1,0,48,22930,484,33,23,20,9,11,22,18
Marco Scandella,MIN,D,2017-01-05,false,SJS,2,2,-3,12,0,0,0,0,0,0,37,26484,596,19,35,11,13,9,0,0
Luca Sbisa,VAN,D,2016-12-06,false,NJD,0,7,4,15,0,0,0,0,0,0,20,27326,592,50,44,9,21,6,0,0
David Savard,CBJ,D,2016-12-10,false,NYI,1,7,15,16,0,0,0,0,0,0,40,33145,718,44,45,29,13,7,0,0
Steven Santini,NJD,D,2017-03-02,false,WSH,2,4,-1,8,0,0,0,0,0,0,28,24846,582,51,27,11,7,1,0,0
Zach Sanford,WSH,L,2017-02-25,false,NSH,2,1,0,6,0,0,0,0,1,0,23,15828,376,18,10,7,10,10,10,8
Brandon Saad,CBJ,L,2016-12-10,false,NYI,8,14,12,6,0,0,0,0,1,0,71,27105,636,7,7,29,6,15,1,2
Bobby Ryan,OTT,R,2016-12-17,false,NJD,5,6,1,6,1,2,0,0,0,0,40,23719,504,36,14,18,13,7,1,2
Derek Ryan,CAR,C,2017-01-06,false,CHI,6,8,-5,10,2,4,1,0,2,0,32,22237,504,15,12,13,15,7,133,107
Bryan Rust,PIT,R,2016-12-12,false,ARI,7,5,-1,4,0,0,0,1,0,0,50,19776,500,44,14,16,9,5,1,2
Kris Russell,EDM,D,2016-12-17,false,TBL,0,5,4,8,0,0,0,0,0,0,32,33593,718,29,78,12,23,14,0,0
Chad Ruhwedel,PIT,D,2017-03-19,false,FLA,2,5,5,6,0,1,0,0,0,0,37,26128,596,26,24,15,7,7,0,0
Carter Rowney,PIT,R,2017-04-08,false,TOR,2,4,1,4,0,0,0,0,1,0,22,16698,416,63,15,7,4,10,89,95
Antoine Roussel,DAL,L,2016-12-03,false,COL,4,9,3,66,0,3,0,0,2,0,30,24140,629,37,15,18,17,7,1,3
Evan Rodrigues,BUF,L,2017-04-02,false,NYI,4,2,-6,2,1,0,0,0,0,0,48,20097,438,10,12,20,9,11,88,120
Brett Ritchie,DAL,R,2016-12-03,false,COL,6,2,0,15,1,0,0,0,0,0,56,19366,474,47,6,18,4,2,1,0
Nick Ritchie,ANA,L,2016-12-09,false,SJS,6,4,1,14,1,0,0,0,1,0,53,21648,532,81,9,20,5,4,2,2
Rasmus Ristolainen,BUF,D,2016-12-06,false,EDM,1,15,-5,12,1,10,0,0,1,1,63,41648,804,71,51,29,20,9,0,0
Morgan Rielly,TOR,D,2016-12-10,false,BOS,1,14,-6,9,1,2,0,0,0,0,55,35698,829,12,49,29,35,11,0,0
Tobias Rieder,ARI,R,2016-12-12,false,PIT,7,4,0,2,1,0,0,1,0,0,55,26466,597,9,12,22,7,13,1,2
Mike Ribeiro,NSH,C,2016-12-08,false,DAL,3,15,2,12,2,3,0,0,0,0,23,25059,529,21,3,8,16,7,117,140
Sam Reinhart,BUF,C,2016-12-06,false,EDM,5,9,0,4,2,4,0,0,1,0,62,27092,545,6,11,15,13,8,46,71
Ryan Reaves,STL,R,2016-12-09,false,NJD,1,2,1,11,0,0,0,0,1,0,18,12004,315,60,6,9,2,5,0,0
Matt Read,PHI,R,2016-12-03,false,CHI,6,4,-2,2,2,0,0,0,0,0,39,23650,559,44,14,11,6,10,3,7
Dennis Rasmussen,CHI,C,2016-12-09,false,NYR,2,2,2,4,0,0,0,0,0,0,30,19072,495,28,23,8,8,12,69,82
Victor Rask,CAR,C,2016-12-07,false,ANA,9,9,0,6,3,1,0,0,2,0,58,29841,640,8,9,14,14,16,152,177
Mikko Rantanen,COL,R,2016-12-20,false,MIN,4,10,-11,6,2,4,0,0,0,0,38,28463,587,4,14,15,9,14,18,8
Rickard Rakell,ANA,C,2016-12-29,false,CGY,15,7,-1,6,4,3,0,0,3,0,71,26946,595,34,10,24,9,5,11,11
Michael Raffl,PHI,L,2016-12-21,false,WSH,7,2,4,11,0,0,0,0,2,0,33,21952,529,46,10,18,6,11,2,2
Alexander Radulov,MTL,R,2016-12-10,false,COL,6,17,8,20,2,5,0,0,0,0,52,25857,577,25,11,25,20,18,2,2
Alan Quine,NYI,C,2016-12-31,false,WPG,2,6,0,2,1,0,0,0,1,0,35,18849,441,39,14,5,6,10,104,91
Kyle Quincey,NJD,D,2016-12-08,false,MTL,2,7,6,12,0,0,0,0,0,0,32,27423,634,40,40,3,14,8,0,0
Mark Pysyk,FLA,D,2016-12-05,false,BOS,1,3,1,4,0,0,0,0,0,0,26,27879,541,20,32,12,6,10,0,1
Tom Pyatt,OTT,L,2016-12-05,false,PIT,2,4,-2,6,0,0,0,1,0,0,33,25082,594,13,33,10,6,11,8,13
Jesse Puljujarvi,EDM,R,2016-12-31,false,VAN,1,7,5,8,1,0,0,0,0,0,41,18146,422,11,10,15,10,11,0,1
Matt Puempel,NYR,L,2016-12-31,false,COL,5,1,-8,9,3,0,0,0,1,0,29,14472,362,21,6,15,2,6,0,1
Ivan Provorov,PHI,D,2016-12-03,false,CHI,3,8,-6,8,0,2,0,0,1,0,49,31667,705,36,45,23,26,7,0,0
Dalton Prout,NJD,D,2017-03-28,false,WPG,0,5,-1,24,0,0,0,0,0,0,13,22004,520,39,22,8,10,2,0,0
Nate Prosser,MIN,D,2017-02-14,false,ANA,0,4,-3,4,0,1,0,0,0,0,13,20664,467,22,51,12,9,3,0,0
Shane Prince,NYI,L,2016-12-23,false,BUF,4,7,-8,6,1,1,0,0,1,0,42,19898,447,25,6,8,9,12,3,2
Benoit Pouliot,EDM,L,2016-12-09,false,MIN,5,2,0,22,0,0,0,0,1,0,37,23912,573,15,16,18,10,5,4,8
Paul Postma,WPG,D,2016-12-11,false,EDM,0,5,0,4,0,0,0,0,0,0,20,18906,427,14,20,6,10,2,0,0
Jason Pominville,MIN,R,2016-12-09,false,EDM,5,6,1,2,0,2,0,0,0,0,50,22610,545,18,17,20,3,8,16,12
Roman Polak,TOR,D,2016-12-19,false,ANA,1,2,0,24,0,0,0,0,0,0,21,26937,618,95,41,14,10,6,0,1
Brayden Point,TBL,C,2016-12-03,false,WSH,2,9,-2,6,2,2,0,0,0,0,46,23239,465,10,8,15,8,11,10,11
Tomas Plekanec,MTL,C,2016-12-06,false,STL,2,7,1,8,0,3,1,0,1,0,53,26751,667,29,22,11,8,9,244,251
Brandon Pirri,NYR,R,2016-12-03,false,CAR,5,5,1,13,3,1,0,0,3,0,37,20003,445,18,10,20,9,11,80,55
Alex Pietrangelo,STL,D,2016-12-06,false,MTL,5,9,-9,12,3,3,0,0,1,0,66,39673,816,14,52,21,7,20,0,0
Dion Phaneuf,OTT,D,2016-12-05,false,PIT,3,7,-7,35,1,3,0,0,0,0,64,35772,826,46,57,21,16,4,0,0
Jeff Petry,MTL,D,2016-12-08,false,NJD,3,6,4,10,1,2,0,0,0,0,48,34099,717,53,51,24,25,6,0,0
Alex Petrovic,FLA,D,2017-02-22,false,EDM,1,9,11,29,0,0,0,0,0,0,26,27824,538,56,31,15,14,10,0,0
Nic Petan,WPG,L,2017-01-16,false,SJS,1,9,-2,6,0,6,0,0,0,0,29,19827,452,7,6,17,5,9,83,96
Brett Pesce,CAR,D,2016-12-07,false,ANA,1,5,5,4,0,1,0,0,0,0,33,32108,663,19,52,16,14,15,0,0
Corey Perry,ANA,R,2016-12-04,false,CGY,4,16,-3,23,0,9,0,0,0,0,78,30029,632,24,10,31,3,8,0,4
David Perron,STL,L,2016-12-06,false,MTL,7,9,-5,16,2,3,0,0,2,0,52,28672,682,23,7,27,7,16,20,22
Mathieu Perreault,WPG,C,2017-01-03,false,TBL,3,6,-10,18,1,1,0,0,0,0,53,25236,542,42,9,10,7,18,96,90
Brendan Perlini,ARI,L,2017-02-04,false,SJS,8,3,-4,8,1,1,0,0,1,0,46,23462,478,21,10,19,5,2,1,0
Adam Pelech,NYI,D,2017-02-14,false,TOR,1,5,-4,2,0,0,0,0,0,0,22,25054,500,33,32,11,24,9,0,0
Tanner Pearson,LAK,L,2016-12-13,false,BUF,7,5,6,5,1,2,0,0,0,0,43,24362,560,46,4,33,6,9,0,4
Joe Pavelski,SJS,C,2016-12-07,false,OTT,8,16,3,12,2,8,0,0,3,0,89,30458,646,58,28,40,30,13,153,138
Greg Pateryn,DAL,D,2017-03-12,false,SJS,1,6,-2,4,0,0,0,0,0,0,29,22424,486,45,46,15,16,4,0,0
David Pastrnak,BOS,R,2016-12-14,false,PIT,19,7,17,8,4,1,0,0,3,1,88,26868,556,21,13,28,16,15,0,1
Zach Parise,MIN,L,2016-12-29,false,NYI,6,9,-2,16,2,2,0,0,0,0,80,28508,618,21,36,21,5,21,3,1
PA Parenteau,NJD,R,2016-12-08,false,MTL,5,5,-10,16,1,0,0,0,0,0,49,24390,528,26,1,10,12,8,1,7
Colton Parayko,STL,D,2016-12-06,false,MTL,0,14,4,10,0,4,0,0,0,0,69,33060,779,21,45,25,13,13,0,0
Cedric Paquette,TBL,C,2016-12-04,false,CAR,3,4,-1,20,0,0,0,0,0,0,29,16791,392,63,16,13,3,11,84,97
Richard Panik,CHI,R,2016-12-03,false,PHI,7,4,3,6,2,1,0,0,1,0,45,21834,493,56,14,13,10,14,0,4
Artemi Panarin,CHI,L,2016-12-03,false,PHI,9,13,11,13,2,3,0,0,1,1,69,30763,594,9,3,27,18,15,1,0
Kyle Palmieri,NJD,R,2016-12-11,false,NYR,4,9,3,12,2,4,0,0,1,0,51,25607,560,53,13,27,14,9,4,8
Ondrej Palat,TBL,L,2016-12-03,false,WSH,4,9,-3,17,0,4,0,0,0,0,43,27667,570,50,12,19,13,29,2,6
Jean-Gabriel Pageau,OTT,C,2016-12-05,false,PIT,3,4,0,4,0,0,0,0,1,0,50,25359,583,63,24,12,11,5,134,107
Max Pacioretty,MTL,L,2016-12-06,false,STL,7,11,5,18,2,2,0,1,3,0,73,28285,642,26,11,45,17,19,0,3
Magnus Paajarvi,STL,L,2017-03-29,false,ARI,8,4,6,6,1,0,0,0,3,0,43,18954,470,25,15,11,0,10,1,2
Alex Ovechkin,WSH,L,2016-12-09,false,BUF,12,7,-1,22,4,2,0,0,4,1,104,29344,554,66,10,50,14,12,0,1
Xavier Ouellet,DET,D,2017-01-10,false,CHI,1,4,5,36,0,0,0,0,0,0,34,28604,625,26,38,17,8,6,0,1
Steve Ott,DET,C,2016-12-13,false,ARI,2,1,-2,42,0,0,0,0,0,0,23,15657,390,53,10,6,1,6,60,48
T.J. Oshie,WSH,R,2016-12-27,false,NYI,10,5,11,10,2,2,1,1,1,0,56,27502,561,35,18,25,12,19,31,34
Brooks Orpik,WSH,D,2016-12-09,false,BUF,0,6,8,8,0,0,0,0,0,0,28,26864,554,56,44,9,15,5,0,0
Dmitry Orlov,WSH,D,2016-12-09,false,BUF,1,9,6,12,0,2,0,0,0,0,42,29723,599,40,30,19,21,11,0,0
Jamie Oleksiak,DAL,D,2017-02-24,false,ARI,5,2,0,29,0,0,0,1,1,0,23,24432,564,34,31,8,14,5,0,0
Kyle Okposo,BUF,R,2016-12-09,false,WSH,9,9,0,8,4,8,0,0,0,0,73,30614,590,21,8,20,17,8,40,35
Johnny Oduya,DAL,D,2016-12-27,false,ARI,1,5,2,8,0,0,0,0,0,0,17,29095,671,13,58,16,14,7,0,0
Ryan O'Reilly,BUF,C,2016-12-22,false,CAR,7,11,0,6,3,7,0,0,2,0,82,33801,672,3,12,26,10,21,355,263
Gustav Nyquist,DET,R,2016-12-04,false,NYI,4,10,0,4,0,2,0,0,2,0,49,26097,559,16,10,16,7,14,3,0
William Nylander,TOR,C,2016-12-11,false,COL,6,11,-2,6,4,5,0,0,0,0,67,25307,561,5,9,29,9,18,38,47
Markus Nutivaara,CBJ,D,2016-12-10,false,NYI,1,4,5,2,0,0,0,0,0,0,26,20128,462,16,14,9,6,3,0,0
Darnell Nurse,EDM,D,2017-02-26,false,NSH,3,2,-4,17,0,0,0,0,0,0,45,27373,590,62,25,15,18,8,0,0
Ryan Nugent-Hopkins,EDM,C,2016-12-03,false,ANA,4,8,-3,8,2,0,0,0,1,0,72,27416,619,16,7,20,2,14,169,212
Joakim Nordstrom,CAR,L,2016-12-07,false,ANA,1,3,-7,8,0,0,0,0,1,0,38,21128,538,34,18,11,6,9,3,6
Jordan Nolan,LAK,C,2016-12-29,false,EDM,2,3,-2,40,0,0,0,0,0,0,20,16311,372,34,2,15,4,3,1,2
Stefan Noesen,NJD,R,2017-03-02,false,WSH,4,2,3,4,0,0,0,0,0,0,36,15529,381,31,7,10,9,8,22,37
Matt Niskanen,WSH,D,2016-12-11,false,VAN,0,10,4,8,0,1,0,1,0,0,49,34356,675,37,34,24,28,12,0,0
Matt Nieto,COL,L,2017-02-01,false,LAK,2,3,-6,6,0,0,0,0,0,0,45,21834,532,29,18,11,9,12,0,3
Frans Nielsen,DET,C,2016-12-04,false,NYI,6,9,-7,0,0,6,2,0,0,0,51,26948,653,22,20,11,7,9,188,178
Nino Niederreiter,MIN,R,2016-12-09,false,EDM,7,9,10,4,3,0,0,0,0,0,45,22810,523,42,5,15,7,10,0,1
Nikita Nesterov,TBL,D,2016-12-29,false,TOR,2,4,3,18,1,0,0,0,0,0,33,24842,500,37,14,8,10,5,0,0
Patrik Nemeth,DAL,D,2017-02-18,false,TBL,0,2,-6,8,0,0,0,0,0,0,30,23788,534,28,28,10,9,7,0,0
Brock Nelson,NYI,C,2016-12-08,false,STL,6,11,1,14,1,3,0,1,0,0,57,25303,596,21,24,16,13,14,115,143
Chris Neil,OTT,R,2016-12-07,false,SJS,1,1,-5,33,0,0,0,0,0,0,24,12612,319,58,11,5,5,5,0,0
James Neal,NSH,L,2016-12-17,false,NYR,12,6,-4,17,2,3,0,0,1,0,84,29899,612,35,9,19,13,18,1,1
Rick Nash,NYR,R,2016-12-03,false,CAR,11,6,-2,12,4,2,0,0,1,0,73,25472,623,18,19,17,23,20,0,0
Riley Nash,BOS,C,2016-12-05,false,FLA,1,3,0,6,0,0,0,1,0,0,37,22157,513,13,10,16,5,12,121,109
Vladislav Namestnikov,TBL,C,2016-12-04,false,CAR,3,7,-4,10,2,3,0,0,0,0,37,22283,442,12,11,13,7,5,55,65
Jake Muzzin,LAK,D,2016-12-08,false,CAR,3,3,-3,14,1,0,0,0,0,0,61,35484,812,62,39,23,18,4,0,0
Ryan Murray,CBJ,D,2016-12-22,false,PIT,0,3,5,16,0,0,0,1,0,0,19,28648,649,7,42,9,5,4,0,0
Ryan Murphy,CAR,D,2017-03-25,false,NJD,0,2,-10,8,0,0,0,0,0,0,17,20690,439,2,30,7,8,9,0,0
Connor Murphy,ARI,D,2016-12-10,false,NSH,0,4,-10,19,0,0,0,0,0,0,25,33268,733,56,39,8,11,6,0,0
Matt Moulson,BUF,L,2016-12-06,false,EDM,7,3,-2,2,6,3,0,0,1,0,53,21343,431,12,8,19,4,6,0,0
Tyler Motte,CHI,L,2016-12-13,false,NYR,3,3,4,14,0,0,0,0,0,0,37,18535,480,21,19,12,2,12,4,5
Josh Morrissey,WPG,D,2016-12-01,false,EDM,1,3,1,12,0,0,0,0,1,0,28,28652,609,39,42,10,10,3,0,0
Dominic Moore,BOS,C,2016-12-05,false,FLA,6,3,2,12,0,0,2,0,1,0,31,20221,476,13,15,6,7,7,126,102
John Moore,NJD,D,2016-12-08,false,MTL,4,6,0,27,0,1,0,0,0,0,37,30649,691,23,27,21,25,0,0,0
Brandon Montour,ANA,D,2017-04-06,false,CHI,2,3,11,14,0,1,0,0,0,0,47,26906,512,20,23,22,16,3,0,0
Sean Monahan,CGY,C,2016-11-30,false,TOR,6,4,-8,8,1,0,0,0,1,1,50,27816,605,13,8,20,14,17,239,224
Torrey Mitchell,MTL,C,2016-12-06,false,STL,5,2,5,12,0,0,0,0,1,0,17,20257,539,14,22,10,17,16,149,132
John Mitchell,COL,C,2016-12-20,false,MIN,1,0,-3,14,0,0,0,0,1,0,29,20613,470,31,22,10,4,10,137,106
Drew Miller,DET,L,2017-01-01,false,TOR,4,0,-8,14,0,0,0,0,1,0,19,15513,387,40,19,3,1,6,1,0
Kevan Miller,BOS,D,2017-01-14,false,PHI,0,3,-5,17,0,0,0,0,0,0,26,26900,582,51,36,6,9,4,0,0
J.T. Miller,NYR,L,2016-12-03,false,CAR,8,11,10,8,1,1,1,0,2,0,55,24247,569,41,24,17,16,19,44,62
Colin Miller,BOS,D,2016-12-22,false,FLA,2,3,-5,10,1,0,0,0,0,0,45,25526,566,29,16,29,10,5,0,0
Marc Methot,OTT,D,2016-12-14,false,SJS,0,3,7,4,0,0,0,0,0,0,39,31488,751,52,32,3,19,4,0,0
Jon Merrill,NJD,D,2017-01-26,false,WSH,1,3,-3,18,0,0,0,0,0,0,21,29001,645,22,39,12,12,7,0,0
Timo Meier,SJS,R,2017-02-15,false,FLA,3,2,-1,6,0,0,0,0,1,0,65,20390,492,56,5,26,24,20,1,4
Jayson Megna,VAN,C,2017-01-10,false,NSH,3,1,-3,4,0,1,0,0,0,0,31,17755,408,33,8,6,3,6,0,1
Adam McQuaid,BOS,D,2016-12-14,false,PIT,0,1,4,15,0,0,0,0,0,0,30,27907,656,62,41,12,13,4,0,0
Brayden McNabb,LAK,D,2017-02-09,false,FLA,2,2,6,25,0,0,0,0,0,0,27,25109,584,59,32,15,23,7,0,0
Cody McLeod,COL,L,2017-01-04,false,CGY,1,0,-2,47,0,0,0,0,0,0,12,9246,237,48,1,5,0,2,0,0
Curtis McKenzie,DAL,L,2016-12-29,false,COL,3,5,4,40,0,0,0,0,1,0,39,16849,423,48,16,11,3,3,2,2
Greg McKegg,FLA,C,2017-01-20,false,VAN,3,2,-4,6,0,0,0,0,0,0,23,16265,391,29,11,4,5,4,30,29
Jamie McGinn,ARI,L,2016-12-17,false,MIN,6,3,-6,12,0,0,0,0,2,0,49,20963,485,54,10,9,9,1,0,1
Brock McGinn,CAR,L,2017-01-13,false,BUF,4,4,2,2,0,0,0,1,1,0,35,19180,469,33,17,14,5,11,1,3
Ryan McDonagh,NYR,D,2016-12-03,false,CAR,1,13,10,11,1,3,0,0,0,0,43,37208,750,26,49,19,18,14,0,0
Connor McDavid,EDM,C,2016-12-03,false,ANA,11,23,9,10,0,9,0,0,3,0,72,32834,653,7,8,22,17,16,141,191
Jay McClement,CAR,C,2016-12-07,false,ANA,1,1,-6,8,0,0,0,0,0,0,20,18277,468,27,19,11,3,10,118,119
Michael McCarron,MTL,R,2017-03-19,false,OTT,1,4,-1,37,0,0,0,0,0,0,29,14856,376,63,8,11,4,6,62,85
Jared McCann,FLA,C,2017-01-20,false,VAN,1,6,1,4,0,1,0,0,0,0,42,17966,410,24,6,13,7,6,37,50
Jake McCabe,BUF,D,2016-12-06,false,EDM,0,5,-3,16,0,1,0,0,0,0,25,33304,712,32,36,20,12,6,0,0
Shawn Matthias,WPG,L,2017-01-24,false,SJS,6,2,1,6,0,0,1,0,1,0,39,20802,508,23,11,13,6,6,5,6
Auston Matthews,TOR,C,2016-12-10,false,BOS,12,8,-1,2,1,5,0,0,1,0,94,26996,571,6,21,37,13,25,129,154
Michael Matheson,FLA,D,2016-12-06,false,PHI,2,7,-2,8,0,1,0,0,0,0,55,30924,567,24,32,20,17,18,1,0
Andreas Martinsen,COL,L,2016-12-10,false,MTL,1,2,-5,20,0,0,0,1,0,0,30,16865,438,79,13,14,3,14,1,0
Jordan Martinook,ARI,L,2016-12-08,false,CGY,5,6,2,12,1,0,0,1,0,0,41,25366,615,23,23,21,8,11,152,190
Alec Martinez,LAK,D,2016-12-08,false,CAR,5,9,-2,10,0,3,0,0,2,2,56,35628,817,56,46,31,14,0,0,1
Paul Martin,SJS,D,2016-12-07,false,OTT,0,8,3,8,0,0,0,0,0,0,18,29328,631,15,41,5,19,7,0,0
Matt Martin,TOR,L,2016-12-10,false,BOS,2,2,2,51,0,0,0,0,0,0,24,15135,379,106,8,9,3,6,0,6
Patrick Maroon,EDM,L,2016-12-03,false,ANA,7,5,5,28,0,2,0,0,1,0,58,24002,527,55,3,19,13,8,4,6
Mitchell Marner,TOR,C,2016-12-10,false,BOS,7,12,-4,18,1,3,0,0,3,0,69,26694,572,14,18,31,19,25,6,8
Patrick Marleau,SJS,L,2016-12-07,false,OTT,6,2,-4,6,1,2,0,0,2,0,63,26528,563,29,8,23,9,14,15,21
Andrei Markov,MTL,D,2016-12-06,false,STL,2,16,3,8,0,7,0,1,0,0,36,34532,718,19,25,15,25,11,0,0
Jonathan Marchessault,FLA,C,2016-12-13,false,MIN,10,10,0,12,3,4,0,0,2,0,66,28196,525,37,8,23,15,20,57,56
Alexey Marchenko,DET,D,2017-01-12,false,DAL,0,5,2,12,0,0,0,1,0,0,23,27766,648,6,41,14,12,3,0,0
Brad Marchand,BOS,L,2016-12-05,false,FLA,7,15,10,26,1,3,0,0,3,0,66,29024,621,18,9,31,18,19,10,11
Anthony Mantha,DET,R,2017-01-10,false,CHI,11,8,11,12,1,1,0,0,2,1,63,26707,569,17,18,20,15,12,2,2
Josh Manson,ANA,D,2016-12-04,false,CGY,0,5,-4,44,0,0,0,0,0,0,23,29607,618,67,26,12,21,7,0,0
Brandon Manning,PHI,D,2016-12-10,false,DAL,3,6,-1,20,0,0,1,0,1,0,35,28655,674,59,26,10,18,1,0,0
Evgeni Malkin,PIT,C,2016-12-05,false,OTT,10,18,5,36,1,7,0,0,2,0,79,29302,619,16,12,22,23,16,172,205
Denis Malgin,FLA,C,2016-12-05,false,BOS,4,4,3,8,1,0,0,0,1,1,36,18627,411,16,7,12,3,8,49,83
Nathan MacKinnon,COL,C,2016-12-10,false,MTL,7,12,-6,0,0,5,2,0,1,0,94,31076,675,18,10,31,12,15,260,227
Derek MacKenzie,FLA,C,2016-12-05,false,BOS,2,3,4,13,0,0,0,1,0,0,30,18998,445,62,15,11,5,9,131,126
Andrew MacDonald,PHI,D,2016-12-19,false,NSH,2,9,2,6,0,0,0,0,0,0,15,30809,693,14,58,15,20,2,0,0
Olli Maatta,PIT,D,2016-12-05,false,OTT,0,1,9,6,0,0,0,0,0,0,30,28484,670,23,46,13,17,4,0,0
Roman Lyubimov,PHI,L,2016-12-22,false,NJD,3,1,0,2,0,0,0,0,0,0,28,16649,430,22,10,14,5,8,0,5
Milan Lucic,EDM,L,2016-12-03,false,ANA,7,12,1,16,2,6,0,0,1,0,62,28004,583,70,8,24,16,7,3,2
Adam Lowry,WPG,C,2016-12-01,false,EDM,6,2,-4,19,1,2,0,0,0,0,35,25201,619,63,18,15,9,12,203,223
Ben Lovejoy,NJD,D,2016-12-08,false,MTL,1,2,-5,10,0,0,0,0,1,0,30,31659,677,35,47,13,11,6,0,0
Bryan Little,WPG,C,2017-01-21,false,STL,10,11,1,6,4,1,0,0,1,1,59,27179,650,9,10,23,8,11,288,219
Hampus Lindholm,ANA,D,2017-01-01,false,PHI,1,4,6,18,0,2,0,0,1,0,35,34785,715,40,33,20,21,8,0,0
Elias Lindholm,CAR,C,2016-12-17,false,BUF,2,7,-7,6,0,2,0,2,0,0,49,28273,623,33,25,23,13,19,141,124
Esa Lindell,DAL,D,2016-12-23,false,LAK,3,3,3,6,0,1,0,0,2,1,30,31292,687,36,44,13,8,10,0,1
Oscar Lindberg,NYR,C,2017-01-04,false,PHI,0,5,0,16,0,1,0,0,0,0,39,18301,447,39,15,13,4,4,121,116
John-Michael Liles,BOS,D,2017-01-16,false,NYI,0,5,-1,4,0,3,0,0,0,0,22,25324,565,17,35,11,5,8,1,0
Trevor Lewis,LAK,C,2016-12-08,false,CAR,4,4,-4,6,0,0,0,0,1,0,43,21292,482,56,10,18,5,4,25,38
Mark Letestu,EDM,C,2016-12-08,false,PHI,4,6,-3,2,2,0,2,1,2,0,27,20980,538,22,13,11,9,6,148,146
Kris Letang,PIT,D,2016-12-31,false,MTL,2,19,-3,20,1,9,0,0,1,1,80,40643,785,54,50,29,32,23,0,0
Jori Lehtera,STL,C,2016-12-15,false,NJD,4,5,3,12,0,1,0,0,1,0,29,23941,616,20,13,0,5,6,171,149
Artturi Lehkonen,MTL,L,2016-12-28,false,TBL,7,2,4,6,1,1,0,0,1,0,55,21495,537,23,9,20,7,15,0,0
Anders Lee,NYI,L,2016-12-08,false,STL,8,2,5,16,2,0,0,0,2,0,49,20361,483,65,14,16,6,10,1,4
Nick Leddy,NYI,D,2016-12-10,false,CBJ,4,8,-14,6,1,4,0,0,0,0,51,35886,628,28,43,23,7,11,0,0
Curtis Lazar,OTT,C,2017-01-24,false,WSH,0,1,-6,4,0,0,0,0,0,0,22,13145,337,45,9,6,4,5,22,37
Adam Larsson,EDM,D,2016-12-03,false,ANA,2,4,-1,22,0,0,0,0,0,0,31,31436,686,81,43,12,21,8,0,0
Philip Larsen,VAN,D,2017-04-09,false,EDM,1,5,-8,4,0,2,0,0,0,0,32,25675,546,12,22,17,14,4,0,0
Dylan Larkin,DET,C,2016-12-04,false,NYI,8,1,-7,17,2,0,0,0,1,0,71,25643,543,14,7,17,18,26,56,76
Nick Lappin,NJD,R,2016-12-20,false,NSH,4,3,-5,17,0,0,0,0,0,0,37,19353,443,29,5,13,4,12,2,4
Gabriel Landeskog,COL,L,2016-12-31,false,NYR,6,5,-12,28,2,0,0,0,2,1,51,29046,625,62,12,14,12,32,19,22
Patrik Laine,WPG,R,2016-12-01,false,EDM,15,6,-2,8,7,2,0,0,3,1,69,28837,574,26,13,25,29,12,0,2
Andrew Ladd,NYI,L,2016-12-08,false,STL,3,3,-4,14,0,0,0,0,1,0,40,25717,537,30,16,18,14,19,1,2
Kevin Labanc,SJS,R,2017-01-05,false,MIN,7,5,3,12,0,1,0,0,2,1,39,20606,483,10,4,17,14,8,1,2
Evgeny Kuznetsov,WSH,C,2016-12-09,false,BUF,3,10,6,12,0,2,0,0,0,0,43,27087,553,16,5,20,20,10,162,215
Chris Kunitz,PIT,L,2016-12-17,false,TOR,2,10,4,22,0,2,0,0,2,0,48,23882,552,83,9,17,11,13,3,4
Dmitry Kulikov,BUF,D,2017-02-06,false,NJD,1,1,-7,18,0,0,0,0,0,0,27,35456,770,34,41,19,13,8,0,0
Nikolay Kulemin,NYI,L,2016-12-13,false,WSH,3,3,-1,6,0,0,0,0,0,0,25,21272,544,29,17,18,8,9,5,3
Tom Kuhnhackl,PIT,R,2017-01-26,false,BOS,2,3,3,10,0,0,0,0,0,0,20,15095,404,40,17,9,2,3,1,2
Nikita Kucherov,TBL,R,2016-12-04,false,CAR,13,16,10,15,4,5,0,0,3,0,73,29206,579,8,12,37,20,24,0,0
Marcus Kruger,CHI,C,2016-12-03,false,PHI,2,5,8,18,0,0,0,0,0,0,26,21041,562,12,20,12,4,10,145,146
Torey Krug,BOS,D,2016-12-05,false,FLA,1,10,-5,15,0,4,0,0,0,0,78,34296,713,26,21,26,17,7,0,1
Niklas Kronwall,DET,D,2017-01-22,false,NYR,0,3,2,10,0,1,0,0,0,0,26,29259,663,35,43,10,8,2,0,0
David Krejci,BOS,C,2016-12-05,false,FLA,4,13,-2,14,1,4,0,0,1,0,57,28684,569,24,24,25,16,15,181,181
Chris Kreider,NYR,L,2016-12-15,false,DAL,8,12,3,17,2,4,0,0,2,0,67,26137,568,49,15,29,15,8,2,2
Lauri Korpikoski,DAL,L,2016-12-03,false,COL,4,4,0,4,0,0,0,1,0,0,45,21933,565,16,14,10,7,7,0,3
Anze Kopitar,LAK,C,2016-12-18,false,BOS,3,12,1,6,0,4,0,1,0,0,56,33401,658,36,18,27,12,12,326,291
Travis Konecny,PHI,C,2016-12-03,false,CHI,4,10,-3,33,2,1,0,0,0,0,56,23290,534,42,8,23,7,10,0,1
Leo Komarov,TOR,C,2016-12-10,false,BOS,3,7,1,13,0,2,1,0,0,0,33,26652,655,88,16,11,5,7,25,29
Mikko Koivu,MIN,C,2016-12-09,false,EDM,6,8,8,8,0,3,0,1,2,1,43,31310,694,7,31,19,10,14,340,274
Slater Koekkoek,TBL,D,2016-12-31,false,CAR,0,4,-2,8,0,0,0,0,0,0,26,20096,463,23,24,13,7,1,0,0
John Klingberg,DAL,D,2016-12-08,false,NSH,2,11,-7,14,0,6,0,0,0,0,33,35709,744,14,37,20,26,9,0,0
Kevin Klein,NYR,D,2016-12-11,false,NJD,0,8,4,5,0,1,0,1,0,0,22,27242,603,54,62,5,13,9,0,0
Oscar Klefbom,EDM,D,2016-12-03,false,ANA,3,6,-2,0,0,2,0,0,2,0,60,34007,682,17,46,26,19,6,0,0
Dwight King,LAK,L,2016-12-08,false,CAR,5,4,4,6,0,0,0,0,1,0,39,24009,511,41,11,13,8,6,3,4
Jakub Kindl,FLA,D,2017-01-17,false,CGY,0,3,-11,22,0,0,0,0,0,0,29,23320,494,36,27,11,12,6,0,0
Alex Killorn,TBL,L,2016-12-03,false,WSH,8,4,-1,18,2,3,0,0,2,0,60,26978,538,41,9,15,12,5,1,5
Phil Kessel,PIT,R,2016-12-05,false,OTT,9,18,2,12,3,6,0,0,2,0,67,28347,612,6,6,27,14,4,0,5
Ryan Kesler,ANA,C,2016-12-04,false,CGY,11,10,8,24,7,4,0,0,2,0,62,33294,700,39,25,32,16,4,347,235
Tanner Kero,CHI,C,2017-02-23,false,ARI,4,6,11,4,0,0,0,0,0,0,27,20554,490,25,30,7,7,6,118,144
Michal Kempny,CHI,D,2017-01-02,false,STL,2,3,-1,14,0,0,0,0,0,0,30,23977,542,50,29,25,15,2,0,0
Chris Kelly,OTT,C,2016-12-05,false,PIT,1,2,-5,4,0,0,0,0,0,0,30,20830,507,26,18,10,9,9,96,124
Duncan Keith,CHI,D,2016-12-03,false,PHI,0,17,8,6,0,3,0,0,0,0,56,40641,767,11,27,16,20,7,0,0
Zack Kassian,EDM,R,2016-12-08,false,PHI,2,4,1,36,0,0,0,0,0,0,42,18762,457,56,6,11,8,8,1,0
Ondrej Kase,ANA,R,2017-01-08,false,MIN,4,6,-2,12,0,0,0,0,2,1,42,18890,490,18,9,18,16,10,1,3
Melker Karlsson,SJS,C,2016-12-20,false,CGY,3,4,5,6,0,0,0,0,0,0,20,18678,479,20,20,11,7,5,0,2
William Karlsson,CBJ,C,2016-12-10,false,NYI,4,6,7,2,0,0,0,1,1,0,39,22285,545,12,5,16,8,13,139,177
Erik Karlsson,OTT,D,2016-12-05,false,PIT,6,18,3,12,1,7,0,1,2,0,66,42548,853,22,76,44,38,18,0,0
Evander Kane,BUF,L,2017-01-03,false,NYR,9,5,-8,37,1,3,0,0,2,0,78,29108,578,48,11,26,11,16,31,36
Patrick Kane,CHI,R,2016-12-03,false,PHI,8,17,3,14,2,4,0,0,2,0,82,34625,614,10,4,27,9,11,4,20
Sergey Kalinin,NJD,C,2016-12-22,false,PHI,1,1,-11,11,0,0,0,0,0,0,28,19642,477,39,13,7,6,3,18,33
Nazem Kadri,TOR,C,2016-12-10,false,BOS,10,8,-3,53,3,2,0,0,2,1,75,24869,602,38,12,31,16,23,178,211
Tomas Jurco,CHI,L,2017-03-27,false,TBL,1,0,-9,4,0,0,0,0,0,0,29,16452,399,20,7,16,6,2,0,1
Roman Josi,NSH,D,2016-12-08,false,DAL,4,12,-1,8,2,6,0,0,1,0,77,38989,748,19,41,24,14,7,0,0
Jacob Josefson,NJD,C,2017-02-04,false,CBJ,1,5,2,12,0,1,0,0,1,0,33,19355,445,23,9,17,8,5,98,92
Josh Jooris,ARI,R,2017-01-31,false,LAK,2,2,2,10,0,0,0,0,0,0,30,17034,425,30,11,8,2,6,81,80
Seth Jones,CBJ,D,2016-12-23,false,MTL,5,8,7,8,0,0,0,0,2,2,53,35962,777,29,49,14,15,8,0,0
Jyrki Jokipakka,CGY,D,2016-12-29,false,ANA,1,4,-3,8,0,0,0,0,0,0,16,23139,548,15,21,6,13,3,0,0
Jussi Jokinen,FLA,L,2016-12-28,false,TOR,2,4,-6,16,0,1,0,0,1,0,48,28019,601,8,12,17,22,10,16,15
Erik Johnson,COL,D,2017-03-02,false,OTT,1,11,-3,4,0,5,0,0,0,0,56,33948,776,51,67,18,16,12,0,0
Tyler Johnson,TBL,C,2016-12-03,false,WSH,8,7,-4,10,4,3,0,0,1,0,51,28452,592,27,13,21,9,10,235,203
Jack Johnson,CBJ,D,2016-12-10,false,NYI,1,6,13,12,1,0,0,0,0,0,36,33841,721,33,42,15,9,6,0,0
Stephen Johns,DAL,D,2016-12-17,false,PHI,3,3,-1,17,0,0,0,0,1,0,30,28727,657,72,45,17,19,6,0,0
Marcus Johansson,WSH,L,2016-12-09,false,BUF,12,9,7,4,3,4,0,0,5,2,48,27604,537,13,0,12,20,15,7,9
Ryan Johansen,NSH,C,2016-12-08,false,DAL,5,12,1,16,3,6,0,0,3,0,59,28861,619,31,9,27,11,14,221,215
Nick Jensen,DET,D,2017-02-19,false,PIT,3,5,2,8,0,0,0,0,0,0,31,25204,582,27,25,12,14,4,0,0
Boone Jenner,CBJ,C,2016-12-10,false,NYI,4,4,-3,14,0,1,0,0,1,0,62,23392,533,67,24,19,6,12,41,25
Dmitrij Jaskin,STL,R,2016-12-09,false,NJD,1,5,3,8,0,0,0,0,0,0,27,17976,427,46,5,14,6,6,3,4
Calle Jarnkrok,NSH,C,2016-12-08,false,DAL,5,2,-1,4,0,0,0,0,0,0,34,22333,557,13,7,14,8,7,120,139
Jaromir Jagr,FLA,R,2016-12-05,false,BOS,5,8,1,14,2,2,0,0,0,0,62,26066,505,6,2,15,15,15,0,0
Matt Irwin,NSH,D,2016-12-20,false,NJD,3,4,12,4,0,0,0,0,1,0,42,24395,562,60,41,20,15,5,0,0
Jarome Iginla,COL,R,2016-12-10,false,MTL,3,3,-3,35,1,2,0,0,0,0,51,23621,510,26,6,15,9,12,5,6
Zach Hyman,TOR,C,2016-12-10,false,BOS,4,5,-1,10,0,0,0,0,2,0,53,25291,590,37,19,17,5,20,8,12
Ben Hutton,VAN,D,2016-12-06,false,NJD,3,4,-12,12,1,3,0,0,1,1,54,34083,686,21,41,18,23,11,0,0
Matt Hunwick,TOR,D,2016-12-28,false,FLA,0,8,6,8,0,0,0,0,0,0,28,28039,654,42,40,16,20,15,0,0
Jiri Hudler,DAL,R,2017-02-26,false,BOS,3,7,-3,4,1,0,0,0,1,0,20,18695,456,8,3,9,5,9,3,2
Jonathan Huberdeau,FLA,L,2017-03-30,false,MTL,8,15,4,13,2,4,0,0,2,1,70,27895,588,18,4,18,21,10,4,5
Marian Hossa,CHI,R,2016-12-04,false,WPG,12,6,5,6,3,3,0,0,4,3,61,27149,616,11,13,25,5,18,4,7
Bo Horvat,VAN,C,2016-12-06,false,NJD,8,8,-1,14,0,1,2,0,0,0,45,27014,637,30,10,32,7,12,237,209
Patric Hornqvist,PIT,R,2016-12-17,false,TOR,6,12,8,10,5,3,0,0,1,0,94,25502,589,79,28,20,3,12,1,4
Korbinian Holzer,ANA,D,2017-03-10,false,STL,1,5,-2,12,0,0,0,0,0,0,12,21647,476,61,27,7,8,2,0,0
Peter Holland,ARI,C,2017-01-23,false,FLA,1,5,-11,14,0,0,0,0,0,0,41,20670,448,21,3,19,7,6,124,148
Nick Holden,NYR,D,2016-12-03,false,CAR,3,9,11,6,1,0,0,0,0,0,18,30852,681,48,33,15,20,9,0,1
Mike Hoffman,OTT,L,2016-12-10,false,LAK,9,11,-5,12,5,5,0,0,2,0,82,27118,548,18,11,31,13,16,4,2
Niklas Hjalmarsson,CHI,D,2016-12-04,false,WPG,3,3,4,4,0,0,0,0,0,0,22,33966,743,8,58,6,21,7,0,0
Vinnie Hinostroza,CHI,L,2016-12-20,false,OTT,3,5,0,4,0,0,0,0,1,0,33,17649,387,15,14,14,8,14,58,92
Thomas Hickey,NYI,D,2016-12-08,false,STL,2,4,4,8,0,1,0,0,1,1,32,29117,596,34,47,14,15,5,0,0
Tomas Hertl,SJS,C,2017-02-15,false,FLA,6,9,0,12,1,1,0,0,2,0,61,26502,598,44,11,19,11,17,116,84
Adam Henrique,NJD,C,2016-12-08,false,MTL,6,7,-1,10,1,1,0,0,1,1,39,28497,618,29,23,15,14,9,203,215
Matt Hendricks,EDM,L,2017-02-03,false,CAR,2,2,-5,25,0,0,0,0,1,0,28,17110,422,41,27,7,4,2,73,55
Darren Helm,DET,C,2017-02-09,false,WSH,6,4,3,10,2,1,0,1,1,0,46,24285,584,43,10,12,13,13,152,143
Victor Hedman,TBL,D,2016-12-03,false,WSH,5,14,3,14,2,6,0,0,2,0,46,38536,743,33,40,25,23,16,0,0
Kevin Hayes,NYR,C,2016-12-03,false,CAR,10,9,16,8,0,1,1,1,2,0,42,25624,595,22,20,15,31,17,148,175
Jimmy Hayes,BOS,R,2016-12-12,false,MTL,1,0,-7,18,0,0,0,0,0,0,42,15870,370,40,4,12,5,8,1,5
Erik Haula,MIN,L,2016-12-31,false,CBJ,6,5,3,10,0,0,0,0,2,0,53,22003,524,15,11,11,8,12,160,137
Garnet Hathaway,CGY,R,2017-02-13,false,ARI,1,4,0,44,0,0,0,0,0,0,22,14257,350,56,14,9,3,8,10,9
Scott Hartnell,CBJ,L,2016-12-10,false,NYI,5,11,8,11,1,0,0,0,0,0,37,19994,490,22,16,12,14,4,3,2
Ryan Hartman,CHI,L,2016-12-13,false,NYR,5,3,4,4,0,0,0,0,1,0,55,18718,423,42,11,12,7,11,6,8
Martin Hanzal,ARI,C,2016-12-17,false,MIN,6,4,-13,22,2,2,0,0,1,1,58,28393,619,56,20,19,18,11,283,246
Jannik Hansen,VAN,R,2017-02-18,false,CGY,5,7,1,27,0,0,0,0,1,0,50,25399,587,20,6,21,7,15,0,0
Noah Hanifin,CAR,D,2016-12-07,false,ANA,2,7,-7,16,2,3,0,0,0,0,43,26584,554,18,16,15,17,9,0,0
Travis Hamonic,NYI,D,2016-12-15,false,CHI,2,7,-14,49,0,1,0,0,0,0,41,32120,596,35,54,21,21,8,0,0
Dougie Hamilton,CGY,D,2016-11-30,false,TOR,2,10,-2,26,0,2,0,1,1,0,68,30155,698,38,28,19,17,4,0,0
Freddie Hamilton,CGY,C,2017-04-08,false,SJS,2,0,-3,8,0,0,0,0,1,0,30,15258,365,46,1,10,2,3,75,51
Dan Hamhuis,DAL,D,2016-12-08,false,NSH,0,6,-2,8,0,0,0,1,0,0,35,30923,688,33,41,14,10,5,0,0
Taylor Hall,NJD,L,2016-12-23,false,PIT,8,14,-6,8,4,3,0,0,2,1,85,32117,626,28,15,26,14,15,2,3
Micheal Haley,SJS,C,2017-01-05,false,MIN,0,3,-1,47,0,0,0,0,0,0,19,12682,319,63,10,8,10,12,9,20
Ron Hainsey,CAR,D,2016-12-07,false,ANA,1,6,-9,10,0,0,1,0,0,0,30,34273,702,40,35,12,19,5,0,0
Carl Hagelin,PIT,L,2016-12-05,false,OTT,2,7,6,2,0,0,0,1,0,0,54,25390,599,26,10,18,14,7,1,1
Carl Gunnarsson,STL,D,2016-12-20,false,DAL,0,2,-4,4,0,0,0,0,0,0,14,21444,552,18,34,10,2,1,0,0
Jake Guentzel,PIT,C,2017-03-03,false,TBL,7,8,1,8,0,1,0,0,0,0,42,24102,526,51,12,11,4,8,8,8
Radko Gudas,PHI,D,2016-12-21,false,WSH,1,9,3,29,0,1,0,0,0,0,42,31090,691,103,68,34,23,9,0,0
Eric Gryba,EDM,D,2017-02-05,false,MTL,1,2,-5,38,0,0,0,0,1,0,30,25470,560,94,26,11,12,5,0,0
Mikhail Grigorenko,COL,C,2016-12-11,false,TOR,3,6,-1,8,0,3,0,0,0,0,35,22422,497,8,8,7,7,13,48,45
Andy Greene,NJD,D,2016-12-08,false,MTL,3,4,-4,2,0,0,1,0,1,1,30,34430,727,27,61,19,20,9,0,0
Matt Greene,LAK,D,2017-01-16,false,TBL,1,1,3,19,0,0,0,0,0,0,14,20564,537,71,27,10,17,3,0,0
Mike Green,DET,D,2016-12-04,false,NYI,6,10,1,16,1,3,0,0,1,1,46,37933,747,21,32,22,20,11,0,0
Kevin Gravel,LAK,D,2017-01-05,false,DET,0,2,4,4,0,1,0,0,0,0,23,21530,525,37,35,17,13,0,0,0
Tyler Graovac,MIN,C,2016-12-27,false,NSH,3,0,0,2,0,0,0,0,1,0,22,15502,382,29,6,16,1,9,96,97
Derek Grant,BUF,C,2016-12-06,false,EDM,0,3,-2,17,0,0,0,0,0,0,24,16800,421,19,17,11,6,6,129,110
Mikael Granlund,MIN,C,2016-12-09,false,EDM,5,11,7,2,1,4,1,0,2,0,47,30390,648,18,14,22,13,10,5,6
Markus Granlund,VAN,C,2016-12-06,false,NJD,5,4,-13,8,1,1,0,0,1,1,42,26249,597,12,3,20,4,15,29,42
Michael Grabner,NYR,R,2016-12-03,false,CAR,13,4,19,2,0,0,0,1,1,0,57,20478,536,14,17,17,10,24,2,2
Shayne Gostisbehere,PHI,D,2016-12-04,false,NSH,4,9,-4,12,1,5,0,0,1,0,63,32362,659,8,31,49,22,6,0,0
Josh Gorges,BUF,D,2016-12-16,false,NYI,0,1,-3,23,0,0,0,0,0,0,11,30284,710,60,47,8,6,1,0,1
Cody Goloubef,COL,D,2017-02-16,false,BUF,0,3,-11,23,0,0,0,0,0,0,24,27476,632,21,28,5,7,5,0,0
Alex Goligoski,ARI,D,2016-12-08,false,CGY,0,10,-10,6,0,3,0,0,0,0,37,36266,734,30,51,10,13,2,0,0
Luke Glendening,DET,C,2016-12-04,false,NYI,1,6,0,10,0,1,0,0,0,0,35,21191,521,73,33,15,2,10,106,98
Claude Giroux,PHI,C,2016-12-03,false,CHI,7,15,-5,12,4,8,0,0,1,1,68,30038,659,20,8,28,11,9,312,262
Zemgus Girgensons,BUF,C,2016-12-06,false,EDM,2,3,-4,4,0,0,0,0,0,0,40,18457,434,33,9,12,5,2,85,80
Dan Girardi,NYR,D,2016-12-11,false,NJD,3,4,12,6,0,0,0,1,3,0,25,29289,660,48,71,11,20,2,0,0
Mark Giordano,CGY,D,2016-11-30,false,TOR,1,8,4,24,0,3,0,1,0,0,58,38582,795,21,64,26,6,16,0,0
Brian Gionta,BUF,R,2016-12-06,false,EDM,6,5,-1,8,0,0,0,0,1,0,54,26876,560,23,11,18,9,8,11,11
Stephen Gionta,NYI,R,2017-04-09,false,OTT,1,5,9,2,0,0,0,0,0,0,17,17483,432,56,7,3,6,5,56,64
Ryan Getzlaf,ANA,C,2016-12-11,false,OTT,2,21,-4,14,1,9,0,0,1,0,49,31608,674,35,25,27,27,20,204,169
Eric Gelinas,COL,D,2017-02-01,false,LAK,0,1,-5,12,0,0,0,0,0,0,29,18315,434,32,16,14,6,3,0,1
Brendan Gaunce,VAN,C,2016-12-06,false,NJD,0,2,-4,25,0,0,0,0,0,0,18,13285,343,37,4,6,3,3,62,68
Johnny Gaudreau,CGY,L,2016-12-23,false,VAN,7,15,-11,0,1,7,0,0,1,0,71,29611,600,3,5,25,40,11,0,0
Jason Garrison,TBL,D,2016-12-08,false,VAN,1,2,-7,6,0,0,0,0,0,0,35,28596,630,29,39,22,15,6,0,0
Jake Gardiner,TOR,D,2016-12-10,false,BOS,4,6,3,10,1,1,0,0,0,0,42,31425,677,23,19,15,25,14,0,0
Brendan Gallagher,MTL,R,2016-12-06,false,STL,5,9,6,20,1,1,0,0,1,0,69,23895,563,27,8,23,8,10,19,27
Alex Galchenyuk,MTL,C,2017-01-14,false,NYR,10,14,9,16,3,5,0,0,2,1,46,25251,567,10,15,19,16,7,125,190
Sam Gagner,CBJ,C,2016-12-13,false,EDM,12,9,9,6,4,5,0,0,1,0,69,21280,451,3,5,22,8,5,42,53
Marian Gaborik,LAK,R,2017-01-24,false,NJD,4,6,0,6,1,1,0,0,0,0,62,23833,520,12,4,26,11,3,0,1
Michael Frolik,CGY,R,2016-11-30,false,TOR,6,9,2,10,0,0,2,0,1,1,60,25673,578,19,20,18,13,19,6,7
Cody Franson,BUF,D,2016-12-06,false,EDM,1,6,3,12,1,0,0,0,0,0,40,28968,639,25,28,11,14,5,0,0
Cam Fowler,ANA,D,2016-12-04,false,CGY,7,9,4,2,4,4,0,0,2,0,54,37208,728,13,34,14,23,4,0,0
Gustav Forsling,CHI,D,2016-12-13,false,NYR,1,3,3,2,0,1,0,0,0,0,32,23749,512,12,10,10,22,1,0,0
Filip Forsberg,NSH,L,2016-12-08,false,DAL,2,14,-5,10,0,3,0,0,0,0,61,29087,661,39,7,35,14,26,5,7
Derek Forbort,LAK,D,2016-12-08,false,CAR,1,6,2,34,0,0,0,0,0,0,24,27792,639,55,60,11,14,3,1,0
Christian Folin,MIN,D,2016-12-31,false,CBJ,0,3,11,20,0,0,0,0,0,0,20,24851,572,40,33,11,6,7,0,0
Marcus Foligno,BUF,L,2016-12-06,false,EDM,4,4,0,17,0,0,0,0,0,0,39,24642,551,84,19,14,10,10,0,1
Nick Foligno,CBJ,L,2016-12-16,false,CGY,10,12,6,33,5,6,0,0,1,0,60,28866,632,37,16,23,14,10,24,25
Brian Flynn,MTL,C,2016-12-31,false,PIT,4,3,8,4,0,0,0,0,0,0,29,19070,520,10,15,13,8,7,55,49
Mike Fisher,NSH,C,2016-12-17,false,NYR,9,9,-6,31,4,5,0,0,2,0,50,25631,589,53,19,17,1,9,247,201
Valtteri Filppula,TBL,C,2016-12-04,false,CAR,5,11,2,8,0,5,0,0,1,0,32,28275,578,10,14,7,14,12,207,252
Vernon Fiddler,NJD,C,2016-12-08,false,MTL,1,2,-3,17,0,0,1,0,0,0,23,19836,506,26,14,11,12,4,177,157
Kevin Fiala,NSH,L,2016-12-30,false,STL,5,2,-1,8,0,0,0,0,1,0,61,20361,477,27,7,17,10,19,0,0
Micheal Ferland,CGY,L,2016-11-30,false,TOR,4,6,-2,5,2,1,0,0,0,0,33,17162,430,60,9,11,12,14,0,1
Eric Fehr,PIT,C,2016-12-05,false,OTT,3,2,-3,6,0,0,0,0,1,0,28,17542,441,33,19,6,6,15,29,27
Taylor Fedun,BUF,D,2017-03-16,false,LAK,0,7,3,16,0,3,0,0,0,0,24,21327,521,6,20,8,8,5,0,0
Justin Faulk,CAR,D,2016-12-13,false,VAN,4,8,-11,8,1,4,0,0,0,0,78,36002,700,47,26,34,23,18,0,0
Jesper Fast,NYR,R,2016-12-03,false,CAR,2,10,9,12,0,0,0,0,0,0,16,21121,524,39,12,9,7,19,9,11
Justin Falk,BUF,D,2017-01-13,false,CAR,0,2,1,11,0,0,0,0,0,0,16,20309,513,46,12,15,6,3,0,0
Radek Faksa,DAL,C,2016-12-03,false,COL,2,6,3,15,0,0,0,0,0,0,43,25445,649,33,23,22,7,19,189,224
Robby Fabbri,STL,C,2016-12-08,false,NYI,6,8,-6,17,3,3,0,0,0,0,47,25349,575,33,10,16,6,14,11,6
Adam Erne,TBL,L,2017-04-09,false,BUF,3,0,-9,11,0,0,0,0,0,0,40,18419,441,71,13,18,5,2,0,2
Loui Eriksson,VAN,L,2016-12-06,false,NJD,6,5,-9,0,2,1,0,1,1,0,48,29458,636,3,11,13,8,7,0,0
Jonathan Ericsson,DET,D,2016-12-04,false,NYI,0,5,4,43,0,0,0,0,0,0,19,28420,663,39,17,12,11,1,0,0
Toby Enstrom,WPG,D,2016-12-06,false,DET,1,7,-1,12,0,4,1,0,0,0,23,35528,740,9,37,13,15,7,0,0
Tyler Ennis,BUF,L,2017-02-14,false,OTT,4,4,-3,2,0,1,0,0,0,0,49,20363,426,23,13,9,6,12,0,5
Deryk Engelland,CGY,D,2016-11-30,false,TOR,1,5,8,27,0,0,0,0,1,0,35,28767,655,50,47,12,17,5,1,0
Alexei Emelin,MTL,D,2016-12-06,false,STL,1,3,5,29,0,0,0,0,0,0,28,33494,684,95,50,12,30,4,0,0
Ryan Ellis,NSH,D,2016-12-27,false,MIN,4,7,5,19,0,3,0,1,2,0,41,37597,736,34,54,22,15,10,0,0
Lars Eller,WSH,C,2016-12-11,false,VAN,2,1,-5,20,0,0,0,0,0,0,32,21598,478,18,6,20,9,11,131,151
Oliver Ekman-Larsson,ARI,D,2016-12-08,false,CGY,5,8,-4,12,2,4,0,0,1,1,56,37481,716,40,24,29,16,9,0,0
Mattias Ekholm,NSH,D,2016-12-08,false,DAL,0,7,-4,10,0,1,0,1,0,0,45,36496,718,16,48,25,23,9,0,0
Aaron Ekblad,FLA,D,2016-12-05,false,BOS,6,2,-10,26,2,1,0,0,1,1,82,36442,635,50,22,30,19,11,0,0
Jack Eichel,BUF,C,2017-01-24,false,NSH,12,9,-2,4,5,5,0,0,3,1,107,31068,584,16,18,39,24,17,145,197
Nikolaj Ehlers,WPG,L,2016-12-01,false,EDM,4,17,-1,12,0,3,0,0,1,0,55,27867,576,15,9,33,16,13,0,1
Joel Edmundson,STL,D,2017-01-02,false,CHI,0,8,-2,30,0,0,0,0,0,0,31,26378,648,56,34,14,7,4,0,0
Alexander Edler,VAN,D,2017-01-04,false,ARI,1,4,-6,6,1,1,0,0,0,0,50,36700,725,48,61,16,15,8,2,1
Jordan Eberle,EDM,C,2016-12-03,false,ANA,7,13,-3,4,2,4,0,0,0,0,77,27656,591,6,13,26,8,8,2,1
Patrick Eaves,DAL,R,2016-12-06,false,CGY,10,8,-5,10,5,3,0,0,1,0,67,26400,614,35,16,32,4,7,0,1
Cody Eakin,DAL,C,2017-01-21,false,WSH,1,3,-9,30,0,1,0,0,1,0,27,23945,593,31,12,18,13,5,168,174
Ryan Dzingel,OTT,L,2016-12-05,false,PIT,6,8,5,4,0,1,1,0,1,0,39,21655,494,16,12,13,9,10,2,4
Christian Dvorak,ARI,C,2016-12-15,false,TOR,2,6,1,6,0,1,0,0,0,0,21,21953,469,26,23,10,5,3,115,150
Brian Dumoulin,PIT,D,2016-12-08,false,FLA,0,4,-5,10,0,0,0,0,0,0,38,29949,697,47,30,10,14,7,0,0
Gabriel Dumont,TBL,C,2017-03-13,false,NYR,2,1,-1,25,0,0,0,0,0,0,24,14111,358,53,7,7,3,3,71,59
Matt Dumba,MIN,D,2016-12-09,false,EDM,3,6,7,20,1,2,0,0,1,1,52,32154,646,29,21,21,14,9,0,0
Anthony Duclair,ARI,L,2016-12-13,false,DET,1,4,0,10,0,0,0,0,0,0,30,20356,470,9,6,9,15,11,1,0
Matt Duchene,COL,C,2016-12-18,false,WPG,12,10,-7,2,2,4,0,0,3,1,64,29147,618,8,21,21,13,24,170,100
Brandon Dubinsky,CBJ,C,2016-12-16,false,CGY,3,6,5,24,0,2,0,0,2,0,35,27582,641,74,19,16,12,14,253,234
Jonathan Drouin,TBL,L,2016-12-22,false,STL,10,10,1,6,5,4,0,0,1,0,79,27205,533,20,8,15,24,20,30,36
Leon Draisaitl,EDM,C,2016-12-03,false,ANA,10,11,-4,2,6,3,0,0,1,1,55,26828,563,8,11,21,20,15,201,181
Nic Dowd,LAK,C,2016-12-16,false,PIT,3,9,-6,2,1,3,0,0,2,1,34,21124,500,69,16,13,9,3,146,161
Drew Doughty,LAK,D,2016-12-08,false,CAR,5,9,3,20,1,3,0,0,0,0,62,42062,857,43,46,22,29,2,1,0
Jake Dotchin,TBL,D,2017-03-23,false,BOS,0,7,8,29,0,0,0,0,0,0,37,28577,604,61,15,22,14,3,0,0
Joonas Donskoi,SJS,R,2016-12-07,false,OTT,2,6,0,8,1,2,0,0,0,0,45,23155,549,12,10,24,15,15,4,2
Max Domi,ARI,L,2016-12-08,false,CGY,5,11,-5,22,1,3,0,0,1,0,58,26946,566,18,11,19,16,14,3,4
Shane Doan,ARI,R,2016-12-08,false,CGY,3,5,-2,18,1,1,0,0,0,0,55,24155,508,44,13,14,11,3,46,49
Brenden Dillon,SJS,D,2016-12-09,false,ANA,0,1,-4,20,0,0,0,0,0,0,27,24680,569,62,20,15,7,1,0,0
Phillip Di Giuseppe,CAR,L,2017-03-05,false,ARI,1,5,-12,13,0,1,0,0,1,1,58,20032,462,60,10,21,7,9,0,2
Nicolas Deslauriers,BUF,L,2017-02-06,false,NJD,0,0,-5,16,0,0,0,0,0,0,12,11502,263,72,5,8,0,1,0,1
Andrew Desjardins,CHI,L,2017-01-10,false,DET,0,0,-5,6,0,0,0,0,0,0,29,14621,338,41,8,5,6,4,23,22
David Desharnais,MTL,C,2017-01-31,false,BUF,4,6,4,4,0,2,0,0,1,0,25,20509,476,1,5,7,5,10,61,73
Jason Demers,FLA,D,2016-12-05,false,BOS,4,6,-1,12,0,3,0,1,0,0,32,31281,627,31,28,28,12,12,0,0
Michael Del Zotto,PHI,D,2017-01-10,false,BUF,4,6,-7,6,0,0,0,0,0,0,49,30776,679,91,53,19,11,4,0,0
Danny DeKeyser,DET,D,2016-12-04,false,NYI,2,3,-3,15,0,0,0,0,1,1,20,35153,751,30,47,15,18,6,0,0
Anthony DeAngelo,ARI,D,2017-03-09,false,OTT,3,6,-9,16,2,4,0,0,0,0,46,29181,596,16,37,16,14,3,0,0
Brandon Davidson,EDM,D,2017-02-21,false,TBL,0,1,1,16,0,0,0,0,0,0,29,23637,552,25,43,12,16,3,0,0
Marko Dano,WPG,C,2016-12-22,false,VAN,3,6,1,8,2,0,0,0,0,0,30,18491,440,60,10,17,8,11,1,3
Phillip Danault,MTL,L,2016-12-06,false,STL,5,4,0,6,0,0,0,0,1,0,41,19996,503,21,22,13,13,6,80,75
Trevor Daley,PIT,D,2016-12-05,false,OTT,2,6,1,14,1,1,0,1,0,0,40,32943,763,7,44,23,10,14,0,0
Klas Dahlbeck,CAR,D,2017-03-11,false,TOR,1,2,-8,18,0,0,0,0,0,0,23,21090,494,40,23,14,10,5,0,0
Austin Czarnik,BOS,C,2016-12-12,false,MTL,3,5,-3,8,0,2,0,0,1,0,35,21180,502,10,15,13,7,9,9,23
Matt Cullen,PIT,C,2016-12-05,false,OTT,6,6,2,12,0,1,1,0,1,0,32,21670,556,14,6,17,9,4,186,154
Lawson Crouse,ARI,L,2016-12-15,false,TOR,2,1,-8,23,0,0,0,0,1,0,29,17554,423,65,11,7,2,8,0,1
Sidney Crosby,PIT,C,2016-12-17,false,TOR,21,13,8,10,7,3,0,0,3,0,84,30043,643,30,8,18,30,13,298,310
Joseph Cramarossa,ANA,C,2016-12-30,false,VAN,2,4,-3,35,0,0,0,1,0,0,16,15774,405,61,13,8,10,5,2,0
Adam Cracknell,DAL,R,2016-12-08,false,NSH,2,1,2,0,0,0,0,0,0,0,34,16135,404,33,18,15,5,3,38,38
Charlie Coyle,MIN,C,2016-12-09,false,EDM,9,9,7,18,3,0,0,0,2,0,61,28134,603,30,27,15,13,13,12,16
Sean Couturier,PHI,C,2017-01-08,false,CBJ,7,3,-4,14,0,1,0,1,1,0,44,28241,640,18,15,17,15,15,220,208
Logan Couture,SJS,C,2016-12-07,false,OTT,10,7,0,8,6,1,0,0,1,0,80,28833,645,13,25,27,29,12,106,179
Nick Cousins,PHI,C,2016-12-10,false,DAL,3,5,-2,12,1,1,0,0,0,0,35,17298,411,25,10,10,5,7,52,88
Andrew Copp,WPG,C,2016-12-31,false,NYI,4,3,0,6,0,0,1,0,1,0,32,18991,489,34,13,11,8,12,44,50
Brett Connolly,WSH,R,2017-01-09,false,MTL,5,1,4,20,1,0,0,0,0,0,33,16889,377,46,4,6,6,7,4,6
Blake Comeau,COL,L,2016-12-18,false,WPG,5,2,-3,22,2,0,1,0,0,0,39,24965,571,53,9,15,5,13,61,64
Ian Cole,PIT,D,2016-12-05,false,OTT,2,9,13,23,0,0,0,0,0,0,30,28221,635,62,54,24,14,6,0,0
Joe Colborne,COL,C,2016-12-22,false,TOR,3,1,-12,12,2,0,0,0,0,0,25,18905,448,33,6,6,6,5,36,56
Andrew Cogliano,ANA,L,2016-12-04,false,CGY,6,6,4,10,0,0,2,0,0,0,63,23458,603,25,12,8,6,9,2,7
Braydon Coburn,TBL,D,2016-12-03,false,WSH,0,4,-1,16,0,0,0,0,0,0,33,25455,570,27,19,10,9,0,0,0
Cal Clutterbuck,NYI,R,2016-12-10,false,CBJ,2,7,3,10,0,0,0,0,1,0,44,23986,597,89,10,17,12,14,1,2
Kyle Clifford,LAK,L,2016-12-16,false,PIT,2,4,2,35,0,0,0,0,0,0,46,16366,386,59,2,13,3,7,0,1
Adam Clendening,NYR,D,2017-03-02,false,BOS,2,8,6,17,1,1,0,0,0,0,36,24756,554,17,25,15,17,7,0,0
Fredrik Claesson,OTT,D,2017-03-28,false,PHI,2,8,4,4,0,0,0,1,0,0,16,17284,425,45,15,8,12,2,0,0
Casey Cizikas,NYI,C,2016-12-08,false,STL,3,8,5,14,0,1,0,0,1,0,28,23045,597,63,29,7,11,11,200,215
Jakob Chychrun,ARI,D,2016-12-21,false,EDM,1,5,-2,33,0,0,0,0,0,0,28,25873,573,43,39,23,14,4,0,0
Jason Chimera,NYI,L,2016-12-08,false,STL,4,5,-7,16,0,0,0,0,0,0,37,20688,508,46,16,9,7,4,8,11
Alex Chiasson,CGY,R,2016-11-30,false,TOR,4,3,4,14,0,0,1,0,1,0,37,20702,507,28,3,9,8,7,0,11
Ben Chiarot,WPG,D,2016-12-03,false,STL,0,5,-4,10,0,0,0,0,0,0,19,23168,482,34,37,3,18,3,0,0
Zdeno Chara,BOS,D,2016-12-15,false,ANA,2,5,7,21,0,1,0,0,0,0,41,35996,683,42,52,18,23,16,0,0
Michael Chaput,VAN,C,2016-12-31,false,EDM,0,3,-4,11,0,0,0,0,0,0,15,15816,394,30,8,1,4,4,100,100
Cody Ceci,OTT,D,2016-12-05,false,PIT,0,2,-11,6,0,0,0,1,0,0,45,35758,813,53,60,15,26,9,0,0
Jeff Carter,LAK,C,2016-12-08,false,CAR,11,10,4,10,3,2,1,0,6,2,83,28765,618,27,12,31,11,7,258,210
William Carrier,BUF,L,2017-01-10,false,PHI,2,2,2,17,0,0,0,0,1,0,31,14151,374,79,5,10,3,4,1,1
Connor Carrick,TOR,D,2016-12-17,false,PIT,1,2,3,26,0,0,0,0,0,0,37,26900,622,30,36,20,20,6,0,0
Daniel Carr,MTL,L,2017-01-07,false,TOR,1,6,5,6,0,0,0,0,1,0,37,15901,403,18,10,16,5,5,1,1
John Carlson,WSH,D,2016-12-09,false,BUF,1,10,2,0,1,4,0,0,0,0,65,36640,680,24,35,39,35,11,0,0
Brandon Carlo,BOS,D,2016-12-05,false,FLA,2,5,12,17,0,0,0,0,0,0,35,34901,685,25,45,14,14,5,0,0
Brian Campbell,CHI,D,2016-12-03,false,PHI,2,6,5,10,1,2,0,0,0,0,28,29243,622,18,25,15,20,1,0,0
Michael Cammalleri,NJD,L,2016-12-20,false,NSH,9,9,0,12,1,3,0,0,2,1,65,28031,577,19,5,27,12,13,9,9
Matt Calvert,CBJ,L,2016-12-22,false,PIT,4,2,6,16,0,0,2,0,1,0,40,22724,539,26,17,19,8,12,2,11
Drake Caggiula,EDM,L,2017-01-12,false,NJD,3,4,-1,2,1,1,0,0,0,0,34,20723,472,48,4,16,7,6,48,75
Paul Byron,MTL,L,2016-12-06,false,STL,8,6,6,8,0,0,1,0,2,0,31,22465,586,35,8,5,9,12,2,0
Dustin Byfuglien,WPG,D,2016-12-01,false,EDM,2,12,-3,27,0,3,0,0,0,0,65,43532,742,64,45,39,34,20,0,0
Alexandre Burrows,VAN,L,2016-12-13,false,CAR,5,7,0,31,0,0,0,1,0,0,55,22419,561,16,4,13,7,20,0,4
Brent Burns,SJS,D,2016-12-07,false,OTT,11,12,3,4,3,4,0,1,2,1,112,37673,705,29,48,47,55,15,0,0
Alexander Burmistrov,ARI,C,2017-01-19,false,MIN,0,4,-7,8,0,1,0,1,0,0,15,18550,410,37,7,8,8,5,66,123
Andre Burakovsky,WSH,L,2016-12-09,false,BUF,2,8,-2,4,0,1,0,0,0,0,42,22612,468,11,10,17,14,15,0,1
Pavel Buchnevich,NYR,R,2017-02-21,false,MTL,6,9,4,13,1,2,0,0,0,0,36,20728,490,11,5,16,16,10,1,3
Dustin Brown,LAK,R,2016-12-08,false,CAR,4,7,-11,10,2,2,1,0,1,0,56,25135,575,64,8,19,9,6,0,1
Connor Brown,TOR,R,2016-12-10,false,BOS,4,5,4,4,0,0,0,0,1,0,37,22172,567,19,23,12,3,8,0,1
J.T. Brown,TBL,R,2016-12-17,false,EDM,2,1,-6,36,0,0,1,0,1,0,29,16747,400,40,12,9,4,4,0,2
Troy Brouwer,CGY,R,2016-11-30,false,TOR,5,5,-6,16,0,2,1,0,1,0,40,27092,606,59,21,13,9,9,11,25
Kyle Brodziak,STL,C,2016-12-08,false,NYI,3,1,-3,21,0,0,0,0,1,0,23,15223,427,25,14,6,1,8,81,99
Jonas Brodin,MIN,D,2016-12-09,false,EDM,2,8,2,12,1,2,0,0,2,0,38,31609,679,9,45,17,10,5,0,0
TJ Brodie,CGY,D,2016-11-30,false,TOR,1,6,-14,6,0,2,1,1,0,0,29,36536,787,11,32,15,25,22,0,0
Justin Braun,SJS,D,2016-12-07,false,OTT,0,3,-2,6,0,0,0,0,0,0,25,31388,655,32,48,19,17,14,0,0
Derick Brassard,OTT,C,2016-12-05,false,PIT,4,7,4,8,1,1,0,0,0,0,57,27541,585,30,4,25,13,18,233,214
Tyler Bozak,TOR,C,2016-12-10,false,BOS,6,13,0,4,1,2,0,0,1,0,47,25458,584,20,6,17,13,18,235,180
Brian Boyle,TBL,C,2016-12-08,false,VAN,4,2,1,29,0,1,0,0,0,0,37,17989,412,39,14,12,6,7,77,74
Johnny Boychuk,NYI,D,2016-12-10,false,CBJ,4,5,0,4,0,1,1,0,1,0,60,31458,614,58,59,32,17,5,1,0
Jay Bouwmeester,STL,D,2016-12-06,false,MTL,1,5,-6,16,0,0,0,0,0,0,35,35490,791,22,30,12,16,5,0,0
Rene Bourque,COL,R,2016-12-14,false,PHI,9,3,-8,19,2,0,0,0,2,1,48,23248,540,38,12,24,4,13,0,3
Lance Bouma,CGY,C,2017-01-11,false,SJS,2,2,-1,15,0,0,0,0,1,0,21,18300,455,67,18,11,5,5,1,5
Reid Boucher,VAN,C,2017-03-13,false,BOS,3,2,-2,4,0,0,0,0,0,0,46,16967,372,16,10,8,3,11,0,1
Robert Bortuzzo,STL,D,2017-03-07,false,MIN,1,2,7,9,0,0,0,0,0,0,35,21749,588,55,41,17,10,3,0,0
Mark Borowiecki,OTT,D,2016-12-05,false,PIT,0,1,-2,44,0,0,0,0,0,0,11,21014,574,118,37,8,7,2,0,0
Nick Bonino,PIT,C,2016-12-05,false,OTT,3,7,-1,8,0,1,1,0,0,0,41,25948,627,18,36,9,10,12,197,215
Jared Boll,ANA,R,2017-01-01,false,PHI,0,1,-5,53,0,0,0,0,0,0,7,9195,256,23,7,5,2,1,0,1
Zach Bogosian,BUF,D,2017-01-21,false,MTL,1,3,-8,19,0,0,0,0,1,1,33,32674,674,38,53,10,15,7,0,0
Mikkel Boedker,SJS,L,2016-12-07,false,OTT,2,2,-5,6,0,0,0,0,0,0,26,22741,548,17,7,18,17,9,2,8
Joseph Blandisi,NJD,L,2017-04-04,false,PHI,3,6,-10,24,1,4,0,0,2,1,23,20810,475,37,6,14,4,7,74,86
Nick Bjugstad,FLA,C,2017-02-11,false,NSH,2,3,-10,12,0,1,0,0,0,0,45,21315,493,37,4,14,8,9,78,83
Oliver Bjorkstrand,CBJ,R,2017-04-09,false,TOR,6,7,4,6,0,0,0,0,2,0,55,21980,483,14,9,11,8,8,1,0
Anthony Bitetto,NSH,D,2017-04-01,false,MIN,0,5,-2,23,0,0,0,0,0,0,16,17647,447,40,21,9,7,1,0,0
Kevin Bieksa,ANA,D,2016-12-04,false,CGY,1,0,-1,28,1,0,0,0,0,0,43,31341,619,62,27,14,13,3,0,0
Alex Biega,VAN,D,2017-03-11,false,PIT,0,3,0,14,0,0,0,0,0,0,25,21602,536,64,20,18,5,5,0,0
Patrik Berglund,STL,C,2016-12-06,false,MTL,1,6,-5,10,0,1,0,0,0,0,42,23394,589,49,12,21,7,9,161,150
Patrice Bergeron,BOS,C,2016-12-10,false,TOR,4,4,0,8,1,1,0,0,2,0,87,29136,626,18,16,33,7,11,346,252
Matt Benning,EDM,D,2016-12-31,false,VAN,0,6,4,6,0,2,0,0,0,0,34,26297,589,54,30,18,20,2,0,0
Sam Bennett,CGY,C,2016-11-30,false,TOR,5,7,-2,28,1,0,0,1,0,0,40,24055,541,47,9,16,8,18,86,95
Beau Bennett,NJD,R,2016-12-20,false,NSH,1,6,-5,8,1,1,0,0,0,0,45,21335,449,27,6,20,7,7,1,4
Jamie Benn,DAL,L,2016-12-03,false,COL,7,14,-6,29,5,3,0,0,2,1,63,31582,744,43,16,26,13,22,111,87
Jordie Benn,DAL,D,2016-12-10,false,PHI,1,5,1,16,0,2,0,0,0,0,30,30120,691,18,53,19,12,2,0,0
Pierre-Edouard Bellemare,PHI,L,2016-12-03,false,CHI,0,3,3,2,0,0,0,1,0,0,40,22249,546,30,25,14,4,5,152,166
Matt Beleskey,BOS,L,2017-01-22,false,PIT,2,4,-9,30,0,2,0,0,0,0,46,23487,508,68,13,22,6,5,26,39
Anthony Beauvillier,NYI,C,2016-12-29,false,MIN,4,5,2,6,0,0,0,0,0,0,28,18523,416,28,10,10,10,6,21,22
Nathan Beaulieu,MTL,D,2016-12-20,false,ANA,1,7,14,25,0,2,0,0,1,0,36,27676,584,28,40,13,33,6,0,0
Francois Beauchemin,COL,D,2016-12-10,false,MTL,0,6,-2,12,0,2,0,0,0,0,40,32451,706,25,57,16,24,12,0,0
Jay Beagle,WSH,C,2016-12-09,false,BUF,5,6,6,6,0,0,1,1,2,0,37,20084,490,17,12,7,6,6,197,127
Tyson Barrie,COL,D,2016-12-10,false,MTL,2,10,-12,10,0,4,0,0,1,0,57,35726,731,14,27,28,17,8,0,0
Aleksander Barkov,FLA,C,2016-12-05,false,BOS,4,12,3,0,0,4,0,0,2,2,57,30155,592,19,13,18,12,20,188,200
Mark Barberio,MTL,D,2017-01-26,false,NYI,0,4,1,10,0,1,0,0,0,0,28,23591,499,10,23,10,15,5,0,0
Ivan Barbashev,STL,C,2017-04-02,false,NSH,4,4,6,2,0,0,0,0,1,0,16,17428,410,30,12,9,2,5,70,101
Justin Bailey,BUF,R,2017-03-07,false,PHI,2,2,5,4,0,0,0,0,1,0,30,16818,391,23,12,11,9,7,0,1
Josh Bailey,NYI,R,2016-12-08,false,STL,4,12,3,2,1,3,0,0,1,1,53,29632,619,13,23,24,14,14,5,3
Sven Baertschi,VAN,L,2016-12-10,false,FLA,4,7,-3,0,0,1,0,0,2,0,45,23051,539,15,10,10,5,9,1,0
Nicklas Backstrom,WSH,C,2016-12-09,false,BUF,8,16,5,14,1,9,0,0,2,1,56,29167,593,22,8,13,20,22,224,199
Mikael Backlund,CGY,C,2016-11-30,false,TOR,3,7,0,6,0,1,0,3,1,0,60,27700,630,17,20,23,14,14,241,241
David Backes,BOS,R,2016-12-14,false,PIT,7,7,0,25,2,1,0,0,1,0,64,28390,573,83,20,21,13,9,37,43
Cam Atkinson,CBJ,R,2016-12-10,false,NYI,10,17,5,6,4,8,2,0,2,1,77,28277,650,9,9,23,4,13,2,0
Andreas Athanasiou,DET,C,2017-01-10,false,CHI,8,5,2,9,0,0,0,0,0,0,50,19321,452,10,6,23,6,6,27,33
Viktor Arvidsson,NSH,L,2016-12-08,false,DAL,9,7,0,10,1,2,2,1,0,0,85,24794,591,10,14,28,10,10,2,1
Joel Armia,WPG,R,2017-01-24,false,SJS,3,3,-5,12,0,0,0,0,1,0,51,24355,559,25,9,12,12,16,2,4
Artem Anisimov,CHI,C,2016-12-04,false,WPG,10,12,11,18,1,3,0,0,3,1,43,28855,591,12,9,15,1,13,183,231
Sven Andrighetto,MTL,R,2017-02-25,false,TOR,2,6,2,4,0,1,0,0,0,0,30,18017,433,27,12,18,1,6,0,0
Andy Andreoff,LAK,L,2017-03-04,false,VAN,0,2,-2,32,0,0,0,0,0,0,24,17153,391,51,7,14,7,4,36,24
Josh Anderson,CBJ,R,2016-12-10,false,NYI,8,3,10,23,0,0,0,0,2,0,45,18966,481,46,16,11,11,6,6,15
Karl Alzner,WSH,D,2016-12-09,false,BUF,2,2,8,10,0,0,0,0,0,0,28,31596,676,30,47,11,18,6,0,0
Sebastian Aho,CAR,R,2016-12-07,false,ANA,4,9,-2,4,0,3,0,0,0,0,64,24229,538,9,2,23,17,8,6,7
Noel Acciari,BOS,C,2017-04-01,false,FLA,2,3,4,16,0,0,0,0,0,0,22,15636,379,72,5,8,4,10,11,16
Justin Abdelkader,DET,L,2017-01-16,false,MTL,4,5,-6,19,2,0,0,1,0,0,44,24908,531,61,9,15,6,9,2,5
Tyler Pitlick,EDM,R,2016-12-06,false,BUF,6,1,-1,4,0,0,0,0,1,0,46,15568,382,61,8,7,5,3,7,6
Johan Larsson,BUF,C,2016-12-06,false,EDM,4,4,-6,14,1,0,0,0,2,0,37,27433,575,24,20,20,10,11,194,200
Erik Gudbranson,VAN,D,2016-12-06,false,NJD,0,3,-14,14,0,0,0,0,0,0,37,31472,662,57,31,13,20,3,0,0
Ryan Garbutt,ANA,C,2016-12-04,false,CGY,2,1,-2,18,0,0,0,1,1,0,26,14351,391,50,12,17,3,3,7,4
