James van Riemsdyk,TOR,L,2016-11-22,false,CAR,8,9,-1,8,0,3,0,0,1,0,55,17516,395,22,12,9,6,9,1,3
Trevor van Riemsdyk,CHI,D,2017-01-08,false,NSH,1,3,8,6,0,0,0,0,0,0,25,21173,451,6,27,8,12,7,0,0
Calvin de Haan,NYI,D,2016-11-23,false,LAK,1,6,4,22,0,0,0,0,0,0,33,20972,405,32,49,12,15,5,0,0
Jason Zucker,MIN,L,2016-11-23,false,WPG,2,6,9,8,0,0,0,0,0,0,23,13883,333,20,7,16,5,9,1,2
Mats Zuccarello,NYR,R,2016-11-20,false,FLA,7,7,5,8,2,0,0,0,0,0,43,21434,444,22,6,9,8,18,1,1
Harry Zolnierczyk,NSH,L,2017-02-25,false,WSH,1,2,-1,10,0,0,0,0,0,0,15,10000,242,23,10,2,1,5,2,3
Mika Zibanejad,NYR,C,2016-11-20,false,FLA,5,10,1,6,0,5,0,0,0,0,47,19018,436,6,10,28,9,10,183,158
Henrik Zetterberg,DET,L,2016-11-20,false,CGY,3,9,1,2,1,2,0,0,0,0,36,22076,431,14,6,9,9,13,136,138
Travis Zajac,NJD,C,2016-11-23,false,TOR,5,8,1,10,2,1,0,0,1,0,42,22674,487,25,6,6,5,9,206,190
Nikita Zaitsev,TOR,D,2016-11-22,false,CAR,0,7,-5,4,0,2,0,0,0,0,22,25062,543,47,32,12,16,9,0,0
Nikita Zadorov,COL,D,2016-11-26,false,VAN,0,2,-7,22,0,0,0,0,0,0,15,19296,460,38,24,10,7,4,0,0
Pavel Zacha,NJD,C,2016-11-23,false,TOR,1,4,-5,8,0,1,0,0,0,0,21,16611,350,22,11,7,5,2,57,74
Keith Yandle,FLA,D,2016-11-20,false,NYR,1,9,2,14,1,3,0,0,0,0,51,25627,466,8,24,20,17,5,0,0
Nail Yakupov,STL,R,2016-12-15,false,NJD,3,3,-1,10,0,0,0,0,0,0,17,11758,291,16,3,9,3,7,0,0
Miles Wood,NJD,L,2017-01-02,false,BOS,4,1,-4,20,0,0,0,0,0,0,29,13751,339,25,5,17,3,6,1,0
Luke Witkowski,TBL,D,2017-03-09,false,MIN,0,3,-1,20,0,0,0,0,0,0,13,11306,267,40,10,5,5,3,0,0
Daniel Winnik,WSH,L,2016-12-11,false,VAN,4,3,7,10,0,0,0,0,1,0,15,13141,308,8,6,6,8,6,3,4
Tommy Wingels,SJS,C,2016-11-23,false,CHI,4,1,1,2,0,0,0,0,2,0,21,11057,287,29,10,6,6,0,34,38
Scott Wilson,PIT,L,2016-11-25,false,MIN,3,3,-4,2,0,0,0,0,0,0,35,14446,355,44,10,10,3,3,1,0
Colin Wilson,NSH,L,2016-11-25,false,WPG,4,5,1,6,2,0,0,0,0,0,34,17314,395,14,9,9,8,8,0,3
Tom Wilson,WSH,R,2016-11-23,false,STL,1,0,2,16,0,0,0,0,0,0,20,15186,344,39,5,2,3,9,0,3
Justin Williams,WSH,R,2016-11-23,false,STL,2,1,-3,12,1,0,0,0,0,0,38,17984,375,5,10,19,8,10,24,12
Patrick Wiercioch,COL,D,2016-11-29,false,NSH,2,6,2,13,0,0,0,0,0,0,24,20149,475,17,24,9,4,3,0,0
Chris Wideman,OTT,D,2016-12-01,false,PHI,1,4,-1,12,0,1,0,0,1,0,31,15302,406,13,15,11,12,3,0,0
Dennis Wideman,CGY,D,2016-11-30,false,TOR,2,4,1,16,2,2,0,0,0,0,40,24445,538,21,19,11,20,8,0,0
Ryan White,ARI,C,2016-11-27,false,EDM,1,2,-5,25,0,0,0,0,1,0,16,12055,283,62,7,6,1,2,15,26
Blake Wheeler,WPG,R,2016-11-17,false,PHI,6,8,0,12,0,3,1,0,0,0,57,23413,486,31,10,18,13,11,17,17
Zach Werenski,CBJ,D,2016-11-25,false,TBL,5,11,4,4,3,5,0,0,1,1,55,25410,540,14,20,17,10,6,0,0
Alexander Wennberg,CBJ,C,2016-11-25,false,TBL,4,15,5,4,1,9,0,0,1,0,20,19945,445,19,15,7,7,5,129,160
Dale Weise,PHI,R,2016-11-27,false,CGY,2,2,-1,8,1,0,0,0,1,0,29,13921,324,30,5,13,4,8,0,0
Yannick Weber,NSH,D,2016-11-25,false,WPG,0,3,8,15,0,0,0,0,0,0,17,13255,333,22,14,10,9,0,0,0
Shea Weber,MTL,D,2016-11-19,false,TOR,7,8,16,10,6,2,0,1,3,0,47,29064,539,48,45,21,26,2,0,0
Jordan Weal,PHI,C,2017-03-30,false,NYI,7,2,3,6,0,0,0,0,1,0,41,16067,374,5,7,12,6,9,8,12
Austin Watson,NSH,L,2016-12-03,false,NJD,1,2,5,19,0,0,0,0,0,0,17,12887,315,30,8,4,0,5,0,3
Joel Ward,SJS,R,2016-11-21,false,NJD,1,3,-2,4,0,0,0,0,0,0,27,18141,428,15,12,12,14,9,46,54
Chris Wagner,ANA,C,2016-11-25,false,CHI,2,0,-4,6,0,0,0,0,0,0,19,11630,293,41,7,10,5,2,32,54
Radim Vrbata,ARI,R,2016-11-25,false,EDM,6,7,-3,4,1,1,0,0,0,0,61,19651,424,14,4,21,6,11,7,5
Jakub Vrana,WSH,L,2017-03-12,false,ANA,3,2,1,2,3,1,0,0,2,0,32,12749,269,5,7,16,6,3,0,3
Jakub Voracek,PHI,R,2016-11-19,false,TBL,7,10,-8,30,0,6,0,0,1,1,70,22228,457,6,4,20,11,5,0,4
Marc-Edouard Vlasic,SJS,D,2016-11-21,false,NJD,3,4,2,24,1,2,0,0,2,1,37,24937,501,7,32,16,13,3,0,0
Jimmy Vesey,NYR,L,2016-11-20,false,FLA,7,5,6,2,2,1,0,0,2,0,33,17001,366,12,9,11,7,11,0,0
Kris Versteeg,CGY,R,2016-12-06,false,DAL,4,7,8,6,0,2,0,0,0,0,25,15313,344,2,9,9,11,10,9,5
Antoine Vermette,ANA,C,2016-11-20,false,LAK,4,5,0,16,1,1,0,0,0,0,27,18245,469,19,14,15,5,4,199,98
Frank Vatrano,BOS,C,2017-01-31,false,TBL,6,3,-7,4,3,1,0,0,1,0,55,16588,376,25,5,24,1,4,0,0
Sami Vatanen,ANA,D,2016-11-20,false,LAK,1,7,2,2,1,5,0,0,0,0,26,25722,513,28,42,9,7,6,0,0
Thomas Vanek,DET,L,2016-12-13,false,ARI,5,10,1,10,2,3,0,0,0,0,43,16901,365,9,1,8,6,11,2,5
Chris VandeVelde,PHI,C,2016-11-19,false,TBL,2,1,-5,2,0,0,0,0,0,0,14,11676,294,27,12,6,4,5,10,8
Scottie Upshall,STL,R,2016-11-26,false,MIN,3,3,-5,11,0,0,0,0,0,0,24,11849,333,21,0,10,3,3,1,3
Fedor Tyutin,COL,D,2016-12-08,false,BOS,0,7,-6,10,0,0,0,0,0,0,13,21530,506,35,24,4,5,5,0,0
Kyle Turris,OTT,C,2016-11-22,false,MTL,8,3,-1,6,1,0,0,0,2,2,39,22073,476,4,16,16,14,5,132,157
Nikita Tryamkin,VAN,D,2016-12-11,false,WSH,0,2,4,17,0,0,0,0,0,0,17,19041,426,54,19,16,6,2,0,0
Jacob Trouba,WPG,D,2016-12-18,false,COL,1,5,-3,16,0,0,0,0,0,0,36,27041,531,29,42,18,27,12,0,0
Vincent Trocheck,FLA,C,2016-11-20,false,NYR,6,7,-5,6,0,3,0,0,1,1,46,23683,454,42,12,27,16,15,195,195
Jordin Tootoo,CHI,R,2016-11-29,false,FLA,0,0,0,11,0,0,0,0,0,0,20,7899,211,17,2,9,4,4,1,0
Tyler Toffoli,LAK,C,2016-11-19,false,NJD,5,7,8,0,2,0,0,1,0,0,63,20881,454,22,1,24,11,5,0,2
Jonathan Toews,CHI,C,2016-11-19,false,VAN,4,8,4,13,1,3,0,0,2,0,47,24223,519,13,8,10,12,9,273,179
Matthew Tkachuk,CGY,L,2016-11-25,false,BOS,5,4,4,27,0,0,0,0,1,0,35,16291,357,20,4,20,6,8,1,5
Chris Tierney,SJS,C,2016-11-21,false,NJD,1,4,-2,0,0,0,1,0,1,0,17,14351,363,12,14,7,11,7,73,88
Shawn Thornton,FLA,L,2017-01-14,false,CBJ,1,1,-3,9,0,0,0,0,0,0,8,7557,194,17,2,8,6,1,3,3
Joe Thornton,SJS,C,2016-11-21,false,NJD,2,11,3,6,0,5,0,0,0,0,16,21181,456,15,7,4,14,15,111,86
Chris Thorburn,WPG,R,2016-11-27,false,NSH,1,0,-3,36,0,0,0,0,0,0,13,9654,272,35,16,1,1,1,8,10
Nate Thompson,ANA,C,2017-03-15,false,STL,0,0,1,9,0,0,0,0,0,0,13,12133,310,48,6,3,3,5,86,87
Paul Thompson,FLA,R,2017-01-18,false,EDM,0,3,-3,22,0,0,0,0,0,0,18,9090,231,42,13,6,1,3,0,1
Shea Theodore,ANA,D,2016-12-22,false,OTT,1,5,-9,12,1,0,0,1,0,0,30,20171,424,6,16,20,19,2,0,0
Teuvo Teravainen,CAR,L,2016-11-24,false,MTL,5,5,-3,2,1,3,0,0,1,0,31,17710,382,6,4,16,9,9,10,18
Matt Tennyson,CAR,D,2016-12-22,false,BUF,0,2,1,0,0,0,0,0,0,0,16,16580,370,21,22,6,9,7,0,0
John Tavares,NYI,C,2016-11-23,false,LAK,5,9,-3,18,2,3,0,0,0,0,59,23428,454,10,6,21,10,14,206,195
Tomas Tatar,DET,L,2016-11-20,false,CGY,3,4,-5,6,0,1,0,0,0,0,44,19914,423,17,9,19,9,7,3,2
Vladimir Tarasenko,STL,R,2016-11-19,false,NSH,7,12,0,0,2,7,0,0,1,1,71,20842,500,4,8,26,5,11,0,1
Christopher Tanev,VAN,D,2017-01-10,false,NSH,0,4,4,6,0,0,0,0,0,0,10,22516,503,5,34,8,12,6,0,0
Brandon Tanev,WPG,L,2016-11-17,false,PHI,2,1,-2,19,0,0,0,0,1,0,30,13300,363,40,14,9,5,9,0,0
Brandon Sutter,VAN,C,2016-11-19,false,CHI,5,6,-9,0,1,1,0,0,1,1,50,22014,486,13,11,18,8,7,189,162
Ryan Suter,MIN,D,2016-11-23,false,WPG,4,9,9,8,1,4,1,0,0,0,42,31230,552,16,21,14,8,12,0,0
Andrej Sustr,TBL,D,2016-11-19,false,PHI,0,3,-3,13,0,0,0,0,0,0,21,20078,446,14,27,7,10,9,0,0
P.K. Subban,NSH,D,2016-11-23,false,DAL,5,9,-8,18,3,4,0,0,2,0,43,27879,513,18,35,13,26,12,0,0
Mark Stuart,WPG,D,2017-01-31,false,STL,1,0,1,15,0,0,0,0,0,0,11,13632,329,28,46,2,10,3,0,0
Ryan Strome,NYI,C,2016-11-23,false,LAK,2,4,-3,14,1,1,0,0,0,0,31,16004,345,15,6,8,11,7,40,47
Mark Streit,PHI,D,2016-11-19,false,TBL,4,7,-5,12,1,4,0,0,1,0,36,23242,519,12,20,14,9,3,0,0
Anton Stralman,TBL,D,2016-12-08,false,VAN,1,6,1,0,0,4,0,0,0,0,26,25837,499,26,19,14,6,7,0,0
Michael Stone,ARI,D,2016-12-13,false,DET,0,6,-5,2,0,3,0,0,0,0,28,23269,508,37,41,16,7,0,1,0
Mark Stone,OTT,R,2016-11-24,false,BOS,5,7,-2,6,0,2,0,0,2,0,31,20272,426,17,14,8,16,19,3,3
Chris Stewart,MIN,R,2016-11-23,false,WPG,2,3,0,29,0,1,0,0,0,0,11,12727,302,25,5,4,6,4,0,1
Derek Stepan,NYR,C,2016-11-20,false,FLA,2,10,3,6,0,4,1,0,1,0,37,19735,463,3,16,9,10,14,150,190
Lee Stempniak,CAR,R,2016-11-24,false,MTL,4,6,2,12,1,2,0,0,0,0,27,18575,412,31,5,13,11,12,1,2
Alexander Steen,STL,L,2016-12-03,false,WPG,3,11,-10,27,0,6,0,0,0,0,33,22484,529,8,12,17,4,7,26,57
Troy Stecher,VAN,D,2016-12-10,false,FLA,1,6,-7,15,0,3,0,0,0,0,59,24028,480,15,18,17,7,7,0,0
Paul Stastny,STL,C,2016-11-19,false,NSH,4,6,-2,16,2,3,0,0,1,0,28,23217,529,10,8,12,3,8,222,185
Viktor Stalberg,CAR,L,2016-11-26,false,OTT,3,1,-2,17,0,0,1,0,2,0,28,13322,348,39,3,6,8,13,0,2
Matt Stajan,CGY,C,2016-11-18,false,CHI,0,4,2,8,0,0,0,0,0,0,16,14882,358,15,13,8,4,5,96,70
Drew Stafford,WPG,R,2016-12-18,false,COL,1,3,0,8,0,0,0,0,1,0,29,16895,381,21,0,7,15,5,2,6
Eric Staal,MIN,C,2016-11-23,false,WPG,5,9,6,6,1,2,0,1,2,0,51,21986,482,15,6,18,6,16,178,159
Jordan Staal,CAR,C,2016-11-24,false,MTL,5,4,-3,6,2,0,0,0,0,0,42,22032,516,42,6,15,10,16,212,132
Marc Staal,NYR,D,2016-11-20,false,FLA,1,3,9,4,0,0,0,1,0,0,18,22158,512,18,24,9,11,8,0,0
Jared Spurgeon,MIN,D,2016-12-02,false,CGY,1,7,11,4,0,1,0,1,0,0,44,27062,529,8,43,7,5,6,0,0
Ryan Sproul,DET,D,2017-01-05,false,LAK,1,5,-4,4,1,2,0,0,0,0,36,18004,406,8,9,13,6,3,0,0
Ryan Spooner,BOS,C,2016-11-24,false,OTT,3,4,-3,8,2,1,0,0,0,0,43,17494,373,7,4,10,10,11,8,11
Jason Spezza,DAL,C,2016-12-03,false,COL,4,7,-15,8,1,5,0,0,1,0,46,18588,445,5,6,22,12,7,115,99
Nikita Soshnikov,TOR,R,2016-12-13,false,SJS,1,3,0,4,0,1,0,0,0,0,28,12250,310,42,10,11,5,4,1,7
Marcus Sorensen,SJS,R,2017-04-08,false,CGY,1,3,-1,4,0,0,0,0,1,0,27,12328,317,15,6,5,11,9,3,1
Carl Soderberg,COL,C,2016-11-23,false,EDM,3,3,-2,12,1,0,0,0,0,0,39,19079,446,7,14,9,6,13,120,114
Devante Smith-Pelly,NJD,R,2016-11-26,false,PIT,2,4,-5,2,0,2,0,0,0,0,36,15617,338,29,8,13,5,7,6,7
Craig Smith,NSH,R,2016-11-25,false,WPG,6,2,-1,12,2,1,0,0,0,0,39,16708,379,21,5,28,10,6,20,23
Brendan Smith,DET,D,2016-11-25,false,NJD,2,2,-3,15,1,2,0,0,1,0,26,20971,469,25,18,10,18,0,0,0
Ben Smith,TOR,R,2016-11-26,false,WSH,1,1,-2,0,0,0,0,0,0,0,13,13412,341,11,13,4,4,5,126,109
Reilly Smith,FLA,R,2016-11-20,false,NYR,3,3,-4,2,2,0,0,0,1,0,40,22156,454,17,5,23,6,21,1,0
Zack Smith,OTT,C,2016-11-22,false,MTL,3,2,-1,27,0,0,1,0,0,0,39,18802,428,40,7,15,17,7,79,66
Anton Slepyshev,EDM,L,2017-01-18,false,FLA,2,2,4,2,0,0,0,0,0,0,31,12741,297,26,4,6,8,6,1,1
Jaccob Slavin,CAR,D,2016-11-24,false,MTL,1,4,0,2,0,1,0,0,0,0,27,25558,511,10,34,7,9,14,0,0
Brady Skjei,NYR,D,2016-11-20,false,FLA,0,11,5,6,0,2,0,0,0,0,20,19049,429,30,16,12,12,4,0,0
Jeff Skinner,CAR,L,2016-11-26,false,OTT,8,9,0,10,2,4,0,0,0,0,67,21306,438,10,7,26,10,22,4,9
Jack Skille,VAN,R,2016-12-06,false,NJD,0,1,-6,4,0,0,0,0,0,0,23,9969,246,32,6,3,4,3,0,0
Colton Sissons,NSH,C,2016-11-25,false,WPG,2,1,0,0,0,0,1,0,0,0,8,11742,311,38,8,3,5,5,77,77
Wayne Simmonds,PHI,R,2016-11-19,false,TBL,9,7,-6,17,5,3,1,0,0,0,49,22380,502,38,17,25,10,5,1,1
Jakob Silfverberg,ANA,R,2016-11-20,false,LAK,6,7,8,2,1,1,1,0,2,0,44,21311,494,13,11,13,10,9,1,3
Nick Shore,LAK,C,2016-11-20,false,ANA,0,3,-2,8,0,0,0,0,0,0,21,13518,323,17,9,8,4,2,80,104
Devin Shore,DAL,C,2016-11-19,false,EDM,1,7,-7,4,0,3,0,0,0,0,22,16159,397,9,16,10,1,8,84,95
Conor Sheary,PIT,L,2016-12-05,false,OTT,6,7,8,8,0,0,0,0,1,0,43,17198,391,8,7,11,8,9,0,0
Riley Sheahan,DET,C,2016-11-20,false,CGY,0,3,-10,8,0,1,0,0,0,0,27,15683,375,10,12,11,6,4,26,27
Logan Shaw,ANA,C,2017-01-01,false,PHI,1,0,-4,4,0,0,0,0,0,0,26,9729,276,16,9,8,0,5,16,45
Andrew Shaw,MTL,C,2016-11-19,false,TOR,3,4,7,34,1,0,0,0,0,0,34,17040,376,50,10,11,7,8,78,58
Kevin Shattenkirk,STL,D,2016-11-19,false,NSH,4,10,1,21,3,6,0,0,0,0,38,23331,513,18,15,16,10,7,0,0
Patrick Sharp,DAL,L,2017-01-16,false,BUF,2,5,-5,17,0,0,1,0,0,0,52,18349,419,18,8,19,6,2,11,12
Michael Sgarbossa,FLA,C,2017-01-17,false,CGY,0,2,-5,2,0,1,0,0,0,0,20,12934,320,20,8,5,7,1,77,93
Damon Severson,NJD,D,2016-11-23,false,TOR,3,9,-5,10,0,5,0,0,1,0,34,23988,505,19,16,8,24,5,0,0
Devin Setoguchi,LAK,R,2016-11-19,false,NJD,3,4,0,6,0,1,0,0,0,0,29,15396,356,23,3,12,9,5,2,2
Andrej Sekera,EDM,D,2016-11-19,false,DAL,1,4,4,6,0,1,0,0,0,0,19,22993,485,13,29,15,9,7,0,0
Dennis Seidenberg,NYI,D,2016-12-08,false,STL,4,5,12,12,0,0,0,0,0,0,21,22200,422,25,48,6,13,2,0,0
Tyler Seguin,DAL,C,2016-11-19,false,EDM,7,14,-8,6,4,6,0,0,1,0,69,21469,492,16,3,27,10,9,139,126
Lukas Sedlak,CBJ,C,2016-11-29,false,TBL,0,4,5,4,0,0,0,0,0,0,14,10881,263,16,8,11,5,7,52,61
Daniel Sedin,VAN,L,2016-11-19,false,CHI,6,7,-4,6,2,2,0,0,1,0,54,21225,444,6,6,14,2,5,0,1
Henrik Sedin,VAN,C,2016-11-19,false,CHI,5,7,-5,4,1,3,0,0,1,1,25,21897,443,5,2,10,14,3,152,152
Brent Seabrook,CHI,D,2016-11-19,false,VAN,2,9,10,2,2,2,0,0,0,0,34,26088,547,28,31,13,23,2,0,0
Jaden Schwartz,STL,L,2016-11-28,false,DAL,8,6,4,4,2,0,0,0,2,0,45,22268,523,21,15,23,5,14,27,25
Justin Schultz,PIT,D,2016-11-21,false,NYR,0,4,4,4,0,2,0,0,0,0,30,18931,436,17,16,11,10,5,0,0
Nick Schultz,PHI,D,2017-03-15,false,PIT,0,4,0,6,0,0,0,0,0,0,17,17197,429,34,35,12,7,1,0,0
Jordan Schroeder,MIN,C,2017-01-31,false,EDM,3,5,4,0,0,0,0,0,0,0,19,11092,251,14,6,7,1,5,4,5
Nate Schmidt,WSH,D,2016-12-01,false,NYI,0,5,0,4,0,0,0,0,0,0,24,16966,364,14,10,8,19,13,0,0
Nick Schmaltz,CHI,C,2016-11-19,false,VAN,1,3,-1,2,0,1,0,0,0,0,8,13400,310,8,8,3,4,12,34,71
David Schlemko,SJS,D,2016-11-21,false,NJD,0,4,1,6,0,2,0,0,0,0,37,19842,432,11,22,14,10,10,0,0
Luke Schenn,ARI,D,2016-12-01,false,LAK,0,2,-1,9,0,0,0,0,0,0,17,17275,408,63,28,9,6,4,0,0
Brayden Schenn,PHI,C,2016-11-25,false,NYR,3,10,-6,13,3,5,0,0,1,0,38,20119,446,45,13,21,10,3,18,18
Mark Scheifele,WPG,C,2016-11-17,false,PHI,10,12,8,16,3,2,0,0,1,1,48,23738,469,19,10,13,8,17,171,214
Tim Schaller,BOS,C,2016-11-27,false,TBL,3,4,-3,13,0,0,0,0,1,0,27,13787,324,20,9,16,10,6,18,11
Colton Sceviour,FLA,C,2016-11-20,false,NYR,5,4,-3,10,1,2,2,0,1,0,37,16885,354,21,18,13,4,8,12,8
Marco Scandella,MIN,D,2016-12-17,false,ARI,0,2,-4,10,0,0,0,0,0,0,25,19351,433,12,23,8,9,7,0,0
Luca Sbisa,VAN,D,2016-11-19,false,CHI,0,3,1,8,0,0,0,0,0,0,8,18741,419,31,30,6,13,4,0,0
David Savard,CBJ,D,2016-11-25,false,TBL,1,3,7,10,0,0,0,0,0,0,24,24211,531,33,32,24,5,6,0,0
Steven Santini,NJD,D,2017-02-14,false,COL,2,3,1,4,0,0,0,0,0,0,22,17845,413,43,17,10,6,0,0,0
Zach Sanford,WSH,L,2016-11-26,false,TOR,0,1,-1,4,0,0,0,0,0,0,17,11533,271,10,5,6,8,9,9,7
Brandon Saad,CBJ,L,2016-11-25,false,TBL,5,11,6,4,0,0,0,0,1,0,45,19556,462,5,7,22,5,10,1,1
Bobby Ryan,OTT,R,2016-11-26,false,CAR,3,5,1,6,1,1,0,0,0,0,33,17843,378,20,11,11,10,4,1,1
Derek Ryan,CAR,C,2016-12-22,false,BUF,4,8,-3,6,2,4,1,0,2,0,16,15339,348,12,10,9,11,6,93,75
Bryan Rust,PIT,R,2016-11-26,false,NJD,3,3,-3,2,0,0,0,0,0,0,37,14374,363,34,10,11,7,4,1,0
Robbie Russo,DET,D,2017-04-09,false,NJD,0,0,2,2,0,0,0,0,0,0,18,18319,379,24,13,13,13,0,0,0
Kris Russell,EDM,D,2016-12-03,false,ANA,0,4,8,4,0,0,0,0,0,0,23,23962,512,19,52,7,14,10,0,0
Chad Ruhwedel,PIT,D,2017-03-05,false,BUF,2,2,5,2,0,0,0,0,0,0,29,18577,427,17,15,10,5,5,0,0
Michal Rozsival,CHI,D,2017-03-04,false,NSH,1,1,-3,8,0,0,0,0,1,0,15,17394,396,43,23,5,9,4,0,0
Carter Rowney,PIT,R,2017-03-24,false,NYI,1,2,3,2,0,0,0,0,1,0,13,11357,287,37,10,7,3,5,58,50
Antoine Roussel,DAL,L,2016-11-19,false,EDM,4,8,1,54,0,3,0,0,2,0,26,17762,460,21,11,16,12,3,1,1
Evan Rodrigues,BUF,L,2017-03-16,false,LAK,3,2,0,2,0,0,0,0,0,0,32,14366,312,8,6,10,6,8,54,78
Brett Ritchie,DAL,R,2016-11-19,false,EDM,4,1,-2,13,1,0,0,0,0,0,36,13619,335,34,5,10,2,1,0,0
Nick Ritchie,ANA,L,2016-11-25,false,CHI,5,1,0,10,1,0,0,0,1,0,41,16271,389,65,5,18,2,3,2,1
Rasmus Ristolainen,BUF,D,2016-11-21,false,CGY,0,9,-3,12,0,7,0,0,0,0,39,29656,590,42,34,19,11,9,0,0
Morgan Rielly,TOR,D,2016-11-22,false,CAR,1,10,0,7,1,1,0,0,0,0,35,26035,597,9,38,21,24,8,0,0
Tobias Rieder,ARI,R,2016-11-29,false,SJS,5,4,3,0,0,0,0,1,0,0,37,19006,426,4,12,16,6,6,0,2
Mike Ribeiro,NSH,C,2016-11-23,false,DAL,3,9,2,10,2,2,0,0,0,0,17,17847,377,10,3,6,12,3,85,92
Sam Reinhart,BUF,C,2016-11-21,false,CGY,3,6,-2,4,2,3,0,0,1,0,45,19705,402,4,7,6,10,7,43,61
Ryan Reaves,STL,R,2016-11-23,false,WSH,0,2,1,9,0,0,0,0,0,0,13,8117,222,46,1,7,2,4,0,0
Matt Read,PHI,R,2016-11-19,false,TBL,6,2,0,2,2,0,0,0,0,0,29,17146,401,38,11,6,5,7,0,4
Dennis Rasmussen,CHI,C,2016-11-25,false,ANA,1,0,-1,2,0,0,0,0,0,0,18,13505,357,20,18,5,7,7,40,49
Victor Rask,CAR,C,2016-11-24,false,MTL,8,8,6,4,3,1,0,0,2,0,46,21821,460,7,6,8,7,13,121,133
Mikko Rantanen,COL,R,2016-12-06,false,NSH,3,8,-6,6,1,3,0,0,0,0,34,20643,440,2,11,14,7,10,17,7
Rickard Rakell,ANA,C,2016-12-13,false,DAL,11,6,1,4,2,3,0,0,2,0,54,19709,438,26,9,16,5,4,11,11
Michael Raffl,PHI,L,2016-12-06,false,FLA,5,2,5,4,0,0,0,0,1,0,22,15329,376,25,7,16,4,8,2,2
Alexander Radulov,MTL,R,2016-11-24,false,CAR,4,13,6,18,1,4,0,0,0,0,31,18036,409,23,10,15,16,16,2,0
Alan Quine,NYI,C,2016-12-15,false,CHI,1,3,0,2,0,0,0,0,1,0,26,12660,296,30,12,5,4,5,64,50
Kyle Quincey,NJD,D,2016-11-23,false,TOR,2,3,7,12,0,0,0,0,0,0,26,19321,449,26,25,3,10,5,0,0
Mark Pysyk,FLA,D,2016-11-20,false,NYR,1,2,4,2,0,0,0,0,0,0,18,20032,386,14,27,11,4,7,0,1
Tom Pyatt,OTT,L,2016-11-22,false,MTL,2,3,1,2,0,0,0,1,0,0,26,18066,440,11,23,7,4,8,8,11
Jesse Puljujarvi,EDM,R,2016-11-27,false,ARI,1,6,5,4,1,0,0,0,0,0,37,14350,325,6,7,14,10,9,0,1
Matt Puempel,NYR,L,2016-12-06,false,NYI,1,0,-5,7,0,0,0,0,0,0,17,9997,245,13,6,9,1,3,0,1
Ivan Provorov,PHI,D,2016-11-19,false,TBL,0,7,-8,8,0,2,0,0,0,0,33,22902,516,27,32,21,21,5,0,0
Dalton Prout,NJD,D,2017-03-09,false,COL,0,3,-1,18,0,0,0,0,0,0,9,15628,375,25,18,5,8,2,0,0
Nate Prosser,MIN,D,2017-01-22,false,NSH,0,2,-2,4,0,0,0,0,0,0,11,14836,352,18,28,10,7,2,0,0
Shane Prince,NYI,L,2016-12-08,false,STL,4,5,-4,4,1,0,0,0,1,0,32,14522,318,19,3,3,7,9,3,2
Benoit Pouliot,EDM,L,2016-11-25,false,ARI,3,1,-1,20,0,0,0,0,1,0,21,17581,429,10,13,16,7,3,3,6
Paul Postma,WPG,D,2016-11-29,false,NJD,0,3,0,2,0,0,0,0,0,0,16,14235,317,13,13,5,8,1,0,0
Jason Pominville,MIN,R,2016-11-23,false,WPG,3,4,0,0,0,2,0,0,0,0,35,16652,399,14,12,13,3,7,8,7
Roman Polak,TOR,D,2016-12-03,false,VAN,1,1,-1,17,0,0,0,0,0,0,12,19970,462,66,34,9,8,6,0,1
Brayden Point,TBL,C,2016-11-19,false,PHI,2,5,0,4,2,1,0,0,0,0,38,17171,344,8,7,11,5,7,3,3
Tomas Plekanec,MTL,C,2016-11-19,false,TOR,1,4,0,4,0,3,1,0,1,0,40,19446,481,15,17,6,4,5,177,170
Brandon Pirri,NYR,R,2016-11-20,false,FLA,5,5,5,4,3,1,0,0,3,0,29,13879,315,12,6,15,8,6,49,31
Alex Pietrangelo,STL,D,2016-11-19,false,NSH,3,5,-9,12,1,2,0,0,1,0,46,29098,581,13,37,17,6,14,0,0
Dion Phaneuf,OTT,D,2016-11-22,false,MTL,1,3,-8,25,0,1,0,0,0,0,47,25741,619,35,41,14,13,3,0,0
Jeff Petry,MTL,D,2016-11-22,false,OTT,3,6,4,10,1,2,0,0,0,0,36,25001,527,42,40,15,21,4,0,0
Alex Petrovic,FLA,D,2017-02-03,false,ANA,1,5,6,17,0,0,0,0,0,0,20,19998,372,39,20,13,11,7,0,0
Nic Petan,WPG,L,2017-01-03,false,TBL,1,8,-3,4,0,5,0,0,0,0,25,15930,364,6,5,12,5,9,68,82
Brett Pesce,CAR,D,2016-11-24,false,MTL,0,4,2,4,0,1,0,0,0,0,19,22574,480,14,34,14,11,14,0,0
Corey Perry,ANA,R,2016-11-20,false,LAK,4,11,-3,14,0,7,0,0,0,0,58,21645,458,17,5,19,3,6,0,4
David Perron,STL,L,2016-11-19,false,NSH,6,5,-7,10,2,3,0,0,2,0,40,20223,494,17,7,19,3,7,12,18
Mathieu Perreault,WPG,C,2016-12-15,false,FLA,2,3,-8,8,0,1,0,0,0,0,41,18327,385,30,4,9,5,14,95,86
Brendan Perlini,ARI,L,2017-01-18,false,WPG,6,2,-6,6,1,1,0,0,1,0,33,16317,346,16,6,10,2,2,1,0
Adam Pelech,NYI,D,2017-01-31,false,WSH,1,4,-1,2,0,0,0,0,0,0,17,18593,377,28,21,11,19,8,0,0
Tanner Pearson,LAK,L,2016-11-23,false,NYI,7,4,8,0,1,1,0,0,0,0,37,18002,417,32,3,22,6,7,0,4
Joe Pavelski,SJS,C,2016-11-21,false,NJD,6,11,4,12,2,3,0,0,2,0,61,22061,473,31,24,30,19,9,107,98
Greg Pateryn,MTL,D,2016-12-06,false,STL,1,4,1,2,0,0,0,0,0,0,19,15937,351,30,37,10,9,4,0,0
David Pastrnak,BOS,R,2016-12-01,false,CAR,13,5,13,4,4,1,0,0,2,0,66,19368,404,12,6,24,10,9,0,1
Zach Parise,MIN,L,2016-12-09,false,EDM,4,5,-2,12,1,1,0,0,0,0,58,21117,461,15,25,15,4,12,1,1
PA Parenteau,NJD,R,2016-11-23,false,TOR,5,3,-4,14,1,0,0,0,0,0,38,18106,395,16,0,6,9,8,0,5
Colton Parayko,STL,D,2016-11-19,false,NSH,0,7,-4,8,0,1,0,0,0,0,54,23822,557,14,34,17,9,8,0,0
Cedric Paquette,TBL,C,2016-11-21,false,NSH,1,4,0,16,0,0,0,0,0,0,18,10859,272,43,9,5,3,7,48,47
Richard Panik,CHI,R,2016-11-19,false,VAN,6,4,2,4,2,1,0,0,1,0,27,16678,378,45,7,9,9,11,0,2
Artemi Panarin,CHI,L,2016-11-19,false,VAN,7,11,12,13,2,2,0,0,1,1,51,22122,442,7,1,23,10,15,1,0
Kyle Palmieri,NJD,R,2016-11-26,false,PIT,3,6,5,10,1,2,0,0,1,0,37,18354,401,39,10,20,12,6,3,5
Ondrej Palat,TBL,L,2016-11-19,false,PHI,3,5,-5,13,0,3,0,0,0,0,30,19690,402,38,8,14,11,22,1,2
Jean-Gabriel Pageau,OTT,C,2016-11-22,false,MTL,2,3,3,4,0,0,0,0,0,0,38,18375,430,45,15,9,7,5,106,82
Max Pacioretty,MTL,L,2016-11-19,false,TOR,4,9,6,12,1,1,0,1,2,0,49,20013,453,21,8,34,10,15,0,0
Magnus Paajarvi,STL,L,2017-03-15,false,ANA,5,3,4,4,1,0,0,0,3,0,30,13553,338,18,12,4,0,6,1,2
Alex Ovechkin,WSH,L,2016-11-23,false,STL,12,4,0,10,4,1,0,0,4,1,80,20872,404,50,5,34,10,12,0,1
Xavier Ouellet,DET,D,2016-12-23,false,FLA,1,3,7,30,0,0,0,0,0,0,26,20001,436,11,24,6,6,5,0,1
Steve Ott,DET,C,2016-11-29,false,DAL,2,1,1,28,0,0,0,0,0,0,19,11568,293,39,5,2,1,4,46,31
T.J. Oshie,WSH,R,2016-12-09,false,BUF,9,5,12,10,2,2,1,1,1,0,40,19735,407,21,12,18,11,13,24,25
Brooks Orpik,WSH,D,2016-11-23,false,STL,0,5,8,4,0,0,0,0,0,0,15,19278,404,40,32,9,14,5,0,0
Dmitry Orlov,WSH,D,2016-11-23,false,STL,1,6,7,10,0,1,0,0,0,0,30,21850,430,29,23,13,18,9,0,0
Jamie Oleksiak,DAL,D,2017-01-09,false,LAK,5,1,3,18,0,0,0,1,1,0,21,17976,417,28,27,6,7,0,0,0
Kyle Okposo,BUF,R,2016-11-23,false,DET,6,6,0,6,2,6,0,0,0,0,55,22063,426,16,6,15,13,5,37,34
Johnny Oduya,DAL,D,2016-11-19,false,EDM,1,4,2,6,0,0,0,0,0,0,15,21458,497,8,44,12,11,4,0,0
Ryan O'Reilly,BUF,C,2016-12-05,false,WSH,6,7,0,4,3,4,0,0,2,0,68,24939,483,3,8,17,9,18,258,186
Gustav Nyquist,DET,R,2016-11-20,false,CGY,3,9,2,4,0,2,0,0,2,0,40,19525,415,10,4,11,4,11,1,0
William Nylander,TOR,C,2016-11-22,false,CAR,6,8,-3,6,4,4,0,0,0,0,50,18437,405,5,8,21,7,14,32,42
Markus Nutivaara,CBJ,D,2016-11-25,false,TBL,1,1,1,2,0,0,0,0,0,0,17,14443,338,11,9,7,5,2,0,0
Darnell Nurse,EDM,D,2016-11-19,false,DAL,3,2,-5,17,0,0,0,0,0,0,35,20533,445,50,20,11,12,7,0,0
Ryan Nugent-Hopkins,EDM,C,2016-11-19,false,DAL,2,6,-3,4,2,0,0,0,1,0,55,20208,457,12,3,15,2,8,133,150
Joakim Nordstrom,CAR,L,2016-11-24,false,MTL,1,2,-4,4,0,0,0,0,1,0,31,15318,389,25,17,9,4,8,2,3
Jordan Nolan,LAK,C,2016-12-15,false,DET,2,2,-3,36,0,0,0,0,0,0,16,11765,269,25,1,9,2,1,1,1
Stefan Noesen,NJD,R,2017-02-14,false,COL,4,1,4,4,0,0,0,0,0,0,27,10080,252,23,3,5,3,4,21,36
Matt Niskanen,WSH,D,2016-11-23,false,STL,0,9,2,6,0,1,0,1,0,0,34,25932,517,24,25,18,24,10,0,0
Matt Nieto,COL,L,2017-01-14,false,NSH,0,3,-4,4,0,0,0,0,0,0,31,14666,370,27,10,9,5,9,0,2
Frans Nielsen,DET,C,2016-11-20,false,CGY,3,5,-7,0,0,5,1,0,0,0,36,19780,475,19,15,8,5,5,147,140
Nino Niederreiter,MIN,R,2016-11-23,false,WPG,5,5,8,4,1,0,0,0,0,0,33,16336,380,28,2,10,6,6,0,1
Andrej Nestrasil,CAR,C,2017-03-01,false,TBL,1,4,-3,2,0,0,0,0,0,0,27,12430,290,10,6,6,8,11,3,7
Nikita Nesterov,TBL,D,2016-11-29,false,CBJ,2,2,3,12,1,0,0,0,0,0,23,19536,385,28,13,7,7,1,0,0
Patrik Nemeth,DAL,D,2017-01-21,false,WSH,0,1,-2,8,0,0,0,0,0,0,23,18021,402,20,21,7,5,7,0,0
Brock Nelson,NYI,C,2016-11-23,false,LAK,5,7,2,6,1,2,0,1,0,0,40,17974,435,17,18,12,9,7,105,131
Chris Neil,OTT,R,2016-11-24,false,BOS,1,1,-5,29,0,0,0,0,0,0,19,9468,243,43,10,3,5,3,0,0
James Neal,NSH,L,2016-11-23,false,DAL,9,5,1,15,1,2,0,0,1,0,71,22419,452,25,9,14,10,12,1,1
Rick Nash,NYR,R,2016-11-20,false,FLA,7,4,0,10,2,1,0,0,1,0,54,18472,455,9,16,12,15,16,0,0
Riley Nash,BOS,C,2016-11-22,false,STL,1,3,2,4,0,0,0,1,0,0,27,16254,372,7,7,9,3,10,87,78
Vladislav Namestnikov,TBL,C,2016-11-19,false,PHI,3,6,3,8,2,3,0,0,0,0,32,17092,346,8,7,10,6,5,33,45
Jake Muzzin,LAK,D,2016-11-19,false,NJD,2,1,-2,14,1,0,0,0,0,0,47,25945,598,44,33,15,12,4,0,0
Ryan Murray,CBJ,D,2016-12-05,false,ARI,0,3,3,10,0,0,0,1,0,0,13,21013,479,6,30,6,3,3,0,0
Ryan Murphy,CAR,D,2017-03-09,false,NYR,0,2,-10,8,0,0,0,0,0,0,9,15452,340,2,20,7,7,7,0,0
Connor Murphy,ARI,D,2016-11-27,false,EDM,0,4,-5,12,0,0,0,0,0,0,21,24763,548,40,34,6,6,5,0,0
Matt Moulson,BUF,L,2016-11-21,false,CGY,7,2,-2,2,6,2,0,0,1,0,48,16622,338,11,8,10,3,5,0,0
Tyler Motte,CHI,L,2016-11-29,false,FLA,3,3,3,14,0,0,0,0,0,0,29,13996,368,17,14,8,1,10,4,3
Josh Morrissey,WPG,D,2016-11-17,false,PHI,1,2,2,8,0,0,0,0,1,0,24,20985,452,28,33,9,7,2,0,0
Dominic Moore,BOS,C,2016-11-22,false,STL,5,3,2,12,0,0,2,0,1,0,22,15460,361,5,13,6,5,5,93,70
John Moore,NJD,D,2016-11-23,false,TOR,3,4,3,10,0,0,0,0,0,0,31,22142,504,13,17,14,19,0,0,0
Brandon Montour,ANA,D,2017-03-18,false,SJS,1,2,4,10,0,1,0,0,0,0,37,19448,369,16,19,16,14,2,0,0
Sean Monahan,CGY,C,2016-11-18,false,CHI,5,3,-8,8,1,0,0,0,1,1,38,21233,464,9,7,18,12,9,181,171
Torrey Mitchell,MTL,C,2016-11-19,false,TOR,5,2,6,8,0,0,0,0,1,0,11,14601,385,6,17,8,6,11,108,95
John Mitchell,COL,C,2016-12-06,false,NSH,0,0,-1,12,0,0,0,0,0,0,16,14586,339,24,17,9,1,7,103,71
Drew Miller,DET,L,2016-12-04,false,NYI,2,0,-9,4,0,0,0,0,1,0,16,11205,278,28,14,3,1,4,1,0
Kevan Miller,BOS,D,2016-12-31,false,BUF,0,0,-6,15,0,0,0,0,0,0,19,19671,435,44,28,5,6,3,0,0
J.T. Miller,NYR,L,2016-11-20,false,FLA,7,10,13,8,1,1,0,0,1,0,43,17545,421,30,15,14,14,12,26,38
Colin Miller,BOS,D,2016-12-03,false,BUF,1,2,-6,6,0,0,0,0,0,0,27,18642,421,20,11,17,8,5,0,0
Marc Methot,OTT,D,2016-11-22,false,MTL,0,3,5,4,0,0,0,0,0,0,29,22959,555,39,22,3,13,2,0,0
Jon Merrill,NJD,D,2017-01-09,false,FLA,1,2,-1,12,0,0,0,0,0,0,17,19775,445,14,27,7,6,3,0,0
Timo Meier,SJS,R,2017-01-31,false,CHI,2,2,-2,4,0,0,0,0,1,0,51,14950,365,48,4,19,17,14,1,3
Jayson Megna,VAN,C,2016-12-28,false,LAK,3,0,1,4,0,0,0,0,0,0,21,11491,273,21,7,4,1,4,0,1
Adam McQuaid,BOS,D,2016-12-01,false,CAR,0,0,0,13,0,0,0,0,0,0,21,20443,483,44,32,9,8,2,0,0
Brayden McNabb,LAK,D,2017-01-24,false,NJD,2,0,0,18,0,0,0,0,0,0,18,18972,440,38,21,13,18,6,0,0
Cody McLeod,COL,L,2016-12-16,false,FLA,0,0,-2,33,0,0,0,0,0,0,9,6829,170,34,0,5,0,2,0,0
Curtis McKenzie,DAL,L,2016-12-08,false,NSH,3,2,2,28,0,0,0,0,1,0,28,11256,289,34,12,6,1,0,2,2
Greg McKegg,FLA,C,2016-11-22,false,PHI,0,2,-2,6,0,0,0,0,0,0,14,12182,285,20,6,4,5,3,17,19
Jamie McGinn,ARI,L,2016-12-05,false,CBJ,4,3,-3,10,0,0,0,0,2,0,38,15808,367,32,9,6,7,0,0,1
Brock McGinn,CAR,L,2016-12-30,false,CHI,1,2,-2,2,0,0,0,1,0,0,22,13378,321,28,12,8,5,8,1,2
Ryan McDonagh,NYR,D,2016-11-20,false,FLA,0,11,9,4,0,3,0,0,0,0,32,27538,553,19,30,11,14,10,0,0
Connor McDavid,EDM,C,2016-11-19,false,DAL,8,14,4,8,0,5,0,0,2,0,53,24199,485,3,8,18,13,14,119,145
Jay McClement,CAR,C,2016-11-24,false,MTL,0,0,-7,6,0,0,0,0,0,0,14,12001,318,19,8,6,0,7,75,69
Michael McCarron,MTL,R,2017-02-18,false,WPG,1,4,0,28,0,0,0,0,0,0,26,11212,280,45,7,9,2,5,52,69
Jared McCann,FLA,C,2017-01-07,false,BOS,1,2,-1,2,0,0,0,0,0,0,26,11854,269,18,5,9,7,6,27,37
Jake McCabe,BUF,D,2016-11-21,false,CGY,0,3,-2,12,0,0,0,0,0,0,14,23545,513,17,21,14,8,3,0,0
Scott Mayfield,NYI,D,2017-03-22,false,NYR,1,6,0,33,0,0,0,0,0,0,28,15875,328,32,28,10,10,7,0,0
Shawn Matthias,WPG,L,2017-01-11,false,MTL,5,1,0,6,0,0,1,0,1,0,27,14712,360,16,8,9,3,3,3,5
Auston Matthews,TOR,C,2016-11-22,false,CAR,6,7,-4,0,1,4,0,0,0,0,71,19921,410,3,10,28,11,17,96,95
Michael Matheson,FLA,D,2016-11-22,false,PHI,2,5,0,6,0,1,0,0,0,0,41,22342,397,17,22,13,14,15,1,0
Andreas Martinsen,COL,L,2016-11-23,false,EDM,1,2,-1,13,0,0,0,1,0,0,26,13580,355,61,12,9,3,11,1,0
Jordan Martinook,ARI,L,2016-11-25,false,EDM,5,5,3,10,1,0,0,1,0,0,29,17967,440,16,17,15,4,9,99,132
Alec Martinez,LAK,D,2016-11-19,false,NJD,3,8,-1,4,0,2,0,0,2,2,44,26271,604,40,35,27,12,0,0,0
Paul Martin,SJS,D,2016-11-21,false,NJD,0,5,0,6,0,0,0,0,0,0,12,20933,457,8,30,3,11,3,0,0
Matt Martin,TOR,L,2016-11-22,false,CAR,0,2,-1,41,0,0,0,0,0,0,17,11570,289,88,3,6,2,6,0,5
Patrick Maroon,EDM,L,2016-11-19,false,DAL,6,3,3,17,0,1,0,0,0,0,44,18198,396,41,3,13,7,3,1,4
Mitchell Marner,TOR,C,2016-11-22,false,CAR,7,9,-3,14,1,2,0,0,3,0,52,18867,410,10,13,26,16,19,6,5
Patrick Marleau,SJS,L,2016-11-21,false,NJD,5,1,-1,4,1,1,0,0,1,0,46,18490,394,20,5,13,7,10,13,16
Andrei Markov,MTL,D,2016-11-19,false,TOR,2,12,3,6,0,5,0,1,0,0,27,24487,518,12,18,13,18,9,0,0
Martin Marincin,TOR,D,2017-01-25,false,DET,1,6,3,8,0,0,0,1,0,0,18,21070,482,22,25,16,13,5,0,0
Jonathan Marchessault,FLA,C,2016-11-20,false,NYR,9,6,2,6,2,3,0,0,2,0,54,20477,386,28,5,16,11,14,42,39
Alexey Marchenko,DET,D,2016-11-20,false,CGY,0,5,0,10,0,0,0,1,0,0,18,20827,484,2,28,13,12,2,0,0
Brad Marchand,BOS,L,2016-11-22,false,STL,6,11,7,16,1,2,0,0,3,0,47,21033,447,11,7,17,13,14,9,6
Anthony Mantha,DET,R,2016-12-23,false,FLA,6,5,6,7,1,1,0,0,1,0,41,18700,404,10,12,16,11,5,1,1
Josh Manson,ANA,D,2016-11-20,false,LAK,0,5,2,38,0,0,0,0,0,0,20,21154,449,48,17,6,18,4,0,0
Brandon Manning,PHI,D,2016-11-22,false,FLA,3,6,4,13,0,0,1,0,1,0,29,21443,496,42,22,7,17,1,0,0
Evgeni Malkin,PIT,C,2016-11-21,false,NYR,8,9,0,34,1,6,0,0,1,0,51,21444,462,11,9,16,19,12,126,164
Denis Malgin,FLA,C,2016-11-20,false,NYR,4,4,3,6,1,0,0,0,1,1,24,13078,297,12,5,6,3,6,39,66
Nathan MacKinnon,COL,C,2016-11-23,false,EDM,5,10,-2,0,0,4,1,0,1,0,67,22932,499,14,6,26,7,11,180,170
Derek MacKenzie,FLA,C,2016-11-20,false,NYR,2,3,6,9,0,0,0,1,0,0,21,14595,335,46,10,9,4,7,101,98
Andrew MacDonald,PHI,D,2016-12-04,false,NSH,1,6,-1,4,0,0,0,0,0,0,12,21805,500,12,39,11,16,2,0,0
Olli Maatta,PIT,D,2016-11-21,false,NYR,0,1,4,6,0,0,0,0,0,0,21,20753,486,16,31,9,14,4,0,0
Roman Lyubimov,PHI,L,2016-12-08,false,EDM,2,1,-1,0,0,0,0,0,0,0,21,11367,284,20,7,12,3,5,0,2
Milan Lucic,EDM,L,2016-11-19,false,DAL,5,4,-3,9,2,1,0,0,1,0,40,20631,433,47,5,13,14,7,2,1
Adam Lowry,WPG,C,2016-11-17,false,PHI,4,2,-3,17,1,2,0,0,0,0,27,18208,443,42,11,9,6,6,148,160
Ben Lovejoy,NJD,D,2016-11-23,false,TOR,0,2,-2,6,0,0,0,0,0,0,24,22657,484,28,33,10,6,5,0,0
Bryan Little,WPG,C,2017-01-07,false,BUF,6,8,0,6,2,1,0,0,1,1,46,19378,477,6,4,18,6,9,211,154
Hampus Lindholm,ANA,D,2016-12-17,false,DET,1,3,2,6,0,2,0,0,1,0,26,24644,503,25,26,17,17,6,0,0
Elias Lindholm,CAR,C,2016-11-24,false,MTL,2,5,-4,2,0,2,0,2,0,0,38,21057,455,22,21,19,9,16,112,107
Esa Lindell,DAL,D,2016-12-08,false,NSH,2,2,-3,2,0,1,0,0,1,0,21,22225,487,24,35,10,5,7,0,1
Oscar Lindberg,NYR,C,2016-12-18,false,NJD,0,3,0,14,0,1,0,0,0,0,31,12950,317,29,14,8,2,4,79,73
John-Michael Liles,BOS,D,2016-11-22,false,STL,0,4,-3,4,0,3,0,0,0,0,15,18908,428,12,26,8,2,7,1,0
Trevor Lewis,LAK,C,2016-11-19,false,NJD,2,2,-5,4,0,0,0,0,0,0,28,14953,345,39,5,9,3,3,20,30
Mark Letestu,EDM,C,2016-11-25,false,ARI,2,4,-2,0,0,0,2,0,2,0,12,14472,389,19,11,6,5,4,116,99
Kris Letang,PIT,D,2016-12-01,false,DAL,2,11,-4,16,1,5,0,0,1,1,63,29653,573,39,36,21,24,16,0,0
Jori Lehtera,STL,C,2016-11-28,false,DAL,3,4,3,8,0,1,0,0,1,0,26,18153,469,15,11,0,5,4,134,116
Artturi Lehkonen,MTL,L,2016-12-10,false,COL,5,1,3,6,1,0,0,0,1,0,44,15719,394,16,7,10,6,6,0,0
Anders Lee,NYI,L,2016-11-23,false,LAK,3,1,1,10,0,0,0,0,0,0,33,14368,346,51,10,11,3,8,1,3
Nick Leddy,NYI,D,2016-11-25,false,SJS,4,6,-10,6,1,2,0,0,0,0,38,26030,454,21,31,15,5,4,0,0
Curtis Lazar,OTT,C,2017-01-08,false,EDM,0,0,-4,4,0,0,0,0,0,0,19,10378,259,35,6,4,4,4,16,21
Adam Larsson,EDM,D,2016-11-19,false,DAL,1,2,-1,10,0,0,0,0,0,0,23,23330,502,57,31,11,18,5,0,0
Philip Larsen,VAN,D,2017-02-02,false,SJS,1,4,-9,4,0,2,0,0,0,0,26,19525,408,5,16,15,8,2,0,0
Dylan Larkin,DET,C,2016-11-20,false,CGY,5,1,-7,17,1,0,0,0,1,0,57,19308,410,9,6,15,17,22,32,44
Nick Lappin,NJD,R,2016-12-06,false,VAN,4,3,1,4,0,0,0,0,0,0,27,14478,330,20,2,9,2,8,2,4
Gabriel Landeskog,COL,L,2016-12-16,false,FLA,4,5,-4,24,2,0,0,0,2,1,40,20652,452,45,9,11,9,24,11,16
Anton Lander,EDM,C,2017-01-08,false,OTT,1,3,5,6,0,0,0,0,0,0,8,11300,311,24,7,5,3,5,74,57
Patrik Laine,WPG,R,2016-11-17,false,PHI,12,5,0,6,5,2,0,0,2,1,53,21637,430,20,10,17,24,7,0,2
Andrew Ladd,NYI,L,2016-11-23,false,LAK,2,1,-6,14,0,0,0,0,0,0,33,19296,400,20,6,13,11,10,1,2
Kevin Labanc,SJS,R,2016-12-18,false,CHI,4,2,4,8,0,0,0,0,1,0,26,14500,340,7,2,9,9,4,0,1
Paul LaDue,LAK,D,2017-03-31,false,VAN,0,6,-6,4,0,3,0,0,0,0,24,17980,421,14,12,6,9,3,0,0
Evgeny Kuznetsov,WSH,C,2016-11-23,false,STL,3,6,6,10,0,1,0,0,0,0,30,19690,408,10,5,13,14,9,116,166
Chris Kunitz,PIT,L,2016-12-03,false,DET,2,9,4,18,0,2,0,0,2,0,38,18487,430,64,6,12,10,8,3,4
Dmitry Kulikov,BUF,D,2016-12-23,false,NYI,0,0,-10,12,0,0,0,0,0,0,19,25428,554,18,23,15,9,5,0,0
Nikolay Kulemin,NYI,L,2016-11-28,false,CGY,1,3,0,6,0,0,0,0,0,0,15,15754,404,21,14,14,5,6,5,2
Brett Kulak,CGY,D,2017-02-07,false,PIT,0,3,-1,12,0,0,0,0,0,0,18,16398,383,11,13,10,10,4,0,0
Tom Kuhnhackl,PIT,R,2016-12-08,false,FLA,2,3,5,6,0,0,0,0,0,0,13,11052,285,24,13,7,2,1,0,1
Nikita Kucherov,TBL,R,2016-11-21,false,NSH,9,14,10,8,2,5,0,0,3,0,51,20704,414,4,8,28,13,18,0,0
Marcus Kruger,CHI,C,2016-11-19,false,VAN,1,3,5,16,0,0,0,0,0,0,19,15297,410,9,13,11,2,10,105,106
Torey Krug,BOS,D,2016-11-22,false,STL,1,5,-7,8,0,3,0,0,0,0,57,24138,515,21,16,18,11,4,0,0
Niklas Kronwall,DET,D,2016-12-17,false,ANA,0,2,-2,10,0,1,0,0,0,0,16,21684,496,25,33,7,5,1,0,0
David Krejci,BOS,C,2016-11-22,false,STL,2,10,-4,12,1,4,0,0,1,0,36,20056,406,14,17,15,14,10,130,129
Chris Kreider,NYR,L,2016-12-01,false,BUF,4,10,-1,13,1,3,0,0,0,0,48,18826,408,40,13,23,11,6,2,1
Lauri Korpikoski,DAL,L,2016-11-19,false,EDM,4,3,0,4,0,0,0,0,0,0,29,16789,436,11,12,9,5,5,0,3
Anze Kopitar,LAK,C,2016-12-01,false,ARI,2,9,4,4,0,2,0,1,0,0,45,24239,471,27,12,23,9,8,241,218
Travis Konecny,PHI,C,2016-11-19,false,TBL,4,7,-4,12,2,0,0,0,0,0,42,17793,398,34,6,22,6,10,0,0
Leo Komarov,TOR,C,2016-11-22,false,CAR,3,5,3,9,0,2,1,0,0,0,22,19600,471,69,13,9,2,7,22,23
Mikko Koivu,MIN,C,2016-11-23,false,WPG,3,5,1,6,0,2,0,1,1,0,29,23104,507,6,23,15,10,11,250,208
Slater Koekkoek,TBL,D,2016-12-16,false,VAN,0,4,1,6,0,0,0,0,0,0,20,15262,349,19,17,10,3,1,0,0
John Klingberg,DAL,D,2016-11-19,false,EDM,2,8,-9,8,0,5,0,0,0,0,25,26094,537,12,27,13,19,3,0,0
Kevin Klein,NYR,D,2016-11-25,false,PHI,0,6,4,0,0,1,0,1,0,0,19,20910,471,34,48,4,11,8,0,0
Oscar Klefbom,EDM,D,2016-11-19,false,DAL,2,3,-1,0,0,1,0,0,1,0,43,25084,504,13,32,21,15,3,0,0
Dwight King,LAK,L,2016-11-19,false,NJD,2,4,4,6,0,0,0,0,0,0,26,17551,377,32,6,12,6,5,3,4
Jakub Kindl,FLA,D,2017-01-04,false,WPG,0,2,-8,12,0,0,0,0,0,0,18,16727,353,31,21,10,12,3,0,0
Alex Killorn,TBL,L,2016-11-19,false,PHI,7,4,1,12,2,3,0,0,2,0,46,19843,396,31,7,9,11,4,1,4
Phil Kessel,PIT,R,2016-11-21,false,NYR,4,14,-4,8,3,6,0,0,1,0,44,20963,456,6,5,20,8,3,0,4
Ryan Kesler,ANA,C,2016-11-20,false,LAK,8,6,9,22,5,2,0,0,2,0,46,24256,506,34,17,21,9,2,247,167
Tanner Kero,CHI,C,2017-02-04,false,DAL,4,4,7,2,0,0,0,0,0,0,20,15363,370,20,24,5,4,5,85,111
Michal Kempny,CHI,D,2016-11-26,false,LAK,0,2,2,12,0,0,0,0,0,0,23,18553,417,34,24,19,12,2,0,0
Adrian Kempe,LAK,L,2017-03-28,false,EDM,2,4,-2,6,0,2,0,1,1,0,28,14115,332,19,6,9,6,3,55,64
Chris Kelly,OTT,C,2016-11-22,false,MTL,1,2,-2,4,0,0,0,0,0,0,24,15331,383,18,16,10,6,5,80,99
Duncan Keith,CHI,D,2016-11-19,false,VAN,0,14,7,6,0,3,0,0,0,0,44,29374,552,5,19,12,16,5,0,0
Zack Kassian,EDM,R,2016-11-25,false,ARI,2,2,1,27,0,0,0,0,0,0,30,14091,347,42,4,8,5,6,1,0
Ondrej Kase,ANA,R,2016-12-22,false,OTT,1,5,-2,10,0,0,0,0,1,0,28,14280,366,13,8,11,14,6,1,3
Melker Karlsson,SJS,C,2016-12-07,false,OTT,2,2,5,4,0,0,0,0,0,0,15,13794,348,18,14,10,4,5,0,2
William Karlsson,CBJ,C,2016-11-25,false,TBL,3,5,5,2,0,0,0,1,1,0,27,16359,403,8,3,13,7,9,104,130
Erik Karlsson,OTT,D,2016-11-22,false,MTL,4,12,5,10,1,3,0,1,1,0,46,30971,634,15,53,36,30,15,0,0
Evander Kane,BUF,L,2016-12-17,false,CAR,5,5,-4,18,1,3,0,0,0,0,52,20677,417,36,8,19,10,11,25,26
Patrick Kane,CHI,R,2016-11-19,false,VAN,6,14,5,12,1,4,0,0,2,0,64,25520,462,6,2,18,3,8,3,14
Sergey Kalinin,NJD,C,2016-12-08,false,MTL,0,1,-7,9,0,0,0,0,0,0,18,14282,348,28,9,6,3,3,11,18
Nazem Kadri,TOR,C,2016-11-22,false,CAR,7,7,1,45,2,2,0,0,1,1,50,17974,423,30,9,19,10,18,119,148
Tomas Jurco,CHI,L,2017-03-03,false,NYI,0,0,-9,4,0,0,0,0,0,0,16,11764,288,9,4,14,4,1,0,1
Roman Josi,NSH,D,2016-11-23,false,DAL,2,8,-1,4,1,4,0,0,0,0,55,28345,541,12,33,19,11,5,0,0
Jacob Josefson,NJD,C,2017-01-17,false,MIN,0,2,-2,8,0,1,0,0,0,0,24,13684,313,17,7,15,7,2,64,54
Josh Jooris,ARI,R,2017-01-04,false,VAN,1,2,3,6,0,0,0,0,0,0,16,11332,288,23,10,7,1,4,51,55
Seth Jones,CBJ,D,2016-12-09,false,DET,3,6,3,4,0,0,0,0,1,1,36,26854,577,21,40,10,12,5,0,0
Jyrki Jokipakka,CGY,D,2016-12-08,false,ARI,1,4,1,4,0,0,0,0,0,0,10,17192,421,12,17,4,8,2,0,0
Jussi Jokinen,FLA,L,2016-12-10,false,VAN,2,3,-4,12,0,0,0,0,1,0,35,21028,440,5,7,10,17,6,12,9
Erik Johnson,COL,D,2016-11-23,false,EDM,1,9,-2,2,0,4,0,0,0,0,41,26020,595,39,53,11,9,9,0,0
Tyler Johnson,TBL,C,2016-11-19,false,PHI,6,5,-5,8,4,3,0,0,1,0,36,20464,420,18,11,9,7,8,161,142
Jack Johnson,CBJ,D,2016-11-25,false,TBL,0,3,6,12,0,0,0,0,0,0,27,24934,533,29,32,12,6,3,0,0
Stephen Johns,DAL,D,2016-12-03,false,COL,2,3,-3,12,0,0,0,0,1,0,20,21604,496,51,35,12,12,4,0,0
Marcus Johansson,WSH,L,2016-11-23,false,STL,7,6,5,4,2,2,0,0,3,1,35,19916,381,9,0,8,9,12,5,5
Ryan Johansen,NSH,C,2016-11-23,false,DAL,2,9,4,14,2,4,0,0,1,0,40,20837,440,22,6,21,9,9,153,149
Nick Jensen,DET,D,2017-02-04,false,NSH,1,4,2,2,0,0,0,0,0,0,26,17898,417,19,18,8,10,1,0,0
Boone Jenner,CBJ,C,2016-11-25,false,TBL,2,4,-6,8,0,1,0,0,0,0,43,16724,377,39,18,13,5,8,35,20
Dmitrij Jaskin,STL,R,2016-11-23,false,WSH,0,5,4,6,0,0,0,0,0,0,19,12902,308,31,5,9,5,3,3,4
Calle Jarnkrok,NSH,C,2016-11-23,false,DAL,3,1,-1,2,0,0,0,0,0,0,22,16175,409,8,3,12,6,6,82,98
Jaromir Jagr,FLA,R,2016-11-20,false,NYR,2,7,1,12,1,1,0,0,0,0,45,18537,363,5,2,14,10,14,0,0
Matt Irwin,NSH,D,2016-12-06,false,COL,3,3,7,4,0,0,0,0,1,0,26,16714,388,41,33,12,11,4,0,0
Jarome Iginla,COL,R,2016-11-23,false,EDM,2,2,0,31,1,1,0,0,0,0,36,16984,379,21,5,9,8,7,4,4
Zach Hyman,TOR,C,2016-11-22,false,CAR,2,1,-4,6,0,0,0,0,1,0,41,18753,430,32,12,14,5,13,7,12
Ben Hutton,VAN,D,2016-11-19,false,CHI,2,2,-8,12,0,2,0,0,1,1,35,23865,491,16,25,14,14,9,0,0
Matt Hunwick,TOR,D,2016-12-11,false,COL,0,6,5,2,0,0,0,0,0,0,18,20450,478,34,28,13,15,11,0,0
Jiri Hudler,DAL,R,2017-01-14,false,MIN,2,3,2,4,0,0,0,0,1,0,15,14130,348,6,2,7,4,7,1,2
Jonathan Huberdeau,FLA,L,2017-03-17,false,NYR,6,10,5,4,1,3,0,0,2,1,49,20503,437,17,3,14,17,10,2,4
Marian Hossa,CHI,R,2016-11-21,false,EDM,11,6,5,6,3,3,0,0,3,2,47,19576,453,5,11,17,3,13,4,5
Bo Horvat,VAN,C,2016-11-19,false,CHI,6,4,-7,12,0,1,2,0,0,0,28,19239,452,26,6,22,3,8,154,152
Patric Hornqvist,PIT,R,2016-12-03,false,DET,6,11,4,2,5,3,0,0,1,0,72,18510,434,53,24,14,3,9,1,4
Korbinian Holzer,ANA,D,2017-01-23,false,WPG,0,5,-2,6,0,0,0,0,0,0,9,15669,347,44,21,5,7,2,0,0
Peter Holland,ARI,C,2017-01-06,false,ANA,0,4,-6,10,0,0,0,0,0,0,29,15091,328,15,2,18,4,3,75,103
Nick Holden,NYR,D,2016-11-20,false,FLA,2,8,14,6,1,0,0,0,0,0,13,22187,499,34,21,10,15,8,0,0
Mike Hoffman,OTT,L,2016-11-26,false,CAR,4,7,-3,10,2,2,0,0,2,0,62,19510,391,12,8,18,10,11,1,2
Joshua Ho-Sang,NYI,R,2017-04-06,false,CAR,4,6,-1,10,1,1,0,0,0,0,20,18790,356,4,2,9,18,8,0,2
Niklas Hjalmarsson,CHI,D,2016-11-21,false,EDM,2,2,4,2,0,0,0,0,0,0,12,24260,534,6,41,2,11,5,0,0
Vinnie Hinostroza,CHI,L,2016-12-06,false,ARI,1,2,-3,4,0,0,0,0,0,0,22,12904,285,12,9,12,7,9,36,66
Thomas Hickey,NYI,D,2016-11-23,false,LAK,1,3,1,2,0,1,0,0,0,0,24,21515,426,27,44,12,10,2,0,0
Tomas Hertl,SJS,C,2017-01-31,false,CHI,5,5,-1,10,1,1,0,0,2,0,43,18801,429,33,6,16,6,11,90,70
Adam Henrique,NJD,C,2016-11-23,false,TOR,3,5,7,10,0,0,0,0,1,1,29,20757,442,27,18,12,11,7,143,151
Matt Hendricks,EDM,L,2017-01-14,false,CGY,1,2,-8,15,0,0,0,0,1,0,19,12978,316,33,24,5,4,2,54,46
Darren Helm,DET,C,2017-01-22,false,NYR,5,3,7,10,2,0,0,1,1,0,34,17168,417,26,7,9,7,11,114,92
Victor Hedman,TBL,D,2016-11-19,false,PHI,3,10,6,12,1,4,0,0,2,0,34,27718,538,21,28,18,14,10,0,0
Kevin Hayes,NYR,C,2016-11-20,false,FLA,8,8,15,6,0,1,1,0,1,0,27,18502,426,10,16,10,22,16,105,123
Jimmy Hayes,BOS,R,2016-11-25,false,CGY,0,0,-11,16,0,0,0,0,0,0,33,12098,280,27,2,6,4,6,1,4
Erik Haula,MIN,L,2016-12-09,false,EDM,4,3,1,8,0,0,0,0,0,0,39,16739,400,10,9,7,6,10,111,109
Garnet Hathaway,CGY,R,2016-12-31,false,ARI,1,3,1,37,0,0,0,0,0,0,15,10433,262,40,13,6,3,5,10,8
Scott Hartnell,CBJ,L,2016-11-25,false,TBL,4,7,5,4,1,0,0,0,0,0,24,14130,351,17,10,7,9,3,0,0
Ryan Hartman,CHI,L,2016-11-29,false,FLA,5,1,1,2,0,0,0,0,1,0,37,12644,290,23,9,8,6,5,4,5
Scott Harrington,CBJ,D,2017-04-02,false,WSH,1,2,4,6,0,0,0,0,0,0,9,14146,334,17,20,9,4,2,0,0
Martin Hanzal,ARI,C,2016-12-05,false,CBJ,5,4,-10,18,2,2,0,0,1,1,49,21263,464,40,15,14,16,6,219,183
Jannik Hansen,VAN,R,2017-02-04,false,MIN,5,5,-2,25,0,0,0,0,1,0,35,18469,417,19,3,18,6,11,0,0
Noah Hanifin,CAR,D,2016-11-24,false,MTL,1,7,-8,10,1,3,0,0,0,0,33,19991,410,14,9,12,12,7,0,0
Travis Hamonic,NYI,D,2016-11-30,false,PIT,2,4,-11,23,0,1,0,0,0,0,27,23473,439,27,38,17,13,7,0,0
Dougie Hamilton,CGY,D,2016-11-18,false,CHI,2,4,-7,20,0,1,0,0,1,0,50,21313,500,31,20,13,13,3,0,0
Freddie Hamilton,CGY,C,2017-01-17,false,FLA,1,0,-1,6,0,0,0,0,1,0,22,11010,264,30,1,8,1,3,58,40
Dan Hamhuis,DAL,D,2016-11-21,false,MIN,0,5,-4,8,0,0,0,1,0,0,25,23555,521,25,28,11,10,4,0,0
Taylor Hall,NJD,L,2016-12-09,false,STL,8,12,-1,6,4,3,0,0,2,1,68,23241,461,22,13,19,8,12,1,3
Micheal Haley,SJS,C,2016-12-16,false,MTL,0,3,-1,32,0,0,0,0,0,0,12,8964,233,56,7,7,7,7,4,6
Ron Hainsey,CAR,D,2016-11-24,false,MTL,1,5,-1,6,0,0,1,0,0,0,21,24977,508,29,20,11,14,4,0,0
Carl Hagelin,PIT,L,2016-11-21,false,NYR,2,4,-1,2,0,0,0,1,0,0,39,19000,457,19,9,13,11,6,0,1
Carl Gunnarsson,STL,D,2016-11-28,false,DAL,0,1,-1,4,0,0,0,0,0,0,10,16061,409,14,25,6,1,0,0,0
Jake Guentzel,PIT,C,2017-02-16,false,WPG,6,5,4,6,0,0,0,0,0,0,28,17525,383,41,8,7,3,7,8,8
Radko Gudas,PHI,D,2016-12-01,false,OTT,1,6,1,21,0,1,0,0,0,0,29,23057,495,82,50,24,16,7,0,0
Eric Gryba,EDM,D,2016-12-31,false,VAN,1,1,1,34,0,0,0,0,1,0,20,19535,417,73,15,9,8,3,0,0
Mikhail Grigorenko,COL,C,2016-11-26,false,VAN,2,5,-2,8,0,3,0,0,0,0,25,14948,337,8,5,6,3,10,36,44
Seth Griffith,FLA,C,2016-12-23,false,DET,0,4,5,4,0,1,0,0,0,0,18,14279,322,25,4,18,5,2,1,4
Andy Greene,NJD,D,2016-11-23,false,TOR,2,3,-1,2,0,0,1,0,1,1,20,25347,538,20,46,15,12,6,0,0
Matt Greene,LAK,D,2016-12-16,false,PIT,1,1,3,19,0,0,0,0,0,0,11,15527,404,62,22,9,15,1,0,0
Mike Green,DET,D,2016-11-20,false,CGY,3,8,0,16,1,2,0,0,0,0,34,27471,542,16,26,15,17,9,0,0
Kevin Gravel,LAK,D,2016-12-20,false,CBJ,0,2,5,4,0,1,0,0,0,0,17,15952,386,24,29,8,10,0,0,0
Tyler Graovac,MIN,C,2016-12-11,false,STL,2,0,0,2,0,0,0,0,0,0,15,10355,262,20,3,12,1,6,58,60
Derek Grant,BUF,C,2016-11-21,false,CGY,0,2,-3,15,0,0,0,0,0,0,16,13236,333,14,11,10,3,5,104,95
Mikael Granlund,MIN,C,2016-11-23,false,WPG,4,8,3,2,1,3,1,0,2,0,36,22036,473,14,11,18,6,8,4,4
Markus Granlund,VAN,C,2016-11-19,false,CHI,5,2,-6,6,1,0,0,0,1,1,34,18780,428,10,3,14,4,11,28,38
Michael Grabner,NYR,R,2016-11-20,false,FLA,11,3,17,2,0,0,0,1,1,0,43,14670,395,9,13,11,7,18,2,1
Yanni Gourde,TBL,C,2017-04-07,false,MTL,6,2,-2,8,0,0,1,0,1,1,29,17446,401,11,3,11,4,12,56,97
Shayne Gostisbehere,PHI,D,2016-11-22,false,FLA,3,7,-5,10,1,4,0,0,1,0,51,23839,490,8,22,35,20,6,0,0
Josh Gorges,BUF,D,2016-11-21,false,CGY,0,0,-2,21,0,0,0,0,0,0,6,21974,517,46,38,6,5,0,0,1
Cody Goloubef,COL,D,2017-02-01,false,LAK,0,3,-12,15,0,0,0,0,0,0,18,20343,470,13,24,5,4,2,0,0
Alex Goligoski,ARI,D,2016-11-25,false,EDM,0,8,-7,4,0,2,0,0,0,0,33,26680,532,18,29,8,10,1,0,0
Luke Glendening,DET,C,2016-11-20,false,CGY,1,5,1,8,0,1,0,0,0,0,24,14308,350,51,22,10,2,6,77,74
Claude Giroux,PHI,C,2016-11-19,false,TBL,4,13,-9,4,3,7,0,0,0,0,48,22111,480,14,3,19,4,7,224,188
Zemgus Girgensons,BUF,C,2016-11-21,false,CGY,1,3,-5,4,0,0,0,0,0,0,34,14541,345,23,9,10,1,2,85,78
Dan Girardi,NYR,D,2016-11-27,false,OTT,3,3,12,6,0,0,0,1,3,0,18,20877,479,40,49,6,16,2,0,0
Mark Giordano,CGY,D,2016-11-18,false,CHI,1,5,-2,18,0,2,0,1,0,0,47,28369,586,14,47,21,6,14,0,0
Brian Gionta,BUF,R,2016-11-21,false,CGY,3,4,0,6,0,0,0,0,1,0,45,19676,412,15,8,14,6,5,7,8
Stephen Gionta,NYI,R,2017-03-27,false,NSH,1,4,6,0,0,0,0,0,0,0,12,12136,306,42,4,2,4,2,24,21
Ryan Getzlaf,ANA,C,2016-11-26,false,SJS,2,16,-2,12,1,6,0,0,1,0,40,22788,482,24,16,23,16,11,150,127
Eric Gelinas,COL,D,2017-01-14,false,NSH,0,1,-2,12,0,0,0,0,0,0,23,13835,332,21,12,10,5,2,0,1
Frederik Gauthier,TOR,C,2017-02-21,false,WPG,2,1,2,21,0,0,0,0,0,0,14,10996,319,14,14,5,3,4,111,105
Brendan Gaunce,VAN,C,2016-11-19,false,CHI,0,2,-3,20,0,0,0,0,0,0,15,10358,271,24,3,5,2,2,51,49
Johnny Gaudreau,CGY,L,2016-12-06,false,DAL,7,8,-7,0,1,2,0,0,1,0,51,21539,448,3,4,17,25,8,0,0
Jason Garrison,TBL,D,2016-11-19,false,PHI,0,2,-4,6,0,0,0,0,0,0,28,20825,464,22,31,15,12,6,0,0
Jake Gardiner,TOR,D,2016-11-22,false,CAR,4,5,4,6,1,1,0,0,0,0,27,22076,476,15,16,12,22,8,0,0
Brendan Gallagher,MTL,R,2016-11-19,false,TOR,4,6,5,18,1,0,0,0,1,0,50,17343,407,24,5,19,4,9,19,26
Alex Galchenyuk,MTL,C,2016-11-19,false,TOR,7,12,12,10,2,4,0,0,1,0,36,18053,408,9,9,12,11,6,85,130
Sam Gagner,CBJ,C,2016-11-26,false,FLA,7,5,5,0,2,3,0,0,1,0,42,15586,337,2,3,20,4,3,37,43
Marian Gaborik,LAK,R,2017-01-09,false,DAL,2,3,-3,4,1,1,0,0,0,0,41,16936,375,12,3,20,5,3,0,1
Michael Frolik,CGY,R,2016-11-18,false,CHI,6,6,-1,6,0,0,2,0,1,1,45,18110,415,14,14,12,8,12,6,6
Cody Franson,BUF,D,2016-11-21,false,CGY,1,4,-1,8,1,0,0,0,0,0,29,20669,453,15,16,7,8,1,0,0
Cam Fowler,ANA,D,2016-11-20,false,LAK,5,6,-1,2,3,3,0,0,1,0,39,27245,529,10,24,11,14,3,0,0
Gustav Forsling,CHI,D,2016-11-25,false,ANA,1,3,0,2,0,1,0,0,0,0,25,18111,389,11,6,6,14,1,0,0
Filip Forsberg,NSH,L,2016-11-23,false,DAL,2,13,-2,6,0,3,0,0,0,0,41,20962,474,32,5,23,9,19,5,6
Derek Forbort,LAK,D,2016-11-19,false,NJD,1,4,1,30,0,0,0,0,0,0,17,18833,447,42,41,6,11,2,0,0
Christian Folin,MIN,D,2016-11-25,false,PIT,0,2,8,16,0,0,0,0,0,0,18,19054,432,29,24,9,4,6,0,0
Marcus Foligno,BUF,L,2016-11-21,false,CGY,4,2,2,8,0,0,0,0,0,0,35,18852,416,65,15,11,9,9,0,1
Nick Foligno,CBJ,L,2016-11-25,false,TBL,8,11,1,22,4,6,0,0,0,0,37,20750,463,29,11,15,10,7,21,16
Brian Flynn,MTL,C,2016-12-16,false,SJS,3,2,3,2,0,0,0,0,0,0,19,13228,358,9,9,10,7,4,39,29
Mike Fisher,NSH,C,2016-12-03,false,NJD,5,8,-9,27,3,5,0,0,1,0,38,18612,426,44,16,14,1,6,176,137
Valtteri Filppula,TBL,C,2016-11-21,false,NSH,4,9,5,4,0,5,0,0,1,0,23,20591,417,8,9,5,9,10,154,200
Vernon Fiddler,NJD,C,2016-11-23,false,TOR,0,1,-4,13,0,0,0,0,0,0,17,14433,354,18,10,4,11,4,125,105
Kevin Fiala,NSH,L,2016-12-15,false,MIN,5,2,-2,6,0,0,0,0,1,0,45,14858,358,15,5,9,8,13,0,0
Micheal Ferland,CGY,L,2016-11-18,false,CHI,3,4,-1,5,1,1,0,0,0,0,25,12494,312,47,6,8,10,9,0,0
Eric Fehr,PIT,C,2016-11-21,false,NYR,2,1,-2,2,0,0,0,0,1,0,19,12504,319,20,14,5,3,15,25,22
Taylor Fedun,BUF,D,2017-01-24,false,NSH,0,7,3,8,0,3,0,0,0,0,22,16021,382,5,14,3,8,2,0,0
Justin Faulk,CAR,D,2016-11-29,false,NYR,3,4,-7,8,1,3,0,0,0,0,50,26968,514,34,22,27,18,11,0,0
Jesper Fast,NYR,R,2016-11-20,false,FLA,2,8,8,10,0,0,0,0,0,0,11,15283,375,27,8,7,4,14,6,5
Justin Falk,BUF,D,2016-12-27,false,DET,0,1,1,7,0,0,0,0,0,0,15,14774,372,32,8,11,6,2,0,0
Radek Faksa,DAL,C,2016-11-19,false,EDM,1,4,2,15,0,0,0,0,0,0,32,18892,481,22,17,17,5,14,145,164
Robby Fabbri,STL,C,2016-11-22,false,BOS,4,5,-5,15,3,2,0,0,0,0,30,18321,412,26,9,9,6,9,2,2
Adam Erne,TBL,L,2017-03-27,false,CHI,1,0,-6,11,0,0,0,0,0,0,31,13668,324,54,7,16,3,2,0,2
Loui Eriksson,VAN,L,2016-11-19,false,CHI,3,4,-7,0,1,1,0,1,0,0,33,21475,463,1,9,13,6,6,0,0
Jonathan Ericsson,DET,D,2016-11-20,false,CGY,0,4,3,35,0,0,0,0,0,0,16,20053,473,27,15,11,10,1,0,0
Toby Enstrom,WPG,D,2016-11-17,false,PHI,1,5,0,10,0,3,1,0,0,0,22,25537,545,4,27,9,12,5,0,0
Tyler Ennis,BUF,L,2017-02-02,false,NYR,2,2,-6,0,0,0,0,0,0,0,38,15675,335,12,10,7,4,9,0,3
Deryk Engelland,CGY,D,2016-11-18,false,CHI,1,3,8,19,0,0,0,0,1,0,23,21123,491,30,38,11,13,2,0,0
Alexei Emelin,MTL,D,2016-11-19,false,TOR,1,3,6,25,0,0,0,0,0,0,17,24131,484,61,41,7,21,3,0,0
Ryan Ellis,NSH,D,2016-11-23,false,DAL,3,6,6,19,0,3,0,0,2,0,28,26945,534,26,38,14,10,6,0,0
Lars Eller,WSH,C,2016-11-25,false,BUF,2,1,-1,18,0,0,0,0,0,0,24,15924,353,13,4,13,5,10,105,114
Oliver Ekman-Larsson,ARI,D,2016-11-25,false,EDM,5,4,-3,8,2,1,0,0,1,1,46,28149,535,32,17,23,14,6,0,0
Mattias Ekholm,NSH,D,2016-11-23,false,DAL,0,5,-4,10,0,1,0,1,0,0,29,26593,521,13,35,19,20,6,0,0
Aaron Ekblad,FLA,D,2016-11-20,false,NYR,5,0,-8,24,2,0,0,0,1,1,49,26307,452,41,17,21,11,8,0,0
Jack Eichel,BUF,C,2017-01-10,false,PHI,8,6,-1,4,4,3,0,0,2,0,71,22398,424,13,14,25,16,12,94,135
Nikolaj Ehlers,WPG,L,2016-11-17,false,PHI,4,13,4,8,0,2,0,0,1,0,47,20642,423,11,7,22,10,10,0,1
Joel Edmundson,STL,D,2016-12-15,false,NJD,0,3,-5,21,0,0,0,0,0,0,21,18284,458,36,24,8,4,4,0,0
Alexander Edler,VAN,D,2016-11-23,false,ARI,1,2,-9,4,1,1,0,0,0,0,42,28100,550,35,46,12,11,5,2,1
Jordan Eberle,EDM,C,2016-11-19,false,DAL,5,8,-6,4,1,2,0,0,0,0,55,20667,443,5,8,16,3,6,1,1
Patrick Eaves,DAL,R,2016-11-21,false,MIN,9,7,-4,4,5,3,0,0,1,0,48,19434,460,22,13,26,2,3,0,1
Cody Eakin,DAL,C,2017-01-09,false,LAK,0,2,-9,21,0,1,0,0,0,0,20,16853,424,25,9,16,6,1,136,129
Ryan Dzingel,OTT,L,2016-11-22,false,MTL,5,5,4,2,0,1,1,0,1,0,34,15647,360,12,10,9,4,9,2,3
Christian Dvorak,ARI,C,2016-12-03,false,CBJ,2,5,-1,4,0,1,0,0,0,0,19,16191,343,18,19,7,3,1,93,124
Brian Dumoulin,PIT,D,2016-11-21,false,NYR,0,2,-6,10,0,0,0,0,0,0,28,22716,524,35,23,8,12,7,0,0
Gabriel Dumont,TBL,C,2017-02-27,false,OTT,1,1,-2,18,0,0,0,0,0,0,20,10590,269,37,5,6,3,3,54,43
Matt Dumba,MIN,D,2016-11-23,false,WPG,2,5,4,10,1,2,0,0,1,1,40,23490,467,27,18,15,7,7,0,0
Anthony Duclair,ARI,L,2016-11-25,false,EDM,1,2,-1,4,0,0,0,0,0,0,23,15345,351,8,2,8,10,8,0,0
Matt Duchene,COL,C,2016-12-03,false,DAL,7,7,-4,2,0,2,0,0,3,1,45,20974,452,5,17,14,10,18,116,78
Brandon Dubinsky,CBJ,C,2016-11-29,false,TBL,2,5,-2,15,0,1,0,0,1,0,19,20368,466,58,17,15,9,10,192,167
Jonathan Drouin,TBL,L,2016-12-03,false,WSH,3,7,-4,6,2,2,0,0,0,0,54,19269,372,15,7,12,20,12,27,33
Leon Draisaitl,EDM,C,2016-11-19,false,DAL,4,7,-6,2,2,1,0,0,0,0,34,19107,404,6,7,15,16,11,135,131
Nic Dowd,LAK,C,2016-11-23,false,NYI,2,8,-4,2,1,2,0,0,1,1,24,15678,376,53,12,9,6,3,105,128
Drew Doughty,LAK,D,2016-11-19,false,NJD,2,5,3,14,0,1,0,0,0,0,43,30908,636,33,35,18,20,2,1,0
Jake Dotchin,TBL,D,2017-03-09,false,MIN,0,5,6,23,0,0,0,0,0,0,22,20446,434,49,9,15,8,3,0,0
Joonas Donskoi,SJS,R,2016-11-21,false,NJD,2,5,-1,8,1,2,0,0,0,0,35,16930,403,8,7,19,10,12,0,0
Max Domi,ARI,L,2016-11-25,false,EDM,3,11,-4,13,1,3,0,0,1,0,44,20075,419,14,8,16,13,6,3,3
Shane Doan,ARI,R,2016-11-25,false,EDM,2,4,-2,2,1,1,0,0,0,0,38,18042,375,34,11,8,7,2,29,32
Brenden Dillon,SJS,D,2016-11-21,false,NJD,0,1,-1,14,0,0,0,0,0,0,21,17895,411,41,17,12,4,0,0,0
Phillip Di Giuseppe,CAR,L,2017-02-19,false,TOR,1,1,-12,13,0,0,0,0,1,1,35,13866,321,30,8,14,7,7,0,2
Nicolas Deslauriers,BUF,L,2017-01-10,false,PHI,0,0,-4,9,0,0,0,0,0,0,10,9109,211,53,3,6,0,1,0,0
Andrew Desjardins,CHI,L,2016-12-23,false,COL,0,0,-2,6,0,0,0,0,0,0,24,11445,265,28,6,4,4,4,23,20
David Desharnais,MTL,C,2016-11-22,false,OTT,3,3,2,2,0,1,0,0,0,0,15,14740,342,0,5,6,3,9,42,53
Jason Demers,FLA,D,2016-11-20,false,NYR,2,6,-3,6,0,3,0,1,0,0,21,22718,453,16,19,22,9,11,0,0
Michael Del Zotto,PHI,D,2016-12-22,false,NJD,4,5,-3,4,0,0,0,0,0,0,34,21659,492,78,39,12,9,3,0,0
Dylan DeMelo,SJS,D,2017-03-12,false,DAL,1,4,0,10,0,0,0,0,0,0,22,17474,403,24,21,10,8,3,0,0
Danny DeKeyser,DET,D,2016-11-20,false,CGY,1,2,-3,15,0,0,0,0,0,0,10,24974,540,22,35,9,11,2,0,0
Anthony DeAngelo,ARI,D,2016-12-29,false,NYR,3,6,-3,4,2,4,0,0,0,0,35,21902,448,11,26,13,10,2,0,0
Brandon Davidson,EDM,D,2017-02-02,false,NSH,0,1,2,6,0,0,0,0,0,0,24,16629,388,18,35,9,13,1,0,0
Laurent Dauphin,ARI,C,2016-12-10,false,NSH,2,1,0,8,0,0,1,0,1,0,25,12467,307,28,8,3,2,7,26,28
Marko Dano,WPG,C,2016-12-06,false,DET,3,5,1,6,2,0,0,0,0,0,24,13856,330,41,10,12,8,11,1,3
Phillip Danault,MTL,L,2016-11-19,false,TOR,5,4,1,4,0,0,0,0,1,0,28,15246,379,17,18,10,9,3,56,55
Trevor Daley,PIT,D,2016-11-21,false,NYR,2,5,2,12,1,1,0,1,0,0,25,24138,561,4,34,18,6,12,0,0
Klas Dahlbeck,CAR,D,2017-02-24,false,OTT,1,2,-4,18,0,0,0,0,0,0,13,15156,357,30,16,7,8,4,0,0
Austin Czarnik,BOS,C,2016-11-29,false,PHI,2,3,-3,6,0,1,0,0,1,0,26,15957,381,7,13,8,6,7,5,20
Matt Cullen,PIT,C,2016-11-21,false,NYR,3,6,-1,4,0,1,0,0,1,0,23,16117,412,9,3,15,7,3,135,119
Lawson Crouse,ARI,L,2016-12-03,false,CBJ,1,0,-7,10,0,0,0,0,0,0,19,12154,299,40,10,5,1,5,0,0
Sidney Crosby,PIT,C,2016-12-03,false,DET,16,10,3,8,5,2,0,0,3,0,67,22057,474,23,5,17,21,8,215,237
Joseph Cramarossa,ANA,C,2016-12-15,false,BOS,2,3,-1,30,0,0,0,0,0,0,14,12313,309,42,11,7,8,5,2,0
Adam Cracknell,DAL,R,2016-11-19,false,EDM,2,1,2,0,0,0,0,0,0,0,22,11852,300,25,13,12,5,2,33,36
Charlie Coyle,MIN,C,2016-11-23,false,WPG,5,7,4,18,3,0,0,0,1,0,45,20792,448,23,17,14,10,10,11,11
Sean Couturier,PHI,C,2016-11-19,false,TBL,5,3,-5,14,0,1,0,1,1,0,30,21328,492,13,14,16,12,12,160,167
Logan Couture,SJS,C,2016-11-21,false,NJD,5,5,-1,2,3,0,0,0,0,0,64,20851,467,7,12,15,17,9,76,141
Nick Cousins,PHI,C,2016-11-27,false,CGY,3,4,0,6,1,1,0,0,0,0,29,13259,309,22,9,5,3,7,28,68
Andrew Copp,WPG,C,2016-12-06,false,DET,4,3,0,4,0,0,1,0,1,0,19,14665,374,27,11,8,4,10,26,40
Kyle Connor,WPG,L,2016-11-29,false,NJD,1,3,-8,4,0,2,0,0,1,0,21,14038,311,1,8,12,5,9,1,1
Brett Connolly,WSH,R,2016-12-27,false,NYI,3,1,0,12,1,0,0,0,0,0,26,12229,277,36,2,6,3,6,3,4
Kevin Connauton,ARI,D,2017-02-26,false,BUF,0,1,-3,8,0,0,0,0,0,0,17,14215,345,38,14,12,3,4,0,0
J.T. Compher,COL,L,2017-04-06,false,MIN,3,2,2,4,1,0,0,0,1,0,28,16659,371,11,16,11,4,6,73,76
Blake Comeau,COL,L,2016-12-03,false,DAL,3,2,-2,20,2,0,0,0,0,0,30,17987,414,39,7,11,4,9,49,49
Blake Coleman,NJD,C,2017-03-31,false,NYI,1,1,-4,23,0,0,0,0,0,0,23,14565,327,41,12,7,10,10,81,97
Ian Cole,PIT,D,2016-11-21,false,NYR,1,2,2,17,0,0,0,0,0,0,21,20784,472,44,43,22,10,4,0,0
Joe Colborne,COL,C,2016-11-26,false,VAN,3,1,-5,8,2,0,0,0,0,0,21,14300,336,18,6,5,4,3,29,40
Andrew Cogliano,ANA,L,2016-11-20,false,LAK,5,4,6,8,0,0,2,0,0,0,42,17026,436,19,10,4,4,6,1,6
Braydon Coburn,TBL,D,2016-11-19,false,PHI,0,4,3,12,0,0,0,0,0,0,23,18721,413,22,11,8,7,0,0,0
Cal Clutterbuck,NYI,R,2016-11-25,false,SJS,2,5,-2,8,0,0,0,0,1,0,33,17858,442,72,9,11,9,8,1,2
Kyle Clifford,LAK,L,2016-11-20,false,ANA,2,2,2,33,0,0,0,0,0,0,34,11731,276,39,2,9,1,7,0,1
Adam Clendening,NYR,D,2017-02-09,false,NSH,1,7,6,10,1,1,0,0,0,0,24,18295,419,10,19,10,13,6,0,0
Fredrik Claesson,OTT,D,2017-02-19,false,WPG,0,5,-1,0,0,0,0,1,0,0,11,11904,298,21,5,4,10,1,0,0
Casey Cizikas,NYI,C,2016-11-23,false,LAK,2,4,-1,12,0,1,0,0,1,0,23,16863,439,47,22,4,8,9,140,161
Jakob Chychrun,ARI,D,2016-12-08,false,CGY,1,3,-5,23,0,0,0,0,0,0,23,19246,419,31,26,19,10,3,0,0
Jason Chimera,NYI,L,2016-11-23,false,LAK,1,5,-6,16,0,0,0,0,0,0,27,15621,386,35,9,5,5,3,4,8
Alex Chiasson,CGY,R,2016-11-18,false,CHI,2,2,1,14,0,0,0,0,0,0,27,14803,374,22,3,7,6,6,0,10
Ben Chiarot,WPG,D,2016-11-19,false,BOS,0,3,-4,10,0,0,0,0,0,0,12,16053,344,24,25,2,12,3,0,0
Zdeno Chara,BOS,D,2016-11-22,false,STL,1,5,12,19,0,1,0,0,0,0,27,25866,491,30,41,11,17,11,0,0
Michael Chaput,VAN,C,2016-12-16,false,TBL,0,3,-5,11,0,0,0,0,0,0,15,11739,294,24,5,1,3,2,84,79
Cody Ceci,OTT,D,2016-11-22,false,MTL,0,2,-9,6,0,0,0,1,0,0,32,26010,606,37,42,13,18,5,0,0
Jeff Carter,LAK,C,2016-11-19,false,NJD,7,7,2,6,0,1,1,0,4,1,59,20819,446,19,9,21,9,7,182,149
William Carrier,BUF,L,2016-12-16,false,NYI,1,1,1,6,0,0,0,0,0,0,28,10696,274,59,3,7,3,4,1,1
Connor Carrick,TOR,D,2016-11-26,false,WSH,1,2,4,22,0,0,0,0,0,0,30,20040,472,21,25,12,17,6,0,0
Daniel Carr,MTL,L,2016-12-22,false,MIN,1,3,4,6,0,0,0,0,1,0,27,11520,283,16,7,11,3,3,1,1
John Carlson,WSH,D,2016-11-23,false,STL,0,8,3,0,0,2,0,0,0,0,45,26273,483,15,27,22,23,7,0,0
Brandon Carlo,BOS,D,2016-11-22,false,STL,2,2,9,15,0,0,0,0,0,0,23,25491,502,18,38,14,5,3,0,0
Brian Campbell,CHI,D,2016-11-19,false,VAN,2,6,4,6,1,2,0,0,0,0,20,21005,438,14,18,10,14,0,0,0
Michael Cammalleri,NJD,L,2016-12-06,false,VAN,9,8,7,12,1,3,0,0,2,1,54,20153,420,14,3,20,11,10,6,5
Matt Calvert,CBJ,L,2016-12-05,false,ARI,2,1,1,12,0,0,1,0,1,0,26,16946,399,22,11,12,8,10,2,11
Drake Caggiula,EDM,L,2016-12-29,false,LAK,1,4,-3,2,1,1,0,0,0,0,18,14896,341,37,4,11,6,6,28,39
Paul Byron,MTL,L,2016-11-19,false,TOR,7,5,7,4,0,0,1,0,2,0,25,15865,417,23,6,3,6,8,2,0
Dustin Byfuglien,WPG,D,2016-11-17,false,PHI,1,9,1,19,0,1,0,0,0,0,51,32345,554,50,33,33,24,13,0,0
Alexandre Burrows,VAN,L,2016-11-29,false,MIN,4,5,3,25,0,0,0,1,0,0,43,15721,398,12,3,9,5,12,0,3
Brent Burns,SJS,D,2016-11-21,false,NJD,7,9,2,4,1,3,0,0,1,0,81,27113,513,19,36,33,30,8,0,0
Alexander Burmistrov,WPG,C,2016-11-20,false,CAR,0,2,-3,2,0,0,0,1,0,0,13,13021,291,24,4,6,6,3,45,79
Andre Burakovsky,WSH,L,2016-11-23,false,STL,2,7,0,2,0,0,0,0,0,0,36,16891,344,8,7,13,11,11,0,1
Pavel Buchnevich,NYR,R,2017-02-02,false,BUF,6,8,2,6,1,2,0,0,0,0,28,16494,386,6,4,14,15,9,1,2
Dustin Brown,LAK,R,2016-11-19,false,NJD,3,6,-5,10,1,2,1,0,1,0,42,18855,428,46,3,13,8,6,0,1
Connor Brown,TOR,R,2016-11-22,false,CAR,3,4,3,4,0,0,0,0,1,0,25,15990,404,18,16,11,1,7,0,0
J.T. Brown,TBL,R,2016-11-21,false,NSH,2,1,-4,34,0,0,1,0,1,0,20,12241,299,28,7,7,3,4,0,1
Troy Brouwer,CGY,R,2016-11-18,false,CHI,4,4,-4,10,0,2,1,0,0,0,30,19763,447,45,11,10,5,8,10,22
Kyle Brodziak,STL,C,2016-11-22,false,BOS,2,1,-2,19,0,0,0,0,1,0,19,11119,318,17,9,5,0,4,55,70
Jonas Brodin,MIN,D,2016-11-23,false,WPG,2,5,5,10,1,0,0,0,2,0,30,22397,487,4,28,15,9,3,0,0
TJ Brodie,CGY,D,2016-11-18,false,CHI,0,4,-11,4,0,2,0,0,0,0,25,27081,584,10,21,12,17,14,0,0
Justin Braun,SJS,D,2016-11-21,false,NJD,0,2,-4,4,0,0,0,0,0,0,20,22884,476,23,37,11,9,9,0,0
Derick Brassard,OTT,C,2016-11-22,false,MTL,3,6,-1,4,1,1,0,0,0,0,50,20580,428,22,3,22,11,16,164,163
Tyler Bozak,TOR,C,2016-11-22,false,CAR,5,9,-1,4,1,1,0,0,1,0,33,18103,422,15,5,10,10,11,175,123
Brian Boyle,TBL,C,2016-11-21,false,NSH,4,1,3,29,0,0,0,0,0,0,26,12936,313,26,13,5,3,6,59,58
Johnny Boychuk,NYI,D,2016-11-23,false,LAK,2,4,-3,2,0,1,1,0,1,0,47,23358,445,49,47,21,9,4,0,0
Jay Bouwmeester,STL,D,2016-11-19,false,NSH,1,2,-4,10,0,0,0,0,0,0,26,26370,576,19,25,10,9,5,0,0
Rene Bourque,COL,R,2016-11-29,false,NSH,8,2,-2,13,2,0,0,0,2,1,37,16918,392,31,9,15,2,7,0,3
Michael Bournival,TBL,L,2017-04-07,false,MTL,2,1,-3,2,0,0,0,0,0,0,25,11568,287,31,8,14,3,6,1,2
Lance Bouma,CGY,C,2016-12-27,false,COL,1,2,-2,13,0,0,0,0,0,0,10,13049,331,52,14,5,3,3,1,2
Reid Boucher,VAN,C,2017-02-19,false,PHI,1,2,1,2,0,0,0,0,0,0,27,11621,257,13,9,6,1,9,0,0
Robert Bortuzzo,STL,D,2017-01-26,false,MIN,1,2,5,2,0,0,0,0,0,0,25,16179,438,42,34,14,9,3,0,0
Mark Borowiecki,OTT,D,2016-11-22,false,MTL,0,0,-1,27,0,0,0,0,0,0,8,14147,390,64,26,5,5,1,0,0
Nick Bonino,PIT,C,2016-11-21,false,NYR,1,4,-5,4,0,1,1,0,0,0,28,19624,469,15,26,6,9,11,155,161
Jared Boll,ANA,R,2016-11-26,false,SJS,0,1,-5,31,0,0,0,0,0,0,7,7188,187,14,3,2,2,1,0,1
Zach Bogosian,BUF,D,2017-01-07,false,WPG,0,2,-9,15,0,0,0,0,0,0,18,22818,487,30,39,7,8,5,0,0
Mikkel Boedker,SJS,L,2016-11-21,false,NJD,2,0,-7,4,0,0,0,0,0,0,19,17317,413,14,5,16,12,7,2,8
Anton Blidh,BOS,L,2017-01-18,false,DET,1,1,-2,7,0,0,0,0,0,0,26,10006,237,41,4,11,4,4,0,0
Joseph Blandisi,NJD,L,2017-03-19,false,CBJ,2,5,-8,20,1,3,0,0,1,0,16,14722,348,27,3,10,2,6,55,59
Nick Bjugstad,FLA,C,2016-12-31,false,DAL,1,1,-9,10,0,1,0,0,0,0,30,15897,363,29,3,10,7,7,56,68
Oliver Bjorkstrand,CBJ,R,2017-03-16,false,FLA,5,5,6,6,0,0,0,0,2,0,43,15857,355,12,5,10,5,8,1,0
Anthony Bitetto,NSH,D,2017-03-04,false,CHI,0,3,-3,17,0,0,0,0,0,0,14,13443,330,28,18,8,5,0,0,0
Kevin Bieksa,ANA,D,2016-11-20,false,LAK,1,0,0,21,1,0,0,0,0,0,31,23205,461,43,16,13,5,3,0,0
Alex Biega,VAN,D,2017-02-14,false,PIT,0,2,-1,12,0,0,0,0,0,0,20,16769,413,47,16,17,3,4,0,0
Patrik Berglund,STL,C,2016-11-19,false,NSH,1,3,-3,8,0,0,0,0,0,0,30,17029,433,37,10,16,4,5,124,112
Patrice Bergeron,BOS,C,2016-11-27,false,TBL,3,3,-1,4,1,1,0,0,1,0,70,20998,450,13,13,26,5,7,263,181
Matt Benning,EDM,D,2016-12-06,false,BUF,0,4,5,6,0,1,0,0,0,0,28,19341,431,44,21,13,13,1,0,0
Sam Bennett,CGY,C,2016-11-18,false,CHI,4,5,-1,26,1,0,0,0,0,0,27,17543,398,36,5,12,6,12,84,93
Beau Bennett,NJD,R,2016-11-25,false,DET,1,6,-2,6,1,1,0,0,0,0,34,15854,332,17,3,16,7,6,1,3
Jamie Benn,DAL,L,2016-11-19,false,EDM,5,10,-7,25,4,2,0,0,1,0,49,22748,545,31,10,21,9,16,91,77
Jordie Benn,DAL,D,2016-11-23,false,NSH,1,5,0,12,0,2,0,0,0,0,25,21929,505,13,35,15,11,2,0,0
Pierre-Edouard Bellemare,PHI,L,2016-11-19,false,TBL,0,3,5,2,0,0,0,1,0,0,24,15824,388,22,16,9,3,3,103,118
Matt Beleskey,BOS,L,2016-11-24,false,OTT,2,3,-6,15,0,2,0,0,0,0,33,17454,376,45,10,14,5,4,20,30
Anthony Beauvillier,NYI,C,2016-12-08,false,STL,2,5,4,4,0,0,0,0,0,0,17,13805,305,22,6,5,6,4,20,16
Nathan Beaulieu,MTL,D,2016-11-19,false,TOR,1,5,6,13,0,2,0,0,1,0,22,20109,427,22,32,8,23,6,0,0
Francois Beauchemin,COL,D,2016-11-23,false,EDM,0,4,1,6,0,1,0,0,0,0,27,22986,514,19,38,12,11,6,0,0
Jay Beagle,WSH,C,2016-11-23,false,STL,4,4,5,2,0,0,1,1,2,0,27,14426,351,11,10,5,5,3,131,92
Matt Bartkowski,CGY,D,2017-03-29,false,LAK,1,1,1,9,0,0,0,0,0,0,12,17203,407,34,10,7,10,3,0,0
Tyson Barrie,COL,D,2016-11-23,false,EDM,2,7,-7,6,0,3,0,0,1,0,44,25746,535,12,22,23,11,4,0,0
Aleksander Barkov,FLA,C,2016-11-20,false,NYR,2,9,0,0,0,3,0,0,1,1,32,21509,422,11,9,13,5,14,134,140
Mark Barberio,MTL,D,2017-01-12,false,MIN,0,3,-1,6,0,1,0,0,0,0,23,16846,362,8,20,6,12,3,0,0
Ivan Barbashev,STL,C,2017-03-18,false,ARI,3,2,3,2,0,0,0,0,1,0,11,12281,290,27,8,7,2,3,49,69
Justin Bailey,BUF,R,2017-02-19,false,CHI,2,1,5,2,0,0,0,0,1,0,23,12476,294,17,9,8,6,6,0,0
Josh Bailey,NYI,R,2016-11-23,false,LAK,3,7,0,0,1,1,0,0,1,1,38,21736,453,10,20,14,9,10,4,3
Sven Baertschi,VAN,L,2016-11-19,false,CHI,1,5,-6,0,0,1,0,0,1,0,31,16661,381,11,10,7,4,4,1,0
Nicklas Backstrom,WSH,C,2016-11-23,false,STL,5,13,1,10,0,8,0,0,1,0,40,21069,435,19,7,5,11,11,166,137
Mikael Backlund,CGY,C,2016-11-18,false,CHI,1,6,-2,6,0,1,0,2,0,0,41,19774,460,12,17,10,10,7,173,160
David Backes,BOS,R,2016-12-01,false,CAR,6,4,6,23,2,1,0,0,1,0,49,20731,423,57,13,16,10,6,35,42
Yohann Auvitu,NJD,D,2016-12-01,false,CHI,2,2,4,2,0,1,0,0,0,0,45,18301,396,14,8,10,8,6,0,0
Cam Atkinson,CBJ,R,2016-11-25,false,TBL,8,11,-1,4,4,5,1,0,2,1,56,20424,465,8,8,17,2,8,2,0
Andreas Athanasiou,DET,C,2016-12-20,false,TBL,5,1,-1,7,0,0,0,0,0,0,31,13985,321,9,5,15,5,4,21,22
Viktor Arvidsson,NSH,L,2016-11-23,false,DAL,6,6,-1,8,1,2,1,1,0,0,60,17158,413,8,10,17,7,6,2,1
Joel Armia,WPG,R,2017-01-11,false,MTL,2,3,-3,8,0,0,0,0,0,0,39,17340,401,16,6,10,11,12,2,4
Artem Anisimov,CHI,C,2016-11-21,false,EDM,8,10,11,14,1,3,0,0,3,1,31,20263,435,10,6,13,0,8,123,158
Sven Andrighetto,MTL,R,2017-01-26,false,NYI,2,5,6,4,0,1,0,0,0,0,20,12323,302,20,8,13,1,5,0,0
Andy Andreoff,LAK,L,2017-01-24,false,NJD,0,2,0,22,0,0,0,0,0,0,15,12312,282,36,6,9,6,2,32,20
Josh Anderson,CBJ,R,2016-11-25,false,TBL,6,1,8,19,0,0,0,0,1,0,28,13646,353,28,13,6,8,3,5,8
Karl Alzner,WSH,D,2016-11-23,false,STL,2,2,6,8,0,0,0,0,0,0,22,23133,495,21,27,7,10,5,0,0
Sebastian Aho,CAR,R,2016-11-24,false,MTL,2,8,-2,2,0,3,0,0,0,0,40,17064,376,8,2,20,12,6,0,1
Noel Acciari,BOS,C,2017-01-02,false,NJD,0,2,0,4,0,0,0,0,0,0,15,11139,264,44,3,6,3,7,9,12
Justin Abdelkader,DET,L,2016-11-25,false,NJD,3,4,-3,13,2,0,0,1,0,0,33,19487,407,44,8,11,5,7,0,4
Kyle Rau,FLA,C,2016-12-08,false,PIT,2,1,-1,4,0,0,0,0,0,0,17,11483,264,21,2,4,1,5,2,1
Tyler Pitlick,EDM,R,2016-11-19,false,DAL,6,1,-1,4,0,0,0,0,1,0,32,11114,274,43,6,4,5,1,2,1
Johan Larsson,BUF,C,2016-11-21,false,CGY,3,4,-5,10,1,0,0,0,2,0,24,20302,426,22,17,12,10,9,142,140
Erik Gudbranson,VAN,D,2016-11-19,false,CHI,0,3,-9,7,0,0,0,0,0,0,25,22628,482,38,25,8,15,3,0,0
Ryan Garbutt,ANA,C,2016-11-20,false,LAK,1,1,-4,12,0,0,0,1,1,0,18,11222,300,34,9,14,1,2,5,4
