James van Riemsdyk,TOR,L,2016-12-15,false,ARI,12,9,-3,12,2,3,0,0,1,0,84,27979,621,36,14,24,8,12,1,3
Trevor van Riemsdyk,CHI,D,2017-02-02,false,ARI,1,5,6,8,0,0,0,0,0,0,33,32311,708,12,48,16,20,12,0,0
Calvin de Haan,NYI,D,2016-12-15,false,CHI,1,6,8,26,0,0,0,0,0,0,42,31961,628,46,82,16,20,7,0,0
Jason Zucker,MIN,L,2016-12-15,false,NSH,6,11,16,10,0,0,0,0,0,0,45,23494,544,28,14,29,8,16,1,2
Mats Zuccarello,NYR,R,2016-12-09,false,CHI,7,11,0,8,2,2,0,0,0,0,64,32656,672,33,13,17,14,23,3,2
Mika Zibanejad,NYR,C,2017-02-09,false,NSH,7,14,4,8,0,5,0,0,0,0,64,29200,688,10,17,40,16,18,280,249
Henrik Zetterberg,DET,L,2016-12-11,false,PHI,6,14,3,8,1,3,0,0,0,0,62,33760,684,16,13,15,13,17,232,215
Travis Zajac,NJD,C,2016-12-15,false,STL,8,14,0,14,3,2,0,1,1,0,60,35196,748,38,10,9,8,13,322,286
Nikita Zaitsev,TOR,D,2016-12-15,false,ARI,0,10,-10,6,0,3,0,0,0,0,40,38332,849,65,42,30,22,15,0,0
Nikita Zadorov,COL,D,2016-12-18,false,WPG,0,5,-10,35,0,0,0,0,0,0,20,30182,702,71,37,17,10,7,0,0
Pavel Zacha,NJD,C,2016-12-23,false,PIT,2,5,-13,10,1,2,0,0,0,0,30,24176,512,26,16,11,7,5,85,120
Keith Yandle,FLA,D,2016-12-10,false,VAN,1,12,2,18,1,4,0,0,0,0,68,37959,712,10,30,32,23,8,0,0
Nail Yakupov,STL,R,2017-01-31,false,WPG,3,3,-6,10,0,0,0,0,0,0,23,18512,453,23,6,14,3,8,0,0
Miles Wood,NJD,L,2017-01-21,false,PHI,7,3,-5,33,1,0,0,0,0,0,48,20993,500,36,11,22,7,8,1,0
Luke Witkowski,TBL,D,2017-04-01,false,MTL,0,3,-2,37,0,0,0,0,0,0,19,17133,406,63,16,7,7,3,0,0
Daniel Winnik,WSH,L,2017-01-07,false,OTT,6,4,9,17,0,0,1,0,2,0,32,21031,484,13,17,13,14,10,4,5
Tommy Wingels,SJS,C,2016-12-20,false,CGY,4,2,0,13,0,0,0,0,2,0,34,16900,446,52,15,7,8,1,53,69
Scott Wilson,PIT,L,2016-12-17,false,TOR,4,6,-1,2,0,0,0,0,1,0,57,20041,499,68,14,16,5,7,1,0
Colin Wilson,NSH,L,2016-12-17,false,NYR,5,10,3,8,2,0,0,0,0,0,50,25798,594,18,11,15,8,13,0,5
Tom Wilson,WSH,R,2016-12-16,false,CAR,2,0,4,25,0,0,0,0,0,0,33,22342,521,63,11,5,5,15,0,4
Justin Williams,WSH,R,2016-12-16,false,CAR,7,3,-5,16,2,1,0,0,0,0,61,27657,570,10,19,34,13,15,37,26
Patrick Wiercioch,COL,D,2016-12-20,false,MIN,2,6,-5,17,0,0,0,0,0,0,33,30872,712,29,31,11,8,3,0,0
Chris Wideman,OTT,D,2016-12-22,false,ANA,1,7,2,12,0,1,0,0,1,0,41,22832,594,28,19,14,15,4,0,0
Dennis Wideman,CGY,D,2016-12-23,false,VAN,2,7,-1,18,2,2,0,0,0,0,53,36666,801,30,31,17,25,9,0,0
Ryan White,ARI,C,2016-12-19,false,CGY,2,3,-5,60,0,0,0,0,1,0,22,18186,431,89,16,9,2,3,34,45
Blake Wheeler,WPG,R,2016-12-06,false,DET,8,14,4,18,1,5,1,1,0,0,82,35851,756,45,19,26,21,15,39,46
Zach Werenski,CBJ,D,2016-12-18,false,VAN,6,15,8,8,3,8,0,0,1,1,77,37592,799,21,35,31,15,9,0,0
Alexander Wennberg,CBJ,C,2016-12-18,false,VAN,6,20,9,9,1,12,0,0,2,0,32,31415,699,27,24,9,13,13,201,253
Dale Weise,PHI,R,2016-12-17,false,DAL,2,2,0,10,1,0,0,0,1,0,36,21235,492,47,6,16,8,8,0,0
Yannick Weber,NSH,D,2016-12-17,false,NYR,0,3,7,19,0,0,0,0,0,0,28,19864,482,33,22,16,11,1,0,0
Shea Weber,MTL,D,2016-12-12,false,BOS,8,10,18,14,7,3,0,1,3,0,75,44854,832,64,61,36,35,4,0,0
Austin Watson,NSH,L,2016-12-22,false,LAK,1,5,5,26,0,0,0,1,0,0,31,20053,486,52,15,14,0,9,0,3
Joel Ward,SJS,R,2016-12-13,false,TOR,2,7,1,8,0,0,1,0,1,0,42,28256,663,29,23,19,20,15,71,81
Chris Wagner,ANA,C,2017-03-09,false,CHI,3,1,-2,6,0,0,0,0,0,0,30,16319,410,69,15,13,9,3,38,60
Radim Vrbata,ARI,R,2016-12-13,false,DET,8,11,-7,6,2,2,0,0,0,0,86,29624,635,24,8,32,10,16,10,12
Jakub Voracek,PHI,R,2016-12-08,false,EDM,10,18,-3,32,2,8,0,0,2,2,105,34216,720,9,8,37,16,11,0,6
Marc-Edouard Vlasic,SJS,D,2016-12-14,false,OTT,3,4,4,31,1,2,0,0,2,1,54,36824,740,8,52,27,25,6,0,0
Jimmy Vesey,NYR,L,2016-12-11,false,NJD,10,7,2,6,4,2,0,0,3,0,48,25335,561,22,11,17,12,16,1,4
Kris Versteeg,CGY,R,2017-01-06,false,VAN,7,11,1,8,3,4,0,0,1,0,45,23959,519,2,12,14,15,14,9,7
Antoine Vermette,ANA,C,2016-12-11,false,OTT,6,6,0,18,2,1,0,0,0,0,47,27973,728,26,20,20,11,7,312,166
Frank Vatrano,BOS,C,2017-02-28,false,ARI,10,6,-2,6,4,1,0,0,1,0,82,24481,564,37,8,35,4,6,2,5
Sami Vatanen,ANA,D,2016-12-11,false,OTT,2,10,7,8,2,6,0,0,0,0,40,38080,761,34,56,10,15,11,0,0
Thomas Vanek,DET,L,2017-01-07,false,SJS,10,15,3,14,3,3,0,0,1,0,71,26123,576,17,1,14,11,12,5,9
Chris VandeVelde,PHI,C,2016-12-08,false,EDM,5,5,-4,6,0,0,0,0,0,0,27,19800,497,43,23,9,6,5,16,12
Scottie Upshall,STL,R,2016-12-17,false,CHI,3,3,-7,15,0,0,0,0,0,0,29,17803,500,29,4,11,5,6,1,3
Fedor Tyutin,COL,D,2016-12-29,false,DAL,1,7,-13,10,0,0,0,0,0,0,22,32876,761,56,39,4,7,6,0,0
Kyle Turris,OTT,C,2016-12-11,false,ANA,11,8,0,8,1,3,0,0,3,2,56,33472,721,9,22,22,24,7,226,234
Nikita Tryamkin,VAN,D,2017-01-02,false,COL,1,3,3,25,0,0,0,0,0,0,27,28586,647,73,33,21,15,3,0,0
Jacob Trouba,WPG,D,2017-01-11,false,MTL,2,11,2,22,0,0,0,1,0,0,63,41285,813,44,59,30,32,15,0,0
Vincent Trocheck,FLA,C,2016-12-10,false,VAN,7,8,-10,10,0,3,0,0,1,1,73,36575,710,73,17,36,29,25,301,297
Jordin Tootoo,CHI,R,2016-12-29,false,NSH,0,0,-1,16,0,0,0,0,0,0,27,11508,295,24,5,11,6,5,1,0
Tyler Toffoli,LAK,C,2016-12-15,false,DET,7,12,14,10,2,1,0,1,0,0,85,30962,679,35,2,36,16,9,1,2
Jonathan Toews,CHI,C,2016-12-29,false,NSH,6,10,1,19,3,3,0,0,2,0,76,36256,751,18,11,19,18,12,383,263
Matthew Tkachuk,CGY,L,2016-12-16,false,CBJ,6,9,4,60,1,2,0,0,1,0,51,24928,553,30,7,24,9,15,4,5
Chris Tierney,SJS,C,2016-12-13,false,TOR,2,7,-2,0,0,0,1,1,1,0,29,23493,593,15,18,11,21,12,138,153
Shawn Thornton,FLA,L,2017-02-15,false,SJS,1,1,-6,30,0,0,0,0,0,0,20,12455,321,28,5,11,6,1,5,7
Joe Thornton,SJS,C,2016-12-13,false,TOR,2,16,2,8,0,7,0,0,0,0,28,32833,699,23,10,12,31,25,171,129
Chris Thorburn,WPG,R,2016-12-18,false,COL,3,0,-5,65,0,0,1,0,0,0,19,13888,389,46,18,2,3,2,9,12
Nate Thompson,ANA,C,2017-04-04,false,CGY,0,1,3,14,0,0,0,0,0,0,18,17858,464,67,9,5,5,6,124,113
Shea Theodore,ANA,D,2017-02-11,false,WSH,1,7,-12,26,1,1,0,1,0,0,49,29698,621,13,23,24,23,4,0,0
Teuvo Teravainen,CAR,L,2016-12-13,false,VAN,7,6,-2,6,2,4,0,0,1,0,49,27955,608,9,5,22,20,12,59,80
Matt Tennyson,CAR,D,2017-01-20,false,PIT,0,4,-2,0,0,0,0,0,0,0,26,24709,562,35,29,10,9,9,0,0
John Tavares,NYI,C,2016-12-15,false,CHI,9,14,2,22,3,3,0,0,0,0,85,34976,689,10,7,30,23,22,309,285
Tomas Tatar,DET,L,2016-12-11,false,PHI,4,7,-9,12,0,1,0,0,0,0,65,30205,661,29,11,27,9,12,3,3
Vladimir Tarasenko,STL,R,2016-12-11,false,MIN,14,18,0,4,3,9,0,0,3,2,106,32235,761,7,11,40,11,20,0,1
Christopher Tanev,VAN,D,2017-02-07,false,NSH,0,5,6,6,0,0,0,0,0,0,20,34800,790,7,53,13,16,7,0,0
Brandon Tanev,WPG,L,2016-12-06,false,DET,2,1,-5,24,0,0,0,0,1,0,39,20739,559,69,24,14,7,15,0,0
Brandon Sutter,VAN,C,2016-12-11,false,WSH,6,8,-16,2,2,2,0,0,1,1,68,34472,762,21,17,28,10,12,267,233
Ryan Suter,MIN,D,2016-12-15,false,NSH,4,13,19,14,1,5,1,0,0,0,57,47144,847,29,33,20,12,19,0,0
Andrej Sustr,TBL,D,2016-12-10,false,PIT,0,4,-9,23,0,0,0,0,0,0,44,30954,673,21,37,9,15,12,0,0
P.K. Subban,NSH,D,2016-12-15,false,MIN,7,10,-11,25,3,4,0,0,2,0,80,43601,804,26,43,21,35,17,0,0
Mark Stuart,WPG,D,2017-03-11,false,CGY,1,0,5,19,0,0,0,0,0,0,14,20248,490,43,55,3,15,3,0,0
Ryan Strome,NYI,C,2016-12-20,false,BOS,4,4,-5,14,1,1,0,0,0,0,47,24479,524,21,8,14,16,11,82,107
Mark Streit,PHI,D,2016-12-08,false,EDM,5,10,-4,14,1,4,0,0,1,0,54,34527,777,14,32,15,14,5,0,0
Anton Stralman,TBL,D,2016-12-31,false,CAR,1,10,2,4,0,5,0,0,0,0,44,39858,780,40,27,25,7,8,0,0
Michael Stone,ARI,D,2017-01-13,false,WPG,0,6,-7,6,0,3,0,0,0,0,33,35002,761,65,65,27,11,0,1,0
Mark Stone,OTT,R,2016-12-14,false,SJS,9,13,-2,8,4,5,0,0,2,0,47,31891,653,21,24,15,21,36,5,5
Chris Stewart,MIN,R,2016-12-15,false,NSH,4,3,-1,40,0,1,0,0,0,0,20,17759,435,34,7,5,6,8,1,4
Derek Stepan,NYR,C,2016-12-09,false,CHI,5,15,6,10,0,6,1,0,1,0,63,31195,710,5,23,12,21,18,245,274
Lee Stempniak,CAR,R,2016-12-13,false,VAN,6,9,4,18,2,2,0,0,0,0,44,27829,615,42,8,20,20,16,1,2
Alexander Steen,STL,L,2016-12-22,false,TBL,3,14,-12,31,0,7,0,0,0,0,44,34099,810,9,26,19,8,17,36,59
Troy Stecher,VAN,D,2016-12-31,false,EDM,1,9,-4,15,0,4,0,0,0,0,74,36384,719,20,28,29,11,10,0,0
Paul Stastny,STL,C,2016-12-11,false,MIN,7,8,1,22,2,4,0,0,2,0,46,35480,813,23,17,17,4,14,335,274
Viktor Stalberg,CAR,L,2016-12-16,false,WSH,7,2,-4,23,0,0,1,0,2,0,45,21609,553,55,8,13,13,17,0,2
Matt Stajan,CGY,C,2016-12-06,false,DAL,3,7,5,10,0,0,0,1,1,0,25,23581,560,24,22,18,5,9,153,130
Drew Stafford,WPG,R,2017-01-11,false,MTL,3,7,1,10,1,1,0,0,1,0,46,23867,549,27,1,11,15,5,2,7
Eric Staal,MIN,C,2016-12-15,false,NSH,9,13,13,12,1,3,0,1,4,0,84,33405,724,18,12,23,10,24,257,241
Jordan Staal,CAR,C,2016-12-31,false,TBL,7,7,-1,11,2,0,1,0,1,0,61,31959,750,59,11,24,16,22,284,189
Marc Staal,NYR,D,2016-12-09,false,CHI,3,3,8,10,0,0,0,1,0,0,32,34171,773,29,44,15,20,10,0,0
Jared Spurgeon,MIN,D,2016-12-23,false,NYR,2,10,22,12,0,1,0,1,0,0,55,41135,803,17,60,15,8,9,0,0
Ryan Spooner,BOS,C,2016-12-12,false,MTL,4,7,-1,8,2,1,0,0,1,1,56,25016,537,12,6,14,13,12,8,13
Jason Spezza,DAL,C,2016-12-27,false,ARI,7,13,-15,19,1,9,1,0,2,0,65,28770,681,7,10,40,17,13,168,147
Nikita Soshnikov,TOR,R,2017-01-06,false,NJD,1,3,1,6,0,1,0,0,0,0,37,18597,481,55,16,17,9,6,2,11
Carl Soderberg,COL,C,2016-12-16,false,FLA,4,5,-2,14,1,0,0,0,0,0,54,27742,639,14,20,13,7,13,171,149
Devante Smith-Pelly,NJD,R,2016-12-27,false,PIT,2,4,-7,4,0,2,0,0,0,0,49,23443,524,52,9,18,8,9,12,12
Craig Smith,NSH,R,2016-12-17,false,NYR,6,5,0,20,2,1,0,0,0,0,54,25113,581,36,6,39,14,12,35,39
Brendan Smith,DET,D,2017-02-12,false,MIN,2,3,-1,32,1,2,0,0,1,0,36,31860,715,38,33,14,22,4,0,0
Ben Smith,TOR,R,2017-02-02,false,STL,2,1,-3,4,0,0,0,0,0,0,25,20372,519,22,29,9,5,9,175,157
Reilly Smith,FLA,R,2016-12-10,false,VAN,4,6,-5,8,2,0,0,0,1,0,57,33752,696,27,7,25,9,25,1,1
Zack Smith,OTT,C,2016-12-11,false,ANA,4,4,-1,31,0,0,1,0,0,0,55,28104,636,51,17,19,23,14,125,116
Anton Slepyshev,EDM,L,2017-02-14,false,ARI,3,5,5,2,0,0,0,0,0,0,44,19481,452,44,8,10,11,10,1,2
Jaccob Slavin,CAR,D,2016-12-13,false,VAN,1,9,2,2,0,3,0,1,0,0,40,40466,784,11,58,18,17,20,0,0
Brady Skjei,NYR,D,2016-12-09,false,CHI,0,13,0,8,0,3,0,0,0,0,33,28943,645,43,24,15,23,4,0,1
Jeff Skinner,CAR,L,2016-12-16,false,WSH,12,14,-5,16,4,7,0,0,0,0,108,32018,658,13,10,40,23,32,5,11
Jack Skille,VAN,R,2016-12-28,false,LAK,3,2,-2,4,0,0,0,0,0,0,33,15174,376,44,8,10,5,8,0,0
Colton Sissons,NSH,C,2017-01-06,false,FLA,5,1,1,2,0,0,1,0,0,0,15,18097,470,56,13,6,6,7,86,88
Wayne Simmonds,PHI,R,2016-12-08,false,EDM,15,11,-8,27,8,5,1,0,1,0,75,33472,759,60,22,40,16,12,6,4
Jakob Silfverberg,ANA,R,2016-12-11,false,OTT,8,12,9,4,1,2,1,0,2,0,80,31862,747,17,15,26,18,15,1,3
Nick Shore,LAK,C,2016-12-16,false,PIT,1,4,-2,12,0,0,0,0,0,0,28,20689,496,22,12,12,9,6,122,151
Devin Shore,DAL,C,2016-12-10,false,PHI,4,8,-4,4,0,3,0,0,0,0,33,22598,554,17,24,13,5,12,113,129
Conor Sheary,PIT,L,2016-12-27,false,NJD,8,12,10,12,1,1,0,0,2,0,68,25902,591,10,11,16,11,11,0,0
Riley Sheahan,DET,C,2016-12-11,false,PHI,0,5,-11,12,0,1,0,0,0,0,44,24117,576,26,16,16,9,9,77,62
Logan Shaw,ANA,C,2017-01-21,false,MIN,1,1,-4,6,0,0,0,0,0,0,37,16013,442,32,11,11,2,7,34,72
Andrew Shaw,MTL,C,2016-12-12,false,BOS,6,9,12,58,1,2,0,0,0,0,58,26228,577,74,13,17,10,12,115,92
Kevin Shattenkirk,STL,D,2016-12-11,false,MIN,6,13,-3,25,5,7,0,0,0,0,57,35238,778,31,25,22,15,10,0,0
Patrick Sharp,DAL,L,2017-02-09,false,OTT,6,6,-12,25,0,0,1,0,0,0,85,28215,652,20,11,29,12,6,20,21
Michael Sgarbossa,FLA,C,2017-02-20,false,STL,2,6,-3,4,1,1,0,0,0,0,31,20626,510,32,15,7,9,3,121,154
Damon Severson,NJD,D,2016-12-15,false,STL,3,12,-15,27,0,6,0,0,1,0,46,36724,776,31,24,16,28,11,0,0
Devin Setoguchi,LAK,R,2016-12-28,false,VAN,4,5,-1,6,0,1,0,0,0,0,40,22856,535,41,4,19,15,9,2,2
Andrej Sekera,EDM,D,2016-12-08,false,PHI,4,9,9,8,0,3,1,0,0,0,32,36675,761,19,45,25,22,18,0,0
Dennis Seidenberg,NYI,D,2016-12-31,false,WPG,4,9,17,18,0,0,0,0,0,0,31,33594,644,43,62,6,18,2,0,0
Tyler Seguin,DAL,C,2016-12-10,false,PHI,10,19,-10,14,7,6,0,0,1,0,97,33038,728,28,7,44,13,13,178,165
Lukas Sedlak,CBJ,C,2016-12-22,false,PIT,2,5,6,10,0,0,0,0,0,0,24,16300,405,29,11,17,6,8,83,86
Daniel Sedin,VAN,L,2016-12-11,false,WSH,9,10,-5,12,4,3,0,0,1,0,80,32930,692,8,9,26,12,9,2,2
Henrik Sedin,VAN,C,2016-12-11,false,WSH,7,11,-8,6,1,6,0,0,1,1,33,34146,688,6,3,11,20,5,208,214
Brent Seabrook,CHI,D,2016-12-13,false,NYR,2,14,7,6,2,4,0,0,0,0,46,39140,821,46,40,20,34,8,0,0
Jaden Schwartz,STL,L,2016-12-19,false,EDM,11,8,0,6,3,1,0,0,3,1,72,33551,782,29,20,29,7,20,32,40
Justin Schultz,PIT,D,2016-12-12,false,ARI,4,10,16,6,1,2,0,0,0,0,53,29626,683,22,27,16,13,6,0,0
Jordan Schroeder,MIN,C,2017-03-02,false,CBJ,4,7,7,0,0,0,0,0,0,0,30,17087,381,21,11,9,5,8,7,11
Nate Schmidt,WSH,D,2016-12-29,false,NJD,0,6,3,10,0,0,0,0,0,0,30,26371,562,28,14,22,27,20,0,0
Nick Schmaltz,CHI,C,2017-01-20,false,BOS,2,4,-3,2,0,1,0,0,0,0,20,20161,459,13,10,4,7,17,49,105
David Schlemko,SJS,D,2016-12-30,false,PHI,1,7,4,8,1,2,0,0,0,0,57,29746,656,20,42,19,19,17,0,0
Luke Schenn,ARI,D,2016-12-21,false,EDM,0,2,-1,37,0,0,0,0,0,0,36,28166,649,98,45,17,11,6,0,0
Brayden Schenn,PHI,C,2016-12-14,false,COL,9,12,-4,24,6,7,0,0,4,1,66,30751,667,70,16,27,14,4,74,81
Mark Scheifele,WPG,C,2016-12-11,false,EDM,14,14,3,24,3,2,0,0,1,1,73,35606,703,28,14,17,14,23,239,296
Tim Schaller,BOS,C,2016-12-15,false,ANA,4,6,-8,17,0,0,0,0,1,0,45,22518,525,33,15,26,13,9,22,17
Colton Sceviour,FLA,C,2016-12-10,false,VAN,5,6,-6,12,1,2,2,0,1,0,55,25797,551,39,25,23,10,14,22,19
Marco Scandella,MIN,D,2017-01-12,false,MTL,2,2,-1,12,0,0,0,0,0,0,39,29769,658,21,38,12,14,9,0,0
Luca Sbisa,VAN,D,2016-12-11,false,WSH,0,7,3,15,0,0,0,0,0,0,26,30550,666,51,50,9,21,6,0,0
David Savard,CBJ,D,2016-12-18,false,VAN,1,8,16,18,0,0,0,0,0,0,48,37120,813,47,50,30,15,8,0,0
Steven Santini,NJD,D,2017-03-07,false,CBJ,2,5,-1,8,0,0,0,0,0,0,31,27995,651,61,30,13,8,1,0,0
Zach Sanford,STL,L,2017-03-18,false,ARI,3,1,0,8,0,0,0,0,2,0,25,17625,423,18,16,9,11,13,10,8
Brandon Saad,CBJ,L,2016-12-18,false,VAN,11,14,14,6,1,0,0,0,2,0,78,30097,705,8,9,31,8,19,1,2
Bobby Ryan,OTT,R,2016-12-22,false,ANA,7,7,2,10,1,2,0,0,0,0,45,26653,569,40,15,19,13,7,1,2
Derek Ryan,CAR,C,2017-01-13,false,BUF,8,10,-3,10,2,4,1,0,2,0,38,25086,570,15,15,14,17,8,149,114
Bryan Rust,PIT,R,2016-12-17,false,TOR,8,5,-1,4,0,0,0,1,1,1,54,22133,557,56,16,21,10,7,1,2
Kris Russell,EDM,D,2016-12-23,false,SJS,0,5,2,8,0,0,0,0,0,0,33,37349,797,33,86,14,24,14,0,0
Chad Ruhwedel,PIT,D,2017-03-24,false,NYI,2,6,7,8,0,1,0,0,0,0,40,30187,688,30,25,17,9,8,0,0
Antoine Roussel,DAL,L,2016-12-10,false,PHI,5,11,6,85,0,3,0,0,2,0,37,26774,701,41,18,20,18,7,3,4
Evan Rodrigues,BUF,L,2017-04-08,false,FLA,4,2,-6,4,1,0,0,0,0,0,51,22474,489,11,12,22,9,12,98,138
Brett Ritchie,DAL,R,2016-12-10,false,PHI,7,2,2,17,1,0,0,0,0,0,63,21699,535,51,8,21,6,3,1,0
Nick Ritchie,ANA,L,2016-12-15,false,BOS,7,4,2,14,1,0,0,0,1,0,58,23990,592,88,9,22,5,5,2,2
Rasmus Ristolainen,BUF,D,2016-12-16,false,NYI,2,19,-2,12,1,11,0,0,2,2,70,46399,893,82,56,32,23,10,0,0
Morgan Rielly,TOR,D,2016-12-15,false,ARI,1,14,-7,9,1,2,0,0,0,0,65,39601,919,14,50,34,37,13,0,0
Tobias Rieder,ARI,R,2016-12-17,false,MIN,7,6,-2,2,1,2,0,1,0,0,62,29819,669,9,14,24,7,15,1,3
Mike Ribeiro,NSH,C,2016-12-15,false,MIN,4,15,-1,12,2,3,0,0,0,0,25,27982,594,22,4,8,17,7,131,160
Sam Reinhart,BUF,C,2016-12-16,false,NYI,6,9,-1,4,2,4,0,0,1,0,66,30167,610,7,11,16,15,8,46,71
Ryan Reaves,STL,R,2016-12-15,false,NJD,2,2,1,16,0,0,0,0,1,0,19,13264,350,66,6,9,2,5,0,0
Matt Read,PHI,R,2017-01-04,false,NYR,6,4,-2,2,2,0,0,0,0,0,44,25563,600,45,17,11,8,10,3,8
Dennis Rasmussen,CHI,C,2016-12-15,false,NYI,2,3,1,6,0,0,0,0,0,0,32,21518,555,29,26,8,10,12,74,88
Victor Rask,CAR,C,2016-12-13,false,VAN,10,14,1,6,3,3,0,1,2,0,68,32759,708,8,11,14,17,17,171,192
Mikko Rantanen,COL,R,2016-12-27,false,CGY,5,10,-12,8,2,4,0,0,0,0,46,31784,655,5,15,17,11,20,18,8
Rickard Rakell,ANA,C,2017-01-04,false,DET,16,7,-2,6,4,3,0,0,3,0,77,30229,662,37,13,27,10,8,14,15
Michael Raffl,PHI,L,2017-01-01,false,ANA,7,2,1,13,0,0,0,0,2,0,38,23992,578,52,10,20,8,11,2,2
Alexander Radulov,MTL,R,2016-12-17,false,WSH,6,17,7,22,2,5,0,0,0,0,63,29656,653,26,12,28,21,20,2,2
Alan Quine,NYI,C,2017-01-11,false,FLA,3,6,0,2,1,0,0,0,1,0,39,21154,495,45,14,8,6,10,118,115
Kyle Quincey,NJD,D,2016-12-15,false,STL,2,7,6,14,0,0,0,0,0,0,38,30488,714,48,45,4,16,9,0,0
Mark Pysyk,FLA,D,2016-12-10,false,VAN,1,5,3,6,0,0,0,0,0,0,32,31647,615,21,34,16,7,14,0,1
Tom Pyatt,OTT,L,2016-12-11,false,ANA,2,5,1,6,0,0,0,1,0,0,33,27750,658,15,37,11,6,13,8,14
Matt Puempel,NYR,L,2017-01-31,false,CBJ,6,1,-9,11,3,0,0,0,1,0,33,16757,418,21,6,18,3,6,0,1
Ivan Provorov,PHI,D,2016-12-08,false,EDM,3,10,-5,10,0,2,0,0,1,0,50,35709,798,42,55,24,29,7,0,0
Dalton Prout,NJD,D,2017-04-09,false,DET,0,6,-1,44,0,0,0,0,0,0,13,24302,570,44,24,8,12,3,0,0
Nate Prosser,MIN,D,2017-03-07,false,STL,0,4,-3,4,0,1,0,0,0,0,13,22830,521,23,56,12,9,3,0,0
Shane Prince,NYI,L,2016-12-31,false,WPG,5,8,-8,6,1,1,0,0,2,0,46,22194,501,26,8,8,13,12,3,2
Benoit Pouliot,EDM,L,2016-12-19,false,STL,5,2,-2,22,0,0,0,0,1,0,40,26106,627,16,17,18,13,7,4,9
Paul Postma,WPG,D,2016-12-20,false,VAN,0,7,1,4,0,0,0,0,0,0,23,20731,471,14,20,8,11,2,0,0
Jason Pominville,MIN,R,2016-12-15,false,NSH,5,8,3,2,0,2,0,0,0,0,57,25302,608,19,19,23,3,10,16,15
Roman Polak,TOR,D,2016-12-28,false,FLA,2,2,1,28,0,0,0,0,0,0,24,30064,695,98,44,14,11,7,0,1
Brayden Point,TBL,C,2016-12-10,false,PIT,2,9,-1,8,2,2,0,0,0,0,55,26056,519,11,8,16,11,12,17,15
Tomas Plekanec,MTL,C,2016-12-12,false,BOS,2,11,5,8,0,3,1,0,1,0,56,30249,744,29,23,13,9,11,272,282
Brandon Pirri,NYR,R,2016-12-09,false,CHI,5,5,0,15,3,1,0,0,3,0,44,22166,494,19,11,23,9,12,83,59
Alex Pietrangelo,STL,D,2016-12-11,false,MIN,5,10,-8,12,3,3,0,0,1,0,68,43908,899,16,59,24,8,20,0,0
Dion Phaneuf,OTT,D,2016-12-11,false,ANA,3,7,-6,39,1,3,0,0,0,0,69,39878,920,53,63,21,18,5,0,0
Jeff Petry,MTL,D,2016-12-16,false,SJS,5,7,7,10,2,2,0,0,0,0,55,37727,801,60,54,29,29,6,0,0
Alex Petrovic,FLA,D,2017-02-28,false,CAR,1,10,7,31,0,0,0,0,0,0,30,30882,603,64,34,17,15,13,0,0
Nic Petan,WPG,L,2017-01-23,false,ANA,1,11,-3,8,0,7,0,0,0,0,33,22146,501,7,7,17,5,9,92,103
Brett Pesce,CAR,D,2016-12-13,false,VAN,1,6,5,4,0,1,0,0,0,0,35,36180,746,21,58,18,18,18,0,0
Corey Perry,ANA,R,2016-12-11,false,OTT,6,19,-3,25,1,10,0,0,1,0,88,33000,700,29,11,35,5,8,0,4
David Perron,STL,L,2016-12-11,false,MIN,7,9,-7,18,2,3,0,0,2,0,55,31510,746,25,8,27,7,18,20,22
Mathieu Perreault,WPG,C,2017-01-09,false,CGY,3,7,-12,18,1,2,0,0,0,0,60,27757,600,44,9,12,7,21,96,90
Brendan Perlini,ARI,L,2017-02-13,false,CGY,8,4,-4,8,1,1,0,0,1,0,48,25889,528,23,10,20,5,2,1,0
Adam Pelech,NYI,D,2017-03-09,false,VAN,1,5,-3,2,0,0,0,0,0,0,23,28080,559,37,42,12,24,11,0,0
Tanner Pearson,LAK,L,2016-12-18,false,BOS,7,6,7,5,1,2,0,0,0,0,50,27387,629,53,6,35,6,10,0,6
Joe Pavelski,SJS,C,2016-12-13,false,TOR,9,17,5,12,3,8,0,0,3,0,98,33942,724,65,32,44,32,15,171,154
Greg Pateryn,DAL,D,2017-03-23,false,CHI,1,6,-4,4,0,0,0,0,0,0,31,25390,551,53,50,17,18,4,0,0
David Pastrnak,BOS,R,2016-12-23,false,CAR,19,7,14,12,4,1,0,0,3,1,101,30335,624,23,16,34,19,16,0,1
Zach Parise,MIN,L,2017-01-07,false,LAK,8,11,-2,16,3,3,0,0,0,0,90,31868,693,23,37,24,5,21,3,1
PA Parenteau,NJD,R,2016-12-18,false,NYR,7,5,-10,16,2,0,0,0,0,0,54,26790,584,27,1,10,16,8,1,8
Colton Parayko,STL,D,2016-12-11,false,MIN,0,14,3,10,0,4,0,0,0,0,75,36632,861,22,50,29,13,13,0,0
Cedric Paquette,TBL,C,2016-12-14,false,CGY,3,4,-2,37,0,0,0,0,0,0,32,18844,439,71,19,15,3,13,91,110
Richard Panik,CHI,R,2016-12-09,false,NYR,7,5,4,10,2,1,0,0,1,0,50,24457,549,64,18,13,12,15,0,5
Artemi Panarin,CHI,L,2016-12-09,false,NYR,10,13,10,15,2,3,0,0,1,1,79,34480,662,10,3,30,19,17,1,0
Kyle Palmieri,NJD,R,2016-12-18,false,NYR,4,12,1,12,2,5,0,0,1,0,56,28608,630,59,14,28,14,10,5,8
Ondrej Palat,TBL,L,2016-12-10,false,PIT,4,9,-3,17,0,4,0,0,0,0,45,31197,642,57,15,19,14,30,2,6
Jean-Gabriel Pageau,OTT,C,2016-12-11,false,ANA,4,5,3,4,0,0,0,0,1,0,54,27804,647,67,27,13,12,6,146,121
Max Pacioretty,MTL,L,2016-12-12,false,BOS,12,12,10,20,2,2,0,1,4,0,89,31835,718,29,11,48,22,21,0,3
Magnus Paajarvi,STL,L,2017-04-04,false,WPG,8,4,9,6,1,0,0,0,3,0,48,21529,534,27,16,11,0,10,1,2
Alex Ovechkin,WSH,L,2016-12-16,false,CAR,14,8,-1,24,6,2,0,0,5,1,117,32511,620,71,10,54,14,13,0,1
Xavier Ouellet,DET,D,2017-01-16,false,MTL,1,5,4,36,0,0,0,0,0,0,39,31718,689,28,41,21,8,6,0,1
Steve Ott,DET,C,2016-12-20,false,TBL,2,1,-4,47,0,0,0,0,0,0,24,17756,442,62,10,7,2,6,70,51
T.J. Oshie,WSH,R,2017-01-01,false,OTT,11,7,13,10,2,2,1,1,2,0,64,30788,624,40,21,29,13,21,32,38
Brooks Orpik,WSH,D,2016-12-16,false,CAR,0,6,9,10,0,0,0,0,0,0,32,30135,625,63,45,10,16,6,0,0
Dmitry Orlov,WSH,D,2016-12-16,false,CAR,1,11,9,16,0,2,0,0,0,0,44,33092,675,42,35,20,23,13,0,0
Jamie Oleksiak,DAL,D,2017-03-04,false,FLA,5,2,-1,31,0,0,0,1,1,0,24,27565,633,41,33,8,17,6,0,0
Kyle Okposo,BUF,R,2016-12-17,false,CAR,9,13,2,8,4,8,0,0,0,0,77,33871,655,27,8,22,18,10,40,36
Johnny Oduya,DAL,D,2017-01-04,false,MTL,1,5,2,8,0,0,0,0,0,0,21,32341,738,15,62,22,16,7,0,0
Ryan O'Reilly,BUF,C,2017-01-07,false,WPG,8,14,1,6,3,9,0,0,2,0,89,37509,749,4,15,29,11,24,392,293
Gustav Nyquist,DET,R,2016-12-11,false,PHI,4,11,-1,4,0,2,0,0,2,0,55,29065,627,20,10,19,9,15,3,0
William Nylander,TOR,C,2016-12-17,false,PIT,6,14,-2,8,4,7,0,0,0,0,76,28618,632,6,10,33,10,23,38,48
Markus Nutivaara,CBJ,D,2016-12-18,false,VAN,1,4,5,2,0,0,0,0,0,0,28,22423,513,17,17,9,6,3,0,0
Darnell Nurse,EDM,D,2017-03-07,false,NYI,3,2,-5,17,0,0,0,0,0,0,52,30585,650,70,31,18,21,9,0,0
Ryan Nugent-Hopkins,EDM,C,2016-12-08,false,PHI,4,10,-7,12,2,2,0,0,1,0,79,30958,698,17,8,21,5,16,186,245
Joakim Nordstrom,CAR,L,2016-12-13,false,VAN,2,4,-5,8,0,0,1,0,1,0,40,23790,599,37,23,14,10,9,3,7
Jordan Nolan,LAK,C,2017-01-05,false,DET,2,3,-2,40,0,0,0,0,0,0,24,18591,425,37,2,18,4,3,2,2
Stefan Noesen,NJD,R,2017-03-07,false,CBJ,4,2,1,4,0,0,0,0,0,0,39,17309,421,34,7,10,10,8,22,37
Matt Niskanen,WSH,D,2016-12-17,false,MTL,2,12,5,12,1,1,0,1,1,0,56,38265,758,44,37,27,30,14,0,0
Matt Nieto,COL,L,2017-02-09,false,PIT,4,3,-5,6,0,0,0,0,1,0,48,24927,605,29,22,12,11,14,0,3
Frans Nielsen,DET,C,2016-12-11,false,PHI,6,10,-10,0,0,7,2,0,0,0,59,30327,739,25,21,14,8,11,218,200
Nino Niederreiter,MIN,R,2016-12-15,false,NSH,8,12,14,4,3,0,0,0,1,0,53,25526,585,51,7,17,8,10,0,1
Nikita Nesterov,TBL,D,2017-01-12,false,BUF,2,7,2,18,1,0,0,0,0,0,37,28119,569,45,15,10,11,5,0,0
Patrik Nemeth,DAL,D,2017-03-06,false,WSH,0,2,-5,12,0,0,0,0,0,0,30,26405,593,30,32,11,12,8,0,0
Brock Nelson,NYI,C,2016-12-15,false,CHI,7,12,2,14,1,3,0,1,0,0,66,28352,665,23,24,16,14,15,123,154
Chris Neil,OTT,R,2016-12-14,false,SJS,1,1,-6,40,0,0,0,0,0,0,28,13884,356,62,11,6,6,6,0,0
James Neal,NSH,L,2016-12-22,false,LAK,14,6,-4,17,2,3,0,0,2,0,94,32978,674,39,9,21,14,18,1,1
Rick Nash,NYR,R,2016-12-17,false,NSH,13,7,-2,12,4,2,1,0,2,0,83,27918,690,19,21,21,24,21,0,0
Riley Nash,BOS,C,2016-12-10,false,TOR,1,3,-2,6,0,0,0,1,0,0,42,24813,571,17,11,18,5,16,138,129
Vladislav Namestnikov,TBL,C,2016-12-14,false,CGY,3,9,-5,15,2,3,0,0,0,0,40,24798,497,16,12,17,8,5,65,71
Jake Muzzin,LAK,D,2016-12-15,false,DET,3,4,-8,16,1,0,0,0,0,0,63,39010,897,62,45,26,20,5,0,0
Ryan Murray,CBJ,D,2016-12-29,false,WPG,0,3,5,16,0,0,0,1,0,0,23,31814,722,7,42,11,5,4,0,0
Connor Murphy,ARI,D,2016-12-21,false,EDM,0,5,-13,21,0,0,0,0,0,0,28,36444,806,65,41,9,12,10,0,0
Matt Moulson,BUF,L,2016-12-16,false,NYI,8,5,0,2,7,3,0,0,1,0,58,23667,479,14,8,19,4,7,0,0
Tyler Motte,CHI,L,2016-12-23,false,COL,4,3,4,14,0,0,0,0,0,0,40,20541,527,26,22,13,4,13,4,6
Josh Morrissey,WPG,D,2016-12-06,false,DET,1,3,4,16,0,0,0,0,1,0,30,32048,683,47,46,10,10,4,0,0
Dominic Moore,BOS,C,2016-12-10,false,TOR,7,3,2,14,0,0,2,0,1,0,33,22411,524,18,16,7,10,8,137,111
John Moore,NJD,D,2016-12-15,false,STL,4,6,-2,29,0,1,0,0,0,0,39,33964,773,25,31,22,26,0,0,0
Sean Monahan,CGY,C,2016-12-06,false,DAL,8,7,-6,8,2,1,0,0,2,1,53,31050,681,15,8,21,15,18,272,244
Torrey Mitchell,MTL,C,2016-12-12,false,BOS,7,4,9,14,0,0,0,0,1,0,26,22909,605,18,24,12,17,18,172,153
John Mitchell,COL,C,2016-12-27,false,CGY,1,0,-5,16,0,0,0,0,1,0,30,22523,512,35,22,10,4,15,151,116
Drew Miller,DET,L,2017-01-07,false,SJS,4,1,-10,14,0,0,0,0,1,0,23,17919,444,41,24,5,1,7,1,0
Kevan Miller,BOS,D,2017-01-31,false,TBL,1,5,-2,17,0,0,0,1,0,0,28,29955,647,62,40,7,9,4,0,0
J.T. Miller,NYR,L,2016-12-09,false,CHI,8,13,11,10,1,2,1,0,2,0,59,27671,643,47,25,18,18,20,46,64
Colin Miller,BOS,D,2016-12-29,false,BUF,2,3,-2,16,1,0,0,0,0,0,48,28670,635,31,17,32,10,8,0,0
Marc Methot,OTT,D,2016-12-20,false,CHI,0,3,14,8,0,0,0,0,0,0,43,35640,842,58,36,3,20,4,0,0
Jon Merrill,NJD,D,2017-02-16,false,OTT,1,3,-1,18,0,0,0,0,0,0,24,32485,721,24,45,15,12,8,0,0
Timo Meier,SJS,R,2017-03-25,false,NSH,3,3,0,6,0,0,0,0,1,0,71,22209,539,59,5,28,26,21,1,4
Jayson Megna,VAN,C,2017-01-20,false,FLA,3,3,-1,4,0,1,0,0,0,0,34,20595,470,38,8,6,4,6,0,1
Adam McQuaid,BOS,D,2016-12-20,false,NYI,0,1,3,17,0,0,0,0,0,0,31,30575,718,69,48,12,13,5,0,0
Brayden McNabb,LAK,D,2017-02-19,false,ANA,2,2,6,27,0,0,0,0,0,0,30,27596,649,61,37,17,23,9,0,0
Cody McLeod,NSH,L,2017-01-14,false,COL,2,0,0,57,0,0,0,0,0,0,13,10486,272,51,3,6,0,3,0,0
Curtis McKenzie,DAL,L,2017-01-21,false,WSH,3,6,4,46,0,0,0,0,1,0,43,18913,477,56,17,12,3,4,2,3
Greg McKegg,FLA,C,2017-01-31,false,OTT,3,3,-3,11,0,0,0,0,0,0,26,17819,432,32,12,5,5,5,37,38
Jamie McGinn,ARI,L,2016-12-23,false,TOR,6,3,-4,19,0,0,0,0,2,0,54,23392,543,57,10,9,9,1,0,1
Brock McGinn,CAR,L,2017-01-20,false,PIT,5,7,-1,2,0,0,0,1,1,0,38,21772,532,37,18,16,6,13,1,3
Ryan McDonagh,NYR,D,2016-12-09,false,CHI,1,15,10,11,1,4,0,0,0,0,47,41914,837,29,57,20,21,16,0,0
Connor McDavid,EDM,C,2016-12-08,false,PHI,12,26,8,12,1,10,0,1,3,0,84,36485,724,8,8,25,19,20,149,203
Jay McClement,CAR,C,2016-12-13,false,VAN,1,1,-9,8,0,0,0,0,0,0,20,20869,525,28,19,11,5,11,133,136
Michael McCarron,MTL,R,2017-04-01,false,TBL,1,4,-1,41,0,0,0,0,0,0,30,16926,421,69,11,13,6,6,71,94
Jared McCann,FLA,C,2017-01-31,false,OTT,1,6,-1,4,0,1,0,0,0,0,44,20245,465,28,6,16,8,8,41,64
Jake McCabe,BUF,D,2016-12-16,false,NYI,0,6,-1,16,0,1,0,0,0,0,29,37291,800,34,39,20,13,7,0,0
Shawn Matthias,WPG,L,2017-02-02,false,DAL,7,2,-1,6,0,0,1,0,1,0,40,23492,569,25,11,14,6,8,5,6
Auston Matthews,TOR,C,2016-12-15,false,ARI,14,9,-1,6,3,5,0,0,1,0,105,30492,646,6,24,46,14,29,147,171
Michael Matheson,FLA,D,2016-12-13,false,MIN,2,7,-3,10,0,1,0,0,0,0,63,34739,638,25,37,21,18,22,1,0
Andreas Martinsen,COL,L,2016-12-16,false,FLA,1,2,-5,20,0,0,0,1,0,0,31,18099,471,82,13,15,3,14,1,0
Jordan Martinook,ARI,L,2016-12-13,false,DET,5,7,1,14,1,0,0,1,0,0,46,28283,685,27,26,23,8,14,172,228
Alec Martinez,LAK,D,2016-12-15,false,DET,6,10,-4,10,1,3,0,0,3,2,61,39703,903,60,56,34,15,0,0,1
Paul Martin,SJS,D,2016-12-13,false,TOR,1,8,6,8,0,0,0,0,0,0,23,32856,699,18,48,5,21,8,0,0
Matt Martin,TOR,L,2016-12-15,false,ARI,2,2,2,58,0,0,0,0,0,0,26,16382,417,114,9,10,3,7,0,6
Patrick Maroon,EDM,L,2016-12-08,false,PHI,8,5,4,28,0,2,0,0,1,0,62,26640,588,63,3,19,13,9,4,6
Mitchell Marner,TOR,C,2016-12-15,false,ARI,8,13,-5,18,1,4,0,0,3,0,75,29877,638,14,19,36,24,25,7,10
Patrick Marleau,SJS,L,2016-12-13,false,TOR,7,4,-4,6,1,3,0,0,2,0,70,29796,638,33,10,26,11,14,15,22
Andrei Markov,MTL,D,2016-12-12,false,BOS,2,19,6,12,0,8,0,1,0,0,43,38242,795,21,28,17,26,12,0,0
Jonathan Marchessault,FLA,C,2016-12-28,false,TOR,11,11,0,12,3,4,0,0,2,0,79,32097,605,40,10,30,18,24,59,65
Alexey Marchenko,DET,D,2017-01-18,false,BOS,0,5,5,12,0,0,0,1,0,0,25,31173,721,7,43,14,13,3,0,0
Brad Marchand,BOS,L,2016-12-10,false,TOR,8,17,9,28,1,4,0,0,3,0,76,32193,690,21,10,32,20,21,10,11
Anthony Mantha,DET,R,2017-01-16,false,MTL,11,11,11,16,1,2,0,0,2,1,68,29766,628,21,18,25,17,12,3,4
Josh Manson,ANA,D,2016-12-11,false,OTT,0,6,0,44,0,0,0,0,0,0,29,32845,693,72,30,14,26,8,0,0
Brandon Manning,PHI,D,2016-12-17,false,DAL,3,6,-3,25,0,0,1,0,1,0,40,31631,745,61,26,14,19,1,0,0
Evgeni Malkin,PIT,C,2016-12-12,false,ARI,12,20,7,42,3,8,0,0,3,0,92,32317,682,17,12,27,27,21,182,223
Denis Malgin,FLA,C,2016-12-15,false,WPG,4,4,0,8,1,0,0,0,1,1,42,20931,468,18,9,13,5,8,54,89
Nathan MacKinnon,COL,C,2016-12-16,false,FLA,8,13,-10,0,1,5,2,0,2,0,104,34908,752,20,11,35,13,18,289,257
Derek MacKenzie,FLA,C,2016-12-10,false,VAN,3,4,5,13,0,0,0,1,0,0,36,21124,502,72,16,16,6,11,141,140
Andrew MacDonald,PHI,D,2016-12-28,false,STL,2,9,0,6,0,0,0,0,0,0,18,34468,778,15,61,15,21,2,0,0
Olli Maatta,PIT,D,2016-12-12,false,ARI,0,2,12,6,0,0,0,0,0,0,36,31779,743,29,54,13,18,5,0,0
Roman Lyubimov,PHI,L,2017-01-08,false,CBJ,3,1,-1,6,0,0,0,0,0,0,29,17924,465,22,11,16,5,8,0,5
Milan Lucic,EDM,L,2016-12-08,false,PHI,8,13,-1,18,2,7,0,0,1,0,73,31256,650,77,9,29,16,7,3,2
Adam Lowry,WPG,C,2016-12-06,false,DET,6,2,-3,19,1,2,0,0,0,0,39,27884,693,73,18,16,9,13,221,243
Ben Lovejoy,NJD,D,2016-12-15,false,STL,1,2,-7,14,0,0,0,0,1,0,32,35187,758,40,53,13,12,8,0,0
Bryan Little,WPG,C,2017-01-26,false,CHI,13,13,2,6,4,2,0,0,2,1,64,30938,729,12,11,23,8,12,317,246
Hampus Lindholm,ANA,D,2017-01-08,false,MIN,1,4,7,20,0,2,0,0,1,0,38,38535,798,43,36,23,22,8,0,0
Elias Lindholm,CAR,C,2016-12-28,false,PIT,3,9,-6,6,0,2,0,2,0,0,57,31592,700,39,27,25,13,22,148,136
Esa Lindell,DAL,D,2016-12-31,false,FLA,3,3,4,8,0,1,0,0,2,1,37,35324,769,41,47,17,12,10,0,1
Oscar Lindberg,NYR,C,2017-01-14,false,MTL,1,6,-1,16,0,1,0,0,0,0,42,20326,501,43,17,16,4,5,133,130
John-Michael Liles,BOS,D,2017-01-22,false,PIT,0,5,0,4,0,3,0,0,0,0,24,28291,626,19,36,15,5,9,2,0
Trevor Lewis,LAK,C,2016-12-15,false,DET,5,6,-6,10,0,1,0,0,1,0,49,24139,546,61,10,21,7,6,25,39
Mark Letestu,EDM,C,2016-12-13,false,CBJ,6,7,-1,2,3,0,2,1,3,0,38,23812,604,23,13,14,11,6,165,169
Kris Letang,PIT,D,2017-01-12,false,OTT,3,19,-6,20,2,9,0,0,1,1,88,45221,877,57,53,30,35,25,0,0
Jori Lehtera,STL,C,2016-12-20,false,DAL,4,6,0,12,0,1,0,0,1,0,31,26876,691,24,14,2,6,8,197,176
Artturi Lehkonen,MTL,L,2017-01-03,false,NSH,7,2,4,6,1,1,0,0,1,0,61,23779,596,23,9,23,8,15,0,0
Anders Lee,NYI,L,2016-12-15,false,CHI,9,3,5,16,2,0,0,0,2,0,56,23307,549,69,14,19,9,11,1,4
Nick Leddy,NYI,D,2016-12-16,false,BUF,4,9,-12,6,1,4,0,0,0,0,56,40041,704,28,45,25,9,16,0,0
Curtis Lazar,OTT,C,2017-02-04,false,BUF,0,1,-8,4,0,0,0,0,0,0,23,14614,372,50,10,7,4,6,24,40
Adam Larsson,EDM,D,2016-12-08,false,PHI,2,4,-4,24,0,0,0,0,0,0,32,35179,767,90,48,13,23,12,0,0
Dylan Larkin,DET,C,2016-12-11,false,PHI,9,2,-8,17,3,0,0,0,1,0,84,29095,623,14,7,22,21,26,57,80
Nick Lappin,NJD,R,2016-12-31,false,WSH,4,3,-7,17,0,0,0,0,0,0,41,21089,485,29,6,13,4,12,2,4
Gabriel Landeskog,COL,L,2017-01-06,false,NYI,7,6,-10,30,2,0,0,0,2,1,58,32692,711,65,13,15,12,34,22,26
Patrik Laine,WPG,R,2016-12-06,false,DET,17,8,2,8,7,2,0,0,3,1,78,32163,645,35,13,28,30,17,0,2
Andrew Ladd,NYI,L,2016-12-15,false,CHI,4,3,-7,16,0,0,0,0,1,0,47,28591,601,31,20,20,15,20,2,2
Kevin Labanc,SJS,R,2017-01-11,false,CGY,7,5,5,12,0,1,0,0,2,1,42,23367,547,10,5,20,15,10,2,2
Evgeny Kuznetsov,WSH,C,2016-12-16,false,CAR,3,14,6,12,0,4,0,0,0,0,49,29980,619,16,7,21,24,11,178,242
Chris Kunitz,PIT,L,2016-12-23,false,NJD,2,13,7,22,0,3,0,0,2,0,57,26600,611,89,9,18,12,14,3,4
Dmitry Kulikov,BUF,D,2017-02-11,false,TOR,1,1,-9,20,0,0,0,0,0,0,29,39780,855,40,44,20,14,9,0,0
Nikolay Kulemin,NYI,L,2016-12-18,false,OTT,3,5,0,6,0,0,0,0,0,0,27,23691,605,31,19,18,9,10,6,4
Tom Kuhnhackl,PIT,R,2017-02-11,false,ARI,2,4,5,10,0,0,0,0,0,0,20,17151,461,49,20,11,2,3,1,2
Nikita Kucherov,TBL,R,2016-12-28,false,MTL,13,19,8,20,4,6,0,0,3,0,89,32333,646,8,12,39,24,26,0,0
Marcus Kruger,CHI,C,2016-12-09,false,NYR,2,5,10,18,0,0,0,0,0,0,29,24068,634,13,21,13,4,12,169,170
Torey Krug,BOS,D,2016-12-10,false,TOR,1,11,-7,15,0,4,0,0,0,0,86,38209,787,26,22,34,19,8,0,1
Niklas Kronwall,DET,D,2017-01-31,false,NJD,0,5,-1,12,0,2,0,0,0,0,30,32128,729,42,45,10,9,2,0,0
David Krejci,BOS,C,2016-12-10,false,TOR,4,13,-7,14,1,4,0,0,1,0,60,32060,632,28,25,27,16,18,208,197
Chris Kreider,NYR,L,2016-12-20,false,PIT,9,12,2,19,2,4,0,0,2,0,71,29137,635,51,15,31,15,8,3,2
Lauri Korpikoski,DAL,L,2016-12-10,false,PHI,4,5,0,6,0,0,0,1,0,0,49,24335,630,19,14,11,9,7,0,4
Anze Kopitar,LAK,C,2016-12-23,false,DAL,3,13,1,10,0,4,0,1,0,0,61,36841,735,38,20,31,14,12,356,322
Travis Konecny,PHI,C,2016-12-08,false,EDM,4,11,-4,33,2,1,0,0,0,0,60,25684,590,45,10,25,9,11,0,3
Leo Komarov,TOR,C,2016-12-15,false,ARI,3,7,1,17,0,2,1,0,0,0,36,29490,736,97,18,13,7,9,30,34
Mikko Koivu,MIN,C,2016-12-15,false,NSH,7,9,11,10,0,4,0,1,2,1,46,34714,772,8,34,20,10,15,373,308
Slater Koekkoek,TBL,D,2017-01-08,false,PIT,0,4,-4,8,0,0,0,0,0,0,27,22592,519,25,27,13,7,1,0,0
John Klingberg,DAL,D,2016-12-13,false,ANA,2,12,-6,16,0,6,0,0,0,0,36,39674,826,16,43,23,33,13,0,0
Kevin Klein,NYR,D,2016-12-17,false,NSH,0,8,5,7,0,1,0,1,0,0,27,30535,678,65,70,8,16,9,0,0
Oscar Klefbom,EDM,D,2016-12-08,false,PHI,4,6,-5,0,1,2,0,0,2,0,66,37684,765,17,52,31,19,6,0,0
Dwight King,LAK,L,2016-12-15,false,DET,5,5,3,6,0,0,0,0,1,0,44,26744,572,44,12,13,8,8,3,6
Jakub Kindl,FLA,D,2017-03-14,false,TOR,0,4,-10,24,0,0,0,0,0,0,33,26176,560,37,28,14,12,7,0,0
Alex Killorn,TBL,L,2016-12-10,false,PIT,8,4,-6,26,2,3,0,0,2,0,63,30206,601,44,12,17,13,6,1,6
Phil Kessel,PIT,R,2016-12-12,false,ARI,10,21,4,12,3,9,0,0,2,0,76,31406,675,6,7,28,15,4,1,6
Ryan Kesler,ANA,C,2016-12-11,false,OTT,12,13,8,24,7,5,0,0,2,0,71,37128,786,42,28,34,20,4,388,266
Tanner Kero,CHI,C,2017-03-03,false,NYI,5,6,13,4,0,0,0,0,0,0,32,23476,550,28,30,10,8,7,134,156
Michal Kempny,CHI,D,2017-01-08,false,NSH,2,4,-2,18,0,0,0,0,0,0,35,26644,599,55,35,26,16,3,0,0
Chris Kelly,OTT,C,2016-12-11,false,ANA,2,2,-5,8,0,0,0,0,1,0,32,22899,562,27,18,10,9,10,108,137
Duncan Keith,CHI,D,2016-12-09,false,NYR,0,17,7,6,0,3,0,0,0,0,64,45425,852,11,32,18,22,8,0,0
Zack Kassian,EDM,R,2016-12-13,false,CBJ,2,5,1,45,0,0,0,0,0,0,45,20713,502,64,6,11,8,8,1,0
Ondrej Kase,ANA,R,2017-01-14,false,ARI,4,7,-1,12,0,0,0,0,2,1,49,21129,544,21,10,19,16,13,1,3
Melker Karlsson,SJS,C,2016-12-30,false,PHI,4,4,6,6,0,0,0,0,0,0,25,20862,533,24,25,15,9,5,0,3
William Karlsson,CBJ,C,2016-12-18,false,VAN,4,7,9,2,0,0,0,1,1,0,46,24839,610,13,5,18,9,13,155,191
Erik Karlsson,OTT,D,2016-12-11,false,ANA,7,20,2,16,1,8,0,1,2,0,71,47012,947,27,79,46,45,20,0,0
Evander Kane,BUF,L,2017-01-10,false,PHI,10,5,-9,39,1,3,0,0,2,0,86,32583,646,51,12,30,14,22,34,39
Patrick Kane,CHI,R,2016-12-09,false,NYR,8,19,3,18,2,5,0,0,2,0,89,38249,675,13,4,31,11,11,4,24
Sergey Kalinin,NJD,C,2016-12-31,false,WSH,1,1,-11,11,0,0,0,0,0,0,31,22283,540,42,14,8,6,4,29,48
Nazem Kadri,TOR,C,2016-12-15,false,ARI,10,8,-3,55,3,2,0,0,2,1,88,27822,673,40,13,34,17,24,208,231
Tomas Jurco,CHI,L,2017-04-06,false,ANA,1,0,-12,4,0,0,0,0,0,0,35,18504,450,21,9,16,7,3,0,1
Roman Josi,NSH,D,2016-12-15,false,MIN,5,12,-1,10,2,6,0,0,1,0,88,43563,834,20,43,32,16,7,0,0
Jacob Josefson,NJD,C,2017-02-14,false,COL,1,7,4,14,0,1,0,0,1,0,36,21643,498,26,10,21,8,6,121,109
Josh Jooris,ARI,R,2017-02-16,false,LAK,3,3,5,12,0,0,0,0,0,0,37,19591,488,32,13,8,3,6,102,90
Seth Jones,CBJ,D,2016-12-31,false,MIN,7,9,8,10,0,1,0,0,2,2,62,40225,865,31,56,20,18,10,0,0
Jyrki Jokipakka,CGY,D,2017-01-09,false,WPG,1,5,-2,8,0,0,0,0,0,0,17,25452,597,16,23,6,16,5,0,0
Jussi Jokinen,FLA,L,2017-01-04,false,WPG,3,5,-8,16,1,1,0,0,2,0,57,31451,683,8,13,20,28,10,19,16
Erik Johnson,COL,D,2017-03-07,false,CAR,1,11,-4,4,0,5,0,0,0,0,59,37791,864,52,72,20,17,13,0,0
Tyler Johnson,TBL,C,2016-12-10,false,PIT,8,7,-5,12,4,3,0,0,1,0,59,31895,666,28,15,25,9,12,266,225
Jack Johnson,CBJ,D,2016-12-18,false,VAN,1,6,14,16,1,0,0,0,0,0,37,37514,812,36,47,15,10,6,0,0
Stephen Johns,DAL,D,2017-01-12,false,DET,4,4,1,19,0,0,0,0,1,0,35,31984,725,80,54,21,20,6,0,0
Marcus Johansson,WSH,L,2016-12-16,false,CAR,12,10,8,6,3,4,0,0,5,2,50,30910,605,15,0,16,22,17,7,9
Ryan Johansen,NSH,C,2016-12-15,false,MIN,6,15,0,18,3,7,0,0,3,0,67,32497,697,37,10,31,14,14,254,241
Nick Jensen,DET,D,2017-03-03,false,CGY,3,5,2,8,0,0,0,0,0,0,36,28323,657,27,27,13,14,4,0,0
Boone Jenner,CBJ,C,2016-12-18,false,VAN,5,4,-3,14,0,1,0,0,1,0,69,25997,598,75,24,21,6,13,41,29
Dmitrij Jaskin,STL,R,2016-12-22,false,TBL,1,6,2,8,0,0,0,0,0,0,32,20222,481,50,7,14,7,7,3,4
Calle Jarnkrok,NSH,C,2016-12-15,false,MIN,5,2,-1,4,0,0,0,0,0,0,37,24270,610,16,7,15,9,7,138,154
Jaromir Jagr,FLA,R,2016-12-10,false,VAN,6,9,3,18,3,2,0,0,0,0,70,29459,573,8,2,15,18,17,0,0
Matt Irwin,NSH,D,2016-12-29,false,CHI,3,4,12,6,0,0,0,0,1,0,47,28264,647,68,45,22,16,7,0,0
Jarome Iginla,COL,R,2016-12-16,false,FLA,3,4,-4,35,1,3,0,0,0,0,59,26379,565,31,8,19,9,14,6,6
Zach Hyman,TOR,C,2016-12-15,false,ARI,5,5,-1,12,0,0,0,0,2,0,65,28503,667,40,24,20,6,21,8,12
Ben Hutton,VAN,D,2016-12-11,false,WSH,3,4,-13,14,1,3,0,0,1,1,59,38049,761,25,47,19,25,15,0,0
Matt Hunwick,TOR,D,2017-01-03,false,WSH,0,8,5,8,0,0,0,0,0,0,29,31113,727,45,47,18,21,17,0,0
Jiri Hudler,DAL,R,2017-03-04,false,FLA,3,7,-4,4,1,0,0,0,1,0,20,20497,496,9,3,11,5,11,3,2
Jonathan Huberdeau,FLA,L,2017-04-06,false,STL,8,16,-3,13,2,4,0,0,2,1,77,31190,652,18,5,23,23,13,4,5
Marian Hossa,CHI,R,2016-12-11,false,DAL,15,6,7,6,3,3,0,0,4,3,65,30696,689,11,15,26,7,19,4,7
Bo Horvat,VAN,C,2016-12-11,false,WSH,8,8,-5,14,0,1,2,0,0,0,50,30143,708,32,10,36,7,13,261,234
Patric Hornqvist,PIT,R,2016-12-23,false,NJD,8,12,11,10,6,3,0,0,1,0,107,28492,645,89,29,21,3,12,1,4
Korbinian Holzer,ANA,D,2017-03-24,false,WPG,1,5,-3,14,0,0,0,0,0,0,12,23477,516,63,27,8,10,2,0,0
Peter Holland,ARI,C,2017-02-24,false,DAL,1,6,-13,14,0,0,0,0,0,0,49,22665,491,24,5,21,7,6,135,165
Nick Holden,NYR,D,2016-12-09,false,CHI,4,9,12,8,1,0,0,0,1,1,21,34382,763,53,35,19,23,12,0,1
Mike Hoffman,OTT,L,2016-12-20,false,CHI,9,12,-5,27,5,5,0,0,2,0,90,29763,600,20,12,33,15,18,4,2
Niklas Hjalmarsson,CHI,D,2016-12-11,false,DAL,3,4,6,6,0,0,0,0,0,0,25,38269,827,11,64,6,25,9,0,0
Vinnie Hinostroza,CHI,L,2016-12-29,false,NSH,3,5,-1,10,0,0,0,0,1,0,44,20368,450,19,15,16,8,18,66,98
Thomas Hickey,NYI,D,2016-12-15,false,CHI,2,4,2,8,0,1,0,0,1,1,37,32213,665,37,55,18,16,5,0,0
Tomas Hertl,SJS,C,2017-02-25,false,VAN,7,9,0,12,1,1,0,0,2,0,69,29594,672,47,17,24,11,20,130,97
Adam Henrique,NJD,C,2016-12-15,false,STL,7,9,-2,12,1,1,1,0,1,1,43,31917,691,37,23,18,16,10,221,241
Matt Hendricks,EDM,L,2017-02-18,false,CHI,4,3,-3,25,0,0,0,0,1,0,30,19250,477,53,31,8,5,3,85,66
Darren Helm,DET,C,2017-02-15,false,STL,6,5,3,10,2,2,0,1,1,0,53,27251,647,43,11,12,14,14,172,156
Victor Hedman,TBL,D,2016-12-10,false,PIT,5,14,2,14,2,6,0,0,2,0,56,43221,822,39,45,29,26,16,0,0
Kevin Hayes,NYR,C,2016-12-09,false,CHI,11,9,15,8,1,1,1,1,3,0,48,28866,670,23,20,17,31,20,169,194
Jimmy Hayes,BOS,R,2016-12-20,false,NYI,2,1,-4,20,0,0,0,0,1,0,50,17414,408,44,6,13,6,9,3,8
Erik Haula,MIN,L,2017-01-08,false,ANA,6,5,3,10,0,0,0,0,2,0,57,24806,586,17,13,14,8,12,182,160
Scott Hartnell,CBJ,L,2016-12-18,false,VAN,5,12,8,11,1,1,0,0,0,0,41,22004,543,24,19,13,15,4,3,2
Ryan Hartman,CHI,L,2016-12-18,false,SJS,6,5,6,6,0,0,0,0,2,0,60,21244,479,48,12,12,8,13,6,9
Martin Hanzal,ARI,C,2016-12-23,false,TOR,7,4,-15,31,3,2,0,0,1,1,64,31837,689,66,22,25,20,11,320,269
Jannik Hansen,SJS,R,2017-03-09,false,WSH,6,8,2,27,0,0,0,0,1,0,57,28455,663,25,9,23,10,15,0,0
Noah Hanifin,CAR,D,2016-12-13,false,VAN,2,8,-9,18,2,4,0,0,0,0,44,29333,618,19,18,17,18,9,0,0
Travis Hamonic,NYI,D,2016-12-20,false,BOS,2,8,-15,49,0,1,0,0,0,0,49,36065,667,39,60,22,24,8,0,0
Dougie Hamilton,CGY,D,2016-12-06,false,DAL,3,10,1,26,0,2,0,1,1,0,79,33854,785,38,34,22,19,5,0,0
Dan Hamhuis,DAL,D,2016-12-13,false,ANA,1,7,0,8,1,0,0,1,0,0,36,33899,761,35,42,15,11,5,0,0
Taylor Hall,NJD,L,2017-01-03,false,CAR,9,16,-5,10,4,3,0,0,2,1,91,35207,686,28,15,31,14,19,2,3
Micheal Haley,SJS,C,2017-01-14,false,STL,0,5,2,51,0,0,0,0,0,0,20,14524,370,68,10,10,11,13,17,32
Ron Hainsey,CAR,D,2016-12-13,false,VAN,2,6,-8,15,0,0,1,0,0,0,31,38250,780,44,40,14,20,6,0,0
Carl Hagelin,PIT,L,2016-12-12,false,ARI,3,8,8,2,0,0,0,1,0,0,62,27886,659,28,12,18,14,8,2,1
Carl Gunnarsson,STL,D,2017-01-02,false,CHI,0,2,-5,4,0,0,0,0,0,0,15,23540,603,21,35,11,3,1,0,0
Jake Guentzel,PIT,C,2017-03-10,false,EDM,9,8,2,8,0,1,0,0,0,0,53,27004,588,55,14,14,5,9,8,8
Radko Gudas,PHI,D,2017-01-01,false,ANA,1,9,1,43,0,1,0,0,0,0,48,34434,767,119,75,34,25,11,0,0
Eric Gryba,EDM,D,2017-02-18,false,CHI,1,3,-5,47,0,0,0,0,1,0,31,28445,633,109,35,12,13,6,0,0
Mikhail Grigorenko,COL,C,2016-12-18,false,WPG,3,7,-4,8,0,3,0,0,0,0,38,25511,563,8,8,9,11,14,49,47
Andy Greene,NJD,D,2016-12-15,false,STL,3,4,-7,2,0,0,1,0,1,1,34,38027,804,28,66,21,21,10,0,0
Mike Green,DET,D,2016-12-11,false,PHI,6,10,-3,20,1,3,0,0,1,1,51,42502,842,25,35,23,23,11,0,0
Kevin Gravel,LAK,D,2017-01-16,false,TBL,0,2,4,6,0,1,0,0,0,0,25,24206,591,47,40,19,16,0,0,0
Tyler Graovac,MIN,C,2017-01-05,false,SJS,3,0,1,4,0,0,0,0,1,0,24,17510,430,32,8,17,1,11,105,106
Derek Grant,BUF,C,2016-12-23,false,NYI,0,3,-3,19,0,0,0,0,0,0,27,18422,466,19,17,11,7,8,133,116
Mikael Granlund,MIN,C,2016-12-15,false,NSH,7,13,10,2,1,5,1,0,2,0,49,33749,721,18,19,26,13,11,5,7
Markus Granlund,VAN,C,2016-12-11,false,WSH,5,5,-12,8,1,1,0,0,1,1,45,29265,662,12,3,23,4,16,36,55
Michael Grabner,NYR,R,2016-12-11,false,NJD,13,4,19,6,0,0,0,1,1,0,66,23198,604,15,19,20,11,25,2,2
Shayne Gostisbehere,PHI,D,2016-12-10,false,DAL,4,12,-4,14,1,8,0,0,1,0,68,35680,734,8,36,54,29,7,0,0
Josh Gorges,BUF,D,2016-12-22,false,CAR,0,1,-3,23,0,0,0,0,0,0,12,33113,781,65,50,9,6,1,0,1
Cody Goloubef,COL,D,2017-03-04,false,WPG,0,4,-11,25,0,0,0,0,0,0,27,30416,693,23,31,5,7,5,0,0
Alex Goligoski,ARI,D,2016-12-13,false,DET,1,11,-9,6,0,3,0,0,0,0,39,40573,825,37,55,12,14,2,0,0
Luke Glendening,DET,C,2016-12-11,false,PHI,1,6,-1,12,0,1,0,0,0,0,36,24305,601,80,37,17,3,10,126,108
Claude Giroux,PHI,C,2016-12-08,false,EDM,9,19,1,12,4,11,0,0,1,1,76,33714,739,21,10,31,12,10,364,289
Zemgus Girgensons,BUF,C,2016-12-16,false,NYI,2,3,-4,4,0,0,0,0,0,0,46,20331,481,41,9,13,6,2,95,93
Dan Girardi,NYR,D,2016-12-17,false,NSH,3,4,11,6,0,0,0,1,3,0,26,33294,751,53,79,11,22,3,0,0
Mark Giordano,CGY,D,2016-12-06,false,DAL,2,8,8,24,0,3,1,1,0,0,63,42842,891,22,70,29,7,17,0,0
Brian Gionta,BUF,R,2016-12-16,false,NYI,7,6,1,12,0,1,0,0,1,0,62,29770,621,26,11,18,11,8,13,12
Ryan Getzlaf,ANA,C,2016-12-17,false,DET,3,24,-6,14,1,11,0,0,1,0,54,35695,756,35,30,30,28,23,222,198
Brendan Gaunce,VAN,C,2016-12-11,false,WSH,0,3,-1,27,0,0,0,0,0,0,20,14684,381,39,6,7,3,3,63,68
Johnny Gaudreau,CGY,L,2016-12-31,false,ARI,9,16,-11,0,1,8,0,0,1,0,81,32924,658,3,5,27,41,14,0,0
Jason Garrison,TBL,D,2016-12-16,false,VAN,1,3,-4,6,0,0,0,0,0,0,36,31847,703,29,42,23,16,6,0,0
Jake Gardiner,TOR,D,2016-12-15,false,ARI,5,8,3,12,2,3,0,0,0,0,51,35661,755,27,23,16,30,16,0,0
Brendan Gallagher,MTL,R,2016-12-12,false,BOS,5,12,9,25,1,1,0,0,1,0,74,26434,624,28,9,29,10,15,19,28
Alex Galchenyuk,MTL,C,2017-01-20,false,NJD,11,16,7,18,4,7,0,0,2,1,50,28307,629,14,17,20,17,8,148,210
Sam Gagner,CBJ,C,2016-12-20,false,LAK,13,10,8,6,5,6,0,0,1,0,75,23674,503,4,6,22,10,5,45,57
Marian Gaborik,LAK,R,2017-02-01,false,COL,6,7,4,8,1,1,0,0,2,0,69,26539,577,12,4,28,13,3,0,1
Michael Frolik,CGY,R,2016-12-06,false,DAL,6,9,3,10,0,0,2,0,1,1,67,28757,654,20,22,20,16,21,7,7
Cody Franson,BUF,D,2016-12-16,false,NYI,1,6,2,14,1,0,0,0,0,0,43,31873,707,27,29,13,14,5,0,0
Cam Fowler,ANA,D,2016-12-11,false,OTT,7,11,5,2,4,5,0,0,2,0,64,41774,820,13,38,16,27,9,0,0
Gustav Forsling,CHI,D,2016-12-20,false,OTT,1,3,5,2,0,1,0,0,0,0,35,26279,565,14,13,14,23,1,0,0
Filip Forsberg,NSH,L,2016-12-15,false,MIN,3,14,-7,10,0,3,0,0,0,0,75,32320,736,41,8,40,15,28,5,10
Derek Forbort,LAK,D,2016-12-15,false,DET,2,8,5,38,0,0,0,0,0,0,27,31608,726,57,66,12,15,3,1,0
Christian Folin,MIN,D,2017-01-12,false,MTL,1,3,12,20,0,0,0,0,0,0,22,27346,622,46,36,11,8,7,0,0
Marcus Foligno,BUF,L,2016-12-16,false,NYI,4,4,1,17,0,0,0,0,0,0,42,27543,611,92,22,15,10,10,0,1
Nick Foligno,CBJ,L,2016-12-22,false,PIT,10,15,8,33,5,7,0,0,1,0,62,32222,710,41,20,26,16,11,25,26
Brian Flynn,MTL,C,2017-01-07,false,TOR,4,3,5,4,0,0,0,0,0,0,30,21890,591,11,17,14,8,8,60,61
Mike Fisher,NSH,C,2016-12-22,false,LAK,9,9,-5,31,4,5,0,0,2,0,55,28690,655,59,21,17,3,9,274,223
Valtteri Filppula,TBL,C,2016-12-14,false,CGY,6,15,6,8,0,5,0,0,1,0,40,30961,641,10,14,8,14,12,226,279
Vernon Fiddler,NJD,C,2016-12-15,false,STL,1,2,-5,21,0,0,1,0,0,0,28,22030,559,32,16,11,14,4,191,172
Kevin Fiala,NSH,L,2017-01-06,false,FLA,6,3,2,8,0,0,0,0,1,0,67,23298,543,29,8,18,12,19,0,0
Micheal Ferland,CGY,L,2016-12-06,false,DAL,4,6,-2,10,2,1,0,0,0,0,33,18535,470,62,9,14,12,15,0,3
Eric Fehr,PIT,C,2016-12-22,false,CBJ,3,2,-4,6,0,0,0,0,1,0,30,19548,496,39,22,7,8,16,30,27
Justin Faulk,CAR,D,2016-12-22,false,BUF,6,8,-10,12,1,4,0,0,1,0,87,40224,782,53,30,35,23,19,0,0
Jesper Fast,NYR,R,2016-12-09,false,CHI,2,10,9,12,0,0,0,0,0,0,24,23957,587,44,13,9,8,19,9,11
Justin Falk,BUF,D,2017-01-20,false,DET,0,3,0,13,0,0,0,0,0,0,18,23038,574,50,15,15,9,5,0,0
Radek Faksa,DAL,C,2016-12-10,false,PHI,2,7,4,17,0,0,0,0,0,0,47,28073,718,41,25,27,10,19,212,254
Robby Fabbri,STL,C,2016-12-13,false,NSH,8,9,-7,19,3,3,0,0,0,0,51,28551,649,34,11,18,6,15,12,8
Loui Eriksson,VAN,L,2016-12-11,false,WSH,6,5,-10,0,2,1,0,1,1,0,55,33077,702,4,11,13,8,10,0,0
Jonathan Ericsson,DET,D,2016-12-17,false,ANA,0,6,2,47,0,0,0,0,0,0,24,32009,747,44,20,15,13,1,0,0
Toby Enstrom,WPG,D,2016-12-11,false,EDM,1,7,-3,12,0,4,1,0,0,0,25,39577,824,11,43,14,17,7,0,0
Tyler Ennis,BUF,L,2017-02-19,false,CHI,4,4,-4,2,0,1,0,0,0,0,51,22174,461,24,14,10,6,12,3,12
Deryk Engelland,CGY,D,2016-12-06,false,DAL,1,5,9,34,0,0,0,0,1,0,38,32157,732,55,49,14,17,6,1,0
Alexei Emelin,MTL,D,2016-12-12,false,BOS,1,3,8,35,0,0,0,0,0,0,32,37135,761,107,52,14,36,6,0,0
Ryan Ellis,NSH,D,2017-01-03,false,MTL,4,9,6,19,0,4,0,1,2,0,44,42421,831,35,59,23,16,12,0,0
Lars Eller,WSH,C,2016-12-17,false,MTL,2,2,-5,20,0,0,0,0,0,0,37,24095,533,23,8,22,13,11,140,164
Oliver Ekman-Larsson,ARI,D,2016-12-13,false,DET,5,9,-5,18,2,5,0,0,1,1,61,41929,808,43,26,32,17,11,0,0
Mattias Ekholm,NSH,D,2016-12-15,false,MIN,0,8,-5,10,0,1,0,1,0,0,48,40989,798,18,54,27,26,9,0,0
Aaron Ekblad,FLA,D,2016-12-10,false,VAN,7,2,-11,26,2,1,0,0,2,1,96,40281,708,55,25,32,22,12,0,0
Jack Eichel,BUF,C,2017-02-02,false,NYR,12,9,-5,4,5,5,0,0,3,1,120,34762,649,17,19,42,25,18,166,227
Nikolaj Ehlers,WPG,L,2016-12-06,false,DET,4,19,1,12,0,3,0,0,1,0,63,30956,645,17,9,34,17,13,0,2
Joel Edmundson,STL,D,2017-01-10,false,BOS,1,8,-1,35,0,0,0,0,0,0,37,29566,724,60,36,16,9,4,0,0
Alexander Edler,VAN,D,2017-01-10,false,NSH,1,7,-7,8,1,1,0,0,0,0,52,41512,819,57,72,22,16,10,2,1
Jordan Eberle,EDM,C,2016-12-08,false,PHI,8,14,-4,4,3,5,0,0,0,0,82,30710,656,7,13,30,9,9,3,2
Patrick Eaves,DAL,R,2016-12-11,false,CHI,10,8,-6,10,5,3,0,0,1,0,73,29158,678,35,18,33,4,9,0,1
Cody Eakin,DAL,C,2017-01-31,false,TOR,1,3,-9,32,0,1,0,0,1,0,32,26857,668,35,14,20,15,7,193,203
Ryan Dzingel,OTT,L,2016-12-11,false,ANA,7,8,5,8,1,1,1,0,1,0,41,24391,558,21,13,15,10,12,2,4
Christian Dvorak,ARI,C,2016-12-21,false,EDM,3,8,3,6,0,1,0,0,0,0,23,23873,514,29,23,11,5,3,128,160
Brian Dumoulin,PIT,D,2016-12-14,false,BOS,0,6,-5,10,0,1,0,0,0,0,41,33593,777,50,36,10,14,8,0,0
Gabriel Dumont,TBL,C,2017-03-18,false,WSH,2,1,-2,25,0,0,0,0,0,0,27,16042,404,58,12,7,4,4,77,63
Matt Dumba,MIN,D,2016-12-15,false,NSH,4,7,10,20,1,2,0,0,1,1,55,35182,712,35,22,23,16,10,0,0
Anthony Duclair,ARI,L,2016-12-19,false,CGY,1,4,-2,10,0,0,0,0,0,0,35,22968,534,11,7,11,17,16,4,0
Matt Duchene,COL,C,2016-12-23,false,CHI,12,10,-9,2,2,4,0,0,3,1,75,32425,686,13,22,23,14,24,199,123
Brandon Dubinsky,CBJ,C,2016-12-22,false,PIT,3,11,9,24,0,3,0,0,2,0,38,30821,719,82,20,18,13,15,287,253
Jonathan Drouin,TBL,L,2016-12-29,false,TOR,10,11,1,6,5,4,0,0,1,0,82,29908,589,20,8,20,25,21,31,38
Leon Draisaitl,EDM,C,2016-12-08,false,PHI,12,13,-7,2,7,4,0,0,1,1,62,30150,632,9,11,26,22,19,224,205
Nic Dowd,LAK,C,2016-12-22,false,NSH,4,9,-6,2,1,3,0,0,2,1,39,23573,557,74,16,13,9,3,162,172
Drew Doughty,LAK,D,2016-12-15,false,DET,5,11,6,20,1,4,0,0,0,0,64,46587,955,48,50,23,30,2,1,0
Jake Dotchin,TBL,D,2017-03-30,false,DET,0,7,7,33,0,0,0,0,0,0,45,32057,672,69,16,24,17,3,0,0
Joonas Donskoi,SJS,R,2016-12-13,false,TOR,2,6,0,8,1,2,0,0,0,0,50,25468,607,12,10,27,19,16,4,3
Max Domi,ARI,L,2017-02-09,false,MTL,6,12,-6,22,1,4,0,0,1,0,61,29648,622,21,12,21,19,16,3,4
Shane Doan,ARI,R,2016-12-13,false,DET,3,6,-2,20,1,1,0,0,0,0,61,26561,560,49,13,15,12,4,48,54
Brenden Dillon,SJS,D,2016-12-14,false,OTT,0,2,-4,22,0,0,0,0,0,0,28,27843,638,72,24,16,8,2,0,0
Phillip Di Giuseppe,CAR,L,2017-03-21,false,FLA,1,6,-11,15,0,1,0,0,1,1,60,22046,512,76,10,22,8,10,0,2
Nicolas Deslauriers,BUF,L,2017-02-14,false,OTT,0,0,-5,23,0,0,0,0,0,0,15,12263,282,76,5,8,1,1,0,3
Andrew Desjardins,CHI,L,2017-01-22,false,VAN,0,0,-7,6,0,0,0,0,0,0,30,16343,378,46,9,8,7,5,23,22
David Desharnais,MTL,C,2017-02-07,false,COL,4,6,5,4,0,2,0,0,1,0,29,23042,531,1,6,7,6,12,68,80
Jason Demers,FLA,D,2016-12-10,false,VAN,4,6,-2,12,0,3,0,1,0,0,34,35305,704,36,31,30,14,12,0,0
Michael Del Zotto,PHI,D,2017-01-15,false,WSH,4,6,-9,14,0,0,0,0,0,0,52,34231,760,106,57,21,15,4,0,0
Danny DeKeyser,DET,D,2016-12-11,false,PHI,2,4,-6,15,0,0,0,0,1,1,26,39644,839,34,55,15,20,6,0,0
Anthony DeAngelo,ARI,D,2017-03-14,false,LAK,4,7,-8,20,2,5,0,0,1,0,52,31600,645,19,40,16,15,3,0,0
Brandon Davidson,MTL,D,2017-03-07,false,VAN,0,1,0,16,0,0,0,0,0,0,31,26744,622,32,46,12,16,4,0,0
Marko Dano,WPG,C,2017-03-03,false,STL,3,7,2,10,2,0,0,0,0,0,33,20058,483,67,12,19,9,14,1,3
Phillip Danault,MTL,L,2016-12-12,false,BOS,6,6,2,6,0,0,0,0,1,0,46,22598,567,26,23,14,14,8,104,86
Trevor Daley,PIT,D,2016-12-12,false,ARI,3,7,7,25,1,2,0,1,0,0,45,36347,843,8,47,25,10,15,0,0
Klas Dahlbeck,CAR,D,2017-03-16,false,MIN,1,2,-10,18,0,0,0,0,0,0,25,23671,547,51,27,17,10,5,0,0
Austin Czarnik,BOS,C,2016-12-18,false,LAK,4,5,-4,8,0,2,0,0,1,0,40,23337,556,12,17,14,7,10,14,34
Matt Cullen,PIT,C,2016-12-12,false,ARI,7,7,5,12,0,1,1,0,1,0,34,24244,624,14,8,17,13,5,206,178
Lawson Crouse,ARI,L,2016-12-21,false,EDM,2,1,-10,25,0,0,0,0,1,0,31,19981,476,73,13,8,2,8,0,1
Sidney Crosby,PIT,C,2016-12-23,false,NJD,24,14,6,12,9,3,0,0,3,0,103,33417,711,31,8,21,31,13,321,348
Joseph Cramarossa,ANA,C,2017-01-06,false,ARI,3,4,-2,37,0,0,0,1,0,0,18,17951,457,67,16,9,10,5,2,0
Adam Cracknell,DAL,R,2016-12-13,false,ANA,3,2,4,2,0,0,0,0,1,0,38,17964,451,40,19,17,5,3,41,41
Charlie Coyle,MIN,C,2016-12-15,false,NSH,10,11,11,20,3,0,0,0,2,0,64,31022,666,35,28,16,13,13,13,17
Sean Couturier,PHI,C,2017-01-14,false,BOS,8,4,-4,18,0,2,0,1,1,0,52,31924,728,18,18,20,16,17,253,238
Logan Couture,SJS,C,2016-12-13,false,TOR,11,8,0,8,6,1,0,0,1,0,84,32380,726,17,28,28,33,12,113,204
Nick Cousins,PHI,C,2016-12-17,false,DAL,3,6,-4,12,1,1,0,0,0,0,38,19183,458,27,11,10,5,8,64,99
Andrew Copp,WPG,C,2017-01-07,false,BUF,4,3,-1,8,0,0,1,0,1,0,33,20569,530,41,13,11,8,12,49,58
Brett Connolly,WSH,R,2017-01-15,false,PHI,6,1,5,24,1,0,0,0,0,0,36,18794,420,49,6,6,6,8,4,6
Blake Comeau,COL,L,2016-12-23,false,CHI,5,2,-4,24,2,0,1,0,0,0,43,27760,634,61,11,16,6,16,66,68
Ian Cole,PIT,D,2016-12-12,false,ARI,2,9,15,28,0,0,0,0,0,0,31,31069,705,65,57,24,17,6,0,0
Joe Colborne,COL,C,2017-01-02,false,VAN,3,1,-13,14,2,0,0,0,0,0,27,20417,484,39,7,6,8,5,36,56
Andrew Cogliano,ANA,L,2016-12-11,false,OTT,7,7,6,10,0,0,2,0,0,0,69,26270,672,26,13,9,9,11,2,7
Braydon Coburn,TBL,D,2016-12-10,false,PIT,0,4,-1,22,0,0,0,0,0,0,38,28255,629,33,22,11,13,0,0,0
Cal Clutterbuck,NYI,R,2016-12-16,false,BUF,2,9,6,14,0,0,0,0,1,0,50,26144,663,100,12,17,12,14,2,2
Kyle Clifford,LAK,L,2016-12-29,false,EDM,2,4,2,40,0,0,0,0,0,0,51,18525,436,63,2,13,3,8,0,1
Adam Clendening,NYR,D,2017-03-21,false,NJD,2,9,4,17,1,1,0,0,0,0,38,27333,615,19,26,18,19,7,0,0
Fredrik Claesson,OTT,D,2017-04-03,false,DET,3,8,6,4,0,0,0,1,0,0,20,21042,512,50,19,9,13,3,0,0
Casey Cizikas,NYI,C,2016-12-15,false,CHI,4,9,7,18,0,1,0,0,1,0,31,25038,652,71,34,8,11,12,216,230
Jakob Chychrun,ARI,D,2016-12-31,false,CGY,1,6,-2,35,0,0,0,0,0,0,31,28766,636,44,49,25,19,6,0,0
Jason Chimera,NYI,L,2016-12-15,false,CHI,4,6,-8,18,0,0,0,0,0,0,39,22934,559,52,17,9,7,4,9,12
Alex Chiasson,CGY,R,2016-12-06,false,DAL,5,6,4,19,0,1,1,0,1,0,39,23238,568,31,3,10,9,8,0,13
Ben Chiarot,WPG,D,2016-12-08,false,NYR,0,6,-4,10,0,0,0,0,0,0,21,25573,535,37,44,3,19,3,0,0
Zdeno Chara,BOS,D,2016-12-22,false,FLA,2,6,7,25,0,1,0,0,0,0,44,40408,767,50,57,20,23,17,0,0
Michael Chaput,VAN,C,2017-01-06,false,CGY,1,3,-3,15,0,0,0,0,0,0,16,17784,438,31,8,5,4,4,114,109
Cody Ceci,OTT,D,2016-12-11,false,ANA,0,2,-10,6,0,0,0,1,0,0,51,40438,915,57,64,19,30,10,1,0
Jeff Carter,LAK,C,2016-12-15,false,DET,14,10,5,12,4,2,1,0,6,2,98,31592,684,36,13,34,11,8,282,231
William Carrier,BUF,L,2017-01-16,false,DAL,3,2,1,17,0,0,0,0,1,0,33,15784,416,84,5,11,3,5,1,1
Connor Carrick,TOR,D,2016-12-23,false,ARI,1,2,5,28,0,0,0,0,0,0,42,29734,689,32,41,23,24,6,0,0
Daniel Carr,MTL,L,2017-01-24,false,CGY,2,6,4,6,0,0,0,0,1,0,40,17748,445,18,11,17,5,6,2,1
John Carlson,WSH,D,2016-12-16,false,CAR,1,13,-1,0,1,7,0,0,0,0,70,40908,765,25,37,43,39,13,0,0
Brandon Carlo,BOS,D,2016-12-10,false,TOR,2,5,7,17,0,0,0,0,0,0,38,38810,765,31,46,18,20,5,0,0
Brian Campbell,CHI,D,2016-12-09,false,NYR,2,6,7,10,1,2,0,0,0,0,29,32786,698,18,29,16,24,1,0,0
Michael Cammalleri,NJD,L,2016-12-27,false,PIT,9,10,-4,17,1,4,0,0,2,1,71,31417,638,22,7,29,14,16,10,9
Matt Calvert,CBJ,L,2016-12-29,false,WPG,5,2,6,18,0,0,2,0,1,0,43,25113,598,28,20,21,9,13,2,11
Drake Caggiula,EDM,L,2017-01-18,false,FLA,3,5,-2,6,1,2,0,0,0,0,36,23190,532,51,6,17,8,9,58,90
Paul Byron,MTL,L,2016-12-12,false,BOS,10,7,8,8,0,0,1,0,2,0,39,25253,655,37,9,7,9,15,2,1
Dustin Byfuglien,WPG,D,2016-12-06,false,DET,3,15,-1,29,0,4,0,0,0,0,80,48655,833,74,53,43,37,22,0,0
Alexandre Burrows,VAN,L,2016-12-20,false,WPG,6,8,2,31,0,0,0,1,0,0,59,25215,630,17,4,14,7,22,0,4
Brent Burns,SJS,D,2016-12-13,false,TOR,12,14,4,6,3,5,0,1,2,1,125,42572,788,34,55,58,58,19,0,0
Alexander Burmistrov,ARI,C,2017-01-26,false,VAN,1,7,-6,10,1,1,0,1,0,0,19,21238,469,39,10,9,9,5,85,139
Andre Burakovsky,WSH,L,2016-12-23,false,TBL,3,9,0,8,0,1,0,0,0,0,48,24598,511,11,10,18,16,17,0,1
Pavel Buchnevich,NYR,R,2017-03-06,false,TBL,7,9,4,13,1,2,0,0,0,0,41,23284,553,11,7,18,18,10,1,3
Dustin Brown,LAK,R,2016-12-15,false,DET,4,10,-10,10,2,2,1,0,1,0,62,27856,639,71,9,20,9,7,0,2
Connor Brown,TOR,R,2016-12-15,false,ARI,4,5,2,4,0,0,0,0,1,0,44,24803,638,22,24,14,5,12,0,2
J.T. Brown,TBL,R,2016-12-23,false,WSH,2,2,-6,43,0,0,1,0,1,0,34,19363,461,45,14,10,5,4,6,10
Troy Brouwer,CGY,R,2016-12-06,false,DAL,6,7,-6,18,1,3,1,1,1,0,42,30480,688,63,23,16,12,11,12,26
Kyle Brodziak,STL,C,2016-12-13,false,NSH,3,3,-2,21,0,0,0,0,1,0,23,17141,473,26,18,9,2,8,93,108
Jonas Brodin,MIN,D,2016-12-15,false,NSH,3,10,5,14,2,2,0,0,2,0,43,35016,753,9,52,17,10,6,0,0
TJ Brodie,CGY,D,2016-12-06,false,DAL,1,6,-16,6,0,2,1,1,0,0,31,40436,874,13,36,17,28,22,0,0
Justin Braun,SJS,D,2016-12-13,false,TOR,1,4,1,6,0,0,0,0,0,0,30,35171,737,38,52,26,20,15,0,0
Derick Brassard,OTT,C,2016-12-11,false,ANA,4,8,1,10,1,2,0,0,0,0,63,30686,655,32,6,26,15,18,249,242
Tyler Bozak,TOR,C,2016-12-15,false,ARI,6,13,-1,6,1,2,0,0,1,0,52,28697,655,22,7,18,15,22,273,200
Brian Boyle,TBL,C,2016-12-16,false,VAN,6,3,5,29,1,1,0,0,0,0,44,20971,475,45,15,16,6,7,93,91
Johnny Boychuk,NYI,D,2016-12-16,false,BUF,4,6,0,6,0,1,1,0,1,0,65,34887,687,65,64,32,21,5,1,0
Jay Bouwmeester,STL,D,2016-12-11,false,MIN,1,5,-5,16,0,0,0,0,0,0,39,39601,875,26,32,13,17,5,0,0
Rene Bourque,COL,R,2016-12-20,false,MIN,9,3,-11,19,2,0,0,0,2,1,51,26253,599,40,14,24,5,14,0,3
Lance Bouma,CGY,C,2017-01-17,false,FLA,2,2,-1,17,0,0,0,0,1,0,25,20333,504,71,20,12,6,5,1,5
Reid Boucher,VAN,C,2017-03-21,false,CHI,4,3,-2,4,0,0,0,0,0,0,49,19377,429,16,10,11,5,13,0,1
Robert Bortuzzo,STL,D,2017-03-13,false,LAK,1,3,8,9,0,0,0,0,0,0,36,24893,670,63,44,19,11,3,0,0
Mark Borowiecki,OTT,D,2016-12-17,false,NJD,0,1,-2,56,0,0,0,0,0,0,12,23806,646,135,40,10,7,2,0,0
Nick Bonino,PIT,C,2016-12-12,false,ARI,4,8,0,8,0,2,1,0,0,0,47,29034,698,20,40,12,11,13,225,230
Jared Boll,ANA,R,2017-01-08,false,MIN,0,1,-4,53,0,0,0,0,0,0,8,10387,286,30,7,5,3,1,0,1
Zach Bogosian,BUF,D,2017-01-31,false,MTL,1,4,-13,21,0,0,0,0,1,1,38,36411,759,39,56,11,17,7,0,0
Mikkel Boedker,SJS,L,2016-12-13,false,TOR,2,3,-6,6,0,0,0,0,0,0,31,25347,613,26,9,21,19,11,2,8
Nick Bjugstad,FLA,C,2017-02-18,false,LAK,4,3,-12,12,0,1,0,0,0,0,52,23377,543,42,4,17,11,10,78,84
Anthony Bitetto,NSH,D,2017-04-08,false,WPG,0,7,-1,25,0,0,0,0,0,0,17,20538,513,43,24,12,8,1,0,0
Kevin Bieksa,ANA,D,2016-12-11,false,OTT,1,0,-2,28,1,0,0,0,0,0,45,34399,690,71,33,14,16,3,0,0
Alex Biega,VAN,D,2017-03-21,false,CHI,0,3,-1,18,0,0,0,0,0,0,27,23858,591,75,21,21,5,5,0,0
Patrik Berglund,STL,C,2016-12-11,false,MIN,1,6,-7,10,0,1,0,0,0,0,46,25851,647,52,14,24,7,10,180,165
Patrice Bergeron,BOS,C,2016-12-15,false,ANA,4,5,1,8,1,1,0,0,2,0,97,33073,703,21,19,37,8,12,384,287
Matt Benning,EDM,D,2017-01-07,false,NJD,1,7,5,8,0,2,0,0,0,0,39,29434,656,59,33,19,21,2,0,0
Sam Bennett,CGY,C,2016-12-06,false,DAL,6,9,-2,32,2,0,0,1,0,0,44,26803,606,51,11,18,9,20,92,111
Beau Bennett,NJD,R,2016-12-27,false,PIT,1,6,-6,8,1,1,0,0,0,0,49,23988,503,34,6,21,8,7,1,6
Jamie Benn,DAL,L,2016-12-10,false,PHI,8,16,-6,29,5,4,0,0,2,1,67,35122,821,46,18,26,16,24,123,98
Jordie Benn,DAL,D,2016-12-15,false,NYR,1,7,1,18,0,2,0,0,0,0,32,33509,768,18,55,23,13,3,0,0
Pierre-Edouard Bellemare,PHI,L,2016-12-08,false,EDM,1,3,2,2,0,0,0,1,0,0,45,25560,618,34,26,16,4,9,181,191
Matt Beleskey,BOS,L,2017-01-31,false,TBL,2,5,-8,36,0,2,0,0,0,0,53,25801,566,68,15,22,7,6,27,40
Anthony Beauvillier,NYI,C,2017-01-16,false,BOS,4,7,3,6,0,0,0,0,0,0,34,20759,470,33,11,11,12,8,21,25
Nathan Beaulieu,MTL,D,2016-12-28,false,TBL,1,7,12,25,0,2,0,0,1,0,41,32548,675,30,49,17,36,7,0,0
Francois Beauchemin,COL,D,2016-12-16,false,FLA,0,6,0,12,0,2,0,0,0,0,43,36195,781,28,65,18,26,13,0,0
Jay Beagle,WSH,C,2016-12-16,false,CAR,5,6,7,6,0,0,1,1,2,0,41,22808,551,19,14,7,7,6,229,149
Tyson Barrie,COL,D,2016-12-16,false,FLA,2,11,-14,12,0,5,0,0,1,0,65,40331,817,15,28,32,19,9,0,0
Aleksander Barkov,FLA,C,2016-12-10,false,VAN,6,14,6,4,0,5,0,0,2,2,71,33837,668,20,14,21,15,21,215,233
Mark Barberio,COL,D,2017-02-09,false,PIT,0,6,1,10,0,2,0,0,0,0,29,27178,573,12,26,11,16,8,0,0
Ivan Barbashev,STL,C,2017-04-08,false,CAR,5,6,5,2,0,0,0,0,1,0,19,20206,470,34,14,10,2,8,78,119
Justin Bailey,BUF,R,2017-03-14,false,SJS,2,2,2,4,0,0,0,0,1,0,34,18768,435,25,13,12,9,7,0,1
Josh Bailey,NYI,R,2016-12-15,false,CHI,5,12,2,4,1,3,0,0,1,1,57,33063,687,13,23,26,19,17,5,3
Sven Baertschi,VAN,L,2016-12-18,false,CBJ,6,10,-1,0,0,2,0,0,2,0,53,26189,607,16,10,11,6,12,1,0
Nicklas Backstrom,WSH,C,2016-12-16,false,CAR,8,18,6,18,1,11,0,0,2,1,61,32517,661,23,10,16,23,25,252,223
Mikael Backlund,CGY,C,2016-12-06,false,DAL,4,8,-1,10,1,2,0,3,1,0,71,30920,709,18,20,26,16,17,264,278
David Backes,BOS,R,2016-12-20,false,NYI,7,9,-1,31,2,2,0,0,1,0,74,31918,640,98,21,24,16,13,37,43
Cam Atkinson,CBJ,R,2016-12-18,false,VAN,12,19,6,6,6,9,2,0,3,1,85,31311,724,12,11,25,4,13,2,0
Andreas Athanasiou,DET,C,2017-01-16,false,MTL,9,5,3,9,0,0,0,0,1,0,59,22073,513,11,7,27,6,7,28,33
Viktor Arvidsson,NSH,L,2016-12-15,false,MIN,9,11,3,10,1,2,2,1,0,0,95,27650,658,10,14,31,10,12,2,1
Joel Armia,WPG,R,2017-02-02,false,DAL,3,3,-6,12,0,0,0,0,1,0,55,26914,620,25,11,13,12,16,2,4
Artem Anisimov,CHI,C,2016-12-11,false,DAL,12,12,12,18,2,3,0,0,5,1,49,32656,661,13,10,18,2,15,205,256
Sven Andrighetto,COL,R,2017-03-07,false,CAR,2,7,1,4,0,1,0,0,0,0,33,20433,481,29,12,18,3,8,0,0
Andy Andreoff,LAK,L,2017-03-13,false,STL,0,2,-2,32,0,0,0,0,0,0,27,18794,431,57,7,17,8,4,37,24
Josh Anderson,CBJ,R,2016-12-18,false,VAN,8,4,8,25,0,0,0,0,2,0,46,21207,534,55,19,13,12,7,6,16
Karl Alzner,WSH,D,2016-12-16,false,CAR,2,2,6,10,0,0,0,0,0,0,32,35267,760,34,52,13,18,9,0,0
Sebastian Aho,CAR,R,2016-12-13,false,VAN,5,9,-2,4,0,3,0,0,0,0,67,27291,607,10,2,25,19,9,6,8
Noel Acciari,BOS,C,2017-04-06,false,OTT,2,3,3,16,0,0,0,0,0,0,24,18047,431,80,5,8,4,10,11,18
Justin Abdelkader,DET,L,2017-01-22,false,NYR,4,6,-5,19,2,0,0,1,0,0,45,27789,598,66,11,18,10,9,4,8
Tyler Pitlick,EDM,R,2016-12-13,false,CBJ,7,3,1,6,0,0,0,0,1,0,51,17496,432,66,12,10,8,3,7,6
Johan Larsson,BUF,C,2016-12-16,false,NYI,5,5,-5,14,1,0,0,0,2,0,39,30229,638,28,20,20,13,11,214,223
Erik Gudbranson,VAN,D,2016-12-11,false,WSH,1,4,-13,14,0,0,0,0,1,0,39,35327,741,63,42,14,23,3,0,0
