James van Riemsdyk,TOR,L,2016-12-19,false,ANA,12,10,-3,12,2,3,0,0,1,0,89,29787,663,39,15,26,9,12,1,3
Trevor van Riemsdyk,CHI,D,2017-02-08,false,MIN,2,5,8,8,0,0,0,0,1,0,35,34485,756,12,50,17,22,12,0,0
Calvin de Haan,NYI,D,2016-12-18,false,OTT,1,6,6,26,0,0,0,0,0,0,45,33980,669,49,87,18,20,7,0,0
Jason Zucker,MIN,L,2016-12-20,false,COL,6,11,18,14,0,0,0,0,0,0,50,25214,583,28,14,31,9,17,1,2
Mats Zuccarello,NYR,R,2016-12-13,false,CHI,7,12,2,8,2,2,0,0,0,0,68,34794,721,34,16,17,17,25,3,2
Mika Zibanejad,NYR,C,2017-02-13,false,CBJ,7,14,4,8,0,5,0,0,0,0,65,31265,734,10,17,41,16,18,295,266
Henrik Zetterberg,DET,L,2016-12-15,false,LAK,6,14,2,8,1,3,0,0,0,0,66,35864,727,16,13,17,14,17,248,229
Travis Zajac,NJD,C,2016-12-18,false,NYR,8,15,-1,14,3,2,0,1,1,0,66,38044,798,41,11,10,9,15,340,305
Nikita Zaitsev,TOR,D,2016-12-19,false,ANA,1,11,-8,8,0,3,0,0,0,0,46,41038,906,73,44,30,24,16,0,0
Nikita Zadorov,COL,D,2016-12-22,false,TOR,0,5,-12,41,0,0,0,0,0,0,24,32356,751,74,38,19,10,8,0,0
Pavel Zacha,NJD,C,2017-01-02,false,BOS,2,5,-11,10,1,2,0,0,0,0,31,26307,558,28,16,12,8,5,103,134
Keith Yandle,FLA,D,2016-12-15,false,WPG,1,13,0,18,1,5,0,0,0,0,72,40811,770,10,32,36,23,8,0,0
Nail Yakupov,STL,R,2017-02-04,false,PIT,3,3,-6,10,0,0,0,0,0,0,26,19739,483,23,6,15,3,9,0,0
Miles Wood,NJD,L,2017-01-26,false,WSH,7,4,-5,33,1,0,0,0,0,0,54,22701,540,38,12,23,9,8,1,0
Luke Witkowski,TBL,D,2017-04-04,false,BOS,0,3,-2,39,0,0,0,0,0,0,22,18173,433,74,20,7,8,3,0,0
Daniel Winnik,WSH,L,2017-01-11,false,PIT,6,4,9,17,0,0,1,0,2,0,37,22893,524,13,18,14,14,10,4,6
Tommy Wingels,SJS,C,2017-01-07,false,DET,4,3,-1,13,0,0,0,0,2,0,37,18394,480,54,17,8,9,2,57,82
Scott Wilson,PIT,L,2016-12-22,false,CBJ,4,6,-2,2,0,0,0,0,1,0,58,21129,526,72,14,16,5,8,1,0
Colin Wilson,NSH,L,2016-12-20,false,NJD,5,10,4,8,2,0,0,0,0,0,53,27547,636,21,11,17,8,15,0,5
Tom Wilson,WSH,R,2016-12-21,false,PHI,2,0,4,25,0,0,0,0,0,0,34,23671,550,73,11,7,6,15,0,4
Justin Williams,WSH,R,2016-12-21,false,PHI,7,4,-6,20,2,2,0,0,0,0,64,29623,611,11,19,34,14,16,38,27
Patrick Wiercioch,COL,D,2016-12-29,false,DAL,2,6,-9,17,0,0,0,0,0,0,38,32820,758,29,34,13,8,3,0,0
Chris Wideman,OTT,D,2016-12-29,false,DET,1,7,3,14,0,1,0,0,1,0,45,24284,629,30,19,17,15,4,0,0
Dennis Wideman,CGY,D,2016-12-29,false,ANA,2,9,1,22,2,2,0,0,0,0,55,39171,854,31,36,18,26,11,0,0
Ryan White,ARI,C,2017-01-19,false,MIN,2,3,-7,60,0,0,0,0,1,0,22,19603,461,101,18,9,3,5,35,46
Blake Wheeler,WPG,R,2016-12-10,false,CGY,8,14,1,18,1,5,1,1,0,0,85,38178,811,45,19,26,22,15,40,47
Zach Werenski,CBJ,D,2016-12-22,false,PIT,6,15,7,8,3,8,0,0,1,1,78,40146,853,21,36,32,18,12,0,0
Alexander Wennberg,CBJ,C,2016-12-22,false,PIT,6,22,10,9,1,13,0,0,2,0,36,33733,749,27,24,10,14,17,216,270
Dale Weise,PHI,R,2016-12-22,false,NJD,2,2,0,15,1,0,0,0,1,0,36,22681,525,52,6,16,10,8,1,0
Yannick Weber,NSH,D,2016-12-20,false,NJD,0,3,7,19,0,0,0,0,0,0,28,21141,515,36,23,16,12,2,0,0
Shea Weber,MTL,D,2016-12-17,false,WSH,8,10,18,18,7,3,0,1,3,0,79,48042,889,66,66,38,36,4,0,0
Austin Watson,NSH,L,2016-12-29,false,CHI,1,6,6,26,0,0,0,1,0,0,33,21543,521,55,17,16,0,9,0,3
Joel Ward,SJS,R,2016-12-18,false,CHI,2,7,-1,12,0,0,1,0,1,0,42,29735,698,30,24,21,21,15,74,83
Chris Wagner,ANA,C,2017-03-15,false,STL,4,1,-1,6,0,0,0,0,0,0,31,17401,437,75,16,13,9,3,40,64
Radim Vrbata,ARI,R,2016-12-17,false,MIN,8,12,-8,6,2,2,0,0,0,0,92,31616,682,26,9,33,10,16,11,14
Jakub Voracek,PHI,R,2016-12-11,false,DET,11,21,-2,32,2,11,0,0,2,2,110,36829,772,9,8,39,16,12,0,6
Marc-Edouard Vlasic,SJS,D,2016-12-18,false,CHI,3,4,0,31,1,2,0,0,2,1,55,39365,791,10,60,28,27,6,0,0
Jimmy Vesey,NYR,L,2016-12-15,false,DAL,10,7,2,6,4,2,0,0,3,0,56,26956,594,22,13,17,13,17,1,4
Kris Versteeg,CGY,R,2017-01-09,false,WPG,7,11,0,10,3,4,0,0,1,0,52,25875,556,2,12,14,15,14,9,8
Antoine Vermette,ANA,C,2016-12-15,false,BOS,6,6,0,20,2,1,0,0,0,0,49,29898,784,26,23,20,11,7,340,181
Frank Vatrano,BOS,C,2017-03-04,false,NJD,10,7,-1,8,4,1,0,0,1,0,86,26180,601,37,9,37,5,6,2,5
Sami Vatanen,ANA,D,2016-12-15,false,BOS,2,11,6,10,2,6,0,0,0,0,42,40661,814,35,61,11,15,11,0,0
Thomas Vanek,DET,L,2017-01-12,false,DAL,10,17,3,14,3,4,0,0,1,0,73,28034,618,18,1,16,12,12,6,9
Chris VandeVelde,PHI,C,2016-12-11,false,DET,5,5,-4,6,0,0,0,0,0,0,31,21642,545,47,26,10,7,5,16,12
Scottie Upshall,STL,R,2016-12-20,false,DAL,3,3,-8,15,0,0,0,0,0,0,29,19053,530,29,6,12,6,7,1,3
Fedor Tyutin,COL,D,2017-01-02,false,VAN,1,7,-14,12,0,0,0,0,0,0,22,35054,814,64,41,4,8,7,0,0
Kyle Turris,OTT,C,2016-12-17,false,NJD,12,8,2,25,1,3,0,0,3,2,63,35787,770,10,25,23,24,7,243,253
Nikita Tryamkin,VAN,D,2017-01-06,false,CGY,1,4,5,29,0,0,0,0,0,0,28,30807,694,73,36,21,17,5,0,0
Jacob Trouba,WPG,D,2017-01-14,false,LAK,2,12,-1,22,0,0,0,1,0,0,66,44503,869,49,61,30,34,15,0,0
Vincent Trocheck,FLA,C,2016-12-15,false,WPG,8,8,-13,12,1,3,0,0,1,1,79,39166,762,76,19,38,33,26,320,313
Jordin Tootoo,CHI,R,2017-01-06,false,CAR,0,0,-2,16,0,0,0,0,0,0,29,12054,309,29,5,11,7,6,1,0
Tyler Toffoli,LAK,C,2016-12-18,false,BOS,8,12,15,16,2,1,0,1,1,1,90,33029,726,36,2,38,16,11,1,2
Jonathan Toews,CHI,C,2017-01-02,false,STL,6,12,0,19,3,3,0,0,2,0,82,38623,799,19,11,21,19,13,404,286
Matthew Tkachuk,CGY,L,2016-12-20,false,SJS,6,12,4,62,1,3,0,0,1,0,54,26640,591,32,7,26,9,16,4,5
Chris Tierney,SJS,C,2016-12-16,false,MTL,3,7,-2,0,0,0,1,1,1,0,32,25567,646,15,18,11,24,12,149,167
Shawn Thornton,FLA,L,2017-02-18,false,LAK,1,2,-6,32,0,0,0,0,0,0,21,13261,338,28,5,13,7,1,5,7
Joe Thornton,SJS,C,2016-12-16,false,MTL,2,18,3,22,0,8,0,0,0,0,32,35573,751,24,13,13,33,28,183,150
Chris Thorburn,WPG,R,2017-01-11,false,MTL,3,0,-5,65,0,0,1,0,0,0,19,14629,410,52,18,3,3,3,9,12
Shea Theodore,ANA,D,2017-04-02,false,CGY,1,7,-10,26,1,1,0,1,0,0,52,31580,667,13,24,25,24,4,0,0
Teuvo Teravainen,CAR,L,2016-12-17,false,BUF,8,7,-2,6,3,4,0,0,1,0,55,30076,657,9,6,24,20,12,69,96
Matt Tennyson,CAR,D,2017-02-11,false,DAL,0,4,-5,2,0,0,0,0,0,0,27,26327,604,41,30,11,9,9,0,0
John Tavares,NYI,C,2016-12-18,false,OTT,9,14,-2,22,3,3,0,0,0,0,93,37539,738,10,8,33,26,24,337,303
Tomas Tatar,DET,L,2016-12-15,false,LAK,4,7,-13,12,0,1,0,0,0,0,67,32097,703,29,12,30,10,12,3,4
Vladimir Tarasenko,STL,R,2016-12-15,false,NJD,15,22,-1,4,4,10,0,0,3,2,111,34187,809,8,11,43,11,20,0,1
Christopher Tanev,VAN,D,2017-02-11,false,BOS,0,5,6,8,0,0,0,0,0,0,22,37262,848,8,55,14,16,7,0,0
Brandon Tanev,WPG,L,2016-12-10,false,CGY,2,1,-5,24,0,0,0,0,1,0,41,22247,602,74,24,14,7,15,1,0
Brandon Sutter,VAN,C,2016-12-16,false,TBL,8,9,-15,2,2,2,0,0,1,1,72,36674,811,24,18,31,10,12,295,247
Ryan Suter,MIN,D,2016-12-20,false,COL,5,13,22,14,2,5,1,0,0,0,62,50196,904,30,34,22,12,19,0,0
Andrej Sustr,TBL,D,2016-12-16,false,VAN,1,4,-8,25,0,0,0,0,1,0,48,33088,718,21,41,9,15,12,0,0
P.K. Subban,NSH,D,2017-01-22,false,MIN,7,10,-8,27,3,4,0,0,2,0,84,46387,864,29,46,24,36,18,0,0
Mark Stuart,WPG,D,2017-03-16,false,NYI,1,1,4,19,0,0,0,0,0,0,14,22033,535,48,58,5,15,3,0,0
Ryan Strome,NYI,C,2016-12-27,false,WSH,5,6,-4,14,1,2,0,0,1,0,54,26269,558,22,9,16,16,15,91,124
Mark Streit,PHI,D,2016-12-11,false,DET,5,11,-6,14,1,5,0,0,1,0,57,36973,828,16,33,18,15,7,0,0
Anton Stralman,TBL,D,2017-01-05,false,NSH,1,10,-1,4,0,5,0,0,0,0,52,42653,835,43,30,26,9,9,0,0
Michael Stone,ARI,D,2017-01-16,false,EDM,0,6,-11,6,0,3,0,0,0,0,38,37395,818,67,70,28,13,0,1,0
Mark Stone,OTT,R,2016-12-18,false,NYI,10,16,1,8,5,5,0,0,3,0,51,34048,698,23,28,17,23,36,5,5
Chris Stewart,MIN,R,2016-12-20,false,COL,5,3,0,40,0,1,0,0,0,0,24,19207,464,36,10,5,6,8,1,4
Derek Stepan,NYR,C,2016-12-13,false,CHI,5,16,8,10,0,6,1,0,1,0,65,33421,761,5,25,13,22,19,255,288
Lee Stempniak,CAR,R,2016-12-17,false,BUF,6,9,4,18,2,2,0,0,0,0,46,29904,659,44,8,22,22,17,1,2
Alexander Steen,STL,L,2016-12-30,false,NSH,3,15,-12,31,0,8,0,0,0,0,44,36468,867,10,27,19,8,19,39,67
Troy Stecher,VAN,D,2017-01-04,false,ARI,1,9,-2,17,0,4,0,0,0,0,74,38780,764,20,31,32,12,11,0,0
Paul Stastny,STL,C,2016-12-15,false,NJD,7,9,0,22,2,4,0,0,2,0,49,37729,868,27,18,19,4,15,361,297
Viktor Stalberg,CAR,L,2016-12-22,false,BUF,7,2,-3,23,0,0,1,0,2,0,46,22882,584,59,8,14,13,18,0,2
Matt Stajan,CGY,C,2016-12-10,false,WPG,3,8,6,10,0,0,0,1,1,0,25,25004,598,25,23,20,5,9,164,139
Drew Stafford,WPG,R,2017-01-14,false,LAK,4,7,-1,10,2,1,0,0,1,0,52,25676,590,28,1,12,17,5,2,8
Eric Staal,MIN,C,2016-12-20,false,COL,10,15,13,12,1,5,0,1,4,0,89,35734,774,19,14,25,10,26,273,263
Jordan Staal,CAR,C,2017-01-05,false,STL,7,9,0,13,2,0,1,0,1,0,64,34209,801,62,12,26,16,22,299,204
Marc Staal,NYR,D,2016-12-13,false,CHI,3,3,7,12,0,0,0,1,0,0,34,36618,827,30,45,17,22,11,0,0
Jared Spurgeon,MIN,D,2016-12-29,false,NYI,4,10,23,12,0,1,0,1,1,1,59,44195,859,19,62,19,8,10,0,0
Ryan Spooner,BOS,C,2016-12-15,false,ANA,4,8,-2,8,2,1,0,0,1,1,59,26375,568,12,6,14,13,12,8,15
Jason Spezza,DAL,C,2016-12-31,false,FLA,7,15,-13,19,1,9,1,0,2,0,70,31171,732,7,11,44,19,14,186,164
Nikita Soshnikov,TOR,R,2017-01-14,false,OTT,1,3,0,6,0,1,0,0,0,0,39,19988,521,60,17,20,9,7,2,12
Carl Soderberg,COL,C,2016-12-20,false,MIN,4,5,-4,14,1,0,0,0,0,0,57,29210,674,16,21,13,7,14,174,158
Devante Smith-Pelly,NJD,R,2016-12-31,false,WSH,2,4,-10,8,0,2,0,0,0,0,51,25144,565,59,9,19,10,9,13,15
Craig Smith,NSH,R,2016-12-20,false,NJD,6,6,1,20,2,1,0,0,0,0,59,26681,618,40,6,41,14,12,40,41
Brendan Smith,DET,D,2017-02-18,false,WSH,2,3,-1,34,1,2,0,0,1,0,39,34440,771,39,36,17,27,4,0,0
Ben Smith,TOR,R,2017-02-06,false,NYI,2,1,-5,4,0,0,0,0,0,0,25,21677,554,22,33,9,5,9,188,171
Reilly Smith,FLA,R,2016-12-15,false,WPG,5,8,-7,8,3,1,0,0,1,0,60,36014,748,27,7,25,10,25,1,1
Zack Smith,OTT,C,2016-12-17,false,NJD,5,5,1,31,0,0,1,0,0,0,60,30109,682,54,17,21,23,15,133,124
Anton Slepyshev,EDM,L,2017-02-18,false,CHI,3,5,4,2,0,0,0,0,0,0,45,21006,489,49,10,10,11,12,1,2
Jaccob Slavin,CAR,D,2016-12-17,false,BUF,1,10,2,2,0,4,0,1,0,0,43,43224,838,13,66,20,19,23,0,0
Brady Skjei,NYR,D,2016-12-13,false,CHI,1,13,2,12,0,3,0,0,0,0,37,30854,688,48,25,16,25,4,0,1
Jeff Skinner,CAR,L,2016-12-22,false,BUF,13,14,-5,16,4,7,0,0,0,0,115,33988,694,13,10,42,25,34,5,11
Jack Skille,VAN,R,2016-12-31,false,EDM,4,2,-1,6,0,0,0,0,0,0,37,16067,399,45,8,12,6,8,0,0
Colton Sissons,NSH,C,2017-01-10,false,VAN,5,1,3,2,0,0,1,0,0,0,16,19854,512,60,15,7,7,8,87,91
Wayne Simmonds,PHI,R,2016-12-11,false,DET,15,13,-7,44,8,6,1,0,1,0,80,36010,813,66,23,42,16,12,6,5
Jakob Silfverberg,ANA,R,2016-12-15,false,BOS,8,13,9,4,1,2,1,0,2,0,89,33966,802,19,18,29,18,16,1,3
Nick Shore,LAK,C,2016-12-20,false,CBJ,1,4,-2,12,0,0,0,0,0,0,31,22419,533,24,13,12,9,7,130,159
Devin Shore,DAL,C,2016-12-13,false,ANA,5,8,-2,4,0,3,0,0,0,0,40,24121,589,17,27,16,5,12,117,138
Conor Sheary,PIT,L,2016-12-31,false,MTL,9,13,10,12,1,1,0,0,2,0,73,27604,632,11,12,16,11,12,0,0
Riley Sheahan,DET,C,2016-12-15,false,LAK,0,5,-15,12,0,1,0,0,0,0,49,26054,619,30,16,17,9,9,80,63
Logan Shaw,ANA,C,2017-01-25,false,EDM,2,1,-5,6,0,0,1,0,0,0,41,17958,487,37,12,12,3,7,34,72
Andrew Shaw,MTL,C,2017-01-16,false,DET,6,9,12,80,1,2,0,0,0,0,59,27406,602,75,13,17,10,12,120,95
Kevin Shattenkirk,STL,D,2016-12-15,false,NJD,7,15,-5,27,5,8,0,0,0,0,63,37512,831,36,26,23,15,10,0,0
Patrick Sharp,DAL,L,2017-02-12,false,NSH,7,6,-13,25,1,0,1,0,0,0,92,30029,692,20,12,33,13,7,21,23
Michael Sgarbossa,FLA,C,2017-02-24,false,CGY,2,6,-5,4,1,1,0,0,0,0,32,21745,536,34,15,10,9,4,127,162
Damon Severson,NJD,D,2016-12-18,false,NYR,3,13,-16,29,0,7,0,0,1,0,47,39288,829,35,29,18,29,12,0,0
Devin Setoguchi,LAK,R,2016-12-31,false,SJS,4,5,-1,6,0,1,0,0,0,0,42,24339,569,43,8,19,17,9,2,2
Andrej Sekera,EDM,D,2016-12-11,false,WPG,4,9,10,8,0,3,1,0,0,0,35,39909,815,19,54,29,25,18,0,0
Dennis Seidenberg,NYI,D,2017-01-07,false,ARI,4,9,16,20,0,0,0,0,0,0,33,35607,686,47,65,8,18,2,0,0
Tyler Seguin,DAL,C,2016-12-13,false,ANA,10,21,-9,14,7,6,0,0,1,0,103,34985,774,28,8,47,13,13,185,174
Lukas Sedlak,CBJ,C,2016-12-27,false,BOS,2,6,6,10,0,0,0,0,0,0,26,17309,431,31,13,18,7,8,91,94
Daniel Sedin,VAN,L,2016-12-16,false,TBL,9,11,-6,14,4,3,0,0,1,0,89,35051,737,8,9,26,12,10,2,2
Henrik Sedin,VAN,C,2016-12-16,false,TBL,7,12,-10,6,1,6,0,0,1,1,34,36580,734,6,4,11,21,7,225,233
Brent Seabrook,CHI,D,2016-12-17,false,STL,2,17,4,6,2,6,0,0,0,0,48,41709,876,47,46,24,36,8,0,0
Jaden Schwartz,STL,L,2016-12-22,false,TBL,12,9,1,6,3,1,0,0,3,1,75,35920,844,31,20,30,7,20,34,41
Justin Schultz,PIT,D,2016-12-16,false,LAK,5,12,18,6,1,3,0,0,0,0,58,32193,737,24,30,18,15,7,0,0
Jordan Schroeder,MIN,C,2017-03-18,false,NYR,4,7,6,0,0,0,0,0,0,0,30,18378,407,24,13,9,5,8,11,14
Nate Schmidt,WSH,D,2017-01-05,false,CBJ,1,7,7,10,0,0,0,0,0,0,34,28251,603,28,15,22,27,21,0,0
Nick Schmaltz,CHI,C,2017-01-24,false,TBL,2,4,-3,2,0,1,0,0,0,0,23,21325,484,13,10,4,7,20,51,110
David Schlemko,SJS,D,2017-01-14,false,STL,1,7,2,8,1,2,0,0,0,0,61,32034,709,22,46,22,21,19,0,0
Luke Schenn,ARI,D,2016-12-27,false,DAL,0,2,0,37,0,0,0,0,0,0,40,29797,686,106,48,18,11,6,0,0
Brayden Schenn,PHI,C,2016-12-19,false,NSH,9,12,-5,24,6,7,0,0,4,1,71,33076,715,76,20,30,16,4,91,92
Mark Scheifele,WPG,C,2016-12-18,false,COL,14,16,6,24,3,2,0,0,1,1,77,38114,752,28,14,17,15,23,255,311
Tim Schaller,BOS,C,2016-12-20,false,NYI,4,6,-8,19,0,0,0,0,1,0,46,23614,551,35,16,26,13,9,22,20
Colton Sceviour,FLA,C,2016-12-15,false,WPG,5,6,-8,14,1,2,2,0,1,0,61,27817,597,41,26,26,11,14,22,19
Marco Scandella,MIN,D,2017-01-15,false,CHI,2,3,0,12,0,0,0,0,0,0,40,32011,705,23,40,15,16,9,0,0
Luca Sbisa,VAN,D,2016-12-16,false,TBL,1,7,5,20,0,0,0,0,0,0,28,32786,709,54,53,9,22,7,0,0
David Savard,CBJ,D,2016-12-22,false,PIT,1,9,22,20,0,0,0,0,0,0,49,39806,869,52,56,32,17,10,0,0
Steven Santini,NJD,D,2017-03-11,false,ARI,2,5,-3,8,0,0,0,0,0,0,33,29910,701,64,32,13,9,1,0,0
Zach Sanford,STL,L,2017-03-23,false,VAN,3,3,0,8,0,0,0,0,2,0,28,19217,461,18,16,11,11,13,10,9
Brandon Saad,CBJ,L,2016-12-22,false,PIT,12,15,16,6,1,0,0,0,2,0,81,32301,753,8,10,32,11,21,1,2
Bobby Ryan,OTT,R,2016-12-29,false,DET,7,7,1,10,1,2,0,0,0,0,50,28447,615,43,16,20,16,9,1,2
Derek Ryan,CAR,C,2017-01-17,false,CBJ,8,10,-3,10,2,4,1,0,2,0,39,27292,616,17,15,16,19,10,160,120
Bryan Rust,PIT,R,2016-12-22,false,CBJ,9,6,-2,4,0,0,0,1,1,1,61,23863,600,57,17,23,14,8,1,2
Kris Russell,EDM,D,2016-12-31,false,VAN,0,5,2,10,0,0,0,0,0,0,36,39966,851,35,89,18,28,15,0,0
Chad Ruhwedel,PIT,D,2017-03-31,false,NYR,2,6,6,8,0,1,0,0,0,0,44,32340,739,32,25,17,11,8,0,0
Antoine Roussel,DAL,L,2016-12-13,false,ANA,5,11,5,85,0,3,0,0,2,0,38,29142,757,41,20,20,18,7,3,4
Brett Ritchie,DAL,R,2016-12-13,false,ANA,7,2,1,17,1,0,0,0,0,0,69,23522,580,57,8,21,6,3,1,0
Nick Ritchie,ANA,L,2016-12-19,false,TOR,8,4,1,16,1,0,0,0,1,0,60,25326,627,99,9,23,5,6,2,2
Rasmus Ristolainen,BUF,D,2016-12-20,false,FLA,3,20,-1,12,1,12,0,0,2,2,72,49654,954,84,59,32,25,11,0,0
Morgan Rielly,TOR,D,2016-12-19,false,ANA,1,14,-5,9,1,2,0,0,0,0,73,42401,976,16,54,37,43,14,0,0
Tobias Rieder,ARI,R,2016-12-21,false,EDM,7,6,-3,2,1,2,0,1,0,0,65,32278,716,10,14,25,7,15,1,3
Mike Ribeiro,NSH,C,2016-12-19,false,PHI,4,15,-1,12,2,3,0,0,0,0,27,30099,640,22,5,8,20,7,141,174
Sam Reinhart,BUF,C,2016-12-20,false,FLA,7,10,0,6,3,4,0,0,1,0,71,32084,647,8,12,16,15,8,46,72
Ryan Reaves,STL,R,2016-12-19,false,EDM,2,3,1,18,0,0,0,0,1,0,22,14348,379,74,6,10,2,5,0,0
Matt Read,PHI,R,2017-01-08,false,CBJ,6,4,-1,4,2,0,0,0,0,0,46,27347,640,49,18,13,8,11,3,8
Dennis Rasmussen,CHI,C,2016-12-18,false,SJS,3,3,0,6,0,0,0,0,0,0,37,23184,597,30,27,8,11,12,75,90
Victor Rask,CAR,C,2016-12-17,false,BUF,10,15,0,6,3,3,0,1,2,0,72,35009,751,8,12,18,18,17,182,202
Mikko Rantanen,COL,R,2016-12-31,false,NYR,5,11,-15,8,2,4,0,0,0,0,47,33923,699,5,15,22,12,23,18,8
Rickard Rakell,ANA,C,2017-01-08,false,MIN,16,7,-1,6,4,3,0,0,3,0,79,32425,705,41,13,29,10,8,25,24
Michael Raffl,PHI,L,2017-01-07,false,TBL,8,3,2,13,0,0,0,0,3,0,46,25908,620,57,10,21,9,12,2,2
Alexander Radulov,MTL,R,2016-12-22,false,MIN,6,17,5,22,2,5,0,0,0,0,66,32181,702,26,13,29,21,21,2,2
Alan Quine,NYI,C,2017-01-14,false,CAR,3,7,1,2,1,0,0,0,1,0,43,22509,531,46,14,8,6,10,131,123
Kyle Quincey,NJD,D,2016-12-18,false,NYR,2,7,5,14,0,0,0,0,0,0,39,32632,762,48,47,5,18,9,0,0
Mark Pysyk,FLA,D,2016-12-15,false,WPG,1,5,0,6,0,0,0,0,0,0,36,34101,666,21,39,18,10,14,0,1
Tom Pyatt,OTT,L,2016-12-17,false,NJD,2,5,-2,8,0,0,0,1,0,0,35,29287,697,15,39,12,7,14,9,16
Matt Puempel,NYR,L,2017-02-05,false,CGY,6,1,-9,11,3,0,0,0,1,0,36,17736,442,23,7,18,3,6,0,1
Ivan Provorov,PHI,D,2016-12-11,false,DET,3,11,-3,12,0,2,0,0,1,0,54,38388,859,45,58,25,30,7,0,0
Nate Prosser,MIN,D,2017-03-10,false,FLA,0,4,-3,6,0,1,0,0,0,0,14,24219,557,24,58,14,9,3,0,0
Shane Prince,NYI,L,2017-01-07,false,ARI,5,8,-8,6,1,1,0,0,2,0,48,23842,537,27,8,10,13,12,3,2
Benoit Pouliot,EDM,L,2016-12-23,false,SJS,5,2,-2,24,0,0,0,0,1,0,40,27359,661,16,18,18,15,7,4,9
Paul Postma,WPG,D,2016-12-27,false,CHI,0,7,1,4,0,0,0,0,0,0,24,22049,504,15,21,8,13,3,0,0
Jason Pominville,MIN,R,2016-12-20,false,COL,5,8,3,2,0,2,0,0,0,0,66,26910,647,20,19,24,3,11,16,15
Roman Polak,TOR,D,2017-01-01,false,DET,2,2,-1,28,0,0,0,0,0,0,24,32171,743,101,46,14,13,7,0,1
Brayden Point,TBL,C,2016-12-16,false,VAN,2,9,-3,8,2,2,0,0,0,0,58,27932,558,13,9,17,11,12,29,22
Tomas Plekanec,MTL,C,2016-12-17,false,WSH,2,12,6,8,0,3,1,0,1,0,59,32202,791,32,25,14,9,13,288,291
Brandon Pirri,NYR,R,2016-12-13,false,CHI,6,6,0,15,4,2,0,0,3,0,47,23431,523,19,11,29,9,12,87,70
Alex Pietrangelo,STL,D,2016-12-15,false,NJD,6,10,-7,12,3,3,0,0,2,0,73,46795,954,16,64,26,11,20,0,0
Dion Phaneuf,OTT,D,2016-12-17,false,NJD,4,8,-6,41,2,3,0,0,0,0,73,42722,983,57,68,21,21,5,0,0
Jeff Petry,MTL,D,2016-12-20,false,ANA,7,9,11,10,2,3,0,0,1,0,66,40638,855,65,57,32,30,8,0,0
Alex Petrovic,FLA,D,2017-03-04,false,DAL,1,10,5,35,0,0,0,0,0,0,33,33024,654,69,37,19,16,13,0,0
Nic Petan,WPG,L,2017-01-26,false,CHI,1,11,-4,12,0,7,0,0,0,0,35,23333,529,7,7,17,6,9,93,107
Brett Pesce,CAR,D,2016-12-17,false,BUF,1,7,5,4,0,1,0,0,0,0,39,38784,795,23,63,20,18,21,0,0
Corey Perry,ANA,R,2016-12-15,false,BOS,7,19,-3,25,2,10,0,0,1,0,91,34883,742,32,11,40,7,10,0,4
David Perron,STL,L,2016-12-15,false,NJD,7,9,-7,22,2,3,0,0,2,0,58,33707,800,25,8,28,7,19,21,22
Mathieu Perreault,WPG,C,2017-01-13,false,ARI,4,7,-12,18,1,2,0,0,0,0,64,30096,651,46,10,14,7,21,97,90
Brendan Perlini,ARI,L,2017-02-16,false,LAK,10,4,-3,8,2,1,0,0,1,0,53,27558,563,24,10,21,5,2,1,0
Adam Pelech,NYI,D,2017-03-14,false,CAR,1,5,-6,2,0,0,0,0,0,0,24,30292,603,40,47,13,24,11,0,0
Tanner Pearson,LAK,L,2016-12-22,false,NSH,7,7,8,7,1,2,0,0,0,0,57,29188,673,56,10,39,7,11,1,6
Joe Pavelski,SJS,C,2016-12-16,false,MTL,10,17,6,12,3,8,0,0,3,0,108,36757,779,68,34,46,38,15,184,168
Greg Pateryn,DAL,D,2017-03-26,false,NJD,1,6,-1,4,0,0,0,0,0,0,34,27639,606,56,56,18,18,4,0,0
David Pastrnak,BOS,R,2016-12-29,false,BUF,19,7,15,12,4,1,0,0,3,1,107,32626,668,24,16,37,19,17,0,1
Zach Parise,MIN,L,2017-01-12,false,MTL,8,12,0,18,3,4,0,0,0,0,95,33853,735,24,38,25,7,22,4,1
PA Parenteau,NJD,R,2016-12-22,false,PHI,8,6,-8,16,3,0,0,0,1,0,57,28723,626,27,2,11,16,8,2,9
Colton Parayko,STL,D,2016-12-15,false,NJD,0,14,3,10,0,4,0,0,0,0,81,39237,919,24,53,33,14,14,0,0
Cedric Paquette,TBL,C,2016-12-20,false,DET,3,4,-2,37,0,0,0,0,0,0,33,20359,473,78,22,16,3,13,96,114
Richard Panik,CHI,R,2016-12-13,false,NYR,7,5,4,10,2,1,0,0,1,0,52,26004,584,67,19,13,14,15,0,5
Artemi Panarin,CHI,L,2016-12-13,false,NYR,11,15,11,15,3,3,0,0,1,1,82,36653,706,10,3,35,20,18,1,0
Kyle Palmieri,NJD,R,2016-12-22,false,PHI,5,12,0,12,3,5,0,0,1,0,59,30313,663,61,14,31,16,10,5,8
Ondrej Palat,TBL,L,2016-12-28,false,MTL,5,10,0,17,1,4,0,0,0,0,50,32914,681,59,17,19,15,32,4,7
Jean-Gabriel Pageau,OTT,C,2016-12-17,false,NJD,4,6,2,4,0,0,0,0,1,0,55,29702,691,70,28,14,13,8,158,131
Max Pacioretty,MTL,L,2016-12-17,false,WSH,12,13,11,20,2,2,0,1,4,0,90,34046,763,29,13,52,25,21,2,3
Magnus Paajarvi,STL,L,2017-04-08,false,CAR,8,4,9,6,1,0,0,0,3,0,50,22663,566,29,16,11,0,11,1,2
Alex Ovechkin,WSH,L,2016-12-21,false,PHI,14,9,-2,24,6,3,0,0,5,1,122,34907,667,83,11,58,14,13,0,1
Xavier Ouellet,DET,D,2017-01-20,false,BUF,2,5,6,40,0,0,0,0,0,0,44,33673,735,31,43,23,8,6,0,1
Steve Ott,DET,C,2016-12-27,false,BUF,2,2,-3,47,0,0,0,0,0,0,26,19202,478,66,11,7,2,6,77,55
T.J. Oshie,WSH,R,2017-01-05,false,CBJ,12,7,15,12,2,2,1,1,2,0,67,32875,673,44,23,31,14,24,32,42
Brooks Orpik,WSH,D,2016-12-21,false,PHI,0,6,9,10,0,0,0,0,0,0,35,32094,664,66,46,11,16,6,0,0
Dmitry Orlov,WSH,D,2016-12-21,false,PHI,1,12,9,18,0,2,0,0,0,0,46,35782,728,48,38,22,23,15,0,0
Jamie Oleksiak,DAL,D,2017-03-08,false,OTT,5,2,-1,37,0,0,0,1,1,0,26,29313,675,43,37,8,18,7,0,0
Kyle Okposo,BUF,R,2016-12-22,false,CAR,9,13,-1,10,4,8,0,0,0,0,79,35980,697,29,9,24,19,11,40,36
Johnny Oduya,DAL,D,2017-01-09,false,LAK,1,5,1,10,0,0,0,0,0,0,21,34663,790,18,67,23,17,7,0,0
Ryan O'Reilly,BUF,C,2017-01-12,false,TBL,8,16,3,6,3,10,0,0,2,0,93,40211,801,4,18,30,12,26,418,316
Gustav Nyquist,DET,R,2016-12-15,false,LAK,4,12,-2,4,0,2,0,0,2,0,62,31177,668,22,10,21,13,15,3,0
William Nylander,TOR,C,2016-12-22,false,COL,6,15,-3,10,4,8,0,0,0,0,81,30243,667,8,10,36,12,24,42,56
Markus Nutivaara,CBJ,D,2016-12-22,false,PIT,1,4,6,2,0,0,0,0,0,0,31,24130,554,18,18,9,6,3,0,0
Darnell Nurse,EDM,D,2017-03-12,false,MTL,3,2,-5,22,0,0,0,0,0,0,56,32387,694,75,33,18,21,9,0,0
Ryan Nugent-Hopkins,EDM,C,2016-12-11,false,WPG,5,10,-8,12,3,2,0,0,1,0,82,33202,750,19,8,22,6,17,203,258
Joakim Nordstrom,CAR,L,2016-12-17,false,BUF,3,4,-4,8,0,0,1,0,1,0,42,25293,636,41,23,15,10,9,3,8
Jordan Nolan,LAK,C,2017-01-09,false,DAL,2,3,-3,40,0,0,0,0,0,0,26,20099,461,40,3,19,4,3,2,2
Stefan Noesen,NJD,R,2017-03-11,false,ARI,5,2,3,6,0,0,0,0,0,0,43,19017,462,35,7,12,10,8,22,37
Matt Niskanen,WSH,D,2016-12-23,false,TBL,2,12,7,12,1,1,0,1,1,0,62,40983,818,49,41,28,30,14,0,0
Matt Nieto,COL,L,2017-02-12,false,NYI,4,3,-6,6,0,0,0,0,1,0,51,26990,648,29,22,13,13,16,1,3
Frans Nielsen,DET,C,2016-12-15,false,LAK,6,10,-13,0,0,7,2,0,0,0,61,32418,785,28,21,14,8,12,240,214
Nino Niederreiter,MIN,R,2016-12-20,false,COL,8,12,14,6,3,0,0,0,1,0,55,27202,620,53,8,19,8,11,0,1
Nikita Nesterov,TBL,D,2017-01-16,false,LAK,2,7,2,18,1,0,0,0,0,0,38,30325,611,49,15,10,11,6,0,0
Patrik Nemeth,DAL,D,2017-03-14,false,EDM,0,2,-6,12,0,0,0,0,0,0,31,28343,636,34,33,13,13,9,0,0
Brock Nelson,NYI,C,2016-12-18,false,OTT,7,12,2,14,1,3,0,1,0,0,66,30000,706,26,26,17,15,15,130,170
Chris Neil,OTT,R,2016-12-18,false,NYI,1,1,-6,45,0,0,0,0,0,0,34,14990,383,68,11,6,6,7,0,0
James Neal,NSH,L,2016-12-29,false,CHI,14,6,-4,17,2,3,0,0,2,0,102,34414,707,41,10,25,16,19,1,1
Rick Nash,NYR,R,2017-01-13,false,TOR,13,7,-1,12,4,2,1,0,2,0,90,29900,742,21,21,26,28,22,0,1
Riley Nash,BOS,C,2016-12-14,false,PIT,1,3,-3,6,0,0,0,1,0,0,46,26460,614,19,12,19,5,16,149,135
Vladislav Namestnikov,TBL,C,2016-12-17,false,EDM,3,9,-7,17,2,3,0,0,0,0,43,26714,543,18,14,20,8,6,71,77
Jake Muzzin,LAK,D,2016-12-18,false,BOS,3,4,-9,16,1,0,0,0,0,0,65,41234,949,65,47,26,23,6,0,0
Ryan Murray,CBJ,D,2017-01-03,false,EDM,0,4,7,20,0,0,0,1,0,0,24,33894,767,8,43,11,5,4,0,0
Connor Murphy,ARI,D,2016-12-27,false,DAL,0,6,-12,25,0,0,0,0,0,0,30,38425,847,71,45,10,15,10,0,0
Matt Moulson,BUF,L,2016-12-20,false,FLA,8,5,-2,2,7,3,0,0,1,0,61,25172,514,19,9,19,4,8,0,0
Tyler Motte,CHI,L,2016-12-29,false,NSH,4,3,4,14,0,0,0,0,0,0,45,21525,551,27,24,13,4,13,4,6
Josh Morrissey,WPG,D,2016-12-10,false,CGY,1,4,4,16,0,0,0,0,1,0,33,34346,731,48,47,14,11,4,0,0
Dominic Moore,BOS,C,2016-12-14,false,PIT,7,3,3,14,0,0,2,0,1,0,35,24186,572,21,17,7,10,8,146,116
John Moore,NJD,D,2016-12-18,false,NYR,5,6,-3,29,0,1,0,0,0,0,45,36455,826,27,34,23,26,0,0,0
Sean Monahan,CGY,C,2016-12-10,false,WPG,9,8,-7,10,3,2,0,0,2,1,60,33174,728,17,8,24,16,20,290,266
Torrey Mitchell,MTL,C,2016-12-17,false,WSH,7,4,9,20,0,0,0,0,1,0,27,24689,655,18,24,13,21,20,185,167
John Mitchell,COL,C,2016-12-31,false,NYR,1,0,-6,18,0,0,0,0,1,0,32,24051,547,38,25,10,4,17,159,126
Drew Miller,DET,L,2017-01-12,false,DAL,5,1,-10,14,0,0,0,0,1,0,28,19386,481,42,26,5,1,8,1,0
Kevan Miller,BOS,D,2017-02-04,false,TOR,1,5,-6,17,0,0,0,1,0,0,29,31929,692,70,42,7,9,4,0,0
J.T. Miller,NYR,L,2016-12-13,false,CHI,9,13,10,10,1,2,2,0,2,0,61,29614,685,48,27,18,18,21,46,67
Colin Miller,BOS,D,2017-01-02,false,NJD,2,3,-3,23,1,0,0,0,0,0,52,30625,673,31,19,32,10,8,0,0
Marc Methot,OTT,D,2016-12-27,false,NYR,0,3,13,8,0,0,0,0,0,0,45,38188,901,68,39,3,20,5,0,0
Jon Merrill,NJD,D,2017-02-19,false,NYI,1,4,0,18,0,0,0,0,0,0,25,34633,775,24,49,15,14,9,0,0
Timo Meier,SJS,R,2017-03-30,false,EDM,3,3,1,6,0,0,0,0,1,0,77,23433,571,61,5,29,27,22,1,4
Jayson Megna,VAN,C,2017-01-25,false,COL,3,3,0,4,0,1,0,0,0,0,36,22161,512,40,8,6,4,7,0,1
Adam McQuaid,BOS,D,2016-12-23,false,CAR,0,1,5,19,0,0,0,0,0,0,35,32879,772,71,54,12,13,5,0,0
Brayden McNabb,LAK,D,2017-02-23,false,BOS,2,2,6,29,0,0,0,0,0,0,32,29287,688,67,37,18,24,9,0,0
Cody McLeod,NSH,L,2017-01-19,false,CGY,2,0,-1,59,0,0,0,0,0,0,14,11631,303,57,4,6,0,3,0,0
Curtis McKenzie,DAL,L,2017-01-26,false,BUF,3,6,4,46,0,0,0,0,1,0,44,20154,510,61,19,13,3,5,2,3
Greg McKegg,FLA,C,2017-02-18,false,LAK,3,3,-5,11,0,0,0,0,0,0,28,18990,463,33,12,5,5,5,43,40
Jamie McGinn,ARI,L,2016-12-29,false,NYR,6,3,-4,19,0,0,0,0,2,0,59,25155,581,64,10,10,9,1,0,1
Brock McGinn,CAR,L,2017-01-23,false,WSH,5,7,-3,2,0,0,0,1,1,0,41,23360,568,40,18,17,7,15,1,3
Ryan McDonagh,NYR,D,2016-12-15,false,DAL,1,16,11,15,1,5,0,0,0,0,53,44737,895,31,60,22,21,17,0,0
Connor McDavid,EDM,C,2016-12-11,false,WPG,12,27,6,14,1,11,0,1,3,0,92,39028,775,8,8,27,21,21,159,217
Jay McClement,CAR,C,2016-12-17,false,BUF,1,2,-8,8,0,0,0,0,0,0,20,22021,555,28,22,12,5,13,139,140
Michael McCarron,MTL,R,2017-04-08,false,DET,1,4,-4,41,0,0,0,0,0,0,31,18393,453,75,11,14,6,7,76,99
Jake McCabe,BUF,D,2016-12-20,false,FLA,0,7,1,16,0,1,0,0,0,0,32,39839,853,36,39,22,14,8,0,0
Shawn Matthias,WPG,L,2017-02-07,false,MIN,7,3,2,6,0,0,1,0,1,0,42,25351,609,27,11,17,6,8,5,8
Auston Matthews,TOR,C,2016-12-19,false,ANA,15,9,0,6,3,5,0,0,1,0,115,32987,693,6,27,46,14,31,160,183
Michael Matheson,FLA,D,2016-12-16,false,COL,3,7,-3,12,0,1,0,0,0,0,71,37293,693,25,37,21,21,22,1,0
Andreas Martinsen,COL,L,2016-12-22,false,TOR,1,2,-6,20,0,0,0,1,0,0,31,19233,496,88,15,17,3,14,2,0
Jordan Martinook,ARI,L,2016-12-17,false,MIN,6,7,0,14,1,0,0,1,0,0,49,30443,731,27,28,24,9,16,183,244
Alec Martinez,LAK,D,2016-12-18,false,BOS,6,11,-3,10,1,3,0,0,3,2,64,42155,958,66,62,34,15,1,0,1
Paul Martin,SJS,D,2016-12-16,false,MTL,1,8,6,10,0,0,0,0,0,0,23,34846,744,18,53,5,23,8,0,0
Matt Martin,TOR,L,2016-12-19,false,ANA,2,2,2,58,0,0,0,0,0,0,27,17164,436,119,10,11,3,7,0,6
Patrick Maroon,EDM,L,2016-12-11,false,WPG,8,6,5,28,0,2,0,0,1,0,63,28453,631,65,6,21,13,9,4,7
Mitchell Marner,TOR,C,2016-12-19,false,ANA,8,15,-4,18,1,4,0,0,3,0,79,31885,680,14,19,39,25,27,7,10
Patrick Marleau,SJS,L,2016-12-16,false,MTL,8,4,-3,8,2,3,0,0,2,0,73,32230,691,34,14,29,12,15,15,22
Andrei Markov,MTL,D,2016-12-17,false,WSH,2,19,7,12,0,8,0,1,0,0,44,40570,843,21,32,18,27,14,0,0
Jonathan Marchessault,FLA,C,2016-12-31,false,DAL,11,13,1,12,3,5,0,0,2,0,83,33971,650,42,10,33,20,27,60,65
Alexey Marchenko,TOR,D,2017-02-23,false,NYR,0,6,7,12,0,0,0,1,0,0,28,33197,765,8,48,14,17,3,0,0
Brad Marchand,BOS,L,2016-12-14,false,PIT,9,17,8,34,1,4,0,0,3,0,88,34537,743,22,10,35,20,22,10,11
Anthony Mantha,DET,R,2017-01-20,false,BUF,11,11,8,16,1,2,0,0,2,1,74,31836,672,25,19,26,17,13,3,5
Josh Manson,ANA,D,2016-12-15,false,BOS,1,6,0,44,0,0,0,0,0,0,34,35162,738,78,31,15,28,8,0,0
Brandon Manning,PHI,D,2016-12-21,false,WSH,3,6,-4,25,0,0,1,0,1,0,42,33656,787,64,29,14,22,1,0,0
Evgeni Malkin,PIT,C,2016-12-16,false,LAK,12,21,7,44,3,8,0,0,3,0,102,34661,725,19,13,31,31,23,192,239
Denis Malgin,FLA,C,2016-12-22,false,BOS,4,4,-2,8,1,0,0,0,1,1,42,21908,488,19,9,13,5,8,56,94
Nathan MacKinnon,COL,C,2016-12-20,false,MIN,8,13,-12,2,1,5,2,0,2,0,111,37448,799,21,11,36,15,18,301,279
Derek MacKenzie,FLA,C,2016-12-15,false,WPG,3,4,3,13,0,0,0,1,0,0,37,22188,535,73,16,16,6,11,152,147
Andrew MacDonald,PHI,D,2017-01-01,false,ANA,2,9,-1,8,0,0,0,0,0,0,20,36665,828,15,64,16,22,2,0,0
Olli Maatta,PIT,D,2016-12-16,false,LAK,0,2,11,6,0,0,0,0,0,0,38,33918,793,34,56,13,18,5,0,0
Roman Lyubimov,PHI,L,2017-01-14,false,BOS,3,1,-1,6,0,0,0,0,0,0,30,18746,487,22,11,17,5,9,0,5
Milan Lucic,EDM,L,2016-12-11,false,WPG,8,14,-2,18,2,8,0,0,1,0,77,33492,695,80,9,30,16,8,3,2
Adam Lowry,WPG,C,2016-12-10,false,CGY,6,2,-2,19,1,2,0,0,0,0,40,29790,738,78,21,16,9,14,237,255
Ben Lovejoy,NJD,D,2016-12-18,false,NYR,1,2,-8,14,0,0,0,0,1,0,33,37626,813,41,56,14,14,8,0,0
Bryan Little,WPG,C,2017-02-02,false,DAL,14,14,3,8,4,3,0,0,2,1,66,32991,778,12,11,23,8,14,336,261
Hampus Lindholm,ANA,D,2017-01-12,false,COL,1,4,8,20,0,2,0,0,1,0,41,40740,845,48,39,23,22,8,0,0
Elias Lindholm,CAR,C,2017-01-10,false,CBJ,4,10,-3,6,0,2,0,2,0,0,62,33418,743,42,31,29,13,25,156,142
Esa Lindell,DAL,D,2017-01-07,false,STL,4,3,5,8,0,1,0,0,2,1,41,37916,825,47,51,17,16,11,0,1
Oscar Lindberg,NYR,C,2017-01-22,false,DET,1,6,-1,20,0,1,0,0,0,0,42,21363,528,47,20,17,4,5,137,139
John-Michael Liles,BOS,D,2017-02-26,false,DAL,0,5,0,4,0,3,0,0,0,0,26,30276,675,21,37,15,6,9,2,0
Trevor Lewis,LAK,C,2016-12-18,false,BOS,5,6,-6,10,0,1,0,0,1,0,51,26029,588,71,10,23,7,6,25,39
Mark Letestu,EDM,C,2016-12-19,false,STL,6,8,-1,2,3,1,2,1,3,0,44,25793,650,28,14,14,11,7,178,181
Kris Letang,PIT,D,2017-01-31,false,NSH,4,19,-3,22,2,9,0,0,1,1,91,46772,906,58,54,31,36,25,0,0
Jori Lehtera,STL,C,2016-12-28,false,PHI,4,6,-4,12,0,1,0,0,1,0,33,28824,740,29,15,2,7,8,213,201
Artturi Lehkonen,MTL,L,2017-01-07,false,TOR,8,2,4,6,1,1,0,0,1,0,66,25627,644,25,11,25,8,15,0,0
Anders Lee,NYI,L,2016-12-18,false,OTT,10,3,5,16,2,0,0,0,2,0,62,25633,594,74,14,21,9,11,1,4
Nick Leddy,NYI,D,2016-12-20,false,BOS,4,10,-12,6,1,5,0,0,0,0,59,42711,750,29,49,25,10,16,0,0
Curtis Lazar,OTT,C,2017-02-19,false,WPG,0,1,-9,4,0,0,0,0,0,0,23,15932,403,56,13,8,6,6,28,45
Adam Larsson,EDM,D,2016-12-11,false,WPG,2,4,-5,26,0,0,0,0,0,0,33,37352,818,93,51,13,25,13,0,0
Dylan Larkin,DET,C,2016-12-15,false,LAK,9,2,-10,17,3,0,0,0,1,0,95,31194,666,16,7,24,23,26,58,80
Nick Lappin,NJD,R,2017-01-03,false,CAR,4,3,-7,17,0,0,0,0,0,0,42,22572,516,32,6,14,5,12,2,4
Gabriel Landeskog,COL,L,2017-01-14,false,NSH,8,6,-10,30,2,0,0,0,2,1,70,35369,765,70,15,16,13,34,23,29
Patrik Laine,WPG,R,2016-12-10,false,CGY,17,8,3,10,7,2,0,0,3,1,81,34242,690,37,14,30,31,18,0,2
Andrew Ladd,NYI,L,2016-12-18,false,OTT,4,3,-10,18,0,0,0,0,1,0,52,30322,643,32,20,21,17,21,2,2
Kevin Labanc,SJS,R,2017-01-16,false,WPG,7,5,4,12,0,1,0,0,2,1,44,25063,586,12,8,22,16,10,2,2
Evgeny Kuznetsov,WSH,C,2016-12-21,false,PHI,3,14,4,14,0,4,0,0,0,0,55,32254,662,19,7,23,26,12,187,261
Chris Kunitz,PIT,L,2016-12-28,false,CAR,3,13,7,22,0,3,0,0,2,0,59,28355,646,97,9,19,12,14,3,5
Dmitry Kulikov,BUF,D,2017-02-14,false,OTT,1,1,-9,22,0,0,0,0,0,0,29,42225,911,42,51,20,16,12,0,0
Nikolay Kulemin,NYI,L,2016-12-23,false,BUF,4,5,2,6,0,0,0,0,1,0,30,25364,644,36,23,18,9,12,7,4
Tom Kuhnhackl,PIT,R,2017-02-16,false,WPG,2,4,5,10,0,0,0,0,0,0,22,18326,495,55,22,11,2,3,1,2
Nikita Kucherov,TBL,R,2016-12-31,false,CAR,13,22,6,20,4,8,0,0,3,0,95,34325,690,9,12,39,29,26,0,0
Marcus Kruger,CHI,C,2016-12-13,false,NYR,2,5,10,18,0,0,0,0,0,0,31,25949,678,13,24,13,5,12,180,179
Torey Krug,BOS,D,2016-12-14,false,PIT,1,12,-4,22,0,4,0,0,0,0,93,40440,843,28,24,37,24,9,0,1
Niklas Kronwall,DET,D,2017-02-11,false,CBJ,0,5,-2,14,0,2,0,0,0,0,34,34225,777,44,47,10,9,2,0,0
David Krejci,BOS,C,2016-12-14,false,PIT,5,13,-4,14,1,4,0,0,1,0,66,34406,677,29,28,28,16,18,231,214
Chris Kreider,NYR,L,2016-12-27,false,OTT,11,14,5,19,2,4,0,0,2,0,82,31521,685,53,16,34,19,8,3,2
Lauri Korpikoski,DAL,L,2016-12-15,false,NYR,4,5,0,6,0,0,0,1,0,0,52,25890,673,20,14,13,9,7,0,4
Anze Kopitar,LAK,C,2016-12-29,false,EDM,3,13,-1,10,0,4,0,1,0,0,67,39112,780,40,21,31,15,12,373,345
Travis Konecny,PHI,C,2016-12-11,false,DET,4,11,-4,33,2,1,0,0,0,0,65,27277,626,47,10,27,9,11,0,3
Leo Komarov,TOR,C,2016-12-19,false,ANA,3,7,2,17,0,2,1,0,0,0,39,31566,786,104,19,13,8,10,31,38
Mikko Koivu,MIN,C,2016-12-20,false,COL,8,10,13,10,0,4,0,1,2,1,51,37053,822,9,34,22,10,16,395,325
John Klingberg,DAL,D,2016-12-17,false,PHI,2,13,-7,16,0,6,0,0,0,0,40,42345,883,19,44,26,37,14,0,0
Kevin Klein,NYR,D,2016-12-20,false,PIT,0,9,6,11,0,1,0,1,0,0,29,32515,724,72,75,10,16,9,0,0
Oscar Klefbom,EDM,D,2016-12-11,false,WPG,5,7,-4,0,1,3,0,0,2,0,73,40140,822,17,55,34,19,7,0,0
Dwight King,LAK,L,2016-12-18,false,BOS,5,5,3,6,0,0,0,0,1,0,47,28609,616,52,14,13,8,9,3,6
Jakub Kindl,FLA,D,2017-03-17,false,NYR,0,4,-11,26,0,0,0,0,0,0,36,27785,597,38,30,15,12,7,0,0
Alex Killorn,TBL,L,2016-12-16,false,VAN,10,5,-5,28,2,3,1,0,2,0,72,32437,649,45,12,18,14,6,1,6
Phil Kessel,PIT,R,2016-12-16,false,LAK,10,21,2,12,3,9,0,0,2,0,80,33711,717,6,8,29,16,4,2,6
Ryan Kesler,ANA,C,2016-12-15,false,BOS,12,13,7,26,7,5,0,0,2,0,75,39811,844,42,30,38,21,4,403,285
Tanner Kero,CHI,C,2017-03-09,false,ANA,5,6,13,4,0,0,0,0,0,0,37,25162,586,29,32,12,8,7,142,164
Michal Kempny,CHI,D,2017-01-15,false,MIN,2,4,-2,18,0,0,0,0,0,0,40,28424,637,58,38,29,17,3,0,0
Chris Kelly,OTT,C,2016-12-17,false,NJD,2,4,-4,8,0,0,0,0,1,0,33,24435,603,30,19,11,11,10,117,144
Duncan Keith,CHI,D,2016-12-13,false,NYR,0,18,7,6,0,4,0,0,0,0,69,48656,914,12,35,20,24,10,0,0
Zack Kassian,EDM,R,2016-12-19,false,STL,2,5,1,45,0,0,0,0,0,0,50,22450,540,68,6,11,9,8,1,0
Ondrej Kase,ANA,R,2017-01-17,false,TBL,4,7,-2,12,0,0,0,0,2,1,51,22269,573,21,10,20,18,13,1,3
Melker Karlsson,SJS,C,2017-01-03,false,LAK,4,4,6,6,0,0,0,0,0,0,26,22238,569,25,29,15,9,6,0,3
William Karlsson,CBJ,C,2016-12-22,false,PIT,5,7,10,2,0,0,0,1,2,0,48,26530,652,14,5,18,10,13,171,206
Erik Karlsson,OTT,D,2016-12-17,false,NJD,7,21,3,16,1,9,0,1,2,0,79,50388,1011,29,85,49,45,21,0,0
Evander Kane,BUF,L,2017-01-13,false,CAR,11,5,-9,55,1,3,0,0,2,0,97,34734,690,53,14,30,16,22,35,41
Patrick Kane,CHI,R,2016-12-13,false,NYR,8,20,3,18,2,6,0,0,2,0,97,40549,719,13,5,31,12,12,4,28
Sergey Kalinin,NJD,C,2017-01-03,false,CAR,2,2,-9,13,0,0,0,0,0,0,32,24215,582,43,14,8,8,5,36,58
Nazem Kadri,TOR,C,2016-12-19,false,ANA,11,8,-2,55,3,2,0,0,2,1,94,30224,721,46,14,35,19,26,218,251
Roman Josi,NSH,D,2016-12-19,false,PHI,5,12,-2,12,2,6,0,0,1,0,94,47094,900,21,50,34,20,7,0,0
Jacob Josefson,NJD,C,2017-02-18,false,NYI,1,7,3,16,0,1,0,0,1,0,37,23399,538,27,11,24,8,7,134,117
Josh Jooris,ARI,R,2017-02-20,false,ANA,3,3,3,12,0,0,0,0,0,0,42,20935,519,32,15,8,3,7,102,96
Seth Jones,CBJ,D,2017-01-05,false,WSH,7,10,7,12,0,2,0,0,2,2,65,42744,920,33,59,21,19,10,0,0
Jyrki Jokipakka,CGY,D,2017-01-13,false,NJD,1,5,-1,8,0,0,0,0,0,0,19,26995,629,17,24,6,18,5,0,0
Jussi Jokinen,FLA,L,2017-01-07,false,BOS,3,5,-9,16,1,1,0,0,2,0,60,33605,729,8,14,21,29,11,20,16
Erik Johnson,COL,D,2017-03-11,false,OTT,1,11,-5,4,0,5,0,0,0,0,62,40347,922,56,74,22,17,14,0,0
Tyler Johnson,TBL,C,2016-12-16,false,VAN,8,8,-6,14,4,4,0,0,1,0,62,34173,713,29,15,25,10,12,285,243
Jack Johnson,CBJ,D,2016-12-22,false,PIT,1,7,19,16,1,0,0,0,0,0,40,40098,867,38,50,17,10,7,0,0
Stephen Johns,DAL,D,2017-01-16,false,BUF,4,4,0,19,0,0,0,0,1,0,43,34099,771,86,59,21,20,7,0,0
Marcus Johansson,WSH,L,2016-12-21,false,PHI,12,10,6,6,3,4,0,0,5,2,53,32862,646,15,3,17,23,17,8,9
Ryan Johansen,NSH,C,2016-12-19,false,PHI,6,15,-1,20,3,7,0,0,3,0,73,34975,752,39,11,31,15,14,272,257
Nick Jensen,DET,D,2017-03-07,false,TOR,3,5,3,10,0,0,0,0,0,0,39,30766,716,30,29,13,16,5,0,0
Boone Jenner,CBJ,C,2016-12-22,false,PIT,6,5,-1,19,0,1,0,0,1,0,72,27927,644,78,25,24,6,13,41,30
Dmitrij Jaskin,STL,R,2016-12-30,false,NSH,1,8,4,12,0,0,0,0,0,0,33,21545,513,57,9,17,7,7,3,4
Calle Jarnkrok,NSH,C,2016-12-19,false,PHI,5,2,-2,4,0,0,0,0,0,0,38,26093,656,20,7,16,10,7,139,160
Jaromir Jagr,FLA,R,2016-12-15,false,WPG,6,10,2,20,3,3,0,0,0,0,75,31377,616,10,3,15,18,17,0,0
Matt Irwin,NSH,D,2017-01-03,false,MTL,3,5,12,8,0,0,0,0,1,0,48,30789,703,72,52,24,17,7,0,0
Jarome Iginla,COL,R,2016-12-20,false,MIN,4,4,-5,35,2,3,0,0,0,0,64,28244,605,32,11,21,9,14,6,6
Zach Hyman,TOR,C,2016-12-19,false,ANA,5,6,0,14,0,0,0,0,2,0,74,30735,713,44,25,22,7,23,8,12
Ben Hutton,VAN,D,2016-12-16,false,TBL,4,4,-12,14,1,3,0,0,1,1,62,40579,812,25,48,20,28,15,0,0
Matt Hunwick,TOR,D,2017-01-07,false,MTL,0,8,5,8,0,0,0,0,0,0,32,33396,780,48,49,18,24,19,0,0
Jiri Hudler,DAL,R,2017-03-20,false,SJS,3,8,-3,4,1,0,0,0,1,0,25,22100,535,9,3,11,7,11,3,2
Jonathan Huberdeau,FLA,L,2017-04-09,false,WSH,10,16,-2,13,3,4,0,0,2,1,86,33330,697,18,7,25,24,15,4,5
Marian Hossa,CHI,R,2016-12-15,false,NYI,16,6,8,6,3,3,0,0,4,3,70,33002,736,11,16,26,10,23,4,7
Bo Horvat,VAN,C,2016-12-16,false,TBL,9,10,-2,14,1,1,2,0,1,0,52,32154,755,33,10,36,7,15,274,246
Patric Hornqvist,PIT,R,2016-12-28,false,CAR,8,13,11,12,6,3,0,0,1,0,112,30264,684,97,32,23,3,13,2,4
Korbinian Holzer,ANA,D,2017-04-02,false,CGY,2,5,-2,16,0,0,0,0,0,0,14,24997,556,68,31,8,11,2,0,0
Peter Holland,ARI,C,2017-02-28,false,BOS,2,6,-13,14,1,0,0,0,0,0,52,24791,532,26,6,22,10,7,149,180
Nick Holden,NYR,D,2016-12-13,false,CHI,4,10,12,8,1,1,0,0,1,1,23,37175,819,60,37,22,27,12,0,1
Mike Hoffman,OTT,L,2016-12-27,false,NYR,10,14,-3,27,6,5,0,0,3,1,95,31911,646,23,12,34,16,21,5,2
Niklas Hjalmarsson,CHI,D,2016-12-15,false,NYI,3,4,7,6,0,0,0,0,0,0,27,41113,891,11,70,6,28,9,0,0
Vinnie Hinostroza,CHI,L,2017-01-02,false,STL,4,5,-2,10,0,0,0,0,1,0,50,22311,493,20,16,17,10,19,66,99
Thomas Hickey,NYI,D,2016-12-18,false,OTT,2,4,1,10,0,1,0,0,1,1,38,34333,710,40,56,18,19,6,0,0
Tomas Hertl,SJS,C,2017-03-02,false,VAN,8,10,2,12,1,1,0,0,3,0,72,31463,714,49,19,28,12,21,138,108
Adam Henrique,NJD,C,2016-12-18,false,NYR,7,10,-3,12,1,1,1,0,1,1,49,34226,744,39,24,19,17,10,242,262
Matt Hendricks,EDM,L,2017-02-22,false,FLA,4,3,-2,27,0,0,0,0,1,0,31,20527,511,55,32,8,5,3,90,71
Darren Helm,DET,C,2017-02-19,false,PIT,6,5,3,10,2,2,0,1,1,0,57,29090,689,47,12,13,14,14,183,168
Victor Hedman,TBL,D,2016-12-16,false,VAN,6,18,4,16,2,8,0,0,2,0,62,46285,879,41,50,31,26,16,0,0
Kevin Hayes,NYR,C,2016-12-13,false,CHI,11,10,14,8,1,1,1,2,3,0,50,30844,714,23,21,18,35,24,181,208
Jimmy Hayes,BOS,R,2016-12-23,false,CAR,2,1,-4,22,0,0,0,0,1,0,53,18451,435,44,6,13,7,10,3,10
Erik Haula,MIN,L,2017-01-14,false,DAL,6,6,4,10,0,0,0,0,2,0,59,26521,626,19,15,16,9,12,197,170
Scott Hartnell,CBJ,L,2016-12-22,false,PIT,8,12,10,15,1,1,0,0,0,0,47,23426,579,29,19,16,16,6,3,2
Ryan Hartman,CHI,L,2016-12-23,false,COL,6,6,7,8,0,0,0,0,2,0,62,22991,520,51,13,14,10,15,7,9
Martin Hanzal,ARI,C,2016-12-29,false,NYR,7,6,-17,35,3,3,0,0,1,1,68,34072,736,71,23,26,21,11,343,288
Jannik Hansen,SJS,R,2017-03-12,false,DAL,6,8,5,29,0,0,0,0,1,0,59,30173,705,29,9,24,10,17,0,0
Noah Hanifin,CAR,D,2016-12-17,false,BUF,2,8,-8,18,2,4,0,0,0,0,47,31551,659,19,20,17,19,10,0,0
Travis Hamonic,NYI,D,2016-12-27,false,WSH,2,10,-13,49,0,1,0,0,0,0,52,38605,712,40,63,23,25,8,0,0
Dougie Hamilton,CGY,D,2016-12-10,false,WPG,6,11,5,26,0,3,0,1,3,1,92,36150,841,39,36,23,20,5,0,0
Dan Hamhuis,DAL,D,2016-12-17,false,PHI,1,7,-1,8,1,0,0,1,0,0,37,36472,816,37,45,18,12,5,0,0
Taylor Hall,NJD,L,2017-01-07,false,EDM,9,16,-5,10,4,3,0,0,2,1,99,37366,730,28,16,34,15,19,3,3
Micheal Haley,SJS,C,2017-01-18,false,LAK,0,6,2,58,0,0,0,0,0,0,22,15527,398,70,10,13,11,13,21,36
Ron Hainsey,CAR,D,2016-12-17,false,BUF,2,6,-9,15,0,0,1,0,0,0,32,41068,834,46,46,15,21,6,0,0
Carl Hagelin,PIT,L,2016-12-16,false,LAK,3,8,7,2,0,0,0,1,0,0,65,29659,697,30,13,19,14,8,2,1
Carl Gunnarsson,STL,D,2017-01-21,false,WPG,0,3,-8,4,0,0,0,0,0,0,16,25250,646,22,36,11,4,1,0,0
Jake Guentzel,PIT,C,2017-03-13,false,CGY,10,11,6,8,0,1,0,0,0,0,60,29541,639,55,14,18,7,9,8,9
Radko Gudas,PHI,D,2017-01-07,false,TBL,2,9,1,43,0,1,0,0,0,0,53,37177,819,126,77,35,26,13,0,0
Eric Gryba,EDM,D,2017-02-24,false,WSH,1,4,-4,51,0,0,0,0,1,0,33,30502,681,117,38,14,14,6,0,0
Mikhail Grigorenko,COL,C,2016-12-23,false,CHI,3,7,-5,12,0,3,0,0,0,0,38,27247,605,12,9,9,11,14,49,47
Andy Greene,NJD,D,2016-12-18,false,NYR,3,4,-8,2,0,0,1,0,1,1,37,40545,862,28,67,23,22,11,0,0
Mike Green,DET,D,2016-12-15,false,LAK,7,10,-6,20,1,3,0,0,1,1,57,45408,899,27,37,24,25,13,0,0
Kevin Gravel,LAK,D,2017-01-21,false,NYI,0,2,3,6,0,1,0,0,0,0,30,25838,634,49,40,24,17,1,0,0
Tyler Graovac,MIN,C,2017-01-08,false,ANA,3,0,1,4,0,0,0,0,1,0,25,18497,453,35,9,17,1,11,110,109
Derek Grant,BUF,C,2016-12-29,false,BOS,0,3,-3,19,0,0,0,0,0,0,28,19445,498,20,17,12,7,8,143,130
Mikael Granlund,MIN,C,2016-12-20,false,COL,7,14,12,4,1,5,1,0,2,0,50,36077,768,19,21,29,13,11,5,7
Markus Granlund,VAN,C,2016-12-16,false,TBL,6,7,-11,8,1,2,0,0,1,1,52,31150,706,13,3,23,5,17,36,55
Michael Grabner,NYR,R,2016-12-15,false,DAL,13,5,18,6,0,0,0,1,1,0,67,24918,647,17,20,22,11,26,2,2
Shayne Gostisbehere,PHI,D,2016-12-17,false,DAL,4,12,-6,14,1,8,0,0,1,0,72,37782,782,10,37,56,30,7,0,0
Josh Gorges,BUF,D,2016-12-27,false,DET,0,1,-2,23,0,0,0,0,0,0,13,35114,827,68,55,9,6,2,0,1
Cody Goloubef,COL,D,2017-03-13,false,ARI,0,5,-11,25,0,0,0,0,0,0,29,32126,728,28,33,7,7,5,0,0
Alex Goligoski,ARI,D,2016-12-17,false,MIN,1,11,-10,6,0,3,0,0,0,0,42,43362,880,43,60,13,20,3,0,0
Luke Glendening,DET,C,2016-12-15,false,LAK,1,7,-2,12,0,1,0,0,0,0,39,25963,643,84,38,18,3,11,142,113
Claude Giroux,PHI,C,2016-12-11,false,DET,9,20,2,14,4,11,0,0,1,1,83,36372,795,22,11,33,12,11,391,325
Zemgus Girgensons,BUF,C,2016-12-20,false,FLA,2,3,-4,4,0,0,0,0,0,0,50,21688,515,43,10,13,6,3,100,94
Dan Girardi,NYR,D,2016-12-20,false,PIT,3,4,8,6,0,0,0,1,3,0,27,35451,809,56,85,12,23,3,0,0
Mark Giordano,CGY,D,2016-12-10,false,WPG,3,9,10,26,1,4,1,1,0,0,68,45478,950,24,78,30,9,17,0,0
Brian Gionta,BUF,R,2016-12-20,false,FLA,7,7,1,12,0,1,0,0,1,0,66,31793,665,26,11,18,12,10,14,12
Ryan Getzlaf,ANA,C,2016-12-20,false,MTL,4,24,-7,14,2,11,0,0,1,0,56,38095,810,37,33,31,30,26,231,209
Brendan Gaunce,VAN,C,2016-12-28,false,LAK,0,4,0,27,0,0,0,0,0,0,22,15725,411,42,6,7,3,3,64,68
Johnny Gaudreau,CGY,L,2017-01-06,false,VAN,10,16,-13,0,2,8,0,0,1,0,90,35332,702,3,5,32,42,15,0,0
Jason Garrison,TBL,D,2016-12-20,false,DET,1,3,-5,6,0,0,0,0,0,0,37,33990,750,30,45,25,17,7,0,0
Jake Gardiner,TOR,D,2016-12-19,false,ANA,6,8,4,12,2,3,0,0,1,1,56,38065,806,28,25,17,33,18,0,0
Brendan Gallagher,MTL,R,2016-12-17,false,WSH,5,12,9,25,1,1,0,0,1,0,81,28291,667,29,9,31,12,15,19,28
Alex Galchenyuk,MTL,C,2017-02-02,false,PHI,11,17,4,18,4,7,0,0,2,1,55,30264,671,14,18,20,18,10,154,220
Sam Gagner,CBJ,C,2016-12-23,false,MTL,14,12,9,6,6,6,0,0,1,0,80,25180,539,4,6,23,11,6,47,61
Marian Gaborik,LAK,R,2017-02-05,false,WSH,6,7,3,8,1,1,0,0,2,0,72,28377,617,12,5,29,13,3,0,1
Michael Frolik,CGY,R,2016-12-10,false,WPG,6,9,3,12,0,0,2,0,1,1,70,30528,699,22,23,22,16,21,8,9
Cody Franson,BUF,D,2016-12-20,false,FLA,1,7,3,14,1,0,0,0,0,0,46,33489,747,30,30,14,14,5,0,0
Cam Fowler,ANA,D,2016-12-15,false,BOS,7,12,5,4,4,5,0,0,2,0,66,44870,878,14,45,18,27,9,0,0
Gustav Forsling,CHI,D,2016-12-27,false,WPG,1,3,3,2,0,1,0,0,0,0,38,27855,601,14,15,15,24,1,0,0
Filip Forsberg,NSH,L,2016-12-19,false,PHI,4,14,-7,12,0,3,0,0,0,0,83,34624,794,50,8,45,15,30,5,10
Derek Forbort,LAK,D,2016-12-18,false,BOS,2,8,5,38,0,0,0,0,0,0,29,34229,780,62,69,13,17,3,1,0
Christian Folin,MIN,D,2017-01-15,false,CHI,1,4,11,20,0,0,0,0,0,0,23,28902,657,48,38,11,8,7,0,0
Marcus Foligno,BUF,L,2016-12-20,false,FLA,4,5,3,22,0,0,0,0,0,0,43,29197,645,96,25,20,10,11,0,1
Nick Foligno,CBJ,L,2016-12-27,false,BOS,11,17,9,33,6,8,0,0,2,0,69,34335,755,45,20,30,17,12,26,26
Brian Flynn,MTL,C,2017-01-11,false,WPG,5,4,6,4,0,0,0,0,0,0,32,23575,632,12,18,15,8,10,60,63
Mike Fisher,NSH,C,2016-12-29,false,CHI,10,9,-5,33,5,5,0,0,2,0,58,30604,700,65,22,18,5,9,287,242
Valtteri Filppula,TBL,C,2016-12-17,false,EDM,6,16,7,8,0,5,0,0,1,0,43,33513,698,10,17,11,14,13,236,296
Vernon Fiddler,NJD,C,2016-12-18,false,NYR,1,2,-7,21,0,0,1,0,0,0,29,23340,595,33,16,13,14,4,204,180
Kevin Fiala,NSH,L,2017-01-10,false,VAN,6,3,0,10,0,0,0,0,1,0,72,25163,578,35,10,18,13,20,0,0
Micheal Ferland,CGY,L,2016-12-10,false,WPG,4,6,-2,15,2,1,0,0,0,0,35,19929,504,63,11,16,14,17,0,3
Eric Fehr,PIT,C,2016-12-27,false,NJD,4,2,-3,6,0,0,0,0,2,0,34,21000,534,40,22,7,8,17,31,29
Justin Faulk,CAR,D,2017-01-05,false,STL,7,9,-9,12,1,4,0,0,1,0,97,42908,838,58,32,37,23,25,0,0
Jesper Fast,NYR,R,2016-12-13,false,CHI,3,10,10,12,0,0,0,0,0,0,26,25977,632,44,15,10,9,21,9,12
Justin Falk,BUF,D,2017-01-24,false,NSH,0,3,-1,17,0,0,0,0,0,0,19,24383,612,52,17,17,11,5,0,0
Radek Faksa,DAL,C,2016-12-13,false,ANA,3,7,5,17,0,0,0,0,0,0,50,30242,770,46,28,31,12,19,236,270
Robby Fabbri,STL,C,2016-12-17,false,CHI,8,10,-8,19,3,3,0,0,0,0,55,30393,693,36,11,19,6,15,12,9
Loui Eriksson,VAN,L,2016-12-16,false,TBL,6,8,-8,0,2,2,0,1,1,0,60,35131,748,4,11,13,8,10,0,0
Jonathan Ericsson,DET,D,2016-12-23,false,FLA,0,6,0,51,0,0,0,0,0,0,28,34564,804,50,22,15,16,1,0,0
Toby Enstrom,WPG,D,2016-12-18,false,COL,1,7,-1,18,0,4,1,0,0,0,26,42642,887,14,45,14,23,7,0,0
Tyler Ennis,BUF,L,2017-02-26,false,ARI,4,5,-3,2,0,1,0,0,0,0,52,23294,486,25,14,10,6,12,3,12
Deryk Engelland,CGY,D,2016-12-10,false,WPG,1,5,7,41,0,0,0,0,1,0,40,34336,781,58,52,15,17,7,1,0
Alexei Emelin,MTL,D,2016-12-17,false,WSH,1,3,9,37,0,0,0,0,0,0,32,40037,814,114,56,15,39,7,0,0
Ryan Ellis,NSH,D,2017-01-06,false,FLA,5,9,7,19,0,4,0,1,2,0,45,45230,894,35,60,23,17,12,0,0
Lars Eller,WSH,C,2016-12-23,false,TBL,3,3,-3,22,0,0,0,0,0,0,41,25797,569,26,9,23,13,12,153,168
Oliver Ekman-Larsson,ARI,D,2016-12-17,false,MIN,6,9,-5,24,3,5,0,0,1,1,66,44726,865,44,31,32,18,11,0,0
Mattias Ekholm,NSH,D,2016-12-19,false,PHI,0,9,-5,10,0,1,0,1,0,0,49,43793,860,19,54,28,27,10,0,0
Aaron Ekblad,FLA,D,2016-12-15,false,WPG,7,3,-15,28,2,2,0,0,2,1,105,43088,762,57,25,34,25,12,0,0
Jack Eichel,BUF,C,2017-02-06,false,NJD,12,11,-3,4,5,5,0,0,3,1,126,37006,694,17,21,45,25,18,173,243
Nikolaj Ehlers,WPG,L,2016-12-10,false,CGY,5,19,-2,12,1,3,0,0,1,0,65,32909,692,17,9,37,17,14,0,2
Joel Edmundson,STL,D,2017-01-14,false,SJS,1,8,-2,37,0,0,0,0,0,0,38,31599,773,64,39,17,11,4,0,0
Alexander Edler,VAN,D,2017-01-15,false,NJD,1,7,-6,10,1,1,0,0,0,0,55,44578,880,60,72,27,18,10,2,1
Jordan Eberle,EDM,C,2016-12-11,false,WPG,8,15,-5,4,3,6,0,0,0,0,84,32716,703,7,13,35,11,10,3,2
Patrick Eaves,DAL,R,2016-12-15,false,NYR,11,8,-8,10,5,3,0,0,1,0,76,31241,725,37,20,34,6,10,0,1
Cody Eakin,DAL,C,2017-02-04,false,CHI,1,4,-8,34,0,1,0,0,1,0,34,29042,716,36,14,22,15,8,213,216
Ryan Dzingel,OTT,L,2016-12-17,false,NJD,7,10,7,8,1,1,1,0,1,0,43,26316,601,23,13,16,10,12,2,5
Christian Dvorak,ARI,C,2016-12-27,false,DAL,3,8,3,6,0,1,0,0,0,0,24,24973,536,31,23,11,5,3,133,164
Brian Dumoulin,PIT,D,2016-12-17,false,TOR,0,6,-6,10,0,1,0,0,0,0,43,35982,831,54,41,10,15,10,0,0
Gabriel Dumont,TBL,C,2017-03-23,false,BOS,2,1,-2,29,0,0,0,0,0,0,28,17185,440,61,12,7,5,5,100,76
Matt Dumba,MIN,D,2016-12-20,false,COL,4,9,11,20,1,3,0,0,1,1,60,37698,759,38,23,25,17,10,0,0
Anthony Duclair,ARI,L,2016-12-23,false,TOR,1,4,-3,10,0,0,0,0,0,0,37,24858,575,12,9,14,18,16,4,0
Matt Duchene,COL,C,2016-12-29,false,DAL,13,11,-8,2,2,4,0,0,3,1,81,34667,729,14,23,24,15,25,214,133
Brandon Dubinsky,CBJ,C,2016-12-27,false,BOS,3,11,8,24,0,3,0,0,2,0,39,32977,768,84,22,19,15,16,306,277
Jonathan Drouin,TBL,L,2017-01-03,false,WPG,11,12,-2,8,6,5,0,0,2,0,87,31648,630,21,8,20,26,22,31,40
Leon Draisaitl,EDM,C,2016-12-11,false,WPG,13,13,-5,2,7,4,0,0,1,1,69,32500,683,10,12,27,22,23,242,224
Nic Dowd,LAK,C,2016-12-28,false,VAN,4,9,-7,8,1,3,0,0,2,1,39,24870,591,79,17,13,10,4,169,182
Drew Doughty,LAK,D,2016-12-18,false,BOS,5,11,6,22,1,4,0,0,0,0,66,49994,1022,54,55,26,33,4,1,0
Jake Dotchin,TBL,D,2017-04-02,false,DAL,0,8,8,33,0,0,0,0,0,0,48,34199,718,75,17,26,17,3,0,0
Joonas Donskoi,SJS,R,2016-12-18,false,CHI,2,8,0,8,1,3,0,0,0,0,53,27196,649,13,11,27,20,19,5,4
Max Domi,ARI,L,2017-02-13,false,CGY,6,14,-5,24,1,4,0,0,1,0,63,31618,667,21,12,21,19,16,3,4
Shane Doan,ARI,R,2016-12-17,false,MIN,3,6,-4,20,1,1,0,0,0,0,69,28448,597,52,15,17,13,7,49,57
Brenden Dillon,SJS,D,2016-12-18,false,CHI,0,2,-4,24,0,0,0,0,0,0,29,29709,680,77,27,16,8,2,0,0
Phillip Di Giuseppe,CAR,L,2017-03-25,false,NJD,1,6,-10,15,0,1,0,0,1,1,63,23652,549,81,10,23,10,10,0,2
Nicolas Deslauriers,BUF,L,2017-02-19,false,CHI,0,0,-6,23,0,0,0,0,0,0,15,12688,295,80,5,8,1,1,0,3
Andrew Desjardins,CHI,L,2017-01-26,false,WPG,0,0,-6,6,0,0,0,0,0,0,30,17206,399,47,9,9,7,5,23,22
David Desharnais,MTL,C,2017-02-27,false,NJD,4,6,5,6,0,2,0,0,1,0,30,24379,561,2,6,7,7,15,76,83
Jason Demers,FLA,D,2016-12-15,false,WPG,4,6,-4,14,0,3,0,1,0,0,38,38204,767,38,35,30,14,12,0,0
Michael Del Zotto,PHI,D,2017-02-16,false,EDM,4,6,-12,16,0,0,0,0,0,0,54,36053,804,112,60,24,15,4,0,0
Danny DeKeyser,DET,D,2016-12-15,false,LAK,2,4,-7,17,0,0,0,0,1,1,27,42193,893,35,63,18,20,6,0,0
Anthony DeAngelo,ARI,D,2017-03-18,false,STL,4,7,-8,35,2,5,0,0,1,0,53,32384,660,21,40,17,15,3,0,0
Brandon Davidson,MTL,D,2017-03-18,false,OTT,0,2,0,18,0,0,0,0,0,0,34,28588,663,34,49,12,16,4,0,0
Marko Dano,WPG,C,2017-03-06,false,SJS,3,7,1,10,2,0,0,0,0,0,35,21312,514,73,13,21,10,14,1,3
Phillip Danault,MTL,L,2016-12-17,false,WSH,6,7,2,6,0,0,0,0,1,0,49,24771,616,26,25,15,15,11,120,101
Trevor Daley,PIT,D,2016-12-16,false,LAK,3,8,6,25,1,3,0,1,0,0,46,38454,884,10,53,26,10,15,0,0
Klas Dahlbeck,CAR,D,2017-03-19,false,PHI,1,2,-9,20,0,0,0,0,0,0,26,25317,583,58,28,18,13,5,0,0
Austin Czarnik,BOS,C,2016-12-22,false,FLA,4,5,-3,8,0,2,0,0,1,0,45,25237,601,13,17,16,8,12,22,38
Matt Cullen,PIT,C,2016-12-16,false,LAK,7,7,4,12,0,1,1,0,1,0,35,25643,660,14,8,17,14,7,213,191
Lawson Crouse,ARI,L,2016-12-27,false,DAL,2,1,-11,30,0,0,0,0,1,0,34,21462,507,79,13,12,2,8,0,1
Sidney Crosby,PIT,C,2016-12-28,false,CAR,26,16,8,12,9,4,0,0,3,0,107,35507,758,33,9,23,34,14,346,365
Joseph Cramarossa,ANA,C,2017-01-10,false,DAL,3,4,-2,37,0,0,0,1,0,0,20,19463,495,71,16,9,10,5,2,0
Adam Cracknell,DAL,R,2016-12-17,false,PHI,4,2,5,2,0,0,0,0,2,0,44,19144,484,42,19,18,5,3,44,41
Charlie Coyle,MIN,C,2016-12-20,false,COL,11,12,12,20,4,0,0,0,3,0,66,32882,703,37,31,18,13,14,13,17
Sean Couturier,PHI,C,2017-01-21,false,NJD,8,4,-4,18,0,2,0,1,1,0,56,34039,776,18,18,21,16,18,269,255
Logan Couture,SJS,C,2016-12-16,false,MTL,11,9,2,10,6,1,0,0,1,0,87,34450,773,19,31,30,35,13,124,214
Nick Cousins,PHI,C,2016-12-21,false,WSH,3,6,-4,12,1,1,0,0,0,0,39,20320,483,28,11,12,5,9,67,102
Andrew Copp,WPG,C,2017-01-11,false,MTL,4,3,-1,8,0,0,1,0,1,0,35,21424,553,45,14,12,8,12,49,59
Brett Connolly,WSH,R,2017-01-19,false,STL,8,1,9,24,1,0,0,0,1,0,41,20373,455,53,6,7,6,8,4,6
Blake Comeau,COL,L,2016-12-29,false,DAL,5,2,-6,36,2,0,1,0,0,0,43,29374,669,62,11,16,6,16,69,73
Ian Cole,PIT,D,2016-12-16,false,LAK,2,9,16,28,0,0,0,0,0,0,32,33413,756,69,63,28,17,6,0,0
Joe Colborne,COL,C,2017-01-06,false,NYI,3,1,-13,14,2,0,0,0,0,0,28,21624,514,42,7,6,9,5,38,56
Andrew Cogliano,ANA,L,2016-12-15,false,BOS,8,7,5,10,0,0,2,0,0,0,71,27940,718,26,15,9,9,11,2,7
Braydon Coburn,TBL,D,2016-12-16,false,VAN,1,4,-1,22,0,0,0,0,0,0,41,30049,671,35,22,12,14,0,0,0
Cal Clutterbuck,NYI,R,2016-12-20,false,BOS,2,9,6,16,0,0,0,0,1,0,52,27505,702,112,13,17,12,17,2,2
Kyle Clifford,LAK,L,2017-01-03,false,SJS,2,4,1,47,0,0,0,0,0,0,53,19863,468,64,2,15,3,8,0,1
Adam Clendening,NYR,D,2017-04-08,false,OTT,2,9,3,17,1,1,0,0,0,0,38,29406,658,22,27,19,20,7,0,0
Fredrik Claesson,OTT,D,2017-04-06,false,BOS,3,8,7,4,0,0,0,1,0,0,22,23325,558,52,21,11,13,4,0,0
Casey Cizikas,NYI,C,2017-01-06,false,COL,4,9,8,18,0,1,0,0,1,0,35,26715,701,72,37,10,11,15,233,250
Jakob Chychrun,ARI,D,2017-01-07,false,NYI,1,6,-3,35,0,0,0,0,0,0,32,30331,674,47,52,27,19,7,0,0
Jason Chimera,NYI,L,2016-12-18,false,OTT,4,6,-9,18,0,0,0,0,0,0,42,24414,598,54,17,9,8,5,9,12
Alex Chiasson,CGY,R,2016-12-10,false,WPG,5,6,3,21,0,1,1,0,1,0,42,25027,609,32,3,10,11,9,1,14
Ben Chiarot,WPG,D,2016-12-11,false,EDM,0,6,-4,10,0,0,0,0,0,0,21,27386,580,38,46,3,20,4,0,0
Zdeno Chara,BOS,D,2016-12-27,false,CBJ,2,6,8,25,0,1,0,0,0,0,48,43180,811,51,66,21,24,18,0,0
Michael Chaput,VAN,C,2017-01-10,false,NSH,1,3,-5,15,0,0,0,0,0,0,18,18846,466,31,8,5,4,5,118,114
Cody Ceci,OTT,D,2016-12-17,false,NJD,0,2,-11,8,0,0,0,1,0,0,54,43388,973,61,69,19,31,10,1,0
Jeff Carter,LAK,C,2016-12-18,false,BOS,14,10,5,12,4,2,1,0,6,2,99,33685,731,40,14,38,13,9,299,245
William Carrier,BUF,L,2017-01-20,false,DET,4,2,2,17,0,0,0,0,1,0,35,16869,441,88,6,13,5,6,1,1
Connor Carrick,TOR,D,2016-12-29,false,TBL,1,2,3,30,0,0,0,0,0,0,44,31534,732,33,44,23,25,6,0,0
Daniel Carr,MTL,L,2017-01-31,false,BUF,2,6,4,6,0,0,0,0,1,0,43,19179,480,19,12,18,6,7,2,1
John Carlson,WSH,D,2016-12-21,false,PHI,1,14,-3,0,1,7,0,0,0,0,75,43773,821,32,38,44,45,17,0,0
Brandon Carlo,BOS,D,2016-12-14,false,PIT,2,5,7,17,0,0,0,0,0,0,43,41901,828,32,52,19,22,5,0,0
Brian Campbell,CHI,D,2016-12-13,false,NYR,2,7,8,10,1,2,0,0,0,0,32,35231,755,19,33,18,27,1,0,0
Michael Cammalleri,NJD,L,2016-12-31,false,WSH,9,10,-5,17,1,4,0,0,2,1,77,33883,681,23,8,32,14,17,12,10
Matt Calvert,CBJ,L,2017-01-03,false,EDM,5,2,6,35,0,0,2,0,1,0,43,26170,625,29,20,21,9,13,2,11
Drake Caggiula,EDM,L,2017-01-21,false,CGY,3,6,-3,6,1,2,0,0,0,0,39,24845,572,55,6,17,10,11,69,102
Paul Byron,MTL,L,2016-12-17,false,WSH,10,7,9,12,0,0,1,0,2,0,41,27496,709,43,11,7,9,15,3,1
Dustin Byfuglien,WPG,D,2016-12-10,false,CGY,3,16,-1,38,0,4,0,0,0,0,85,51590,885,77,54,46,41,26,0,0
Alexandre Burrows,VAN,L,2016-12-23,false,CGY,6,8,-1,33,0,0,0,1,0,0,62,27262,678,21,4,16,7,26,0,4
Brent Burns,SJS,D,2016-12-16,false,MTL,13,16,8,8,3,6,0,1,2,1,133,45693,847,37,57,61,63,20,0,0
Alexander Burmistrov,ARI,C,2017-02-02,false,CHI,1,7,-6,10,1,1,0,1,0,0,23,23106,507,42,10,10,9,5,88,150
Andre Burakovsky,WSH,L,2016-12-29,false,NJD,4,9,1,10,0,1,0,0,0,0,54,26141,542,12,11,19,16,19,0,1
Pavel Buchnevich,NYR,R,2017-03-09,false,CAR,8,9,4,13,1,2,0,0,0,0,43,24932,591,12,8,20,18,11,1,3
Dustin Brown,LAK,R,2016-12-22,false,NSH,4,11,-9,10,2,2,1,0,1,0,63,29663,680,83,12,24,9,8,0,2
Connor Brown,TOR,R,2016-12-19,false,ANA,4,5,3,4,0,0,0,0,1,0,47,26562,680,24,25,15,5,14,0,2
J.T. Brown,TBL,R,2016-12-29,false,TOR,2,2,-6,43,0,0,1,0,1,0,36,20493,491,49,14,11,5,4,8,20
Troy Brouwer,CGY,R,2016-12-10,false,WPG,6,7,-6,18,1,3,1,1,1,0,44,32508,732,65,23,18,14,14,12,27
Kyle Brodziak,STL,C,2016-12-17,false,CHI,4,3,-1,21,0,0,0,0,1,0,29,18448,509,26,18,9,3,10,103,113
Jonas Brodin,MIN,D,2016-12-20,false,COL,3,10,6,14,2,2,0,0,2,0,43,37647,804,10,56,20,11,6,0,0
TJ Brodie,CGY,D,2016-12-10,false,WPG,1,6,-16,10,0,2,1,1,0,0,32,43182,934,13,40,20,31,23,0,0
Justin Braun,SJS,D,2016-12-16,false,MTL,1,4,-2,6,0,0,0,0,0,0,31,37614,791,45,54,28,21,15,0,0
Derick Brassard,OTT,C,2016-12-17,false,NJD,5,8,0,10,1,2,0,0,1,0,68,32729,698,35,6,28,15,18,263,254
Tyler Bozak,TOR,C,2016-12-28,false,FLA,6,13,1,8,1,2,0,0,1,0,56,30607,701,23,8,18,17,22,288,212
Brian Boyle,TBL,C,2016-12-20,false,DET,7,3,5,29,1,1,0,0,0,0,52,23356,526,49,17,17,6,8,99,96
Johnny Boychuk,NYI,D,2016-12-20,false,BOS,4,7,1,8,0,1,1,0,1,0,70,37149,732,69,67,35,22,5,1,0
Jay Bouwmeester,STL,D,2016-12-15,false,NJD,1,5,-4,16,0,0,0,0,0,0,40,42267,931,29,34,15,17,5,0,0
Rene Bourque,COL,R,2016-12-23,false,CHI,9,3,-13,23,2,0,0,0,2,1,58,28088,639,44,15,27,5,15,0,3
Lance Bouma,CGY,C,2017-01-21,false,EDM,3,2,-3,17,0,0,0,0,1,0,27,21509,536,75,21,13,7,6,1,7
Reid Boucher,VAN,C,2017-03-25,false,MIN,6,3,-2,4,1,0,0,0,0,0,55,21030,466,16,11,13,6,14,0,1
Robert Bortuzzo,STL,D,2017-03-16,false,SJS,1,3,8,13,0,0,0,0,0,0,36,26532,720,65,47,19,11,3,0,0
Mark Borowiecki,OTT,D,2016-12-20,false,CHI,0,1,-2,56,0,0,0,0,0,0,13,25481,685,145,42,12,7,3,0,0
Nick Bonino,PIT,C,2016-12-16,false,LAK,5,8,-2,8,1,2,1,0,0,0,51,30978,740,22,41,13,12,13,241,242
Jared Boll,ANA,R,2017-01-15,false,STL,0,1,-4,58,0,0,0,0,0,0,9,10983,303,32,7,5,3,1,0,1
Zach Bogosian,BUF,D,2017-02-14,false,OTT,1,4,-13,23,0,0,0,0,1,1,38,37743,791,39,57,11,18,7,0,0
Mikkel Boedker,SJS,L,2016-12-16,false,MTL,2,4,-4,6,0,1,0,0,0,0,33,27294,661,29,12,23,20,12,2,8
Nick Bjugstad,FLA,C,2017-02-22,false,EDM,4,4,-14,12,0,1,0,0,0,0,54,24998,584,43,4,18,12,11,78,84
Kevin Bieksa,ANA,D,2016-12-15,false,BOS,2,0,-2,30,1,0,0,0,0,0,46,36267,728,78,37,15,16,3,0,0
Alex Biega,VAN,D,2017-03-26,false,WPG,0,3,-3,18,0,0,0,0,0,0,31,25306,626,81,22,22,6,5,0,0
Patrik Berglund,STL,C,2016-12-15,false,NJD,2,6,-7,12,0,1,0,0,0,0,50,27615,691,57,16,27,7,12,192,180
Patrice Bergeron,BOS,C,2016-12-20,false,NYI,4,5,-1,8,1,1,0,0,2,0,108,35572,747,25,21,40,8,14,409,300
Matt Benning,EDM,D,2017-01-10,false,SJS,2,7,3,15,0,2,0,0,0,0,43,31705,710,62,33,20,22,3,0,0
Sam Bennett,CGY,C,2016-12-10,false,WPG,7,9,-2,32,2,0,0,1,0,0,50,28812,650,55,13,19,10,21,107,126
Beau Bennett,NJD,R,2016-12-31,false,WSH,2,6,-7,10,1,1,0,0,0,0,54,25631,542,38,6,24,9,8,1,6
Jamie Benn,DAL,L,2016-12-13,false,ANA,9,18,-6,31,5,5,0,0,2,1,71,37229,874,48,20,29,17,26,128,105
Jordie Benn,DAL,D,2016-12-20,false,STL,2,7,1,20,0,2,0,0,0,0,33,35692,819,18,56,25,13,4,0,0
Pierre-Edouard Bellemare,PHI,L,2016-12-11,false,DET,1,3,1,2,0,0,0,1,0,0,46,27552,667,35,30,19,6,9,200,211
Matt Beleskey,BOS,L,2017-02-04,false,TOR,2,5,-9,38,0,2,0,0,0,0,55,27255,603,70,15,25,9,6,27,40
Anthony Beauvillier,NYI,C,2017-01-21,false,LAK,4,7,3,6,0,0,0,0,0,0,38,22332,504,35,12,13,16,8,21,25
Nathan Beaulieu,MTL,D,2016-12-31,false,PIT,1,8,15,25,0,3,0,0,1,0,48,35480,730,33,49,17,36,7,0,0
Francois Beauchemin,COL,D,2016-12-20,false,MIN,0,6,0,12,0,2,0,0,0,0,44,38083,823,28,66,18,28,15,0,0
Jay Beagle,WSH,C,2016-12-21,false,PHI,5,6,6,6,0,0,1,1,2,0,41,24338,589,20,14,9,10,6,240,159
Tyson Barrie,COL,D,2016-12-20,false,MIN,2,11,-18,12,0,5,0,0,1,0,71,43541,873,17,30,33,21,11,0,0
Aleksander Barkov,FLA,C,2016-12-15,false,WPG,7,14,5,4,1,5,0,0,2,2,77,36190,719,20,14,22,15,21,233,260
Mark Barberio,COL,D,2017-02-12,false,NYI,0,6,-1,10,0,2,0,0,0,0,33,29585,624,12,29,15,18,8,0,0
Justin Bailey,BUF,R,2017-03-20,false,DET,2,2,1,4,0,0,0,0,1,0,35,19810,456,26,14,13,10,8,0,1
Josh Bailey,NYI,R,2016-12-18,false,OTT,5,13,0,4,1,3,0,0,1,1,63,35609,734,13,23,28,23,18,5,3
Sven Baertschi,VAN,L,2016-12-22,false,WPG,7,10,0,0,0,2,0,0,2,0,58,27931,647,16,11,12,6,13,1,0
Nicklas Backstrom,WSH,C,2016-12-21,false,PHI,9,18,4,18,2,11,0,0,2,1,66,34761,707,23,11,17,26,26,271,241
Mikael Backlund,CGY,C,2016-12-10,false,WPG,5,10,2,10,2,2,0,3,1,0,78,32955,759,20,20,27,17,20,278,296
David Backes,BOS,R,2016-12-23,false,CAR,8,9,-2,31,2,2,0,0,1,0,85,33879,683,98,21,27,17,13,38,43
Cam Atkinson,CBJ,R,2016-12-22,false,PIT,15,19,8,6,7,9,2,0,3,1,93,33361,772,13,12,26,4,13,2,0
Andreas Athanasiou,DET,C,2017-01-20,false,BUF,10,5,4,9,0,0,0,0,1,0,63,23595,549,12,7,29,6,7,28,34
Viktor Arvidsson,NSH,L,2016-12-19,false,PHI,9,11,4,10,1,2,2,1,0,0,100,29880,707,10,15,34,10,13,3,1
Joel Armia,WPG,R,2017-02-07,false,MIN,4,5,-4,12,0,0,0,0,1,0,58,28756,664,26,12,15,12,19,2,4
Artem Anisimov,CHI,C,2016-12-15,false,NYI,14,13,12,18,3,3,0,0,6,1,55,34710,703,13,10,21,3,16,215,267
Sven Andrighetto,COL,R,2017-03-11,false,OTT,3,8,1,4,1,1,0,0,0,0,34,22233,518,31,13,18,3,9,0,0
Andy Andreoff,LAK,L,2017-03-16,false,BUF,0,2,-2,32,0,0,0,0,0,0,34,19797,455,62,7,18,8,4,37,24
Josh Anderson,CBJ,R,2016-12-22,false,PIT,8,5,10,32,0,0,0,0,2,0,46,22692,570,60,21,16,12,8,6,16
Karl Alzner,WSH,D,2016-12-21,false,PHI,2,2,4,10,0,0,0,0,0,0,35,37718,812,42,54,13,19,9,0,0
Sebastian Aho,CAR,R,2016-12-17,false,BUF,5,11,-3,4,0,4,0,0,0,0,71,29635,657,13,2,27,20,10,8,8
Justin Abdelkader,DET,L,2017-01-25,false,TOR,4,6,-7,21,2,0,0,1,0,0,48,29794,647,72,11,20,11,9,4,8
Tyler Pitlick,EDM,R,2016-12-19,false,STL,8,3,0,6,0,0,0,0,1,0,54,18459,455,70,13,10,8,3,8,7
Johan Larsson,BUF,C,2016-12-20,false,FLA,5,5,-4,18,1,0,0,0,2,0,43,32319,681,29,20,21,14,11,228,236
