James van Riemsdyk,TOR,L,2016-11-12,false,PIT,4,7,-5,8,0,3,0,0,0,0,43,13798,313,17,8,8,5,5,1,3
Trevor van Riemsdyk,CHI,D,2016-12-30,false,CAR,1,3,7,6,0,0,0,0,0,0,16,16306,351,5,18,3,8,5,0,0
Calvin de Haan,NYI,D,2016-11-12,false,FLA,1,5,6,20,0,0,0,0,0,0,25,17023,325,24,39,7,14,3,0,0
Jason Zucker,MIN,L,2016-11-15,false,CGY,2,5,8,6,0,0,0,0,0,0,20,10866,265,16,4,12,4,8,1,1
Mats Zuccarello,NYR,R,2016-11-12,false,CGY,6,4,2,8,2,0,0,0,0,0,33,16861,342,18,5,9,6,15,1,1
Harry Zolnierczyk,NSH,L,2017-02-04,false,DET,1,2,-1,6,0,0,0,0,0,0,14,7690,190,20,7,1,0,2,2,3
Mika Zibanejad,NYR,C,2016-11-12,false,CGY,3,8,-1,6,0,4,0,0,0,0,39,14979,340,6,6,25,8,10,144,124
Henrik Zetterberg,DET,L,2016-11-10,false,VAN,2,8,2,0,0,2,0,0,0,0,31,17710,340,8,5,7,8,12,107,108
Travis Zajac,NJD,C,2016-11-15,false,DAL,4,6,3,8,2,1,0,0,1,0,36,17747,387,18,6,4,5,8,163,145
Nikita Zaitsev,TOR,D,2016-11-12,false,PIT,0,7,-8,4,0,2,0,0,0,0,13,19490,428,36,25,11,9,4,0,0
Nikita Zadorov,COL,D,2016-11-15,false,LAK,0,2,-5,14,0,0,0,0,0,0,11,15994,378,33,19,6,7,3,0,0
Pavel Zacha,NJD,C,2016-11-15,false,DAL,1,3,-2,6,0,1,0,0,0,0,18,12945,267,18,10,6,5,1,45,62
Keith Yandle,FLA,D,2016-11-12,false,NYI,0,8,3,14,0,3,0,0,0,0,42,20665,360,5,15,19,14,4,0,0
Nail Yakupov,STL,R,2016-11-22,false,BOS,2,3,-1,10,0,0,0,0,0,0,15,9277,233,11,2,9,2,4,0,0
Miles Wood,NJD,L,2016-12-23,false,PIT,4,0,0,15,0,0,0,0,0,0,27,10815,268,19,5,15,2,5,1,0
Luke Witkowski,TBL,D,2017-02-02,false,OTT,0,2,-2,13,0,0,0,0,0,0,11,9185,217,29,10,5,5,3,0,0
Daniel Winnik,WSH,L,2016-12-01,false,NYI,3,1,4,6,0,0,0,0,1,0,12,9923,233,7,6,6,7,5,2,3
Tommy Wingels,SJS,C,2016-11-15,false,CAR,3,1,-1,0,0,0,0,0,2,0,18,8340,212,22,6,5,5,0,25,33
Scott Wilson,PIT,L,2016-11-18,false,NYI,2,2,-4,2,0,0,0,0,0,0,29,11957,290,35,7,9,3,2,1,0
Colin Wilson,NSH,L,2016-11-15,false,TOR,2,4,-1,6,1,0,0,0,0,0,27,14174,322,11,7,7,8,5,0,2
Tom Wilson,WSH,R,2016-11-15,false,CBJ,1,0,2,14,0,0,0,0,0,0,17,11882,268,32,5,2,1,7,0,2
Justin Williams,WSH,R,2016-11-15,false,CBJ,1,1,-3,6,0,0,0,0,0,0,26,13957,292,3,8,14,6,7,22,8
Patrick Wiercioch,COL,D,2016-11-19,false,MIN,2,5,1,13,0,0,0,0,0,0,19,15633,371,15,21,9,3,3,0,0
Chris Wideman,OTT,D,2016-11-24,false,BOS,1,4,-2,10,0,1,0,0,1,0,23,12077,324,9,12,8,11,3,0,0
Dennis Wideman,CGY,D,2016-11-23,false,CBJ,2,4,0,4,2,2,0,0,0,0,29,19630,432,17,17,10,15,6,0,0
Ryan White,ARI,C,2016-11-17,false,VAN,1,2,-5,20,0,0,0,0,1,0,13,9512,219,50,6,5,1,2,6,17
Blake Wheeler,WPG,R,2016-11-10,false,ARI,4,7,-1,12,0,2,1,0,0,0,46,18707,375,22,5,14,11,10,10,13
Zach Werenski,CBJ,D,2016-11-18,false,NYR,5,8,5,4,3,3,0,0,1,1,39,19828,431,12,15,11,8,6,0,0
Alexander Wennberg,CBJ,C,2016-11-18,false,NYR,2,13,7,2,0,8,0,0,0,0,17,15418,343,18,12,4,7,4,105,126
Dale Weise,PHI,R,2016-11-19,false,TBL,0,2,-1,4,0,0,0,0,0,0,16,10954,251,28,4,10,2,5,0,0
Yannick Weber,NSH,D,2016-11-17,false,OTT,0,3,7,15,0,0,0,0,0,0,12,10317,264,18,11,9,8,0,0,0
Shea Weber,MTL,D,2016-11-12,false,DET,6,6,17,8,5,1,0,1,3,0,37,22883,428,33,33,15,19,2,0,0
Jordan Weal,PHI,C,2017-03-23,false,MIN,4,1,3,6,0,0,0,0,0,0,30,12750,296,4,6,12,5,8,7,7
Austin Watson,NSH,L,2016-11-23,false,DAL,0,1,3,14,0,0,0,0,0,0,11,10140,248,25,2,4,0,5,0,2
Joel Ward,SJS,R,2016-11-12,false,TBL,1,2,-4,4,0,0,0,0,0,0,17,14093,333,12,11,11,14,9,36,44
Chris Wagner,ANA,C,2016-11-10,false,CAR,2,0,-4,6,0,0,0,0,0,0,15,9649,248,33,7,8,4,2,29,43
Radim Vrbata,ARI,R,2016-11-16,false,CGY,6,5,1,4,1,1,0,0,0,0,43,15141,320,10,4,17,6,8,3,1
Jakub Vrana,WSH,L,2017-03-04,false,PHI,2,2,3,2,2,1,0,0,2,0,26,10305,221,3,6,12,4,3,0,2
Jakub Voracek,PHI,R,2016-11-11,false,TOR,6,9,-5,28,0,5,0,0,1,1,58,17240,354,3,3,11,7,4,0,4
Marc-Edouard Vlasic,SJS,D,2016-11-12,false,TBL,3,3,0,20,1,2,0,0,2,1,23,19743,397,7,23,8,12,1,0,0
Jimmy Vesey,NYR,L,2016-11-12,false,CGY,7,4,6,2,2,1,0,0,2,0,27,13287,292,9,7,9,6,9,0,0
Kris Versteeg,CGY,R,2016-11-28,false,NYI,2,4,6,4,0,0,0,0,0,0,16,11322,254,1,7,4,5,6,9,5
Joel Vermin,TBL,R,2017-03-27,false,CHI,0,3,1,4,0,0,0,0,0,0,9,9997,238,17,7,8,2,5,2,0
Antoine Vermette,ANA,C,2016-11-10,false,CAR,2,5,4,10,1,1,0,0,0,0,18,14178,375,15,12,11,4,4,152,77
Frank Vatrano,BOS,C,2017-01-20,false,CHI,5,3,-3,4,2,1,0,0,0,0,42,12791,293,22,4,18,1,4,0,0
Sami Vatanen,ANA,D,2016-11-10,false,CAR,1,6,2,2,1,4,0,0,0,0,20,20248,413,21,33,5,4,5,0,0
Thomas Vanek,DET,L,2016-12-04,false,NYI,4,8,3,10,2,2,0,0,0,0,33,13086,278,6,1,8,5,9,0,4
Chris VandeVelde,PHI,C,2016-11-11,false,TOR,2,1,-4,2,0,0,0,0,0,0,14,9550,243,20,10,6,4,4,3,5
Scottie Upshall,STL,R,2016-11-17,false,SJS,3,2,-4,11,0,0,0,0,0,0,20,9102,260,17,0,9,3,3,1,3
Fedor Tyutin,COL,D,2016-11-23,false,EDM,0,5,-2,8,0,0,0,0,0,0,11,16936,397,29,21,4,3,4,0,0
Kyle Turris,OTT,C,2016-11-13,false,MIN,7,2,0,4,1,0,0,0,2,2,32,17669,373,4,11,14,13,5,101,122
Nikita Tryamkin,VAN,D,2016-12-03,false,TOR,0,1,1,15,0,0,0,0,0,0,15,15029,333,46,16,12,5,0,0,0
Jacob Trouba,WPG,D,2016-12-08,false,NYR,0,3,-3,14,0,0,0,0,0,0,29,21522,418,21,35,17,23,12,0,0
Vincent Trocheck,FLA,C,2016-11-12,false,NYI,6,3,-3,4,0,2,0,0,1,1,40,18899,363,34,10,21,12,12,153,158
Jordin Tootoo,CHI,R,2016-11-11,false,WSH,0,0,1,9,0,0,0,0,0,0,19,6350,171,15,2,7,4,3,1,0
Tyler Toffoli,LAK,C,2016-11-11,false,OTT,4,5,6,0,2,0,0,0,0,0,50,16342,353,20,1,20,9,3,0,2
Jonathan Toews,CHI,C,2016-11-11,false,WSH,4,6,4,13,1,3,0,0,2,0,42,19143,415,8,3,8,10,4,217,142
Matthew Tkachuk,CGY,L,2016-11-18,false,CHI,4,3,1,21,0,0,0,0,1,0,27,12355,277,15,4,18,5,4,1,4
Chris Tierney,SJS,C,2016-11-12,false,TBL,0,4,-2,0,0,0,0,0,0,0,14,11655,288,11,11,6,11,5,55,60
Shawn Thornton,FLA,L,2017-01-04,false,WPG,0,1,-3,7,0,0,0,0,0,0,6,5783,148,17,2,8,4,1,0,2
Joe Thornton,SJS,C,2016-11-12,false,TBL,2,9,2,4,0,4,0,0,0,0,11,16563,357,11,6,1,14,9,96,63
Chris Thorburn,WPG,R,2016-11-19,false,BOS,1,0,-3,30,0,0,0,0,0,0,10,7519,209,27,10,1,1,0,7,8
Nate Thompson,ANA,C,2017-03-07,false,NSH,0,0,0,9,0,0,0,0,0,0,10,8939,235,33,5,2,2,2,63,64
Paul Thompson,FLA,R,2017-01-11,false,NYI,0,3,-3,22,0,0,0,0,0,0,11,7195,182,29,12,5,1,2,0,1
Shea Theodore,ANA,D,2016-12-11,false,OTT,0,5,-4,12,0,0,0,1,0,0,23,16228,339,4,13,13,18,1,0,0
Teuvo Teravainen,CAR,L,2016-11-15,false,SJS,4,4,-5,0,1,2,0,0,1,0,25,13530,294,6,2,14,7,5,9,18
Matt Tennyson,CAR,D,2016-12-10,false,SJS,0,2,5,0,0,0,0,0,0,0,12,13313,299,15,18,6,8,6,0,0
John Tavares,NYI,C,2016-11-12,false,FLA,5,7,0,18,2,1,0,0,0,0,48,18298,355,8,6,18,6,13,161,148
Tomas Tatar,DET,L,2016-11-10,false,VAN,2,4,-1,6,0,1,0,0,0,0,41,15810,334,14,9,11,5,7,3,2
Vladimir Tarasenko,STL,R,2016-11-10,false,NSH,5,8,1,0,1,3,0,0,1,1,60,16787,394,3,6,23,5,11,0,1
Christopher Tanev,VAN,D,2016-12-31,false,EDM,0,3,3,6,0,0,0,0,0,0,6,18513,415,4,27,8,9,5,0,0
Brandon Tanev,WPG,L,2016-11-10,false,ARI,2,1,0,17,0,0,0,0,1,0,24,10063,269,29,9,6,3,5,0,0
Brandon Sutter,VAN,C,2016-11-10,false,DET,1,5,-7,0,0,1,0,0,1,1,35,17031,374,10,9,12,6,6,145,136
Ryan Suter,MIN,D,2016-11-15,false,CGY,4,8,9,8,1,3,1,0,0,0,34,24496,435,15,11,8,7,11,0,0
Andrej Sustr,TBL,D,2016-11-12,false,SJS,0,2,-5,7,0,0,0,0,0,0,17,15462,339,8,20,6,6,6,0,0
P.K. Subban,NSH,D,2016-11-15,false,TOR,3,5,-7,16,2,3,0,0,1,0,34,22015,410,14,32,11,21,10,0,0
Mark Stuart,WPG,D,2017-01-21,false,STL,1,0,3,15,0,0,0,0,0,0,10,10907,264,21,38,2,8,3,0,0
Ryan Strome,NYI,C,2016-11-12,false,FLA,2,3,-3,10,1,0,0,0,0,0,23,11946,262,12,6,5,9,6,38,42
Mark Streit,PHI,D,2016-11-11,false,TOR,3,7,-4,10,1,4,0,0,0,0,27,18407,412,8,17,12,8,3,0,0
Anton Stralman,TBL,D,2016-11-12,false,SJS,1,6,2,0,0,4,0,0,0,0,22,19905,390,16,13,11,6,6,0,0
Michael Stone,ARI,D,2016-12-05,false,CBJ,0,6,-4,2,0,3,0,0,0,0,21,18439,400,29,33,12,4,0,1,0
Mark Stone,OTT,R,2016-11-15,false,PHI,3,4,-2,4,0,0,0,0,2,0,26,15870,336,15,11,8,14,15,3,3
Chris Stewart,MIN,R,2016-11-15,false,CGY,2,3,0,24,0,1,0,0,0,0,9,10339,251,23,2,4,6,4,0,1
Derek Stepan,NYR,C,2016-11-12,false,CGY,2,9,2,4,0,4,1,0,1,0,30,15520,369,3,10,7,8,11,116,146
Lee Stempniak,CAR,R,2016-11-15,false,SJS,4,4,4,10,1,0,0,0,0,0,25,15119,329,26,4,8,9,11,1,2
Alexander Steen,STL,L,2016-11-10,false,NSH,2,8,-6,23,0,3,0,0,0,0,27,18555,430,8,11,13,4,7,20,40
Troy Stecher,VAN,D,2016-12-01,false,ANA,1,4,-5,13,0,1,0,0,0,0,46,18875,380,8,14,11,6,7,0,0
Paul Stastny,STL,C,2016-11-10,false,NSH,4,5,-3,14,2,2,0,0,1,0,27,18396,417,8,8,11,3,8,171,152
Viktor Stalberg,CAR,L,2016-11-18,false,MTL,2,1,-3,13,0,0,0,0,1,0,20,10333,268,24,2,3,5,10,0,1
Matt Stajan,CGY,C,2016-11-10,false,DAL,0,4,3,4,0,0,0,0,0,0,15,11674,286,12,13,6,4,4,80,61
Drew Stafford,WPG,R,2016-12-08,false,NYR,1,3,0,8,0,0,0,0,1,0,26,13568,304,16,0,7,12,5,1,4
Eric Staal,MIN,C,2016-11-15,false,CGY,5,8,6,6,1,2,0,1,2,0,45,17335,387,10,4,12,4,10,144,125
Jordan Staal,CAR,C,2016-11-15,false,SJS,5,4,-1,6,2,0,0,0,0,0,35,17516,405,29,5,13,7,12,160,106
Marc Staal,NYR,D,2016-11-12,false,CGY,1,2,9,2,0,0,0,1,0,0,14,17647,401,15,19,8,9,8,0,0
Jared Spurgeon,MIN,D,2016-11-23,false,WPG,1,4,5,4,0,1,0,1,0,0,32,20919,409,8,35,6,4,5,0,0
Ryan Sproul,DET,D,2016-12-15,false,LAK,1,4,-8,4,1,2,0,0,0,0,29,14518,322,7,6,11,3,2,0,0
Ryan Spooner,BOS,C,2016-11-13,false,COL,3,4,-2,6,2,1,0,0,0,0,34,14078,299,6,3,9,8,10,2,5
Jason Spezza,DAL,C,2016-11-25,false,VAN,4,4,-11,2,1,2,0,0,1,0,37,14884,359,4,6,19,12,7,84,71
Nikita Soshnikov,TOR,R,2016-12-03,false,VAN,1,3,0,4,0,1,0,0,0,0,22,9245,236,31,8,8,2,4,1,5
Marcus Sorensen,SJS,R,2017-03-31,false,CGY,1,3,-1,4,0,0,0,0,1,0,23,9584,249,12,5,5,10,8,1,1
Carl Soderberg,COL,C,2016-11-15,false,LAK,2,2,-1,8,0,0,0,0,0,0,26,15144,347,7,13,6,4,11,90,87
Devante Smith-Pelly,NJD,R,2016-11-19,false,LAK,2,3,-2,2,0,1,0,0,0,0,30,12412,265,26,5,7,4,3,5,7
Craig Smith,NSH,R,2016-11-17,false,OTT,5,1,0,12,2,0,0,0,0,0,33,13222,297,17,5,24,7,6,17,15
Brendan Smith,DET,D,2016-11-10,false,VAN,2,2,-3,13,1,2,0,0,1,0,23,16174,364,19,16,8,13,0,0,0
Ben Smith,TOR,R,2016-11-17,false,FLA,1,1,-3,0,0,0,0,0,0,0,11,10712,270,8,11,3,4,3,101,91
Reilly Smith,FLA,R,2016-11-12,false,NYI,3,3,-1,2,2,0,0,0,1,0,34,17593,365,13,5,17,5,18,1,0
Gemel Smith,DAL,C,2017-04-04,false,ARI,3,2,1,21,0,0,1,0,0,0,18,12024,303,6,5,8,4,3,21,30
Zack Smith,OTT,C,2016-11-13,false,MIN,3,1,1,21,0,0,1,0,0,0,32,15012,339,29,4,12,14,4,64,53
Anton Slepyshev,EDM,L,2016-12-11,false,WPG,2,2,4,2,0,0,0,0,0,0,22,10078,234,21,3,4,6,4,0,0
Jaccob Slavin,CAR,D,2016-11-15,false,SJS,1,4,1,2,0,1,0,0,0,0,21,20136,410,6,28,7,7,9,0,0
Brady Skjei,NYR,D,2016-11-12,false,CGY,0,9,5,2,0,2,0,0,0,0,15,14714,328,28,11,11,9,3,0,0
Jeff Skinner,CAR,L,2016-11-18,false,MTL,7,7,0,8,1,3,0,0,0,0,53,16892,347,9,5,21,10,19,4,9
Jack Skille,VAN,R,2016-11-26,false,COL,0,1,-5,4,0,0,0,0,0,0,19,8568,208,25,4,3,3,2,0,0
Colton Sissons,NSH,C,2016-11-17,false,OTT,2,1,1,0,0,0,1,0,0,0,8,9310,248,30,6,2,5,4,70,74
Wayne Simmonds,PHI,R,2016-11-11,false,TOR,8,6,-5,17,5,2,1,0,0,0,44,18183,396,35,15,23,5,4,0,1
Jakob Silfverberg,ANA,R,2016-11-10,false,CAR,5,4,7,2,1,0,1,0,2,0,38,16716,394,6,9,13,9,9,1,2
Nick Shore,LAK,C,2016-11-13,false,WPG,0,2,-2,8,0,0,0,0,0,0,19,10438,250,12,8,8,4,2,67,79
Devin Shore,DAL,C,2016-11-11,false,EDM,1,6,-3,4,0,2,0,0,0,0,21,13039,314,7,12,7,1,8,76,85
Conor Sheary,PIT,L,2016-11-26,false,NJD,4,5,7,4,0,0,0,0,1,0,27,13330,299,7,6,8,7,8,0,0
Riley Sheahan,DET,C,2016-11-10,false,VAN,0,3,-7,8,0,1,0,0,0,0,20,12261,297,5,8,7,3,3,10,8
Logan Shaw,ANA,C,2016-12-22,false,OTT,1,0,-3,0,0,0,0,0,0,0,20,7869,219,10,7,6,0,3,13,34
Andrew Shaw,MTL,C,2016-11-12,false,DET,2,4,9,20,1,0,0,0,0,0,25,12785,291,29,7,9,6,8,61,41
Kevin Shattenkirk,STL,D,2016-11-10,false,NSH,3,7,0,21,2,4,0,0,0,0,30,18435,399,14,11,10,7,5,0,0
Patrick Sharp,DAL,L,2017-01-09,false,LAK,2,4,-4,17,0,0,1,0,0,0,38,14699,335,17,7,16,5,2,9,9
Michael Sgarbossa,FLA,C,2017-01-09,false,NJD,0,2,-3,2,0,1,0,0,0,0,15,9687,244,15,6,4,6,1,54,75
Damon Severson,NJD,D,2016-11-15,false,DAL,3,9,0,10,0,5,0,0,1,0,26,18566,394,16,14,7,19,5,0,0
Devin Setoguchi,LAK,R,2016-11-11,false,OTT,2,2,2,4,0,0,0,0,0,0,23,11980,274,19,2,9,8,4,1,1
Andrej Sekera,EDM,D,2016-11-11,false,DAL,0,4,4,4,0,1,0,0,0,0,17,18270,385,12,26,13,9,5,0,0
Dennis Seidenberg,NYI,D,2016-11-12,false,FLA,4,4,10,12,0,0,0,0,0,0,18,17406,328,18,38,4,10,2,0,0
Tyler Seguin,DAL,C,2016-11-11,false,EDM,7,10,-7,4,4,5,0,0,1,0,59,16889,385,13,3,22,6,9,105,100
Lukas Sedlak,CBJ,C,2016-11-21,false,COL,0,4,5,2,0,0,0,0,0,0,12,8920,220,13,8,9,4,6,43,48
Daniel Sedin,VAN,L,2016-11-10,false,DET,5,3,-2,2,1,1,0,0,1,0,42,16526,344,5,5,12,2,4,0,1
Henrik Sedin,VAN,C,2016-11-10,false,DET,5,4,-3,4,1,1,0,0,1,1,21,17002,343,4,2,8,11,2,139,126
Brent Seabrook,CHI,D,2016-11-11,false,WSH,1,9,9,2,1,2,0,0,0,0,25,20883,441,23,20,9,19,1,0,0
Jaden Schwartz,STL,L,2016-11-19,false,NSH,6,3,1,4,1,0,0,0,2,0,34,17515,404,13,12,14,5,11,27,25
Justin Schultz,PIT,D,2016-11-12,false,TOR,0,3,4,4,0,2,0,0,0,0,22,14928,347,13,13,8,8,3,0,0
Nick Schultz,PHI,D,2017-02-04,false,LAK,0,4,0,6,0,0,0,0,0,0,14,14245,354,26,30,6,5,1,0,0
Jordan Schroeder,MIN,C,2017-01-21,false,ANA,3,4,2,0,0,0,0,0,0,0,17,8456,194,13,5,5,1,2,3,2
Nate Schmidt,WSH,D,2016-11-18,false,DET,0,5,1,2,0,0,0,0,0,0,17,13256,288,12,7,7,16,9,0,0
Nick Schmaltz,CHI,C,2016-11-11,false,WSH,1,2,-1,2,0,1,0,0,0,0,7,10383,242,4,7,2,3,7,29,60
David Schlemko,SJS,D,2016-11-12,false,TBL,0,3,1,2,0,2,0,0,0,0,30,15449,335,9,19,11,9,10,0,0
Luke Schenn,ARI,D,2016-11-19,false,SJS,0,1,-2,7,0,0,0,0,0,0,16,13645,320,46,24,7,5,4,0,0
Brayden Schenn,PHI,C,2016-11-17,false,WPG,3,8,-6,13,3,3,0,0,1,0,32,15838,346,39,11,20,8,3,18,16
Mark Scheifele,WPG,C,2016-11-10,false,ARI,9,10,9,12,2,2,0,0,1,1,40,18638,364,17,9,10,5,11,137,175
Tim Schaller,BOS,C,2016-11-19,false,WPG,3,2,0,13,0,0,0,0,1,0,21,10596,253,17,8,11,6,5,16,9
Colton Sceviour,FLA,C,2016-11-12,false,NYI,5,3,-1,8,1,2,2,0,1,0,27,13527,281,15,15,10,4,6,5,5
Marco Scandella,MIN,D,2016-12-09,false,EDM,0,2,-5,8,0,0,0,0,0,0,24,14852,336,10,14,6,8,4,0,0
Luca Sbisa,VAN,D,2016-11-10,false,DET,0,1,0,6,0,0,0,0,0,0,6,14683,326,23,23,4,13,4,0,0
David Savard,CBJ,D,2016-11-18,false,NYR,1,3,4,10,0,0,0,0,0,0,15,18891,420,30,26,19,5,3,0,0
Steven Santini,NJD,D,2017-02-03,false,CGY,2,3,3,2,0,0,0,0,0,0,11,13698,308,35,11,6,5,0,0,0
Zach Sanford,WSH,L,2016-11-18,false,DET,0,1,1,4,0,0,0,0,0,0,12,9337,212,9,4,5,8,8,5,3
Brandon Saad,CBJ,L,2016-11-18,false,NYR,4,8,5,2,0,0,0,0,0,0,35,15240,359,3,4,16,4,7,1,1
Bobby Ryan,OTT,R,2016-11-13,false,MIN,3,3,-1,4,1,1,0,0,0,0,33,14803,315,14,11,8,9,3,1,1
Derek Ryan,CAR,C,2016-12-10,false,SJS,4,4,-4,4,2,2,1,0,2,0,13,11654,269,11,7,8,9,3,82,66
Bryan Rust,PIT,R,2016-11-19,false,BUF,2,2,-4,2,0,0,0,0,0,0,32,11288,282,29,8,6,5,3,1,0
Robbie Russo,DET,D,2017-04-01,false,TOR,0,0,2,2,0,0,0,0,0,0,12,14175,293,16,12,9,12,0,0,0
Kris Russell,EDM,D,2016-11-25,false,ARI,0,3,8,0,0,0,0,0,0,0,18,18739,405,13,38,5,11,7,0,0
Chad Ruhwedel,PIT,D,2017-02-25,false,PHI,2,2,6,2,0,0,0,0,0,0,21,14798,340,15,11,6,5,4,0,0
Michal Rozsival,CHI,D,2017-02-23,false,ARI,1,1,-2,6,0,0,0,0,1,0,10,13552,314,36,23,3,5,2,0,0
Carter Rowney,PIT,R,2017-03-17,false,NJD,1,2,2,0,0,0,0,0,1,0,9,8610,217,27,9,6,2,4,49,39
Antoine Roussel,DAL,L,2016-11-11,false,EDM,3,6,2,54,0,3,0,0,2,0,22,13510,355,17,10,13,11,2,1,0
Evan Rodrigues,BUF,L,2017-03-07,false,PHI,2,2,0,2,0,0,0,0,0,0,23,11352,242,4,2,9,4,7,43,64
Brett Ritchie,DAL,R,2016-11-11,false,EDM,3,1,1,11,0,0,0,0,0,0,29,11016,267,26,3,8,2,1,0,0
Nick Ritchie,ANA,L,2016-11-15,false,EDM,4,1,2,8,1,0,0,0,1,0,34,13191,313,55,5,15,2,3,2,1
Rasmus Ristolainen,BUF,D,2016-11-12,false,NJD,0,8,-3,12,0,6,0,0,0,0,28,22913,462,34,25,15,10,6,0,0
Morgan Rielly,TOR,D,2016-11-12,false,PIT,1,9,-4,7,1,1,0,0,0,0,27,20495,481,4,33,19,18,5,0,0
Tobias Rieder,ARI,R,2016-11-19,false,SJS,5,3,3,0,0,0,0,1,0,0,28,14749,334,4,12,13,5,5,0,2
Mike Ribeiro,NSH,C,2016-11-15,false,TOR,1,6,0,10,1,1,0,0,0,0,13,14304,299,10,2,6,9,1,64,73
Sam Reinhart,BUF,C,2016-11-12,false,NJD,2,4,0,2,1,2,0,0,1,0,34,15155,311,4,5,6,7,6,29,39
Mike Reilly,MIN,D,2017-02-01,false,CGY,0,0,1,2,0,0,0,0,0,0,16,11518,244,2,8,11,5,0,0,0
Zach Redmond,MTL,D,2017-01-24,false,CGY,0,5,6,2,0,0,0,0,0,0,12,11131,246,24,13,6,6,5,0,0
Ryan Reaves,STL,R,2016-11-15,false,BUF,0,2,-1,9,0,0,0,0,0,0,10,5903,168,39,1,6,2,2,0,0
Matt Read,PHI,R,2016-11-11,false,TOR,6,1,-3,0,2,0,0,0,0,0,27,13280,312,31,10,5,5,5,0,4
Dennis Rasmussen,CHI,C,2016-11-15,false,WPG,1,0,-2,2,0,0,0,0,0,0,15,10465,281,16,14,3,6,7,23,36
Victor Rask,CAR,C,2016-11-15,false,SJS,6,6,3,2,2,1,0,0,0,0,34,17426,367,5,3,4,7,10,106,119
Mikko Rantanen,COL,R,2016-11-26,false,VAN,2,6,-2,6,1,2,0,0,0,0,27,16310,347,2,10,11,3,7,15,6
Rickard Rakell,ANA,C,2016-12-01,false,VAN,9,4,2,0,2,2,0,0,2,0,44,15658,350,25,7,13,4,3,10,9
Michael Raffl,PHI,L,2016-11-29,false,BOS,4,1,4,2,0,0,0,0,0,0,16,11462,287,21,6,12,3,4,2,1
Alexander Radulov,MTL,R,2016-11-12,false,DET,3,10,7,18,1,3,0,0,0,0,26,14127,323,20,9,12,13,11,2,0
Alan Quine,NYI,C,2016-12-04,false,DET,1,2,1,2,0,0,0,0,1,0,18,9732,228,26,8,3,4,3,44,35
Kyle Quincey,NJD,D,2016-11-15,false,DAL,1,1,5,10,0,0,0,0,0,0,15,14921,353,23,20,2,5,3,0,0
Mark Pysyk,FLA,D,2016-11-12,false,NYI,1,2,4,2,0,0,0,0,0,0,14,15059,286,9,13,10,3,5,0,1
Tom Pyatt,OTT,L,2016-11-13,false,MIN,2,3,2,2,0,0,0,1,0,0,22,14358,343,9,18,6,3,8,6,9
Jesse Puljujarvi,EDM,R,2016-11-19,false,DAL,1,4,3,2,1,0,0,0,0,0,30,10964,247,6,3,12,10,8,0,0
Matt Puempel,NYR,L,2016-11-27,false,OTT,1,0,-4,7,0,0,0,0,0,0,14,8154,204,12,6,6,0,2,0,1
Ivan Provorov,PHI,D,2016-11-11,false,TOR,0,6,-8,8,0,2,0,0,0,0,21,17846,411,20,24,16,16,4,0,0
Dalton Prout,CBJ,D,2017-02-03,false,PIT,0,3,4,14,0,0,0,0,0,0,6,11753,285,24,16,2,7,2,0,0
Nate Prosser,MIN,D,2016-12-20,false,COL,0,2,-1,4,0,0,0,0,0,0,10,11936,287,16,24,8,5,1,0,0
Shane Prince,NYI,L,2016-11-30,false,PIT,3,4,-4,4,1,0,0,0,0,0,26,11072,247,18,1,3,3,5,3,2
Benoit Pouliot,EDM,L,2016-11-11,false,DAL,3,1,0,18,0,0,0,0,1,0,18,13791,340,8,12,12,5,3,3,5
Paul Postma,WPG,D,2016-11-17,false,PHI,0,3,2,2,0,0,0,0,0,0,15,11315,255,10,11,5,6,1,0,0
Jason Pominville,MIN,R,2016-11-15,false,CGY,3,3,1,0,0,2,0,0,0,0,28,13462,324,13,10,9,1,5,4,5
Roman Polak,TOR,D,2016-11-22,false,CAR,1,1,-3,17,0,0,0,0,0,0,11,15915,369,53,28,6,7,4,0,0
Brayden Point,TBL,C,2016-11-12,false,SJS,1,4,0,0,1,0,0,0,0,0,34,14454,284,7,6,11,5,7,3,3
Tomas Plekanec,MTL,C,2016-11-12,false,DET,1,4,1,2,0,3,1,0,1,0,31,15531,379,11,15,6,4,3,135,145
Brandon Pirri,NYR,R,2016-11-12,false,CGY,4,5,8,2,2,1,0,0,2,0,23,10975,248,7,6,15,7,6,37,24
Alex Pietrangelo,STL,D,2016-11-10,false,NSH,3,4,-6,10,1,2,0,0,1,0,33,23273,456,9,27,14,6,12,0,0
Dion Phaneuf,OTT,D,2016-11-13,false,MIN,1,3,-6,21,0,1,0,0,0,0,38,20163,486,32,37,11,7,2,0,0
Jeff Petry,MTL,D,2016-11-13,false,CHI,2,5,4,8,1,2,0,0,0,0,23,19309,413,30,36,11,16,2,0,0
Alex Petrovic,FLA,D,2016-11-12,false,NYI,0,4,6,6,0,0,0,0,0,0,11,16047,292,29,15,13,9,5,0,0
Nic Petan,WPG,L,2016-12-22,false,VAN,1,7,-2,2,0,5,0,0,0,0,22,13455,302,4,4,11,3,8,61,70
Brett Pesce,CAR,D,2016-11-15,false,SJS,0,3,2,4,0,1,0,0,0,0,16,18267,390,11,29,14,10,10,0,0
Corey Perry,ANA,R,2016-11-10,false,CAR,4,9,-4,14,0,6,0,0,0,0,42,17113,368,13,4,14,2,6,0,3
David Perron,STL,L,2016-11-10,false,NSH,4,1,-7,4,1,0,0,0,1,0,31,16008,388,14,6,14,2,5,12,17
Mathieu Perreault,WPG,C,2016-12-06,false,DET,1,2,-8,8,0,1,0,0,0,0,30,14855,308,22,3,7,4,11,88,81
Brendan Perlini,ARI,L,2017-01-07,false,NYI,4,1,-4,6,0,0,0,0,0,0,23,12258,266,13,4,8,1,2,1,0
Adam Pelech,NYI,D,2017-01-21,false,LAK,1,3,0,0,0,0,0,0,0,0,15,14621,295,25,16,11,13,6,0,0
Tanner Pearson,LAK,L,2016-11-15,false,COL,6,3,4,0,1,0,0,0,0,0,32,14030,327,23,2,19,5,6,0,4
Joe Pavelski,SJS,C,2016-11-12,false,TBL,5,9,3,12,2,3,0,0,2,0,41,17279,371,28,18,26,17,7,85,77
Greg Pateryn,MTL,D,2016-11-26,false,DET,1,3,-1,0,0,0,0,0,0,0,16,12755,279,23,33,6,8,4,0,0
David Pastrnak,BOS,R,2016-11-24,false,OTT,11,4,11,2,4,1,0,0,2,0,49,14831,306,11,4,17,6,7,0,1
Zach Parise,MIN,L,2016-11-29,false,VAN,4,5,-1,12,1,1,0,0,0,0,48,16416,362,14,16,12,4,9,1,1
PA Parenteau,NJD,R,2016-11-15,false,DAL,5,2,0,8,1,0,0,0,0,0,30,13512,301,14,0,4,6,6,0,5
Colton Parayko,STL,D,2016-11-10,false,NSH,0,5,-4,8,0,1,0,0,0,0,36,19132,446,8,27,12,8,7,0,0
Cedric Paquette,TBL,C,2016-11-14,false,NYI,1,4,1,14,0,0,0,0,0,0,16,8463,212,31,7,5,2,5,28,35
Richard Panik,CHI,R,2016-11-11,false,WSH,6,4,2,4,2,1,0,0,1,0,18,13774,311,37,7,7,7,9,0,2
Artemi Panarin,CHI,L,2016-11-11,false,WSH,6,10,11,13,2,2,0,0,1,1,42,17842,353,7,0,18,9,12,1,0
Kyle Palmieri,NJD,R,2016-11-15,false,DAL,3,4,6,8,1,2,0,0,1,0,33,14485,317,33,7,16,11,4,2,5
Ondrej Palat,TBL,L,2016-11-12,false,SJS,2,4,-8,11,0,3,0,0,0,0,26,15589,320,34,6,10,9,19,1,2
Jean-Gabriel Pageau,OTT,C,2016-11-13,false,MIN,1,3,3,2,0,0,0,0,0,0,26,14397,338,27,14,6,6,5,81,64
Max Pacioretty,MTL,L,2016-11-12,false,DET,3,9,8,10,0,1,0,1,2,0,40,15735,359,19,7,28,6,9,0,0
Magnus Paajarvi,STL,L,2017-03-07,false,MIN,4,1,3,4,0,0,0,0,2,0,23,10715,264,9,11,3,0,5,1,1
Alex Ovechkin,WSH,L,2016-11-15,false,CBJ,7,4,-3,10,2,1,0,0,3,1,63,16621,317,40,4,29,10,9,0,1
Xavier Ouellet,DET,D,2016-12-13,false,ARI,0,2,7,22,0,0,0,0,0,0,15,15050,331,9,17,4,3,3,0,1
Steve Ott,DET,C,2016-11-18,false,WSH,1,1,1,24,0,0,0,0,0,0,13,8739,224,37,5,2,0,3,37,25
T.J. Oshie,WSH,R,2016-11-15,false,CBJ,6,2,6,10,1,1,0,1,1,0,34,16339,334,14,10,15,9,10,22,22
Brooks Orpik,WSH,D,2016-11-15,false,CBJ,0,4,6,4,0,0,0,0,0,0,13,14923,311,30,28,7,9,3,0,0
Dmitry Orlov,WSH,D,2016-11-15,false,CBJ,0,4,5,8,0,1,0,0,0,0,24,17589,339,23,21,11,11,8,0,0
Jamie Oleksiak,DAL,D,2016-12-27,false,ARI,3,1,1,16,0,0,0,1,0,0,15,14308,328,23,18,5,6,0,0,0
Kyle Okposo,BUF,R,2016-11-15,false,STL,5,5,2,4,1,5,0,0,0,0,37,17288,334,13,6,14,7,4,18,20
Johnny Oduya,DAL,D,2016-11-11,false,EDM,0,4,3,6,0,0,0,0,0,0,14,16930,392,6,34,9,10,4,0,0
Ryan O'Reilly,BUF,C,2016-11-25,false,WSH,4,5,-1,4,2,3,0,0,1,0,53,19785,383,2,7,15,8,16,201,141
Gustav Nyquist,DET,R,2016-11-10,false,VAN,3,7,2,4,0,1,0,0,2,0,31,15468,327,6,2,8,4,8,1,0
William Nylander,TOR,C,2016-11-12,false,PIT,4,8,-2,6,3,4,0,0,0,0,39,14302,320,4,7,18,6,11,31,38
Markus Nutivaara,CBJ,D,2016-11-18,false,NYR,1,1,2,2,0,0,0,0,0,0,12,11627,268,7,8,5,3,2,0,0
Darnell Nurse,EDM,D,2016-11-11,false,DAL,2,2,-1,15,0,0,0,0,0,0,25,15930,350,38,13,7,8,4,0,0
Ryan Nugent-Hopkins,EDM,C,2016-11-11,false,DAL,2,5,-1,4,2,0,0,0,1,0,41,15711,361,8,2,12,2,8,96,107
Joakim Nordstrom,CAR,L,2016-11-15,false,SJS,1,2,-4,2,0,0,0,0,1,0,24,12908,320,17,13,8,4,7,1,1
Jordan Nolan,LAK,C,2016-12-04,false,MTL,2,2,-1,29,0,0,0,0,0,0,10,8767,203,16,1,6,2,1,1,1
Stefan Noesen,NJD,R,2017-02-03,false,CGY,4,0,3,4,0,0,0,0,0,0,19,6975,181,16,2,2,3,3,21,35
Matt Niskanen,WSH,D,2016-11-15,false,CBJ,0,7,1,6,0,0,0,1,0,0,24,20306,412,20,21,12,17,8,0,0
Matt Nieto,SJS,L,2016-12-13,false,TOR,0,2,-2,4,0,0,0,0,0,0,24,11012,281,21,7,8,4,8,0,2
Frans Nielsen,DET,C,2016-11-10,false,VAN,2,5,-6,0,0,5,1,0,0,0,27,15550,379,11,10,6,5,4,108,117
Nino Niederreiter,MIN,R,2016-11-15,false,CGY,4,4,8,4,0,0,0,0,0,0,23,12812,302,23,1,6,6,4,0,1
Andrej Nestrasil,CAR,C,2016-12-08,false,LAK,1,4,-2,2,0,0,0,0,0,0,25,10036,232,10,6,5,7,9,3,3
Nikita Nesterov,TBL,D,2016-11-21,false,NSH,2,1,3,10,1,0,0,0,0,0,20,15628,313,23,13,7,7,1,0,0
Patrik Nemeth,DAL,D,2016-12-08,false,NSH,0,0,-4,6,0,0,0,0,0,0,15,14912,337,17,18,5,4,4,0,0
Brock Nelson,NYI,C,2016-11-12,false,FLA,4,7,5,4,0,2,0,1,0,0,29,13994,346,13,16,8,6,6,80,111
Chris Neil,OTT,R,2016-11-15,false,PHI,1,1,-3,18,0,0,0,0,0,0,18,7445,190,33,9,3,4,2,0,0
James Neal,NSH,L,2016-11-15,false,TOR,7,4,-1,11,1,1,0,0,1,0,58,17792,366,14,8,12,8,9,1,0
Rick Nash,NYR,R,2016-11-12,false,CGY,7,3,-1,8,2,1,0,0,1,0,44,14487,355,5,11,10,15,14,0,0
Riley Nash,BOS,C,2016-11-12,false,ARI,1,2,1,4,0,0,0,0,0,0,19,12269,281,7,7,9,3,7,81,65
Vladislav Namestnikov,TBL,C,2016-11-12,false,SJS,2,3,-1,6,2,2,0,0,0,0,27,13502,277,7,7,10,6,4,23,29
Jake Muzzin,LAK,D,2016-11-11,false,OTT,1,1,-3,14,1,0,0,0,0,0,35,20638,477,35,28,13,11,3,0,0
Ryan Murray,CBJ,D,2016-11-26,false,FLA,0,2,0,8,0,0,0,1,0,0,9,16839,385,6,21,5,3,3,0,0
Ryan Murphy,CAR,D,2017-03-01,false,TBL,0,2,-7,6,0,0,0,0,0,0,4,12733,280,2,15,5,6,6,0,0
Connor Murphy,ARI,D,2016-11-17,false,VAN,0,4,-4,10,0,0,0,0,0,0,18,19352,430,36,30,6,3,4,0,0
Matt Moulson,BUF,L,2016-11-12,false,NJD,6,1,-1,2,5,1,0,0,0,0,42,13140,272,10,8,7,1,5,0,0
Tyler Motte,CHI,L,2016-11-21,false,EDM,3,3,3,10,0,0,0,0,0,0,23,11138,293,11,12,8,1,9,2,2
Joe Morrow,BOS,D,2017-01-18,false,DET,0,1,-5,6,0,0,0,0,0,0,17,14125,307,25,17,10,7,1,0,0
Josh Morrissey,WPG,D,2016-11-10,false,ARI,0,2,1,4,0,0,0,0,0,0,20,16612,358,19,19,6,4,1,0,0
Dominic Moore,BOS,C,2016-11-12,false,ARI,3,2,1,12,0,0,1,0,1,0,18,12078,285,4,8,3,4,5,69,58
John Moore,NJD,D,2016-11-15,false,DAL,2,3,3,10,0,0,0,0,0,0,23,17065,397,9,13,11,14,0,0,0
Brandon Montour,ANA,D,2017-03-07,false,NSH,1,1,0,8,0,1,0,0,0,0,35,15336,294,10,13,12,8,2,0,0
Sean Monahan,CGY,C,2016-11-10,false,DAL,4,2,-10,6,1,0,0,0,1,1,28,16958,371,7,5,14,10,8,137,144
Torrey Mitchell,MTL,C,2016-11-12,false,DET,5,2,6,8,0,0,0,0,1,0,9,11599,309,2,9,7,6,10,93,72
John Mitchell,COL,C,2016-11-26,false,VAN,0,0,2,12,0,0,0,0,0,0,11,10999,258,15,10,7,0,6,75,59
Drew Miller,DET,L,2016-11-18,false,WSH,2,0,-5,2,0,0,0,0,1,0,11,9387,237,18,12,2,0,3,1,0
Kevan Miller,BOS,D,2016-12-22,false,FLA,0,0,-5,11,0,0,0,0,0,0,17,15863,346,35,19,5,6,2,0,0
J.T. Miller,NYR,L,2016-11-12,false,CGY,5,9,13,8,1,1,0,0,1,0,32,13791,332,23,14,12,11,9,23,28
Colin Miller,BOS,D,2016-11-12,false,ARI,1,1,-6,4,0,0,0,0,0,0,24,14367,328,16,8,15,7,4,0,0
Marc Methot,OTT,D,2016-11-13,false,MIN,0,2,4,4,0,0,0,0,0,0,22,18185,433,30,18,1,9,2,0,0
Jon Merrill,NJD,D,2017-01-02,false,BOS,0,2,-2,8,0,0,0,0,0,0,10,14319,331,13,17,5,6,1,0,0
Julian Melchiori,WPG,D,2017-04-01,false,OTT,0,1,-3,8,0,0,0,0,0,0,13,16428,343,21,26,7,15,4,0,0
Timo Meier,SJS,R,2017-01-18,false,LAK,2,2,-1,4,0,0,0,0,1,0,41,12078,296,41,2,10,14,10,0,1
Jayson Megna,VAN,C,2016-12-16,false,TBL,3,0,0,4,0,0,0,0,0,0,17,8489,206,17,6,1,0,3,0,1
Adam McQuaid,BOS,D,2016-11-24,false,OTT,0,0,-1,11,0,0,0,0,0,0,18,16407,389,33,28,9,4,1,0,0
Brayden McNabb,LAK,D,2017-01-12,false,STL,2,0,1,13,0,0,0,0,0,0,17,15505,357,30,16,12,14,3,0,0
Cody McLeod,COL,L,2016-12-06,false,NSH,0,0,-2,33,0,0,0,0,0,0,7,5413,136,23,0,2,0,2,0,0
Curtis McKenzie,DAL,L,2016-11-17,false,COL,1,2,1,24,0,0,0,0,0,0,19,8465,220,30,10,3,0,0,1,1
Greg McKegg,FLA,C,2016-11-12,false,NYI,0,2,-2,6,0,0,0,0,0,0,12,9522,224,13,2,4,4,3,8,10
Jamie McGinn,ARI,L,2016-11-27,false,EDM,4,3,-1,8,0,0,0,0,2,0,31,12922,300,29,9,5,6,0,0,1
Brock McGinn,CAR,L,2016-12-17,false,BUF,1,2,-1,2,0,0,0,1,0,0,12,9460,232,18,10,4,3,5,1,2
Ryan McDonagh,NYR,D,2016-11-12,false,CGY,0,10,9,4,0,2,0,0,0,0,25,21709,430,16,24,11,12,9,0,0
Connor McDavid,EDM,C,2016-11-11,false,DAL,5,13,4,6,0,5,0,0,2,0,41,19068,385,2,6,14,11,9,96,109
Jay McClement,CAR,C,2016-11-15,false,SJS,0,0,-7,0,0,0,0,0,0,0,9,9390,245,12,5,5,0,5,59,55
Michael McCarron,MTL,R,2017-01-14,false,NYR,1,3,1,16,0,0,0,0,0,0,19,9160,226,38,5,7,2,5,38,56
Jared McCann,FLA,C,2016-11-12,false,NYI,1,1,0,2,0,0,0,0,0,0,19,8876,205,11,4,5,5,5,18,23
Jake McCabe,BUF,D,2016-11-12,false,NJD,0,3,2,10,0,0,0,0,0,0,9,17616,394,12,15,10,5,1,0,0
Scott Mayfield,NYI,D,2017-03-02,false,DAL,1,3,1,26,0,0,0,0,0,0,22,12229,251,18,21,8,9,5,0,0
Shawn Matthias,WPG,L,2017-01-03,false,TBL,4,1,2,4,0,0,1,0,1,0,22,11305,280,16,8,9,3,2,3,4
Auston Matthews,TOR,C,2016-11-12,false,PIT,6,6,-4,0,1,3,0,0,0,0,58,15515,323,3,8,21,9,11,68,70
Michael Matheson,FLA,D,2016-11-15,false,MTL,2,5,0,4,0,1,0,0,0,0,33,17263,305,10,18,10,11,13,1,0
Andreas Martinsen,COL,L,2016-11-15,false,LAK,1,1,1,11,0,0,0,0,0,0,16,10132,266,45,9,5,2,8,1,0
Jordan Martinook,ARI,L,2016-11-16,false,CGY,5,4,2,10,1,0,0,1,0,0,22,13674,333,13,12,11,2,6,73,96
Alec Martinez,LAK,D,2016-11-11,false,OTT,2,7,-2,2,0,2,0,0,2,2,38,20831,480,33,27,22,8,0,0,0
Paul Martin,SJS,D,2016-11-12,false,TBL,0,4,-2,6,0,0,0,0,0,0,8,16565,360,7,26,2,10,2,0,0
Matt Martin,TOR,L,2016-11-12,false,PIT,0,1,-2,37,0,0,0,0,0,0,17,9283,233,71,2,5,2,6,0,5
Patrick Maroon,EDM,L,2016-11-11,false,DAL,6,2,2,12,0,1,0,0,0,0,35,14263,314,36,2,9,6,1,1,3
Mitchell Marner,TOR,C,2016-11-12,false,PIT,5,7,-7,12,1,2,0,0,3,0,41,15044,324,6,9,16,12,10,5,4
Patrick Marleau,SJS,L,2016-11-12,false,TBL,4,1,-2,4,1,1,0,0,1,0,35,14621,309,17,5,9,7,6,6,9
Andrei Markov,MTL,D,2016-11-12,false,DET,1,8,0,4,0,4,0,1,0,0,22,18759,404,6,15,10,14,8,0,0
Martin Marincin,TOR,D,2016-12-03,false,VAN,1,4,-1,4,0,0,0,0,0,0,14,17171,395,16,17,13,11,5,0,0
Jonathan Marchessault,FLA,C,2016-11-12,false,NYI,8,6,5,4,2,3,0,0,2,0,47,16324,305,19,2,13,7,13,40,33
Alexey Marchenko,DET,D,2016-11-10,false,VAN,0,4,3,10,0,0,0,1,0,0,17,16701,393,2,23,11,9,2,0,0
Brad Marchand,BOS,L,2016-11-12,false,ARI,5,11,8,16,1,2,0,0,2,0,34,16485,348,10,7,13,11,14,9,6
Anthony Mantha,DET,R,2016-12-13,false,ARI,4,3,2,7,1,1,0,0,1,0,34,14802,326,9,9,13,7,4,1,1
Josh Manson,ANA,D,2016-11-10,false,CAR,0,4,4,18,0,0,0,0,0,0,16,17204,362,29,15,5,12,3,0,0
Brandon Manning,PHI,D,2016-11-12,false,MIN,2,6,2,13,0,0,1,0,1,0,24,17010,392,38,19,5,16,1,0,0
Evgeni Malkin,PIT,C,2016-11-12,false,TOR,8,7,0,22,1,5,0,0,1,0,40,16760,369,8,8,11,16,9,100,142
Denis Malgin,FLA,C,2016-11-12,false,NYI,3,3,2,4,1,0,0,0,1,1,21,9910,226,11,4,5,3,6,30,49
Nathan MacKinnon,COL,C,2016-11-15,false,LAK,2,6,-4,0,0,4,0,0,0,0,52,17894,387,10,2,19,6,10,136,120
Derek MacKenzie,FLA,C,2016-11-12,false,NYI,1,3,5,9,0,0,0,1,0,0,15,11440,262,33,7,6,2,4,83,80
Andrew MacDonald,PHI,D,2016-11-27,false,CGY,1,5,-2,4,0,0,0,0,0,0,11,17094,393,10,29,3,13,2,0,0
Olli Maatta,PIT,D,2016-11-12,false,TOR,0,1,4,6,0,0,0,0,0,0,16,16099,381,14,28,6,11,2,0,0
Roman Lyubimov,PHI,L,2016-12-01,false,OTT,2,1,-2,0,0,0,0,0,0,0,20,8439,210,15,5,7,2,4,0,2
Milan Lucic,EDM,L,2016-11-11,false,DAL,5,4,-1,9,2,1,0,0,1,0,29,16447,345,42,5,10,13,6,1,1
Adam Lowry,WPG,C,2016-11-10,false,ARI,3,1,-1,13,0,1,0,0,0,0,23,14346,341,34,11,7,4,5,112,127
Ben Lovejoy,NJD,D,2016-11-15,false,DAL,0,2,0,4,0,0,0,0,0,0,20,18563,387,22,27,5,4,5,0,0
Bryan Little,WPG,C,2016-12-29,false,CBJ,6,6,1,4,2,1,0,0,1,1,37,15185,372,4,3,16,4,8,167,119
Hampus Lindholm,ANA,D,2016-12-09,false,SJS,1,2,1,6,0,1,0,0,1,0,22,19569,393,18,19,11,15,6,0,0
Elias Lindholm,CAR,C,2016-11-15,false,SJS,0,3,-8,2,0,2,0,1,0,0,30,16558,360,19,12,15,4,11,101,83
Esa Lindell,DAL,D,2016-11-29,false,DET,2,2,-4,2,0,1,0,0,1,0,18,16946,378,19,25,7,3,4,0,1
Oscar Lindberg,NYR,C,2016-12-11,false,NJD,0,2,-1,10,0,1,0,0,0,0,22,9678,239,15,8,4,1,2,57,49
John-Michael Liles,BOS,D,2016-11-12,false,ARI,0,4,-4,2,0,3,0,0,0,0,12,14781,333,10,22,5,2,6,1,0
Trevor Lewis,LAK,C,2016-11-11,false,OTT,2,1,-6,2,0,0,0,0,0,0,24,11368,266,31,4,9,1,3,7,8
Mark Letestu,EDM,C,2016-11-11,false,DAL,2,4,-1,0,0,0,2,0,2,0,9,11969,322,12,8,5,4,4,91,89
Kris Letang,PIT,D,2016-11-23,false,NYR,2,10,-4,12,1,5,0,0,1,1,47,23339,451,29,26,14,19,13,0,0
Jori Lehtera,STL,C,2016-11-19,false,NSH,1,2,1,8,0,1,0,0,1,0,21,13953,369,9,8,0,3,1,107,82
Artturi Lehkonen,MTL,L,2016-12-02,false,SJS,3,1,-1,6,1,0,0,0,0,0,33,12105,305,16,6,8,6,6,0,0
Anders Lee,NYI,L,2016-11-12,false,FLA,1,1,2,8,0,0,0,0,0,0,21,11062,270,44,6,10,2,7,1,1
Nick Leddy,NYI,D,2016-11-14,false,TBL,3,4,-9,4,1,0,0,0,0,0,31,20314,354,17,22,9,4,3,0,0
Curtis Lazar,OTT,C,2016-12-27,false,NYR,0,0,-3,4,0,0,0,0,0,0,18,8698,215,27,6,3,3,4,9,18
Adam Larsson,EDM,D,2016-11-11,false,DAL,1,2,-2,8,0,0,0,0,0,0,15,18422,399,43,27,6,16,4,0,0
Philip Larsen,VAN,D,2016-12-01,false,ANA,0,4,-9,4,0,2,0,0,0,0,25,16104,332,4,14,14,3,1,0,0
Dylan Larkin,DET,C,2016-11-10,false,VAN,5,1,-7,15,1,0,0,0,1,0,50,15257,327,9,5,13,13,17,32,43
Nick Lappin,NJD,R,2016-11-26,false,PIT,3,2,-1,2,0,0,0,0,0,0,23,11401,255,16,2,7,1,6,2,3
Gabriel Landeskog,COL,L,2016-11-15,false,LAK,4,4,-1,9,2,0,0,0,2,1,32,16656,359,31,6,10,5,22,9,13
Anton Lander,EDM,C,2016-11-13,false,NYR,1,2,4,6,0,0,0,0,0,0,7,9280,255,19,7,3,2,4,71,50
Patrik Laine,WPG,R,2016-11-10,false,ARI,11,5,2,4,5,2,0,0,2,1,45,16825,332,18,7,15,17,7,0,2
Andrew Ladd,NYI,L,2016-11-12,false,FLA,2,1,-2,8,0,0,0,0,0,0,29,15640,313,14,5,12,8,10,0,1
Kevin Labanc,SJS,R,2016-12-10,false,CAR,4,2,5,8,0,0,0,0,1,0,21,11077,254,6,2,5,8,2,0,0
Paul LaDue,LAK,D,2017-03-20,false,EDM,0,5,-3,4,0,2,0,0,0,0,20,14773,349,10,9,3,9,2,0,0
Evgeny Kuznetsov,WSH,C,2016-11-15,false,CBJ,2,5,3,6,0,0,0,0,0,0,21,15320,321,7,4,10,9,6,93,125
Chris Kunitz,PIT,L,2016-11-12,false,TOR,2,6,4,16,0,0,0,0,2,0,27,14691,348,47,5,8,9,6,2,3
Dmitry Kulikov,BUF,D,2016-12-16,false,NYI,0,0,-6,12,0,0,0,0,0,0,9,20028,442,16,19,10,8,3,0,0
Nikolay Kulemin,NYI,L,2016-11-18,false,PIT,1,3,4,6,0,0,0,0,0,0,15,12396,321,13,11,11,3,6,5,2
Brett Kulak,CGY,D,2016-11-27,false,PHI,0,3,1,10,0,0,0,0,0,0,16,13246,312,8,9,7,6,3,0,0
Tom Kuhnhackl,PIT,R,2016-11-25,false,MIN,0,2,1,4,0,0,0,0,0,0,8,8257,212,20,9,6,1,1,0,1
Nikita Kucherov,TBL,R,2016-11-14,false,NYI,6,12,6,4,2,5,0,0,2,0,41,15787,319,2,6,21,10,15,0,0
Marcus Kruger,CHI,C,2016-11-11,false,WSH,1,2,4,12,0,0,0,0,0,0,14,12115,330,8,7,6,2,6,96,95
Torey Krug,BOS,D,2016-11-12,false,ARI,1,3,-5,6,0,2,0,0,0,0,48,18972,401,16,15,12,11,4,0,0
Niklas Kronwall,DET,D,2016-12-09,false,CBJ,0,2,-3,8,0,1,0,0,0,0,13,17166,386,17,28,4,4,0,0,0
David Krejci,BOS,C,2016-11-12,false,ARI,1,7,-4,6,1,2,0,0,0,0,28,15694,315,11,12,11,12,9,107,101
Chris Kreider,NYR,L,2016-11-23,false,PIT,4,9,-1,8,1,3,0,0,0,0,44,14901,325,31,9,19,9,5,2,1
Lauri Korpikoski,DAL,L,2016-11-11,false,EDM,3,2,2,4,0,0,0,0,0,0,25,13106,340,10,9,6,3,5,0,3
Anze Kopitar,LAK,C,2016-11-11,false,OTT,2,6,1,2,0,2,0,1,0,0,37,19113,375,19,11,21,8,7,194,178
Travis Konecny,PHI,C,2016-11-11,false,TOR,4,6,-2,8,2,0,0,0,0,0,34,14077,316,25,6,21,5,7,0,0
Leo Komarov,TOR,C,2016-11-12,false,PIT,1,3,0,7,0,1,1,0,0,0,18,15388,375,52,12,7,1,5,18,19
Mikko Koivu,MIN,C,2016-11-15,false,CGY,2,4,1,6,0,1,0,1,1,0,20,18194,402,5,19,13,8,9,188,165
Slater Koekkoek,TBL,D,2016-11-29,false,CBJ,0,4,2,6,0,0,0,0,0,0,16,11776,271,13,13,8,2,1,0,0
John Klingberg,DAL,D,2016-11-11,false,EDM,2,7,-7,6,0,4,0,0,0,0,24,20631,423,8,23,11,17,3,0,0
Kevin Klein,NYR,D,2016-11-18,false,CBJ,0,6,5,0,0,1,0,1,0,0,15,16846,377,23,38,4,5,5,0,0
Oscar Klefbom,EDM,D,2016-11-11,false,DAL,0,3,-1,0,0,1,0,0,0,0,31,19717,404,10,30,13,12,3,0,0
Dwight King,LAK,L,2016-11-11,false,OTT,2,3,4,4,0,0,0,0,0,0,21,13816,295,24,4,12,6,4,2,4
Jakub Kindl,FLA,D,2016-12-23,false,DET,0,1,-8,10,0,0,0,0,0,0,8,13071,272,27,18,5,8,2,0,0
Alex Killorn,TBL,L,2016-11-12,false,SJS,6,2,0,12,1,2,0,0,1,0,33,15791,318,27,6,8,11,3,0,4
Phil Kessel,PIT,R,2016-11-12,false,TOR,3,10,-2,6,3,6,0,0,1,0,34,16492,366,3,4,16,8,3,0,3
Ryan Kesler,ANA,C,2016-11-10,false,CAR,6,6,7,22,4,2,0,0,1,0,34,18805,401,23,14,18,7,2,199,124
Tanner Kero,CHI,C,2017-01-24,false,TBL,3,3,6,0,0,0,0,0,0,0,15,12502,297,19,16,4,4,4,72,98
Michal Kempny,CHI,D,2016-11-15,false,WPG,0,0,3,10,0,0,0,0,0,0,14,14620,328,29,20,16,8,1,0,0
Adrian Kempe,LAK,L,2017-03-19,false,CGY,2,4,-2,6,0,2,0,1,1,0,23,11324,261,14,3,8,4,2,42,45
Chris Kelly,OTT,C,2016-11-13,false,MIN,1,2,0,4,0,0,0,0,0,0,19,12050,301,11,12,7,6,4,62,75
Duncan Keith,CHI,D,2016-11-11,false,WSH,0,12,7,4,0,2,0,0,0,0,37,23158,439,3,15,10,9,4,0,0
Zack Kassian,EDM,R,2016-11-17,false,LAK,2,2,-1,23,0,0,0,0,0,0,26,11086,279,39,3,6,5,6,1,0
Ondrej Kase,ANA,R,2016-12-15,false,BOS,1,4,0,8,0,0,0,0,1,0,22,11823,304,11,6,9,11,4,1,3
Melker Karlsson,SJS,C,2016-11-12,false,TBL,2,2,3,4,0,0,0,0,0,0,12,10698,266,10,11,8,3,4,0,2
William Karlsson,CBJ,C,2016-11-18,false,NYR,3,5,4,2,0,0,0,1,1,0,24,13127,326,6,3,12,6,7,90,112
Erik Karlsson,OTT,D,2016-11-13,false,MIN,3,10,4,8,1,2,0,1,0,0,38,24496,490,10,37,30,19,12,0,0
Evander Kane,BUF,L,2016-12-06,false,EDM,3,4,-4,16,1,2,0,0,0,0,37,16854,335,29,7,16,9,9,24,22
Patrick Kane,CHI,R,2016-11-11,false,WSH,5,12,7,12,1,3,0,0,1,0,48,20348,366,6,2,14,3,6,3,12
Sergey Kalinin,NJD,C,2016-11-25,false,DET,0,1,-6,7,0,0,0,0,0,0,14,11155,266,20,8,5,3,2,5,4
Nazem Kadri,TOR,C,2016-11-12,false,PIT,7,4,-2,41,2,2,0,0,1,1,34,13809,335,22,7,14,8,12,101,121
Tomas Jurco,DET,L,2017-02-07,false,CBJ,0,0,-7,2,0,0,0,0,0,0,12,9071,229,6,2,12,4,1,0,1
Roman Josi,NSH,D,2016-11-15,false,TOR,2,6,-7,4,1,4,0,0,0,0,44,22402,431,9,25,11,8,3,0,0
Jacob Josefson,NJD,C,2016-12-29,false,WSH,0,2,0,6,0,1,0,0,0,0,13,10423,237,12,6,11,5,2,45,38
Josh Jooris,ARI,R,2016-12-17,false,MIN,1,1,1,6,0,0,0,0,0,0,13,8616,227,21,6,5,1,3,42,40
Seth Jones,CBJ,D,2016-11-29,false,TBL,3,4,0,2,0,0,0,0,1,1,27,21398,456,20,26,6,10,5,0,0
Jyrki Jokipakka,CGY,D,2016-11-30,false,TOR,1,3,0,4,0,0,0,0,0,0,6,13288,335,8,14,4,7,2,0,0
Jussi Jokinen,FLA,L,2016-12-03,false,OTT,1,3,-1,8,0,0,0,0,1,0,27,16679,344,3,5,8,15,6,7,7
Erik Johnson,COL,D,2016-11-15,false,LAK,0,7,-4,2,0,4,0,0,0,0,31,20178,463,34,39,9,9,8,0,0
Tyler Johnson,TBL,C,2016-11-12,false,SJS,5,3,-7,4,3,2,0,0,0,0,22,16228,329,16,8,9,3,8,130,107
Jack Johnson,CBJ,D,2016-11-18,false,NYR,0,2,5,10,0,0,0,0,0,0,18,19729,427,26,28,8,2,2,0,0
Stephen Johns,DAL,D,2016-11-17,false,COL,2,2,-1,8,0,0,0,0,1,0,16,17301,401,42,30,10,11,4,0,0
Marcus Johansson,WSH,L,2016-11-15,false,CBJ,7,5,3,2,2,2,0,0,3,1,28,15762,300,7,0,4,5,7,3,3
Ryan Johansen,NSH,C,2016-11-15,false,TOR,1,7,2,8,1,4,0,0,0,0,30,16283,350,17,5,18,8,6,128,116
Nick Jensen,DET,D,2017-01-24,false,BOS,0,4,3,2,0,0,0,0,0,0,22,14003,332,12,15,8,8,1,0,0
Boone Jenner,CBJ,C,2016-11-18,false,NYR,2,4,-6,6,0,1,0,0,0,0,31,13153,297,33,14,9,4,6,25,18
Dmitrij Jaskin,STL,R,2016-11-15,false,BUF,0,4,2,4,0,0,0,0,0,0,15,10006,235,24,5,7,3,3,3,4
Calle Jarnkrok,NSH,C,2016-11-15,false,TOR,3,1,-1,2,0,0,0,0,0,0,21,12958,327,6,3,7,5,5,56,75
Jaromir Jagr,FLA,R,2016-11-12,false,NYI,1,5,0,8,1,1,0,0,0,0,36,14652,288,3,2,12,9,9,0,0
Matt Irwin,NSH,D,2016-11-27,false,WPG,3,2,5,0,0,0,0,0,1,0,17,11742,278,35,23,8,10,1,0,0
Jarome Iginla,COL,R,2016-11-15,false,LAK,2,1,-4,27,1,0,0,0,0,0,24,13335,300,20,2,5,8,7,4,4
Zach Hyman,TOR,C,2016-11-12,false,PIT,2,1,-3,6,0,0,0,0,1,0,34,14888,347,26,10,13,3,8,7,12
Ben Hutton,VAN,D,2016-11-10,false,DET,1,1,-7,12,0,1,0,0,0,0,28,19071,389,14,19,11,10,8,0,0
Matt Hunwick,TOR,D,2016-11-30,false,CGY,0,4,3,2,0,0,0,0,0,0,16,15999,376,28,22,8,12,9,0,0
Jiri Hudler,DAL,R,2017-01-07,false,STL,0,2,-2,4,0,0,0,0,0,0,11,11357,282,6,2,7,3,4,1,2
Jonathan Huberdeau,FLA,L,2017-03-10,false,MIN,5,8,3,4,1,3,0,0,2,1,40,16402,352,15,2,13,14,9,2,4
Marek Hrivik,NYR,L,2017-01-04,false,PHI,0,2,-1,0,0,1,0,0,0,0,15,9551,228,19,5,9,2,5,28,45
Marian Hossa,CHI,R,2016-11-13,false,MTL,9,6,7,4,3,3,0,0,1,1,39,15520,356,5,10,14,3,12,3,1
Bo Horvat,VAN,C,2016-11-10,false,DET,4,3,-7,10,0,1,1,0,0,0,21,14848,350,20,3,16,2,7,116,122
Patric Hornqvist,PIT,R,2016-11-12,false,TOR,5,8,5,2,4,3,0,0,1,0,60,14369,340,39,18,12,1,8,1,4
Julius Honka,DAL,D,2017-04-06,false,NSH,1,4,-4,4,0,1,0,0,1,1,30,15050,322,7,12,9,8,2,0,0
Korbinian Holzer,ANA,D,2017-01-10,false,DAL,0,4,-4,6,0,0,0,0,0,0,9,12696,281,37,15,5,5,1,0,0
Peter Holland,ARI,C,2016-12-27,false,DAL,0,4,-4,6,0,0,0,0,0,0,25,11449,249,10,2,13,3,2,59,82
Nick Holden,NYR,D,2016-11-12,false,CGY,1,6,11,6,0,0,0,0,0,0,8,17815,393,25,19,9,13,6,0,0
Mike Hoffman,OTT,L,2016-11-13,false,MIN,3,4,-6,6,1,2,0,0,2,0,50,15597,311,5,8,17,6,11,1,2
Joshua Ho-Sang,NYI,R,2017-03-30,false,PHI,3,5,-6,10,1,1,0,0,0,0,16,14840,286,3,2,7,11,4,0,2
Niklas Hjalmarsson,CHI,D,2016-11-13,false,MTL,2,2,8,2,0,0,0,0,0,0,11,18969,423,6,34,2,9,3,0,0
Vinnie Hinostroza,CHI,L,2016-11-29,false,FLA,1,2,-1,2,0,0,0,0,0,0,20,9885,226,9,6,10,7,8,23,43
Thomas Hickey,NYI,D,2016-11-12,false,FLA,1,3,3,2,0,1,0,0,0,0,21,17040,333,15,37,10,6,2,0,0
Tomas Hertl,SJS,C,2016-11-12,false,TBL,4,5,0,10,1,1,0,0,1,0,35,15204,347,26,4,13,5,8,79,56
Adam Henrique,NJD,C,2016-11-15,false,DAL,3,4,7,8,0,0,0,0,1,1,26,16758,353,18,13,5,8,7,114,114
Matt Hendricks,EDM,L,2017-01-03,false,CBJ,1,2,-6,15,0,0,0,0,1,0,16,10770,263,24,20,4,3,2,51,43
Ales Hemsky,DAL,R,2017-03-30,false,BOS,4,3,-1,0,1,1,0,0,0,0,30,12978,334,1,4,11,6,9,0,0
Darren Helm,DET,C,2016-11-10,false,VAN,4,3,8,8,2,0,0,1,1,0,24,13895,338,17,6,5,6,8,95,77
Victor Hedman,TBL,D,2016-11-12,false,SJS,3,8,4,8,1,4,0,0,2,0,24,21818,419,17,24,16,9,8,0,0
Kevin Hayes,NYR,C,2016-11-12,false,CGY,6,7,12,2,0,1,1,0,1,0,21,14583,340,10,10,7,17,14,83,94
Jimmy Hayes,BOS,R,2016-11-17,false,MIN,0,0,-9,9,0,0,0,0,0,0,24,9711,225,17,1,6,3,4,1,3
Erik Haula,MIN,L,2016-11-29,false,VAN,4,3,3,6,0,0,0,0,0,0,35,12969,310,6,6,5,6,5,83,81
Garnet Hathaway,CGY,R,2016-12-19,false,ARI,1,3,1,33,0,0,0,0,0,0,10,8228,206,35,9,6,2,2,9,8
Scott Hartnell,CBJ,L,2016-11-18,false,NYR,4,6,6,2,1,0,0,0,0,0,15,11007,274,15,7,7,9,3,0,0
Ryan Hartman,CHI,L,2016-11-21,false,EDM,4,1,2,2,0,0,0,0,0,0,26,9373,220,19,7,7,3,4,1,3
Scott Harrington,CBJ,D,2017-03-18,false,NYI,1,2,3,6,0,0,0,0,0,0,8,10780,259,15,17,7,4,2,0,0
Martin Hanzal,ARI,C,2016-11-27,false,EDM,3,4,-6,4,0,2,0,0,1,1,39,16749,364,33,13,11,11,4,182,142
Jannik Hansen,VAN,R,2016-12-16,false,TBL,2,4,-4,23,0,0,0,0,0,0,23,15073,336,14,2,12,6,9,0,0
Noah Hanifin,CAR,D,2016-11-15,false,SJS,0,7,-8,8,0,3,0,0,0,0,29,15988,333,9,9,11,11,4,0,0
Travis Hamonic,NYI,D,2016-11-22,false,ANA,2,3,-8,23,0,1,0,0,0,0,20,18314,343,22,32,14,6,6,0,0
Dougie Hamilton,CGY,D,2016-11-10,false,DAL,2,4,-6,18,0,1,0,0,1,0,41,16949,404,28,14,11,11,3,0,0
Freddie Hamilton,CGY,C,2016-11-30,false,TOR,1,0,-1,4,0,0,0,0,1,0,16,8763,211,24,1,7,1,3,47,33
Dan Hamhuis,DAL,D,2016-11-13,false,VAN,0,5,-2,8,0,0,0,1,0,0,19,18822,420,23,21,8,7,2,0,0
Taylor Hall,NJD,L,2016-12-01,false,CHI,5,7,1,4,3,1,0,0,2,1,62,18569,364,17,10,19,7,10,1,3
Micheal Haley,SJS,C,2016-12-02,false,MTL,0,2,0,32,0,0,0,0,0,0,12,7173,183,47,6,4,7,6,2,3
Ron Hainsey,CAR,D,2016-11-15,false,SJS,1,2,-2,6,0,0,1,0,0,0,17,19572,402,20,15,10,12,3,0,0
Carl Hagelin,PIT,L,2016-11-12,false,TOR,2,4,0,2,0,0,0,1,0,0,26,14691,359,14,8,10,10,5,0,1
Carl Gunnarsson,STL,D,2016-11-19,false,NSH,0,1,0,4,0,0,0,0,0,0,8,12606,317,12,20,6,1,0,0,0
Jake Guentzel,PIT,C,2017-02-07,false,CGY,5,4,5,6,0,0,0,0,0,0,16,13051,289,40,7,5,3,3,8,8
Radko Gudas,PHI,D,2016-11-23,false,TBL,1,6,-1,9,0,1,0,0,0,0,25,18387,388,63,44,22,9,5,0,0
Eric Gryba,EDM,D,2016-12-19,false,STL,0,0,-1,14,0,0,0,0,0,0,16,15537,335,58,12,5,4,3,0,0
Mikhail Grigorenko,COL,C,2016-11-15,false,LAK,0,5,-3,8,0,3,0,0,0,0,20,12231,272,7,5,4,3,9,29,33
Seth Griffith,FLA,C,2016-12-15,false,WPG,0,3,2,0,0,1,0,0,0,0,13,10289,230,21,3,13,5,1,1,3
Andy Greene,NJD,D,2016-11-15,false,DAL,2,2,3,0,0,0,1,0,1,1,19,20000,422,18,31,13,10,4,0,0
Matt Greene,LAK,D,2016-12-08,false,CAR,1,1,1,8,0,0,0,0,0,0,9,11854,313,49,17,8,13,1,0,0
Mike Green,DET,D,2016-11-10,false,VAN,3,7,1,14,1,1,0,0,0,0,25,21651,430,14,21,13,12,8,0,0
Kevin Gravel,LAK,D,2016-12-04,false,MTL,0,1,4,4,0,0,0,0,0,0,9,12579,304,21,22,8,7,0,0,0
Tyler Graovac,MIN,C,2016-12-02,false,CGY,2,0,1,2,0,0,0,0,0,0,12,8544,211,19,1,9,0,4,44,45
Derek Grant,BUF,C,2016-11-12,false,NJD,0,2,-1,13,0,0,0,0,0,0,12,10619,260,14,9,7,3,3,83,67
Mikael Granlund,MIN,C,2016-11-15,false,CGY,3,5,3,2,1,1,1,0,1,0,28,17338,377,13,9,16,6,5,3,4
Markus Granlund,VAN,C,2016-11-10,false,DET,3,1,-4,6,1,0,0,0,0,0,25,14722,337,8,3,10,3,11,13,19
Michael Grabner,NYR,R,2016-11-12,false,CGY,8,3,13,0,0,0,0,1,1,0,32,11430,303,9,12,9,7,15,2,1
Yanni Gourde,TBL,C,2017-04-01,false,MTL,4,1,-3,4,0,0,1,0,1,1,21,13747,304,8,3,8,4,11,41,64
Shayne Gostisbehere,PHI,D,2016-11-11,false,TOR,3,7,-7,8,1,4,0,0,1,0,46,19182,394,7,20,30,18,5,0,0
Josh Gorges,BUF,D,2016-11-12,false,NJD,0,0,-2,14,0,0,0,0,0,0,4,17433,411,37,30,5,5,0,0,0
Cody Goloubef,COL,D,2017-01-21,false,SJS,0,3,-7,15,0,0,0,0,0,0,12,15431,359,10,20,3,3,2,0,0
Alex Goligoski,ARI,D,2016-11-16,false,CGY,0,6,-8,4,0,2,0,0,0,0,23,21032,418,16,25,8,9,1,0,0
Luke Glendening,DET,C,2016-11-10,false,VAN,1,4,1,6,0,1,0,0,0,0,19,11306,280,41,16,10,1,5,74,68
Claude Giroux,PHI,C,2016-11-11,false,TOR,4,12,-8,4,3,7,0,0,0,0,38,18038,384,12,2,15,3,5,173,159
Zemgus Girgensons,BUF,C,2016-11-12,false,NJD,1,3,-5,4,0,0,0,0,0,0,31,11243,273,17,7,7,1,2,68,67
Dan Girardi,NYR,D,2016-11-20,false,FLA,3,3,10,4,0,0,0,1,3,0,16,16373,377,27,39,6,12,1,0,0
Mark Giordano,CGY,D,2016-11-10,false,DAL,1,4,-3,18,0,1,0,1,0,0,32,22490,471,11,43,15,5,11,0,0
Brian Gionta,BUF,R,2016-11-12,false,NJD,3,4,0,4,0,0,0,0,1,0,35,15426,326,11,7,12,4,5,7,7
Stephen Gionta,NYI,R,2017-03-13,false,CAR,1,4,6,0,0,0,0,0,0,0,11,9714,243,32,3,2,4,2,12,14
Tom Gilbert,LAK,D,2016-12-16,false,PIT,1,4,-2,6,0,1,0,0,0,0,9,14032,329,10,22,8,5,1,0,0
Ryan Getzlaf,ANA,C,2016-11-17,false,NJD,1,14,-2,8,0,5,0,0,0,0,32,17548,372,15,11,18,12,10,112,105
Eric Gelinas,COL,D,2016-12-27,false,CGY,0,1,-1,10,0,0,0,0,0,0,21,10952,262,16,10,9,5,1,0,1
Frederik Gauthier,TOR,C,2017-01-23,false,CGY,2,1,3,21,0,0,0,0,0,0,9,8392,255,11,10,4,2,3,95,86
Brendan Gaunce,VAN,C,2016-11-10,false,DET,0,2,-3,18,0,0,0,0,0,0,13,8471,223,19,3,4,2,2,45,43
Johnny Gaudreau,CGY,L,2016-11-10,false,DAL,4,6,-10,0,0,1,0,0,0,0,39,17367,365,3,4,13,21,5,0,0
Jason Garrison,TBL,D,2016-11-12,false,SJS,0,2,-8,4,0,0,0,0,0,0,24,16170,360,19,23,13,10,5,0,0
Jake Gardiner,TOR,D,2016-11-12,false,PIT,2,5,-1,2,1,1,0,0,0,0,21,17135,368,13,14,8,18,6,0,0
Brendan Gallagher,MTL,R,2016-11-12,false,DET,4,5,6,18,1,0,0,0,1,0,40,13513,321,18,4,13,4,7,19,23
Alex Galchenyuk,MTL,C,2016-11-12,false,DET,6,10,12,10,1,4,0,0,0,0,28,14125,319,6,8,10,9,5,65,104
Sam Gagner,CBJ,C,2016-11-20,false,WSH,7,4,5,0,2,3,0,0,1,0,35,12251,268,2,2,17,2,3,31,39
Marian Gaborik,LAK,R,2016-12-31,false,SJS,1,3,0,2,1,1,0,0,0,0,32,13245,295,10,2,15,5,1,0,1
Michael Frolik,CGY,R,2016-11-10,false,DAL,5,5,2,4,0,0,2,0,0,0,34,14019,328,10,12,8,6,8,6,4
Cody Franson,BUF,D,2016-11-12,false,NJD,0,4,3,4,0,0,0,0,0,0,24,15358,339,9,10,5,8,0,0,0
Cam Fowler,ANA,D,2016-11-10,false,CAR,4,6,2,2,3,3,0,0,0,0,31,21779,427,9,19,8,13,3,0,0
Gustav Forsling,CHI,D,2016-11-15,false,WPG,1,3,2,2,0,1,0,0,0,0,19,14611,311,9,5,5,10,0,0,0
Filip Forsberg,NSH,L,2016-11-15,false,TOR,1,10,-4,4,0,3,0,0,0,0,31,17015,379,24,5,20,8,15,5,6
Derek Forbort,LAK,D,2016-11-11,false,OTT,0,3,0,28,0,0,0,0,0,0,13,13538,326,32,29,4,9,2,0,0
Christian Folin,MIN,D,2016-11-17,false,BOS,0,2,8,12,0,0,0,0,0,0,17,15962,360,23,21,7,4,6,0,0
Marcus Foligno,BUF,L,2016-11-12,false,NJD,3,2,2,8,0,0,0,0,0,0,25,14716,334,52,12,9,9,8,0,1
Nick Foligno,CBJ,L,2016-11-18,false,NYR,6,10,5,16,2,5,0,0,0,0,26,15904,360,22,9,12,5,5,13,12
Brian Flynn,MTL,C,2016-12-06,false,STL,0,2,0,2,0,0,0,0,0,0,15,10758,288,9,8,9,6,4,11,19
Mike Fisher,NSH,C,2016-11-23,false,DAL,4,5,-5,27,3,3,0,0,1,0,30,14510,329,39,13,7,0,3,135,114
Valtteri Filppula,TBL,C,2016-11-14,false,NYI,4,5,3,4,0,2,0,0,1,0,18,16056,323,6,7,2,6,7,114,164
Vernon Fiddler,NJD,C,2016-11-15,false,DAL,0,1,-2,13,0,0,0,0,0,0,13,11671,287,11,6,4,10,3,99,87
Kevin Fiala,NSH,L,2016-12-06,false,COL,5,1,0,4,0,0,0,0,1,0,38,11612,274,13,4,3,8,11,0,0
Micheal Ferland,CGY,L,2016-11-10,false,DAL,2,4,1,5,0,1,0,0,0,0,23,9997,248,34,2,6,8,7,0,0
Eric Fehr,PIT,C,2016-11-12,false,TOR,2,1,-2,2,0,0,0,0,1,0,14,10129,255,17,14,5,2,7,22,20
Taylor Fedun,BUF,D,2017-01-16,false,DAL,0,6,4,6,0,3,0,0,0,0,17,12586,296,3,11,3,7,1,0,0
Justin Faulk,CAR,D,2016-11-22,false,TOR,3,4,-4,8,1,3,0,0,0,0,37,21422,408,28,16,22,14,10,0,0
Jesper Fast,NYR,R,2016-11-12,false,CGY,2,6,7,10,0,0,0,0,0,0,10,11763,294,24,5,7,3,9,6,4
Justin Falk,BUF,D,2016-12-13,false,LAK,0,1,0,7,0,0,0,0,0,0,11,11704,291,29,7,5,4,2,0,0
Radek Faksa,DAL,C,2016-11-11,false,EDM,1,3,2,15,0,0,0,0,0,0,24,14620,378,16,14,13,5,9,117,129
Robby Fabbri,STL,C,2016-11-12,false,CBJ,3,3,-4,8,2,1,0,0,0,0,24,14634,323,20,7,9,5,7,2,2
Adam Erne,TBL,L,2017-03-18,false,WSH,1,0,-4,4,0,0,0,0,0,0,25,11079,259,42,5,12,3,2,0,2
Joel Eriksson Ek,MIN,C,2017-04-08,false,ARI,3,4,1,4,0,0,0,0,1,0,15,9551,244,23,8,7,3,3,45,64
Loui Eriksson,VAN,L,2016-11-10,false,DET,1,4,-3,0,0,1,0,1,0,0,24,17146,363,1,6,11,3,5,0,0
Jonathan Ericsson,DET,D,2016-11-10,false,VAN,0,4,4,33,0,0,0,0,0,0,13,15686,372,23,15,6,8,1,0,0
Toby Enstrom,WPG,D,2016-11-10,false,ARI,1,3,3,10,0,1,1,0,0,0,15,19913,424,3,21,9,9,3,0,0
Tyler Ennis,BUF,L,2017-01-21,false,MTL,2,1,-4,0,0,0,0,0,0,0,32,12511,273,7,4,6,4,7,0,3
Deryk Engelland,CGY,D,2016-11-10,false,DAL,1,3,9,14,0,0,0,0,1,0,18,17384,407,25,34,11,12,2,0,0
Alexei Emelin,MTL,D,2016-11-12,false,DET,1,3,8,16,0,0,0,0,0,0,10,18975,384,48,32,5,16,2,0,0
Ryan Ellis,NSH,D,2016-11-15,false,TOR,2,3,-2,4,0,2,0,0,1,0,21,21340,422,23,28,13,6,6,0,0
Lars Eller,WSH,C,2016-11-15,false,CBJ,2,0,-1,16,0,0,0,0,0,0,21,13351,293,9,3,11,5,8,86,95
Remi Elie,DAL,L,2017-04-02,false,TBL,1,5,4,8,0,0,0,0,0,0,15,14019,329,29,11,7,12,10,1,0
Oliver Ekman-Larsson,ARI,D,2016-11-16,false,CGY,5,3,0,6,2,1,0,0,1,1,39,22393,411,26,16,19,10,5,0,0
Mattias Ekholm,NSH,D,2016-11-15,false,TOR,0,4,-1,6,0,1,0,1,0,0,21,20946,414,10,28,15,17,6,0,0
Aaron Ekblad,FLA,D,2016-11-12,false,NYI,2,0,-7,18,2,0,0,0,0,0,40,21049,352,30,14,18,7,8,0,0
Jack Eichel,BUF,C,2016-12-31,false,BOS,6,6,1,4,2,3,0,0,2,0,59,17232,326,11,11,19,13,9,71,95
Nikolaj Ehlers,WPG,L,2016-11-10,false,ARI,4,8,5,8,0,1,0,0,1,0,39,16145,327,9,6,21,6,5,0,1
Joel Edmundson,STL,D,2016-12-08,false,NYI,0,2,-3,19,0,0,0,0,0,0,14,14014,360,29,17,8,2,3,0,0
Alexander Edler,VAN,D,2016-11-13,false,DAL,1,0,-5,4,1,0,0,0,0,0,32,22172,438,29,40,9,7,3,2,1
Jordan Eberle,EDM,C,2016-11-11,false,DAL,5,7,-5,2,1,2,0,0,0,0,48,16626,359,3,6,12,3,6,0,1
Patrick Eaves,DAL,R,2016-11-13,false,VAN,6,6,-3,4,3,3,0,0,0,0,36,15178,365,20,11,20,1,0,0,1
Cody Eakin,DAL,C,2016-12-29,false,COL,0,1,-7,17,0,0,0,0,0,0,14,12702,321,17,7,7,5,1,88,99
Ryan Dzingel,OTT,L,2016-11-13,false,MIN,5,4,4,0,0,1,1,0,1,0,26,11785,269,9,9,5,4,6,1,2
Christian Dvorak,ARI,C,2016-11-25,false,EDM,2,4,1,2,0,1,0,0,0,0,14,13241,275,13,14,5,3,0,82,101
Brian Dumoulin,PIT,D,2016-11-12,false,TOR,0,2,0,4,0,0,0,0,0,0,22,18558,426,29,18,7,9,4,0,0
Gabriel Dumont,TBL,C,2017-02-18,false,DAL,1,1,-1,11,0,0,0,0,0,0,20,8825,226,32,5,3,3,1,45,36
Matt Dumba,MIN,D,2016-11-15,false,CGY,2,3,4,10,1,1,0,0,1,1,29,19506,379,25,18,11,5,5,0,0
Anthony Duclair,ARI,L,2016-11-16,false,CGY,1,2,0,4,0,0,0,0,0,0,19,12371,279,3,2,6,6,7,0,0
Matt Duchene,COL,C,2016-11-23,false,EDM,7,5,-1,2,0,2,0,0,3,1,36,16378,354,4,15,10,8,14,92,63
Brandon Dubinsky,CBJ,C,2016-11-21,false,COL,2,4,-3,15,0,1,0,0,1,0,18,15827,369,47,10,13,7,8,152,133
Jonathan Drouin,TBL,L,2016-11-25,false,CBJ,3,4,-3,4,2,1,0,0,0,0,44,15035,292,9,7,11,17,10,24,31
Leon Draisaitl,EDM,C,2016-11-11,false,DAL,3,5,-5,2,2,1,0,0,0,0,26,14895,316,6,6,11,12,10,98,101
Nic Dowd,LAK,C,2016-11-15,false,COL,2,6,-3,2,1,2,0,0,1,1,19,12632,301,38,10,6,6,3,83,99
Drew Doughty,LAK,D,2016-11-11,false,OTT,2,4,2,14,0,1,0,0,0,0,38,24378,501,29,26,14,17,1,1,0
Jake Dotchin,TBL,D,2017-03-01,false,CAR,0,4,5,21,0,0,0,0,0,0,15,15994,342,39,7,15,6,2,0,0
Joonas Donskoi,SJS,R,2016-11-12,false,TBL,2,4,-2,6,1,2,0,0,0,0,25,13257,315,8,5,16,8,10,0,0
Max Domi,ARI,L,2016-11-16,false,CGY,1,10,0,11,0,2,0,0,1,0,30,15743,318,10,7,14,10,5,3,3
Shane Doan,ARI,R,2016-11-16,false,CGY,1,3,-4,2,1,1,0,0,0,0,27,14148,287,25,10,7,5,2,21,25
Brenden Dillon,SJS,D,2016-11-12,false,TBL,0,1,1,10,0,0,0,0,0,0,19,14163,324,31,13,8,2,0,0,0
Phillip Di Giuseppe,CAR,L,2016-12-04,false,TBL,1,0,-7,13,0,0,0,0,1,1,23,10859,249,25,8,12,5,6,0,2
Nicolas Deslauriers,BUF,L,2016-12-31,false,BOS,0,0,-4,4,0,0,0,0,0,0,9,7524,171,39,2,6,0,1,0,0
Andrew Desjardins,CHI,L,2016-12-15,false,NYI,0,0,-2,4,0,0,0,0,0,0,20,9161,211,22,4,4,3,3,17,10
David Desharnais,MTL,C,2016-11-13,false,CHI,2,2,1,2,0,0,0,0,0,0,13,11461,268,0,2,4,3,5,34,46
Jason Demers,FLA,D,2016-11-12,false,NYI,2,5,-2,6,0,3,0,1,0,0,17,17935,349,11,14,20,9,10,0,0
Michael Del Zotto,PHI,D,2016-12-14,false,COL,4,5,-1,4,0,0,0,0,0,0,29,16919,380,60,32,11,5,3,0,0
Dylan DeMelo,SJS,D,2017-03-05,false,MIN,1,3,0,8,0,0,0,0,0,0,17,13625,321,19,14,9,5,1,0,0
Danny DeKeyser,DET,D,2016-11-10,false,VAN,1,2,0,10,0,0,0,0,0,0,8,20106,433,18,31,8,8,2,0,0
Anthony DeAngelo,ARI,D,2016-12-15,false,TOR,3,6,-1,4,2,4,0,0,0,0,25,17236,356,7,21,10,7,1,0,0
Brandon Davidson,EDM,D,2017-01-21,false,CGY,0,1,2,6,0,0,0,0,0,0,21,13011,308,15,31,6,10,1,0,0
Laurent Dauphin,ARI,C,2016-11-25,false,EDM,1,1,-1,4,0,0,1,0,0,0,20,9833,239,25,7,2,1,7,17,22
Marko Dano,WPG,C,2016-11-29,false,NJD,3,3,0,2,2,0,0,0,0,0,17,10575,250,30,6,10,7,7,1,3
Phillip Danault,MTL,L,2016-11-12,false,DET,5,4,6,2,0,0,0,0,1,0,22,11801,294,13,17,8,6,2,38,39
Trevor Daley,PIT,D,2016-11-12,false,TOR,1,4,2,10,1,1,0,1,0,0,20,19318,448,4,27,16,2,11,0,0
Klas Dahlbeck,CAR,D,2017-02-04,false,NYI,1,2,-3,14,0,0,0,0,0,0,10,11282,272,23,10,5,7,4,0,0
Austin Czarnik,BOS,C,2016-11-22,false,STL,2,3,-1,4,0,1,0,0,1,0,23,12833,303,4,10,4,6,3,5,19
Matt Cullen,PIT,C,2016-11-12,false,TOR,3,6,3,4,0,1,0,0,1,0,17,12924,329,9,3,11,5,2,116,91
Lawson Crouse,ARI,L,2016-11-25,false,EDM,1,0,-6,8,0,0,0,0,0,0,16,9595,232,27,9,4,1,4,0,0
Sidney Crosby,PIT,C,2016-11-25,false,MIN,14,5,1,8,5,1,0,0,2,0,54,16923,371,18,3,14,16,7,164,185
Joseph Cramarossa,ANA,C,2016-12-07,false,CAR,1,3,-1,25,0,0,0,0,0,0,8,10221,256,34,11,6,7,5,1,0
Adam Cracknell,DAL,R,2016-11-11,false,EDM,2,1,3,0,0,0,0,0,0,0,19,9699,246,20,9,11,4,2,24,21
Charlie Coyle,MIN,C,2016-11-15,false,CGY,4,6,4,18,2,0,0,0,1,0,35,16196,354,18,14,11,10,8,10,8
Sean Couturier,PHI,C,2016-11-11,false,TOR,4,3,-2,12,0,1,0,1,1,0,24,16768,390,12,11,14,7,8,130,130
Logan Couture,SJS,C,2016-11-12,false,TBL,3,5,-3,2,2,0,0,0,0,0,49,16431,372,2,11,10,15,5,60,111
Nick Cousins,PHI,C,2016-11-19,false,TBL,2,3,1,2,0,1,0,0,0,0,22,9767,218,17,7,1,1,6,10,29
Andrew Copp,WPG,C,2016-11-29,false,NJD,2,3,-1,2,0,0,1,0,0,0,14,11552,291,20,10,6,4,8,24,39
Kyle Connor,WPG,L,2016-11-11,false,COL,1,3,-6,4,0,2,0,0,1,0,20,12623,270,1,4,12,5,9,1,1
Brett Connolly,WSH,R,2016-12-03,false,TBL,2,1,-1,12,1,0,0,0,0,0,22,9927,225,30,1,5,2,5,2,3
Kevin Connauton,ARI,D,2017-02-14,false,EDM,0,1,-3,8,0,0,0,0,0,0,15,11625,280,34,11,9,3,2,0,0
J.T. Compher,COL,L,2017-03-29,false,WSH,2,0,-2,4,0,0,0,0,1,0,17,12294,280,10,13,7,2,5,54,58
Blake Comeau,COL,L,2016-11-23,false,EDM,2,1,0,18,1,0,0,0,0,0,24,13745,322,33,7,9,3,8,38,40
Blake Coleman,NJD,C,2017-03-23,false,TOR,0,1,-5,13,0,0,0,0,0,0,20,11279,254,34,10,4,8,8,56,71
Ian Cole,PIT,D,2016-11-12,false,TOR,1,2,1,17,0,0,0,0,0,0,14,16496,379,36,35,17,9,3,0,0
Joe Colborne,COL,C,2016-11-15,false,LAK,3,1,-5,4,2,0,0,0,0,0,18,11741,270,14,5,3,3,3,20,33
Andrew Cogliano,ANA,L,2016-11-10,false,CAR,5,3,4,4,0,0,2,0,0,0,32,13618,352,15,7,2,3,5,1,5
Braydon Coburn,TBL,D,2016-11-12,false,SJS,0,2,-3,8,0,0,0,0,0,0,19,14458,314,19,5,8,6,0,0,0
Cal Clutterbuck,NYI,R,2016-11-12,false,FLA,2,5,0,8,0,0,0,0,1,0,26,14495,359,56,9,10,7,5,1,2
Kyle Clifford,LAK,L,2016-11-13,false,WPG,2,1,2,31,0,0,0,0,0,0,27,9045,209,35,1,8,1,7,0,1
Adam Clendening,NYR,D,2017-01-19,false,TOR,1,7,4,10,1,1,0,0,0,0,20,14457,334,7,12,8,6,5,0,0
Fredrik Claesson,OTT,D,2017-02-09,false,DAL,0,4,-1,0,0,0,0,1,0,0,9,9533,239,15,4,3,8,0,0,0
Casey Cizikas,NYI,C,2016-11-12,false,FLA,2,4,1,12,0,1,0,0,1,0,18,13568,350,40,18,3,5,7,115,134
Jakob Chychrun,ARI,D,2016-11-19,false,SJS,1,3,-2,23,0,0,0,0,0,0,17,15395,335,24,19,18,9,2,0,0
Taylor Chorney,WSH,D,2017-02-22,false,PHI,1,3,6,11,0,0,0,0,1,0,15,12279,278,24,25,8,6,3,0,0
Jason Chimera,NYI,L,2016-11-12,false,FLA,1,4,-4,12,0,0,0,0,0,0,23,12396,308,27,6,4,5,2,4,5
Alex Chiasson,CGY,R,2016-11-10,false,DAL,2,2,1,14,0,0,0,0,0,0,22,11411,293,19,2,6,4,5,0,8
Ben Chiarot,WPG,D,2016-11-11,false,COL,0,3,-5,6,0,0,0,0,0,0,10,12517,267,19,19,1,8,2,0,0
Zdeno Chara,BOS,D,2016-11-12,false,ARI,1,3,11,17,0,0,0,0,0,0,23,21125,404,24,34,10,12,10,0,0
Michael Chaput,VAN,C,2016-12-08,false,TBL,0,2,-4,11,0,0,0,0,0,0,11,9766,242,21,5,0,3,2,66,64
Cody Ceci,OTT,D,2016-11-13,false,MIN,0,2,-5,6,0,0,0,1,0,0,27,20428,472,30,33,12,11,5,0,0
Jeff Carter,LAK,C,2016-11-11,false,OTT,5,6,1,4,0,1,0,0,2,1,43,16020,347,14,6,17,9,5,119,113
William Carrier,BUF,L,2016-12-05,false,WSH,1,1,3,6,0,0,0,0,0,0,23,8036,205,52,2,6,3,2,1,1
Connor Carrick,TOR,D,2016-11-17,false,FLA,1,1,3,18,0,0,0,0,0,0,27,16076,382,17,18,11,12,4,0,0
Daniel Carr,MTL,L,2016-12-12,false,BOS,1,2,3,6,0,0,0,0,1,0,23,9254,224,13,5,7,3,3,1,1
John Carlson,WSH,D,2016-11-15,false,CBJ,0,6,1,0,0,1,0,0,0,0,40,21156,384,11,20,21,16,5,0,0
Brandon Carlo,BOS,D,2016-11-12,false,ARI,2,2,11,13,0,0,0,0,0,0,16,20190,402,15,31,11,3,3,0,0
Brian Campbell,CHI,D,2016-11-11,false,WSH,2,5,6,4,1,2,0,0,0,0,15,16817,346,12,13,7,11,0,0,0
Michael Cammalleri,NJD,L,2016-11-26,false,PIT,7,7,4,12,1,3,0,0,1,0,45,15212,324,11,3,15,10,7,3,4
Matt Calvert,CBJ,L,2016-11-18,false,NYR,2,1,0,12,0,0,1,0,1,0,21,14059,331,19,8,9,8,8,2,11
Ryan Callahan,TBL,R,2016-11-27,false,BOS,2,2,2,21,0,0,0,0,1,0,20,13023,296,39,11,10,8,6,5,4
Drake Caggiula,EDM,L,2016-12-17,false,TBL,1,4,-2,2,1,1,0,0,0,0,14,12591,285,25,3,9,5,5,21,32
Paul Byron,MTL,L,2016-11-12,false,DET,5,5,7,4,0,0,1,0,2,0,18,12449,323,18,5,1,5,8,2,0
Dustin Byfuglien,WPG,D,2016-11-10,false,ARI,0,8,1,19,0,1,0,0,0,0,41,25542,433,43,23,27,22,9,0,0
Alexandre Burrows,VAN,L,2016-11-19,false,CHI,2,3,-1,23,0,0,0,1,0,0,32,11761,304,10,2,6,4,10,0,3
Brent Burns,SJS,D,2016-11-12,false,TBL,6,8,0,4,1,2,0,0,1,0,73,21284,405,18,31,29,27,6,0,0
Alexander Burmistrov,WPG,C,2016-11-11,false,COL,0,2,-4,2,0,0,0,1,0,0,11,10437,230,14,2,6,4,2,37,59
Andre Burakovsky,WSH,L,2016-11-15,false,CBJ,2,4,-3,0,0,0,0,0,0,0,32,13739,276,7,4,8,10,9,0,0
Pavel Buchnevich,NYR,R,2017-01-22,false,DET,6,8,5,6,1,2,0,0,0,0,26,13756,317,4,4,12,12,6,1,1
Dustin Brown,LAK,R,2016-11-11,false,OTT,2,6,-3,10,0,2,1,0,1,0,28,14834,332,38,3,11,6,5,0,1
Connor Brown,TOR,R,2016-11-12,false,PIT,1,1,-2,4,0,0,0,0,0,0,18,12115,312,16,13,7,1,3,0,0
J.T. Brown,TBL,R,2016-11-14,false,NYI,2,1,-3,17,0,0,1,0,1,0,16,9308,228,19,4,7,3,3,0,1
Troy Brouwer,CGY,R,2016-11-10,false,DAL,4,3,-5,10,0,2,1,0,0,0,24,15305,352,40,10,7,2,5,9,19
Kyle Brodziak,STL,C,2016-11-12,false,CBJ,0,1,-5,15,0,0,0,0,0,0,12,8116,233,14,6,3,0,3,28,53
Jonas Brodin,MIN,D,2016-11-15,false,CGY,1,3,6,8,0,0,0,0,1,0,19,17622,385,4,18,15,8,2,0,0
TJ Brodie,CGY,D,2016-11-10,false,DAL,0,2,-11,4,0,1,0,0,0,0,19,21262,466,10,16,10,14,11,0,0
Justin Braun,SJS,D,2016-11-12,false,TBL,0,1,-5,2,0,0,0,0,0,0,16,18282,377,20,33,8,9,9,0,0
Derick Brassard,OTT,C,2016-11-13,false,MIN,1,5,1,4,0,1,0,0,0,0,35,16227,338,18,2,16,7,10,137,135
Tyler Bozak,TOR,C,2016-11-12,false,PIT,5,5,-5,2,1,1,0,0,1,0,31,14325,335,12,5,9,7,9,143,94
Brian Boyle,TBL,C,2016-11-12,false,SJS,4,1,1,12,0,0,0,0,0,0,24,10053,243,21,12,2,3,5,52,50
Johnny Boychuk,NYI,D,2016-11-12,false,FLA,2,4,-1,2,0,1,1,0,1,0,41,18574,349,35,42,16,7,3,0,0
Jay Bouwmeester,STL,D,2016-11-10,false,NSH,1,1,-4,8,0,0,0,0,0,0,16,20665,453,17,23,10,9,5,0,0
Rene Bourque,COL,R,2016-11-19,false,MIN,5,1,-4,13,2,0,0,0,2,1,26,13319,311,25,9,12,2,6,0,3
Michael Bournival,TBL,L,2017-01-19,false,SJS,1,0,-5,2,0,0,0,0,0,0,19,8670,218,20,7,11,2,5,1,2
Lance Bouma,CGY,C,2016-12-10,false,WPG,1,1,-1,11,0,0,0,0,0,0,9,10264,265,38,14,3,2,3,1,1
Reid Boucher,VAN,C,2017-02-11,false,BOS,1,2,1,2,0,0,0,0,0,0,18,9386,207,13,7,5,1,7,0,0
Robert Bortuzzo,STL,D,2017-01-17,false,OTT,1,1,6,2,0,0,0,0,0,0,19,12762,334,36,28,9,9,2,0,0
Mark Borowiecki,OTT,D,2016-11-13,false,MIN,0,0,4,21,0,0,0,0,0,0,5,11059,301,44,20,4,3,1,0,0
Nick Bonino,PIT,C,2016-11-12,false,TOR,1,3,-3,4,0,1,1,0,0,0,22,15951,379,15,19,5,7,9,131,139
Jared Boll,ANA,R,2016-11-15,false,EDM,0,1,-5,26,0,0,0,0,0,0,6,5998,156,12,2,1,2,1,0,1
Zach Bogosian,BUF,D,2016-12-29,false,BOS,0,2,-6,13,0,0,0,0,0,0,15,17768,385,24,29,5,7,5,0,0
Mikkel Boedker,SJS,L,2016-11-12,false,TBL,2,0,-5,2,0,0,0,0,0,0,16,13690,328,11,3,13,10,7,2,7
Anton Blidh,BOS,L,2017-01-10,false,STL,1,1,-1,0,0,0,0,0,0,0,24,8162,190,33,4,9,4,3,0,0
Joseph Blandisi,NJD,L,2017-03-09,false,COL,1,3,-6,16,0,1,0,0,0,0,12,10713,256,21,2,9,1,3,25,28
Nick Bjugstad,FLA,C,2016-12-22,false,BOS,1,1,-8,6,0,1,0,0,0,0,21,12012,267,25,2,6,6,6,39,46
Oliver Bjorkstrand,CBJ,R,2017-03-07,false,NJD,4,4,5,6,0,0,0,0,2,0,26,12511,286,8,4,10,4,5,1,0
Anthony Bitetto,NSH,D,2017-01-24,false,BUF,0,3,-1,13,0,0,0,0,0,0,10,10688,268,21,14,7,3,0,0,0
Kevin Bieksa,ANA,D,2016-11-10,false,CAR,1,0,-1,19,1,0,0,0,0,0,29,18168,362,31,11,11,5,2,0,0
Alex Biega,VAN,D,2017-01-17,false,NSH,0,2,0,10,0,0,0,0,0,0,16,13946,333,36,14,16,1,3,0,0
Patrik Berglund,STL,C,2016-11-10,false,NSH,1,3,-2,8,0,0,0,0,0,0,25,13658,343,30,7,13,3,5,103,84
Patrice Bergeron,BOS,C,2016-11-19,false,WPG,3,2,0,4,1,0,0,0,1,0,59,16562,357,11,11,21,3,5,205,143
Matt Benning,EDM,D,2016-11-29,false,TOR,0,4,5,6,0,1,0,0,0,0,19,14553,327,34,14,11,10,1,0,0
Sam Bennett,CGY,C,2016-11-10,false,DAL,3,4,-2,26,1,0,0,0,0,0,17,13142,308,30,2,9,5,9,79,84
Beau Bennett,NJD,R,2016-11-17,false,ANA,0,4,1,4,0,0,0,0,0,0,26,11998,261,11,2,11,5,6,1,2
Jamie Benn,DAL,L,2016-11-11,false,EDM,4,9,-5,21,3,2,0,0,1,0,36,17914,427,26,5,18,8,14,85,66
Jordie Benn,DAL,D,2016-11-15,false,NJD,1,3,3,10,0,1,0,0,0,0,19,16861,386,9,26,12,9,2,0,0
Pierre-Edouard Bellemare,PHI,L,2016-11-11,false,TOR,0,2,0,0,0,0,0,1,0,0,16,12286,299,12,14,8,2,2,82,93
Matt Beleskey,BOS,L,2016-11-13,false,COL,1,2,-4,15,0,1,0,0,0,0,24,13737,295,34,8,13,4,4,19,24
Anthony Beauvillier,NYI,C,2016-11-23,false,LAK,2,4,4,4,0,0,0,0,0,0,13,10533,237,21,3,4,4,3,9,9
Nathan Beaulieu,MTL,D,2016-11-12,false,DET,1,4,12,9,0,1,0,0,1,0,14,15956,339,16,28,6,21,5,0,0
Francois Beauchemin,COL,D,2016-11-15,false,LAK,0,3,0,4,0,1,0,0,0,0,21,18013,400,16,25,9,9,6,0,0
Jay Beagle,WSH,C,2016-11-15,false,CBJ,3,3,4,2,0,0,1,0,1,0,23,10878,268,8,5,4,4,2,95,68
Matt Bartkowski,CGY,D,2017-03-21,false,WSH,0,1,2,9,0,0,0,0,0,0,9,13619,329,25,9,4,9,2,0,0
Tyson Barrie,COL,D,2016-11-15,false,LAK,1,5,-7,4,0,3,0,0,1,0,37,20157,410,11,16,20,6,3,0,0
Aleksander Barkov,FLA,C,2016-11-12,false,NYI,2,6,1,0,0,2,0,0,1,1,29,17352,342,6,6,10,2,13,103,107
Mark Barberio,MTL,D,2017-01-04,false,DAL,0,2,2,6,0,0,0,0,0,0,21,13145,293,4,13,5,9,2,0,0
Ivan Barbashev,STL,C,2017-03-11,false,NYI,2,1,3,2,0,0,0,0,1,0,9,9691,223,24,8,6,1,2,41,50
Justin Bailey,BUF,R,2017-02-12,false,VAN,1,1,4,2,0,0,0,0,0,0,17,9067,216,16,8,5,4,5,0,0
Josh Bailey,NYI,R,2016-11-12,false,FLA,2,6,4,0,0,1,0,0,1,1,26,17027,360,5,15,11,4,8,3,3
Sven Baertschi,VAN,L,2016-11-10,false,DET,1,3,-5,0,0,0,0,0,1,0,22,12691,291,8,8,3,4,2,1,0
Nicklas Backstrom,WSH,C,2016-11-15,false,CBJ,2,8,-2,6,0,4,0,0,0,0,28,16416,342,11,3,3,8,6,125,106
Mikael Backlund,CGY,C,2016-11-10,false,DAL,1,6,0,6,0,1,0,2,0,0,30,15218,360,10,14,8,9,5,132,120
David Backes,BOS,R,2016-11-24,false,OTT,4,4,5,21,1,1,0,0,0,0,36,16146,328,44,10,11,7,4,34,41
Yohann Auvitu,NJD,D,2016-11-15,false,DAL,1,2,3,0,0,1,0,0,0,0,37,15087,319,12,6,9,7,6,0,0
Cam Atkinson,CBJ,R,2016-11-18,false,NYR,5,9,-4,4,4,4,0,0,2,1,43,15675,369,7,8,13,1,5,2,0
Andreas Athanasiou,DET,C,2016-12-11,false,PHI,4,1,0,0,0,0,0,0,0,0,23,11172,251,5,5,12,4,3,4,7
Viktor Arvidsson,NSH,L,2016-11-15,false,TOR,5,5,-2,2,1,1,1,1,0,0,47,13306,329,6,8,13,6,5,2,1
Joel Armia,WPG,R,2017-01-03,false,TBL,1,3,-1,6,0,0,0,0,0,0,30,13038,308,13,6,6,10,12,2,3
Artem Anisimov,CHI,C,2016-11-13,false,MTL,8,9,12,12,1,3,0,0,3,1,26,16000,346,8,3,9,0,8,94,125
Sven Andrighetto,MTL,R,2017-01-18,false,PIT,2,4,5,2,0,1,0,0,0,0,17,9605,235,17,8,10,1,3,0,0
Andy Andreoff,LAK,L,2016-12-23,false,DAL,0,0,-2,22,0,0,0,0,0,0,9,9305,210,29,4,7,5,1,18,13
Josh Anderson,CBJ,R,2016-11-18,false,NYR,5,1,8,17,0,0,0,0,1,0,20,10868,282,23,10,6,6,2,3,5
Karl Alzner,WSH,D,2016-11-15,false,CBJ,2,2,4,6,0,0,0,0,0,0,18,18243,392,17,22,4,7,4,0,0
Sebastian Aho,CAR,R,2016-11-15,false,SJS,2,7,0,2,0,3,0,0,0,0,32,13361,294,7,2,15,7,5,0,1
Noel Acciari,BOS,C,2016-12-14,false,PIT,0,2,0,4,0,0,0,0,0,0,12,8908,215,36,2,3,2,6,8,12
Pontus Aberg,NSH,L,2017-02-12,false,DAL,1,1,-2,4,0,0,0,0,0,0,12,11102,256,9,2,3,2,5,1,0
Justin Abdelkader,DET,L,2016-11-15,false,TBL,3,1,-3,13,2,0,0,0,0,0,22,15119,318,38,5,9,4,5,0,4
Steven Stamkos,TBL,C,2016-11-12,false,SJS,8,9,-1,14,3,4,0,0,1,0,54,17140,343,21,3,17,5,14,104,88
Brad Richardson,ARI,R,2016-11-16,false,CGY,4,4,-2,13,0,0,2,1,0,0,23,14210,326,19,7,6,3,10,115,107
Kyle Rau,FLA,C,2016-11-29,false,CHI,2,1,-1,4,0,0,0,0,0,0,14,9646,220,15,2,2,1,4,2,1
Tyler Pitlick,EDM,R,2016-11-11,false,DAL,5,1,0,4,0,0,0,0,1,0,24,8784,219,39,4,3,5,1,1,0
Johan Larsson,BUF,C,2016-11-12,false,NJD,2,4,-4,6,0,0,0,0,2,0,14,15708,337,16,12,10,9,6,110,112
Erik Gudbranson,VAN,D,2016-11-10,false,DET,0,3,-7,7,0,0,0,0,0,0,21,17972,383,29,19,4,13,3,0,0
Ryan Garbutt,ANA,C,2016-11-10,false,CAR,1,1,-2,10,0,0,0,1,1,0,16,9509,251,28,9,11,1,1,5,3
