James van Riemsdyk,TOR,L,2016-11-15,false,NSH,7,8,-1,8,0,3,0,0,1,0,46,14638,333,18,9,8,6,6,1,3
Trevor van Riemsdyk,CHI,D,2017-01-02,false,STL,1,3,7,6,0,0,0,0,0,0,18,17447,376,6,18,5,9,5,0,0
Calvin de Haan,NYI,D,2016-11-14,false,TBL,1,5,4,20,0,0,0,0,0,0,31,18015,345,27,39,9,15,4,0,0
Jason Zucker,MIN,L,2016-11-17,false,BOS,2,5,8,6,0,0,0,0,0,0,22,11663,281,17,5,14,4,9,1,1
Mats Zuccarello,NYR,R,2016-11-13,false,EDM,6,4,3,8,2,0,0,0,0,0,38,18139,374,18,5,9,7,15,1,1
Harry Zolnierczyk,NSH,L,2017-02-12,false,DAL,1,2,0,6,0,0,0,0,0,0,14,8067,201,21,7,2,1,2,2,3
Mika Zibanejad,NYR,C,2016-11-13,false,EDM,3,8,0,6,0,4,0,0,0,0,40,16014,365,6,7,26,8,10,152,131
Henrik Zetterberg,DET,L,2016-11-12,false,MTL,2,8,2,0,0,2,0,0,0,0,31,18742,361,10,6,7,9,13,116,114
Travis Zajac,NJD,C,2016-11-17,false,ANA,4,6,1,8,2,1,0,0,1,0,37,18903,414,20,6,4,5,8,170,161
Nikita Zaitsev,TOR,D,2016-11-15,false,NSH,0,7,-5,4,0,2,0,0,0,0,16,20820,460,38,27,12,9,6,0,0
Nikita Zadorov,COL,D,2016-11-17,false,DAL,0,2,-5,20,0,0,0,0,0,0,12,16604,395,34,19,6,7,3,0,0
Pavel Zacha,NJD,C,2016-11-17,false,ANA,1,4,-2,6,0,1,0,0,0,0,18,13853,288,20,10,6,5,1,45,62
Keith Yandle,FLA,D,2016-11-15,false,MTL,0,8,3,14,0,3,0,0,0,0,43,22009,387,5,17,19,15,5,0,0
Nail Yakupov,STL,R,2016-11-23,false,WSH,2,3,-2,10,0,0,0,0,0,0,15,9666,242,12,2,9,2,6,0,0
Miles Wood,NJD,L,2016-12-27,false,PIT,4,0,-2,15,0,0,0,0,0,0,28,11544,286,20,5,15,3,5,1,0
Luke Witkowski,TBL,D,2017-02-07,false,LAK,0,3,-1,13,0,0,0,0,0,0,12,9690,229,32,10,5,5,3,0,0
Daniel Winnik,WSH,L,2016-12-05,false,BUF,3,2,5,6,0,0,0,0,1,0,12,10812,253,7,6,6,8,6,3,3
Tommy Wingels,SJS,C,2016-11-17,false,STL,3,1,-1,0,0,0,0,0,2,0,19,8970,229,22,7,5,5,0,25,34
Scott Wilson,PIT,L,2016-11-19,false,BUF,2,2,-5,2,0,0,0,0,0,0,29,12593,305,36,8,10,3,2,1,0
Colin Wilson,NSH,L,2016-11-17,false,OTT,2,5,0,6,1,0,0,0,0,0,28,14828,337,12,8,7,8,6,0,2
Tom Wilson,WSH,R,2016-11-16,false,PIT,1,0,2,16,0,0,0,0,0,0,19,12667,287,33,5,2,1,7,0,3
Justin Williams,WSH,R,2016-11-16,false,PIT,2,1,-3,8,1,0,0,0,0,0,30,14780,312,4,8,15,6,8,23,8
Patrick Wiercioch,COL,D,2016-11-21,false,CBJ,2,5,1,13,0,0,0,0,0,0,19,16609,390,15,21,9,4,3,0,0
Chris Wideman,OTT,D,2016-11-26,false,CAR,1,4,-2,10,0,1,0,0,1,0,27,12937,346,9,12,8,12,3,0,0
Dennis Wideman,CGY,D,2016-11-25,false,BOS,2,4,2,6,2,2,0,0,0,0,30,20972,461,18,18,10,16,8,0,0
Ryan White,ARI,C,2016-11-19,false,SJS,1,2,-5,25,0,0,0,0,1,0,13,10063,233,51,7,5,1,2,8,18
Blake Wheeler,WPG,R,2016-11-11,false,COL,5,8,-2,12,0,3,1,0,0,0,49,20011,406,22,5,14,11,10,10,14
Zach Werenski,CBJ,D,2016-11-20,false,WSH,5,9,6,4,3,4,0,0,1,1,41,21276,460,12,17,12,8,6,0,0
Alexander Wennberg,CBJ,C,2016-11-20,false,WSH,3,14,6,2,1,9,0,0,1,0,19,16454,369,18,13,4,7,4,109,133
Dale Weise,PHI,R,2016-11-22,false,FLA,1,2,-1,4,1,0,0,0,1,0,20,11648,268,29,5,10,2,5,0,0
Yannick Weber,NSH,D,2016-11-19,false,STL,0,3,7,15,0,0,0,0,0,0,14,10952,278,19,13,9,8,0,0,0
Shea Weber,MTL,D,2016-11-13,false,CHI,7,6,16,8,6,1,0,1,3,0,38,24414,454,40,34,18,19,2,0,0
Jordan Weal,PHI,C,2017-03-25,false,CBJ,4,1,2,6,0,0,0,0,0,0,33,13352,312,4,6,12,6,8,7,7
Austin Watson,NSH,L,2016-11-25,false,WPG,0,1,3,14,0,0,0,0,0,0,13,10896,265,25,3,4,0,5,0,2
Joel Ward,SJS,R,2016-11-15,false,CAR,1,2,-4,4,0,0,0,0,0,0,17,15074,353,14,11,11,14,9,38,45
Chris Wagner,ANA,C,2016-11-17,false,NJD,2,0,-4,6,0,0,0,0,0,0,16,10374,263,37,7,10,4,2,29,43
Radim Vrbata,ARI,R,2016-11-17,false,VAN,6,5,0,4,1,1,0,0,0,0,52,16315,347,10,4,18,6,8,3,2
Jakub Vrana,WSH,L,2017-03-06,false,DAL,2,2,2,2,2,1,0,0,2,0,31,11106,235,4,7,13,5,3,0,3
Jakub Voracek,PHI,R,2016-11-12,false,MIN,7,10,-5,30,0,6,0,0,1,1,61,18381,380,3,3,13,8,4,0,4
Marc-Edouard Vlasic,SJS,D,2016-11-15,false,CAR,3,3,0,20,1,2,0,0,2,1,25,20909,419,7,26,10,12,2,0,0
Jimmy Vesey,NYR,L,2016-11-13,false,EDM,7,4,6,2,2,1,0,0,2,0,28,14205,313,10,7,10,6,10,0,0
Kris Versteeg,CGY,R,2016-11-30,false,TOR,3,4,7,6,0,0,0,0,0,0,21,12309,274,1,7,6,6,7,9,5
Joel Vermin,TBL,R,2017-03-30,false,DET,0,3,1,4,0,0,0,0,0,0,10,10553,250,17,7,8,2,5,2,0
Antoine Vermette,ANA,C,2016-11-12,false,NSH,2,5,1,12,1,1,0,0,0,0,20,15027,396,15,12,11,4,4,159,84
Frank Vatrano,BOS,C,2017-01-22,false,PIT,5,3,-4,4,2,1,0,0,0,0,44,13923,315,25,4,19,1,4,0,0
Sami Vatanen,ANA,D,2016-11-12,false,NSH,1,6,2,2,1,4,0,0,0,0,23,21762,441,22,33,6,6,6,0,0
Thomas Vanek,DET,L,2016-12-06,false,WPG,5,8,4,10,2,2,0,0,0,0,35,14013,301,6,1,8,5,9,0,4
Chris VandeVelde,PHI,C,2016-11-12,false,MIN,2,1,-4,2,0,0,0,0,0,0,14,10270,258,22,12,6,4,5,4,6
Scottie Upshall,STL,R,2016-11-19,false,NSH,3,3,-3,11,0,0,0,0,0,0,21,9824,280,18,0,10,3,3,1,3
Fedor Tyutin,COL,D,2016-11-26,false,VAN,0,6,-1,8,0,0,0,0,0,0,12,18090,427,29,21,4,4,4,0,0
Kyle Turris,OTT,C,2016-11-15,false,PHI,8,2,1,4,1,0,0,0,2,2,33,18875,403,4,13,16,13,5,111,135
Nikita Tryamkin,VAN,D,2016-12-06,false,NJD,0,1,2,15,0,0,0,0,0,0,15,16155,356,49,17,12,5,0,0,0
Jacob Trouba,WPG,D,2016-12-10,false,CGY,1,3,-4,14,0,0,0,0,0,0,31,22743,444,22,37,18,23,12,0,0
Vincent Trocheck,FLA,C,2016-11-15,false,MTL,6,4,-2,6,0,2,0,0,1,1,40,20048,387,37,10,25,13,13,165,163
Jordin Tootoo,CHI,R,2016-11-15,false,WPG,0,0,0,9,0,0,0,0,0,0,20,6944,184,16,2,8,4,3,1,0
Tyler Toffoli,LAK,C,2016-11-13,false,WPG,4,5,6,0,2,0,0,0,0,0,53,17463,380,20,1,21,9,3,0,2
Jonathan Toews,CHI,C,2016-11-13,false,MTL,4,8,5,13,1,3,0,0,2,0,43,20426,444,10,4,8,10,7,235,151
Matthew Tkachuk,CGY,L,2016-11-20,false,DET,4,3,2,21,0,0,0,0,1,0,28,13479,298,16,4,18,5,4,1,4
Chris Tierney,SJS,C,2016-11-15,false,CAR,0,4,-2,0,0,0,0,0,0,0,14,12288,304,11,11,6,11,5,55,68
Shawn Thornton,FLA,L,2017-01-09,false,NJD,0,1,-3,9,0,0,0,0,0,0,6,6196,160,17,2,8,4,1,0,2
Joe Thornton,SJS,C,2016-11-15,false,CAR,2,9,2,4,0,4,0,0,0,0,11,17755,379,12,7,1,14,10,99,69
Chris Thorburn,WPG,R,2016-11-20,false,CAR,1,0,-3,34,0,0,0,0,0,0,11,7905,223,30,11,1,1,0,8,9
Nate Thompson,ANA,C,2017-03-09,false,CHI,0,0,0,9,0,0,0,0,0,0,10,10025,257,38,5,2,3,4,71,73
Paul Thompson,FLA,R,2017-01-13,false,NYI,0,3,-4,22,0,0,0,0,0,0,14,7677,193,31,13,5,1,3,0,1
Shea Theodore,ANA,D,2016-12-13,false,DAL,0,5,-6,12,0,0,0,1,0,0,25,17274,363,4,13,15,18,1,0,0
Teuvo Teravainen,CAR,L,2016-11-18,false,MTL,5,4,-3,0,1,2,0,0,1,0,28,14549,317,6,3,14,8,6,9,18
Matt Tennyson,CAR,D,2016-12-13,false,VAN,0,2,2,0,0,0,0,0,0,0,13,14040,318,17,19,6,9,7,0,0
John Tavares,NYI,C,2016-11-14,false,TBL,5,7,-2,18,2,1,0,0,0,0,53,19624,379,8,6,19,6,14,176,159
Tomas Tatar,DET,L,2016-11-12,false,MTL,2,4,-2,6,0,1,0,0,0,0,41,16815,355,14,9,15,5,7,3,2
Vladimir Tarasenko,STL,R,2016-11-12,false,CBJ,6,11,0,0,2,6,0,0,1,1,65,17852,420,3,6,24,5,11,0,1
Christopher Tanev,VAN,D,2017-01-02,false,COL,0,3,2,6,0,0,0,0,0,0,8,19726,440,4,29,8,10,5,0,0
Brandon Tanev,WPG,L,2016-11-11,false,COL,2,1,0,17,0,0,0,0,1,0,24,10732,289,30,10,6,3,5,0,0
Brandon Sutter,VAN,C,2016-11-13,false,DAL,2,6,-7,0,1,1,0,0,1,1,39,18132,401,11,9,13,6,7,159,141
Ryan Suter,MIN,D,2016-11-17,false,BOS,4,8,9,8,1,3,1,0,0,0,36,26089,465,15,12,8,7,12,0,0
Andrej Sustr,TBL,D,2016-11-14,false,NYI,0,3,-4,7,0,0,0,0,0,0,17,16616,364,9,25,6,7,8,0,0
P.K. Subban,NSH,D,2016-11-17,false,OTT,3,7,-5,16,2,3,0,0,1,0,38,23426,435,15,34,12,22,10,0,0
Mark Stuart,WPG,D,2017-01-23,false,ANA,1,0,3,15,0,0,0,0,0,0,11,11353,278,23,39,2,9,3,0,0
Ryan Strome,NYI,C,2016-11-14,false,TBL,2,3,-3,12,1,0,0,0,0,0,26,12862,282,13,6,6,9,7,40,46
Mark Streit,PHI,D,2016-11-12,false,MIN,3,7,-5,10,1,4,0,0,0,0,32,19588,438,9,18,13,8,3,0,0
Anton Stralman,TBL,D,2016-12-01,false,STL,1,6,3,0,0,4,0,0,0,0,23,21405,417,19,15,11,6,6,0,0
Michael Stone,ARI,D,2016-12-06,false,CHI,0,6,-5,2,0,3,0,0,0,0,24,19607,423,32,37,12,5,0,1,0
Mark Stone,OTT,R,2016-11-17,false,NSH,3,5,-3,6,0,1,0,0,2,0,27,17104,359,16,11,8,16,15,3,3
Chris Stewart,MIN,R,2016-11-17,false,BOS,2,3,0,24,0,1,0,0,0,0,10,10956,264,25,2,4,6,4,0,1
Derek Stepan,NYR,C,2016-11-13,false,EDM,2,9,4,6,0,4,1,0,1,0,31,16564,396,3,12,7,8,13,126,158
Lee Stempniak,CAR,R,2016-11-18,false,MTL,4,4,3,10,1,0,0,0,0,0,26,16058,352,27,4,10,9,12,1,2
Alexander Steen,STL,L,2016-11-12,false,CBJ,2,8,-8,25,0,3,0,0,0,0,29,19481,457,8,11,13,4,7,20,40
Troy Stecher,VAN,D,2016-12-03,false,TOR,1,4,-4,13,0,1,0,0,0,0,48,20212,404,9,15,13,6,7,0,0
Paul Stastny,STL,C,2016-11-12,false,CBJ,4,5,-4,14,2,2,0,0,1,0,28,19493,443,9,8,11,3,8,178,161
Viktor Stalberg,CAR,L,2016-11-20,false,WPG,2,1,-3,15,0,0,0,0,1,0,20,10935,288,30,3,4,5,12,0,2
Matt Stajan,CGY,C,2016-11-12,false,NYR,0,4,2,6,0,0,0,0,0,0,15,12614,307,14,13,7,4,5,82,61
Drew Stafford,WPG,R,2016-12-10,false,CGY,1,3,0,8,0,0,0,0,1,0,27,14290,320,18,0,7,12,5,1,4
Eric Staal,MIN,C,2016-11-17,false,BOS,5,8,6,6,1,2,0,1,2,0,49,18395,408,11,5,13,4,14,153,130
Jordan Staal,CAR,C,2016-11-18,false,MTL,5,4,0,6,2,0,0,0,0,0,35,18603,433,32,6,14,7,14,170,111
Marc Staal,NYR,D,2016-11-13,false,EDM,1,2,9,2,0,0,0,1,0,0,16,18705,429,16,19,8,9,8,0,0
Jared Spurgeon,MIN,D,2016-11-25,false,PIT,1,4,8,4,0,1,0,1,0,0,35,22427,440,8,38,6,4,6,0,0
Ryan Sproul,DET,D,2016-12-17,false,ANA,1,5,-7,4,1,2,0,0,0,0,31,15225,343,7,6,11,3,3,0,0
Ryan Spooner,BOS,C,2016-11-17,false,MIN,3,4,-2,6,2,1,0,0,0,0,37,15039,320,6,3,9,8,10,2,5
Jason Spezza,DAL,C,2016-11-28,false,STL,4,5,-11,4,1,3,0,0,1,0,40,15739,381,4,6,19,12,7,93,79
Nikita Soshnikov,TOR,R,2016-12-07,false,MIN,1,3,-1,4,0,1,0,0,0,0,23,9962,252,36,8,8,3,4,1,6
Marcus Sorensen,SJS,R,2017-04-02,false,VAN,1,3,-1,4,0,0,0,0,1,0,23,10234,265,13,6,5,11,8,2,1
Carl Soderberg,COL,C,2016-11-17,false,DAL,2,2,-2,10,0,0,0,0,0,0,29,16093,376,7,13,8,5,11,97,98
Devante Smith-Pelly,NJD,R,2016-11-21,false,SJS,2,3,-3,2,0,1,0,0,0,0,32,13205,284,26,7,10,4,3,5,7
Craig Smith,NSH,R,2016-11-19,false,STL,5,2,-2,12,2,1,0,0,0,0,35,14099,317,19,5,25,7,6,18,16
Brendan Smith,DET,D,2016-11-12,false,MTL,2,2,-5,13,1,2,0,0,1,0,25,17475,393,22,16,9,15,0,0,0
Ben Smith,TOR,R,2016-11-19,false,MTL,1,1,-3,0,0,0,0,0,0,0,12,11501,292,11,11,4,4,3,108,95
Reilly Smith,FLA,R,2016-11-15,false,MTL,3,3,-1,2,2,0,0,0,1,0,36,18689,388,14,5,18,6,20,1,0
Gemel Smith,DAL,C,2017-04-06,false,NSH,3,3,0,21,0,0,1,0,0,0,18,12970,324,6,6,8,5,3,21,30
Zack Smith,OTT,C,2016-11-15,false,PHI,3,1,1,21,0,0,1,0,0,0,32,15915,361,33,5,12,14,4,67,58
Anton Slepyshev,EDM,L,2017-01-12,false,NJD,2,2,4,2,0,0,0,0,0,0,26,10828,252,22,3,5,6,5,0,0
Jaccob Slavin,CAR,D,2016-11-18,false,MTL,1,4,1,2,0,1,0,0,0,0,21,21469,436,7,29,7,7,10,0,0
Brady Skjei,NYR,D,2016-11-13,false,EDM,0,9,5,2,0,2,0,0,0,0,15,15673,356,30,13,11,9,3,0,0
Jeff Skinner,CAR,L,2016-11-20,false,WPG,7,8,0,8,1,4,0,0,0,0,58,18066,368,9,5,22,10,19,4,9
Jack Skille,VAN,R,2016-11-29,false,MIN,0,1,-5,4,0,0,0,0,0,0,20,8950,217,27,6,3,3,2,0,0
Colton Sissons,NSH,C,2016-11-19,false,STL,2,1,0,0,0,0,1,0,0,0,8,9802,262,33,7,2,5,4,75,75
Wayne Simmonds,PHI,R,2016-11-12,false,MIN,8,7,-6,17,5,3,1,0,0,0,46,19190,423,36,15,23,5,4,1,1
Jakob Silfverberg,ANA,R,2016-11-12,false,NSH,5,4,5,2,1,0,1,0,2,0,38,17868,419,7,9,13,9,9,1,2
Nick Shore,LAK,C,2016-11-15,false,COL,0,2,-2,8,0,0,0,0,0,0,21,11166,267,12,8,8,4,2,70,86
Devin Shore,DAL,C,2016-11-13,false,VAN,1,6,-4,4,0,2,0,0,0,0,22,13826,334,7,12,8,1,8,81,90
Conor Sheary,PIT,L,2016-11-30,false,NYI,5,5,7,6,0,0,0,0,1,0,32,14240,321,8,7,9,7,8,0,0
Riley Sheahan,DET,C,2016-11-12,false,MTL,0,3,-8,8,0,1,0,0,0,0,22,13050,316,8,9,8,4,3,11,8
Logan Shaw,ANA,C,2016-12-27,false,SJS,1,0,-4,0,0,0,0,0,0,0,21,8397,234,12,8,6,0,3,15,38
Andrew Shaw,MTL,C,2016-11-13,false,CHI,2,4,8,20,1,0,0,0,0,0,31,13863,315,38,7,10,7,8,66,49
Kevin Shattenkirk,STL,D,2016-11-12,false,CBJ,4,8,0,21,3,5,0,0,0,0,32,19819,428,15,13,12,7,5,0,0
Patrick Sharp,DAL,L,2017-01-10,false,ANA,2,4,-4,17,0,0,1,0,0,0,44,15752,359,17,7,18,5,2,9,9
Michael Sgarbossa,FLA,C,2017-01-11,false,NYI,0,2,-3,2,0,1,0,0,0,0,19,10545,262,16,8,5,7,1,60,78
Damon Severson,NJD,D,2016-11-17,false,ANA,3,9,-1,10,0,5,0,0,1,0,27,19791,422,17,15,8,20,5,0,0
Devin Setoguchi,LAK,R,2016-11-13,false,WPG,2,2,2,4,0,0,0,0,0,0,25,12996,296,20,3,10,9,4,2,1
Andrej Sekera,EDM,D,2016-11-13,false,NYR,1,4,4,4,0,1,0,0,0,0,18,19573,408,12,27,15,9,6,0,0
Dennis Seidenberg,NYI,D,2016-12-01,false,WSH,4,4,11,12,0,0,0,0,0,0,18,18565,352,20,41,4,11,2,0,0
Tyler Seguin,DAL,C,2016-11-13,false,VAN,7,13,-5,4,4,5,0,0,1,0,62,17882,410,14,3,22,6,9,113,105
Lukas Sedlak,CBJ,C,2016-11-23,false,CGY,0,4,4,4,0,0,0,0,0,0,12,9387,231,14,8,9,4,6,45,52
Daniel Sedin,VAN,L,2016-11-13,false,DAL,5,4,-3,2,1,2,0,0,1,0,46,17752,370,6,5,12,2,4,0,1
Henrik Sedin,VAN,C,2016-11-13,false,DAL,5,5,-3,4,1,2,0,0,1,1,22,18320,369,5,2,9,12,3,142,132
Brent Seabrook,CHI,D,2016-11-13,false,MTL,1,9,9,2,1,2,0,0,0,0,27,22254,464,24,25,10,21,1,0,0
Jaden Schwartz,STL,L,2016-11-22,false,BOS,6,4,3,4,1,0,0,0,2,0,36,18588,434,15,12,14,5,12,27,25
Justin Schultz,PIT,D,2016-11-16,false,WSH,0,4,5,4,0,2,0,0,0,0,25,15949,369,13,13,9,9,4,0,0
Nick Schultz,PHI,D,2017-02-06,false,STL,0,4,-1,6,0,0,0,0,0,0,15,15029,373,30,32,7,6,1,0,0
Jordan Schroeder,MIN,C,2017-01-22,false,NSH,3,5,3,0,0,0,0,0,0,0,18,9178,208,13,5,6,1,4,4,5
Nate Schmidt,WSH,D,2016-11-20,false,CBJ,0,5,1,2,0,0,0,0,0,0,17,14256,309,13,9,7,16,9,0,0
Nick Schmaltz,CHI,C,2016-11-13,false,MTL,1,3,0,2,0,1,0,0,0,0,8,10972,256,7,7,2,3,9,31,61
David Schlemko,SJS,D,2016-11-15,false,CAR,0,3,0,2,0,2,0,0,0,0,30,16731,358,10,20,11,9,10,0,0
Luke Schenn,ARI,D,2016-11-25,false,EDM,0,1,-2,7,0,0,0,0,0,0,16,14401,340,47,25,8,5,4,0,0
Brayden Schenn,PHI,C,2016-11-19,false,TBL,3,8,-6,13,3,3,0,0,1,0,35,16975,369,39,11,20,8,3,18,17
Mark Scheifele,WPG,C,2016-11-11,false,COL,10,10,9,14,3,2,0,0,1,1,42,19982,392,17,9,11,6,12,145,188
Tim Schaller,BOS,C,2016-11-22,false,STL,3,2,-2,13,0,0,0,0,1,0,22,11368,271,18,8,11,7,5,16,9
Colton Sceviour,FLA,C,2016-11-15,false,MTL,5,4,0,8,1,2,2,0,1,0,28,14234,297,15,16,11,4,7,7,7
Marco Scandella,MIN,D,2016-12-11,false,STL,0,2,-4,10,0,0,0,0,0,0,24,15951,360,12,18,7,8,4,0,0
Luca Sbisa,VAN,D,2016-11-13,false,DAL,0,1,0,6,0,0,0,0,0,0,6,15723,348,25,24,4,13,4,0,0
David Savard,CBJ,D,2016-11-20,false,WSH,1,3,5,10,0,0,0,0,0,0,15,20289,451,31,29,21,5,4,0,0
Steven Santini,NJD,D,2017-02-04,false,CBJ,2,3,3,2,0,0,0,0,0,0,12,14701,334,36,12,6,6,0,0,0
Zach Sanford,WSH,L,2016-11-20,false,CBJ,0,1,1,4,0,0,0,0,0,0,13,9986,228,9,5,5,8,8,9,7
Brandon Saad,CBJ,L,2016-11-20,false,WSH,4,9,5,4,0,0,0,0,0,0,36,16118,385,3,4,16,5,7,1,1
Bobby Ryan,OTT,R,2016-11-15,false,PHI,3,3,0,6,1,1,0,0,0,0,33,15782,334,17,11,9,9,3,1,1
Derek Ryan,CAR,C,2016-12-13,false,VAN,4,7,-3,4,2,4,1,0,2,0,15,12551,290,11,8,8,11,4,85,70
Bryan Rust,PIT,R,2016-11-21,false,NYR,2,2,-5,2,0,0,0,0,0,0,32,11970,301,30,8,7,5,4,1,0
Robbie Russo,DET,D,2017-04-03,false,OTT,0,0,2,2,0,0,0,0,0,0,13,15233,314,17,12,10,12,0,0,0
Kris Russell,EDM,D,2016-11-27,false,ARI,0,3,8,2,0,0,0,0,0,0,21,20012,430,15,39,6,12,10,0,0
Chad Ruhwedel,PIT,D,2017-02-28,false,DAL,2,2,7,2,0,0,0,0,0,0,21,15845,364,15,12,6,5,5,0,0
Michal Rozsival,CHI,D,2017-02-26,false,STL,1,1,-2,6,0,0,0,0,1,0,12,14579,335,39,23,4,5,2,0,0
Carter Rowney,PIT,R,2017-03-19,false,FLA,1,2,2,2,0,0,0,0,1,0,10,9223,235,28,9,7,2,4,54,46
Antoine Roussel,DAL,L,2016-11-13,false,VAN,4,7,3,54,0,3,0,0,2,0,25,14639,384,17,10,14,11,2,1,1
Evan Rodrigues,BUF,L,2017-03-10,false,CBJ,3,2,1,2,0,0,0,0,0,0,25,12011,258,4,4,9,5,7,44,68
Brett Ritchie,DAL,R,2016-11-13,false,VAN,3,1,0,13,0,0,0,0,0,0,31,11855,289,29,4,8,2,1,0,0
Nick Ritchie,ANA,L,2016-11-17,false,NJD,4,1,1,8,1,0,0,0,1,0,35,13971,332,56,5,15,2,3,2,1
Rasmus Ristolainen,BUF,D,2016-11-15,false,STL,0,8,-3,12,0,6,0,0,0,0,30,24570,495,36,27,15,10,6,0,0
Morgan Rielly,TOR,D,2016-11-15,false,NSH,1,9,-2,7,1,1,0,0,0,0,28,21871,512,4,34,19,19,6,0,0
Tobias Rieder,ARI,R,2016-11-23,false,VAN,5,3,2,0,0,0,0,1,0,0,30,15832,358,4,12,14,5,5,0,2
Mike Ribeiro,NSH,C,2016-11-17,false,OTT,2,7,2,10,1,1,0,0,0,0,14,15181,316,10,2,6,10,1,70,79
Sam Reinhart,BUF,C,2016-11-15,false,STL,3,4,-2,2,2,2,0,0,1,0,36,16449,335,4,6,6,7,6,31,44
Mike Reilly,MIN,D,2017-02-04,false,VAN,1,0,1,2,0,0,0,0,0,0,19,12045,258,2,8,11,6,0,0,0
Zach Redmond,MTL,D,2017-01-26,false,NYI,0,5,6,2,0,0,0,0,0,0,12,11818,260,25,13,7,6,5,0,0
Ryan Reaves,STL,R,2016-11-17,false,SJS,0,2,0,9,0,0,0,0,0,0,11,6407,181,39,1,7,2,2,0,0
Matt Read,PHI,R,2016-11-12,false,MIN,6,1,-2,0,2,0,0,0,0,0,28,14225,337,32,11,5,5,5,0,4
Dennis Rasmussen,CHI,C,2016-11-18,false,CGY,1,0,-2,2,0,0,0,0,0,0,16,11528,305,17,17,3,6,7,29,41
Victor Rask,CAR,C,2016-11-18,false,MTL,7,7,4,2,2,1,0,0,1,0,35,18541,391,5,3,5,7,12,112,124
Mikko Rantanen,COL,R,2016-11-29,false,NSH,3,7,-2,6,1,2,0,0,0,0,29,17413,372,2,11,12,3,7,16,7
Rickard Rakell,ANA,C,2016-12-03,false,EDM,10,4,2,0,2,2,0,0,2,0,46,16869,374,26,8,14,4,3,10,9
Michael Raffl,PHI,L,2016-12-01,false,OTT,4,1,5,2,0,0,0,0,0,0,16,12477,311,22,6,13,3,4,2,1
Alexander Radulov,MTL,R,2016-11-13,false,CHI,3,11,7,18,1,3,0,0,0,0,27,15117,346,21,9,12,13,12,2,0
Alan Quine,NYI,C,2016-12-06,false,NYR,1,2,1,2,0,0,0,0,1,0,21,10249,242,26,9,3,4,3,50,37
Kyle Quincey,NJD,D,2016-11-17,false,ANA,2,2,6,10,0,0,0,0,0,0,17,16062,375,23,20,3,6,3,0,0
Mark Pysyk,FLA,D,2016-11-15,false,MTL,1,2,3,2,0,0,0,0,0,0,14,16117,308,9,14,10,3,5,0,1
Tom Pyatt,OTT,L,2016-11-15,false,PHI,2,3,2,2,0,0,0,1,0,0,24,15376,370,9,18,6,3,8,7,9
Jesse Puljujarvi,EDM,R,2016-11-21,false,CHI,1,5,4,2,1,0,0,0,0,0,31,11759,264,6,4,12,10,8,0,1
Matt Puempel,NYR,L,2016-11-29,false,CAR,1,0,-4,7,0,0,0,0,0,0,16,8785,219,12,6,6,0,2,0,1
Ivan Provorov,PHI,D,2016-11-12,false,MIN,0,6,-8,8,0,2,0,0,0,0,24,19012,435,21,25,17,17,5,0,0
Dalton Prout,NJD,D,2017-03-04,false,BOS,0,3,4,14,0,0,0,0,0,0,6,12889,312,24,16,3,8,2,0,0
Nate Prosser,MIN,D,2016-12-23,false,NYR,0,2,-2,4,0,0,0,0,0,0,10,12768,306,16,25,9,5,1,0,0
Shane Prince,NYI,L,2016-12-01,false,WSH,4,4,-3,4,1,0,0,0,1,0,28,11936,264,18,2,3,4,7,3,2
Benoit Pouliot,EDM,L,2016-11-13,false,NYR,3,1,-2,18,0,0,0,0,1,0,19,14791,363,8,13,13,6,3,3,5
Paul Postma,WPG,D,2016-11-19,false,BOS,0,3,0,2,0,0,0,0,0,0,15,12287,275,10,12,5,6,1,0,0
Jason Pominville,MIN,R,2016-11-17,false,BOS,3,3,1,0,0,2,0,0,0,0,30,14209,340,14,10,10,3,5,4,6
Roman Polak,TOR,D,2016-11-26,false,WSH,1,1,-2,17,0,0,0,0,0,0,11,16928,393,59,30,7,7,4,0,0
Brayden Point,TBL,C,2016-11-14,false,NYI,1,4,1,0,1,0,0,0,0,0,35,15421,300,7,6,11,5,7,3,3
Tomas Plekanec,MTL,C,2016-11-13,false,CHI,1,4,0,2,0,3,1,0,1,0,32,16475,404,13,15,6,4,4,144,152
Brandon Pirri,NYR,R,2016-11-13,false,EDM,4,5,7,2,2,1,0,0,2,0,24,11560,266,8,6,15,7,6,39,28
Alex Pietrangelo,STL,D,2016-11-12,false,CBJ,3,4,-11,10,1,2,0,0,1,0,37,24432,484,11,27,15,6,12,0,0
Dion Phaneuf,OTT,D,2016-11-15,false,PHI,1,3,-5,21,0,1,0,0,0,0,39,21673,520,33,38,12,10,2,0,0
Jeff Petry,MTL,D,2016-11-15,false,FLA,2,5,4,8,1,2,0,0,0,0,26,20748,445,32,38,11,18,3,0,0
Alex Petrovic,FLA,D,2016-11-15,false,MTL,1,4,8,6,0,0,0,0,0,0,14,17213,313,31,16,13,10,6,0,0
Nic Petan,WPG,L,2016-12-27,false,CHI,1,8,-1,2,0,5,0,0,0,0,22,13921,316,5,4,12,4,8,63,74
Brett Pesce,CAR,D,2016-11-18,false,MTL,0,3,2,4,0,1,0,0,0,0,16,19315,413,12,30,14,10,12,0,0
Corey Perry,ANA,R,2016-11-12,false,NSH,4,9,-4,14,0,6,0,0,0,0,49,18314,391,14,4,16,2,6,0,4
David Perron,STL,L,2016-11-12,false,CBJ,4,4,-8,6,1,3,0,0,1,0,31,17104,414,15,6,15,3,5,12,17
Mathieu Perreault,WPG,C,2016-12-08,false,NYR,1,2,-8,8,0,1,0,0,0,0,33,15481,321,25,3,7,4,12,91,82
Brendan Perlini,ARI,L,2017-01-13,false,WPG,6,1,-4,6,1,0,0,0,1,0,27,13206,283,13,4,8,1,2,1,0
Adam Pelech,NYI,D,2017-01-22,false,PHI,1,3,0,0,0,0,0,0,0,0,16,15699,317,27,18,11,14,6,0,0
Tanner Pearson,LAK,L,2016-11-17,false,EDM,6,3,4,0,1,0,0,0,0,0,35,15063,349,26,2,20,6,6,0,4
Joe Pavelski,SJS,C,2016-11-15,false,CAR,5,9,3,12,2,3,0,0,2,0,43,18486,394,29,20,28,17,8,90,79
Greg Pateryn,MTL,D,2016-11-29,false,ANA,1,3,-1,0,0,0,0,0,0,0,17,13664,298,26,33,9,8,4,0,0
David Pastrnak,BOS,R,2016-11-25,false,CGY,12,4,12,2,4,1,0,0,2,0,52,16143,331,11,4,18,9,7,0,1
Zach Parise,MIN,L,2016-12-02,false,CGY,4,5,-1,12,1,1,0,0,0,0,49,17551,386,14,19,12,4,9,1,1
PA Parenteau,NJD,R,2016-11-17,false,ANA,5,2,-2,8,1,0,0,0,0,0,32,14657,326,14,0,4,6,7,0,5
Colton Parayko,STL,D,2016-11-12,false,CBJ,0,5,-6,8,0,1,0,0,0,0,43,20446,475,8,28,14,9,7,0,0
Cedric Paquette,TBL,C,2016-11-15,false,DET,1,4,1,14,0,0,0,0,0,0,18,9051,227,33,7,5,2,5,30,40
Richard Panik,CHI,R,2016-11-13,false,MTL,6,4,4,4,2,1,0,0,1,0,21,14446,327,41,7,7,9,10,0,2
Artemi Panarin,CHI,L,2016-11-13,false,MTL,6,10,11,13,2,2,0,0,1,1,43,18870,375,7,0,20,9,14,1,0
Kyle Palmieri,NJD,R,2016-11-17,false,ANA,3,4,6,8,1,2,0,0,1,0,36,15385,339,34,7,18,11,6,3,5
Ondrej Palat,TBL,L,2016-11-14,false,NYI,2,4,-8,11,0,3,0,0,0,0,27,16574,337,35,6,11,10,19,1,2
Jean-Gabriel Pageau,OTT,C,2016-11-15,false,PHI,1,3,3,4,0,0,0,0,0,0,30,15360,361,32,14,7,6,5,89,70
Max Pacioretty,MTL,L,2016-11-13,false,CHI,3,9,7,10,0,1,0,1,2,0,43,16805,384,19,7,28,6,12,0,0
Magnus Paajarvi,STL,L,2017-03-10,false,ANA,4,1,2,4,0,0,0,0,2,0,25,11332,278,11,11,3,0,5,1,1
Alex Ovechkin,WSH,L,2016-11-16,false,PIT,8,4,-3,10,2,1,0,0,3,1,66,17739,338,44,4,30,10,10,0,1
Xavier Ouellet,DET,D,2016-12-15,false,LAK,0,2,6,22,0,0,0,0,0,0,17,16200,356,9,20,4,4,3,0,1
Steve Ott,DET,C,2016-11-20,false,CGY,1,1,0,24,0,0,0,0,0,0,14,9270,236,38,5,2,0,3,41,28
T.J. Oshie,WSH,R,2016-11-16,false,PIT,8,4,10,10,2,2,1,1,1,0,37,17381,359,16,10,15,9,12,23,24
Brooks Orpik,WSH,D,2016-11-16,false,PIT,0,5,8,4,0,0,0,0,0,0,14,16019,338,31,29,7,10,3,0,0
Dmitry Orlov,WSH,D,2016-11-16,false,PIT,1,4,5,8,0,1,0,0,0,0,27,18638,359,26,21,11,13,9,0,0
Jamie Oleksiak,DAL,D,2016-12-29,false,COL,4,1,2,18,0,0,0,1,1,0,16,15077,348,25,21,6,6,0,0,0
Kyle Okposo,BUF,R,2016-11-17,false,TBL,5,5,1,6,1,5,0,0,0,0,44,18354,356,13,6,14,9,4,24,22
Johnny Oduya,DAL,D,2016-11-13,false,VAN,0,4,3,6,0,0,0,0,0,0,14,18056,424,6,36,9,10,4,0,0
Ryan O'Reilly,BUF,C,2016-11-29,false,OTT,6,6,0,4,3,4,0,0,2,0,57,21077,408,3,7,16,8,18,212,157
Gustav Nyquist,DET,R,2016-11-12,false,MTL,3,7,2,4,0,1,0,0,2,0,34,16393,348,8,2,8,4,9,1,0
William Nylander,TOR,C,2016-11-15,false,NSH,5,8,-2,6,3,4,0,0,0,0,41,15279,341,4,7,20,7,12,31,40
Markus Nutivaara,CBJ,D,2016-11-20,false,WSH,1,1,2,2,0,0,0,0,0,0,14,12309,288,8,8,5,4,2,0,0
Darnell Nurse,EDM,D,2016-11-13,false,NYR,2,2,-3,15,0,0,0,0,0,0,26,16934,369,41,13,7,9,5,0,0
Ryan Nugent-Hopkins,EDM,C,2016-11-13,false,NYR,2,5,-3,4,2,0,0,0,1,0,46,16803,384,8,3,13,2,8,104,118
Joakim Nordstrom,CAR,L,2016-11-18,false,MTL,1,2,-4,2,0,0,0,0,1,0,25,13391,331,19,16,9,4,7,1,2
Jordan Nolan,LAK,C,2016-12-08,false,CAR,2,2,-2,29,0,0,0,0,0,0,13,9540,221,17,1,6,2,1,1,1
Stefan Noesen,NJD,R,2017-02-04,false,CBJ,4,0,4,4,0,0,0,0,0,0,21,7739,199,17,2,3,3,3,21,35
Matt Niskanen,WSH,D,2016-11-16,false,PIT,0,8,3,6,0,0,0,1,0,0,27,21639,437,22,23,13,20,8,0,0
Matt Nieto,SJS,L,2016-12-14,false,OTT,0,2,-3,4,0,0,0,0,0,0,24,11725,301,23,8,8,4,8,0,2
Frans Nielsen,DET,C,2016-11-12,false,MTL,2,5,-7,0,0,5,1,0,0,0,29,16639,404,13,11,6,5,4,118,124
Nino Niederreiter,MIN,R,2016-11-17,false,BOS,4,4,8,4,0,0,0,0,0,0,23,13582,320,25,1,8,6,5,0,1
Andrej Nestrasil,CAR,C,2016-12-10,false,SJS,1,4,-3,2,0,0,0,0,0,0,25,10596,248,10,6,5,8,11,3,3
Nikita Nesterov,TBL,D,2016-11-23,false,PHI,2,1,3,12,1,0,0,0,0,0,22,16516,330,23,13,7,7,1,0,0
Patrik Nemeth,DAL,D,2016-12-23,false,LAK,0,0,-4,8,0,0,0,0,0,0,18,15337,348,17,19,5,4,4,0,0
Brock Nelson,NYI,C,2016-11-14,false,TBL,4,7,4,4,0,2,0,1,0,0,30,14843,366,14,16,10,7,7,87,117
Chris Neil,OTT,R,2016-11-17,false,NSH,1,1,-5,18,0,0,0,0,0,0,18,8049,208,37,9,3,5,2,0,0
James Neal,NSH,L,2016-11-17,false,OTT,8,4,0,15,1,1,0,0,1,0,61,18855,385,17,8,12,10,9,1,0
Rick Nash,NYR,R,2016-11-13,false,EDM,7,4,0,8,2,1,0,0,1,0,48,15545,384,6,14,10,15,14,0,0
Riley Nash,BOS,C,2016-11-13,false,COL,1,2,1,4,0,0,0,0,0,0,23,13129,303,7,7,9,3,8,87,72
Vladislav Namestnikov,TBL,C,2016-11-14,false,NYI,3,3,0,8,2,2,0,0,0,0,29,14387,296,8,7,10,6,4,25,31
Jake Muzzin,LAK,D,2016-11-13,false,WPG,1,1,-2,14,1,0,0,0,0,0,40,22013,509,38,29,14,11,4,0,0
Ryan Murray,CBJ,D,2016-11-29,false,TBL,0,3,2,8,0,0,0,1,0,0,9,17959,409,6,25,5,3,3,0,0
Ryan Murphy,CAR,D,2017-03-03,false,ARI,0,2,-8,6,0,0,0,0,0,0,7,13364,296,2,16,5,6,7,0,0
Connor Murphy,ARI,D,2016-11-19,false,SJS,0,4,-5,10,0,0,0,0,0,0,18,20700,461,39,31,6,3,4,0,0
Matt Moulson,BUF,L,2016-11-15,false,STL,6,2,-2,2,5,2,0,0,0,0,42,14078,290,10,8,9,1,5,0,0
Tyler Motte,CHI,L,2016-11-23,false,SJS,3,3,3,14,0,0,0,0,0,0,25,12008,317,14,13,8,1,10,3,2
Joe Morrow,BOS,D,2017-01-20,false,CHI,0,1,-5,6,0,0,0,0,0,0,19,14922,322,28,18,10,7,1,0,0
Josh Morrissey,WPG,D,2016-11-11,false,COL,0,2,2,6,0,0,0,0,0,0,20,17497,377,22,20,6,4,2,0,0
Dominic Moore,BOS,C,2016-11-13,false,COL,4,2,2,12,0,0,1,0,1,0,19,12716,302,4,11,3,4,5,73,60
John Moore,NJD,D,2016-11-17,false,ANA,2,4,4,10,0,0,0,0,0,0,25,18345,423,11,16,14,16,0,0,0
Brandon Montour,ANA,D,2017-03-09,false,CHI,1,1,0,8,0,1,0,0,0,0,35,16491,314,12,15,13,12,2,0,0
Sean Monahan,CGY,C,2016-11-12,false,NYR,4,2,-10,6,1,0,0,0,1,1,32,18084,395,7,6,16,11,8,146,151
Torrey Mitchell,MTL,C,2016-11-13,false,CHI,5,2,6,8,0,0,0,0,1,0,9,12346,325,2,12,7,6,10,95,77
John Mitchell,COL,C,2016-11-29,false,NSH,0,0,1,12,0,0,0,0,0,0,13,11941,282,19,13,8,0,6,78,62
Drew Miller,DET,L,2016-11-20,false,CGY,2,0,-6,2,0,0,0,0,1,0,11,9777,247,18,12,2,1,3,1,0
Kevan Miller,BOS,D,2016-12-23,false,CAR,0,0,-5,11,0,0,0,0,0,0,17,16759,366,37,20,5,6,3,0,0
J.T. Miller,NYR,L,2016-11-13,false,EDM,5,10,14,8,1,1,0,0,1,0,35,14789,357,25,15,13,12,9,23,29
Colin Miller,BOS,D,2016-11-27,false,TBL,1,2,-6,6,0,0,0,0,0,0,24,15674,358,16,9,16,7,4,0,0
Marc Methot,OTT,D,2016-11-15,false,PHI,0,3,4,4,0,0,0,0,0,0,25,19389,465,33,18,2,11,2,0,0
Jon Merrill,NJD,D,2017-01-03,false,CAR,0,2,-3,10,0,0,0,0,0,0,11,15574,362,14,20,5,6,2,0,0
Julian Melchiori,WPG,D,2017-04-04,false,STL,0,1,-2,8,0,0,0,0,0,0,14,17580,366,28,28,7,15,4,0,0
Timo Meier,SJS,R,2017-01-23,false,COL,2,2,-1,4,0,0,0,0,1,0,43,12784,316,42,3,11,14,10,0,2
Jayson Megna,VAN,C,2016-12-18,false,CBJ,3,0,0,4,0,0,0,0,0,0,17,9175,219,20,7,1,0,4,0,1
Adam McQuaid,BOS,D,2016-11-25,false,CGY,0,0,-1,13,0,0,0,0,0,0,18,17266,410,35,28,9,4,1,0,0
Brayden McNabb,LAK,D,2017-01-14,false,WPG,2,0,1,13,0,0,0,0,0,0,17,16447,377,32,18,13,18,3,0,0
Cody McLeod,COL,L,2016-12-08,false,BOS,0,0,-2,33,0,0,0,0,0,0,8,5697,143,26,0,2,0,2,0,0
Curtis McKenzie,DAL,L,2016-11-29,false,DET,1,2,1,26,0,0,0,0,0,0,21,8984,233,31,10,4,0,0,1,1
Greg McKegg,FLA,C,2016-11-15,false,MTL,0,2,-2,6,0,0,0,0,0,0,12,10345,241,15,5,4,5,3,9,12
Jamie McGinn,ARI,L,2016-11-29,false,SJS,4,3,-1,10,0,0,0,0,2,0,34,13885,319,29,9,5,7,0,0,1
Brock McGinn,CAR,L,2016-12-22,false,BUF,1,2,-1,2,0,0,0,1,0,0,16,10414,253,21,10,4,3,5,1,2
Ryan McDonagh,NYR,D,2016-11-13,false,EDM,0,10,9,4,0,2,0,0,0,0,26,23088,461,16,26,11,13,9,0,0
Connor McDavid,EDM,C,2016-11-13,false,NYR,5,14,5,6,0,5,0,0,2,0,42,20437,410,3,8,15,12,9,106,119
Jay McClement,CAR,C,2016-11-18,false,MTL,0,0,-7,0,0,0,0,0,0,0,9,9831,256,13,5,6,0,5,60,58
Michael McCarron,MTL,R,2017-02-09,false,ARI,1,4,2,16,0,0,0,0,0,0,21,9845,244,41,5,9,2,5,45,60
Jared McCann,FLA,C,2016-11-17,false,TOR,1,2,0,2,0,0,0,0,0,0,20,9706,220,14,4,8,5,5,19,24
Jake McCabe,BUF,D,2016-11-15,false,STL,0,3,1,10,0,0,0,0,0,0,10,19170,424,13,17,11,5,1,0,0
Scott Mayfield,NYI,D,2017-03-05,false,CGY,1,4,0,26,0,0,0,0,0,0,26,13214,272,19,22,8,9,5,0,0
Shawn Matthias,WPG,L,2017-01-04,false,FLA,5,1,3,4,0,0,1,0,1,0,24,12156,300,16,8,9,3,3,3,5
Auston Matthews,TOR,C,2016-11-15,false,NSH,6,6,-4,0,1,3,0,0,0,0,63,16577,344,3,8,24,10,11,73,78
Michael Matheson,FLA,D,2016-11-17,false,TOR,2,5,-1,4,0,1,0,0,0,0,37,18458,328,14,19,12,12,13,1,0
Andreas Martinsen,COL,L,2016-11-17,false,DAL,1,2,2,11,0,0,0,1,0,0,20,10952,290,50,11,5,3,11,1,0
Jordan Martinook,ARI,L,2016-11-17,false,VAN,5,4,2,10,1,0,0,1,0,0,24,14722,363,14,15,11,2,7,78,110
Alec Martinez,LAK,D,2016-11-13,false,WPG,2,7,-1,4,0,2,0,0,2,2,38,22235,512,33,28,23,10,0,0,0
Paul Martin,SJS,D,2016-11-15,false,CAR,0,4,-2,6,0,0,0,0,0,0,8,17640,384,7,26,2,11,3,0,0
Matt Martin,TOR,L,2016-11-15,false,NSH,0,1,-2,37,0,0,0,0,0,0,17,9908,248,72,2,5,2,6,0,5
Patrick Maroon,EDM,L,2016-11-13,false,NYR,6,3,3,12,0,1,0,0,0,0,38,15490,337,38,2,10,6,2,1,4
Mitchell Marner,TOR,C,2016-11-15,false,NSH,6,9,-3,12,1,2,0,0,3,0,45,16090,347,7,9,18,13,13,5,4
Patrick Marleau,SJS,L,2016-11-15,false,CAR,4,1,-3,4,1,1,0,0,1,0,37,15492,326,17,5,9,7,7,6,9
Andrei Markov,MTL,D,2016-11-13,false,CHI,2,9,0,4,0,5,0,1,0,0,23,20278,431,8,15,12,14,8,0,0
Martin Marincin,TOR,D,2016-12-10,false,BOS,1,4,-1,4,0,0,0,0,0,0,14,17325,399,17,17,13,11,5,0,0
Jonathan Marchessault,FLA,C,2016-11-15,false,MTL,8,6,5,4,2,3,0,0,2,0,49,17402,324,24,2,13,7,13,41,37
Alexey Marchenko,DET,D,2016-11-12,false,MTL,0,4,2,10,0,0,0,1,0,0,18,17861,419,2,24,12,11,2,0,0
Brad Marchand,BOS,L,2016-11-13,false,COL,5,11,8,16,1,2,0,0,2,0,39,17642,373,10,7,15,11,14,9,6
Anthony Mantha,DET,R,2016-12-15,false,LAK,4,3,2,7,1,1,0,0,1,0,35,15723,343,10,10,13,7,5,1,1
Josh Manson,ANA,D,2016-11-12,false,NSH,0,4,1,25,0,0,0,0,0,0,18,18024,383,33,17,5,14,3,0,0
Brandon Manning,PHI,D,2016-11-15,false,OTT,2,6,2,13,0,0,1,0,1,0,25,18061,418,40,20,5,16,1,0,0
Evgeni Malkin,PIT,C,2016-11-16,false,WSH,8,7,-1,28,1,5,0,0,1,0,41,17829,391,8,9,12,16,10,107,150
Denis Malgin,FLA,C,2016-11-15,false,MTL,4,3,3,4,1,0,0,0,1,1,22,10773,244,12,4,5,3,6,31,53
Nathan MacKinnon,COL,C,2016-11-17,false,DAL,3,7,-2,0,0,4,1,0,0,0,58,19250,421,10,2,22,6,10,152,135
Derek MacKenzie,FLA,C,2016-11-15,false,MTL,1,3,5,9,0,0,0,1,0,0,16,12268,280,35,9,6,3,6,88,84
Andrew MacDonald,PHI,D,2016-11-29,false,BOS,1,5,-3,4,0,0,0,0,0,0,12,18270,421,10,32,4,15,2,0,0
Olli Maatta,PIT,D,2016-11-16,false,WSH,0,1,4,6,0,0,0,0,0,0,17,17269,406,15,28,6,12,3,0,0
Roman Lyubimov,PHI,L,2016-12-03,false,CHI,2,1,-1,0,0,0,0,0,0,0,20,9001,223,18,5,9,2,4,0,2
Milan Lucic,EDM,L,2016-11-13,false,NYR,5,4,-2,9,2,1,0,0,1,0,34,17480,367,43,5,11,13,6,1,1
Adam Lowry,WPG,C,2016-11-11,false,COL,3,1,-1,15,0,1,0,0,0,0,25,15222,366,38,11,7,5,6,118,135
Ben Lovejoy,NJD,D,2016-11-17,false,ANA,0,2,-1,4,0,0,0,0,0,0,23,19611,412,22,29,8,5,5,0,0
Bryan Little,WPG,C,2016-12-31,false,NYI,6,6,1,4,2,1,0,0,1,1,40,16229,397,5,3,17,5,8,176,125
Hampus Lindholm,ANA,D,2016-12-11,false,OTT,1,2,2,6,0,1,0,0,1,0,22,20775,422,19,23,11,16,6,0,0
Elias Lindholm,CAR,C,2016-11-18,false,MTL,0,4,-6,2,0,2,0,1,0,0,31,17670,384,19,14,15,6,12,103,89
Esa Lindell,DAL,D,2016-12-01,false,PIT,2,2,-4,2,0,1,0,0,1,0,18,18107,399,20,27,8,3,4,0,1
Oscar Lindberg,NYR,C,2016-12-13,false,CHI,0,3,0,10,0,1,0,0,0,0,26,10541,257,19,11,5,2,2,66,54
John-Michael Liles,BOS,D,2016-11-13,false,COL,0,4,-4,2,0,3,0,0,0,0,13,15786,357,10,25,6,2,6,1,0
Trevor Lewis,LAK,C,2016-11-13,false,WPG,2,2,-5,2,0,0,0,0,0,0,26,12302,287,33,4,9,2,3,11,14
Mark Letestu,EDM,C,2016-11-13,false,NYR,2,4,-1,0,0,0,2,0,2,0,11,12526,337,15,9,5,4,4,94,89
Kris Letang,PIT,D,2016-11-25,false,MIN,2,10,-5,12,1,5,0,0,1,1,51,24859,483,30,27,15,20,13,0,0
Jori Lehtera,STL,C,2016-11-22,false,BOS,3,2,2,8,0,1,0,0,1,0,23,14927,393,9,9,0,4,3,110,88
Artturi Lehkonen,MTL,L,2016-12-04,false,LAK,3,1,-1,6,1,0,0,0,0,0,37,13065,329,16,6,9,6,6,0,0
Anders Lee,NYI,L,2016-11-14,false,TBL,1,1,1,8,0,0,0,0,0,0,26,11829,289,45,7,11,3,8,1,2
Nick Leddy,NYI,D,2016-11-18,false,PIT,3,4,-9,4,1,0,0,0,0,0,32,21958,380,19,27,10,4,4,0,0
Curtis Lazar,OTT,C,2016-12-29,false,DET,0,0,-3,4,0,0,0,0,0,0,19,9081,225,29,6,4,4,4,11,19
Adam Larsson,EDM,D,2016-11-13,false,NYR,1,2,-2,8,0,0,0,0,0,0,17,19535,422,45,28,7,16,4,0,0
Philip Larsen,VAN,D,2016-12-03,false,TOR,0,4,-9,4,0,2,0,0,0,0,25,17036,353,5,14,14,3,1,0,0
Dylan Larkin,DET,C,2016-11-12,false,MTL,5,1,-7,17,1,0,0,0,1,0,51,16263,350,9,6,13,13,17,32,43
Nick Lappin,NJD,R,2016-11-29,false,WPG,4,2,0,2,0,0,0,0,0,0,25,12199,274,18,2,9,1,6,2,4
Gabriel Landeskog,COL,L,2016-12-10,false,MTL,4,4,-3,11,2,0,0,0,2,1,33,17675,382,35,6,10,6,22,9,15
Anton Lander,EDM,C,2016-11-15,false,ANA,1,2,4,6,0,0,0,0,0,0,7,9836,269,19,7,3,2,4,72,54
Patrik Laine,WPG,R,2016-11-11,false,COL,11,5,2,4,5,2,0,0,2,1,46,18142,359,18,8,15,17,7,0,2
Andrew Ladd,NYI,L,2016-11-14,false,TBL,2,1,-4,8,0,0,0,0,0,0,29,16557,336,15,6,12,9,10,0,1
Kevin Labanc,SJS,R,2016-12-13,false,TOR,4,2,4,8,0,0,0,0,1,0,23,12069,278,6,2,6,8,4,0,0
Paul LaDue,LAK,D,2017-03-23,false,WPG,0,5,-3,4,0,2,0,0,0,0,21,15755,370,10,10,3,9,2,0,0
Evgeny Kuznetsov,WSH,C,2016-11-16,false,PIT,2,5,3,8,0,0,0,0,0,0,22,16416,343,7,4,11,9,6,101,138
Chris Kunitz,PIT,L,2016-11-16,false,WSH,2,6,4,16,0,0,0,0,2,0,31,15538,367,54,5,8,9,6,3,4
Dmitry Kulikov,BUF,D,2016-12-17,false,CAR,0,0,-7,12,0,0,0,0,0,0,12,21415,466,17,21,12,8,4,0,0
Nikolay Kulemin,NYI,L,2016-11-22,false,ANA,1,3,4,6,0,0,0,0,0,0,15,13221,340,15,12,12,4,6,5,2
Brett Kulak,CGY,D,2017-01-23,false,TOR,0,3,0,10,0,0,0,0,0,0,18,13973,329,10,10,7,7,4,0,0
Tom Kuhnhackl,PIT,R,2016-11-26,false,NJD,1,2,2,4,0,0,0,0,0,0,9,8877,225,20,10,6,2,1,0,1
Nikita Kucherov,TBL,R,2016-11-15,false,DET,8,13,9,4,2,5,0,0,3,0,43,17261,345,2,7,23,10,17,0,0
Marcus Kruger,CHI,C,2016-11-13,false,MTL,1,3,5,12,0,0,0,0,0,0,16,13099,355,9,7,8,2,8,103,104
Torey Krug,BOS,D,2016-11-13,false,COL,1,3,-4,6,0,2,0,0,0,0,51,20160,430,16,15,13,11,4,0,0
Niklas Kronwall,DET,D,2016-12-11,false,PHI,0,2,-3,8,0,1,0,0,0,0,15,18384,419,18,30,5,4,0,0,0
David Krejci,BOS,C,2016-11-13,false,COL,2,8,-2,6,1,2,0,0,1,0,32,16770,337,12,14,11,12,10,114,112
Chris Kreider,NYR,L,2016-11-25,false,PHI,4,9,-1,13,1,3,0,0,0,0,45,15800,347,36,9,19,9,5,2,1
Lauri Korpikoski,DAL,L,2016-11-13,false,VAN,4,2,1,4,0,0,0,0,0,0,26,14241,369,10,10,6,3,5,0,3
Anze Kopitar,LAK,C,2016-11-23,false,NYI,2,7,3,4,0,2,0,1,0,0,38,20254,399,19,11,21,8,7,204,190
Travis Konecny,PHI,C,2016-11-12,false,MIN,4,6,-3,8,2,0,0,0,0,0,38,15143,338,27,6,21,6,8,0,0
Leo Komarov,TOR,C,2016-11-15,false,NSH,2,3,0,9,0,1,1,0,0,0,20,16342,398,57,13,8,1,5,20,20
Mikko Koivu,MIN,C,2016-11-17,false,BOS,2,4,2,6,0,1,0,1,1,0,22,19415,427,5,21,13,8,9,205,176
Slater Koekkoek,TBL,D,2016-12-03,false,WSH,0,4,2,6,0,0,0,0,0,0,17,12680,293,15,13,8,2,1,0,0
John Klingberg,DAL,D,2016-11-13,false,VAN,2,7,-6,8,0,4,0,0,0,0,25,22127,456,11,24,12,18,3,0,0
Kevin Klein,NYR,D,2016-11-20,false,FLA,0,6,5,0,0,1,0,1,0,0,16,17828,401,25,40,4,5,7,0,0
Oscar Klefbom,EDM,D,2016-11-13,false,NYR,0,3,-1,0,0,1,0,0,0,0,33,21073,430,11,30,13,12,3,0,0
Dwight King,LAK,L,2016-11-13,false,WPG,2,3,4,4,0,0,0,0,0,0,23,14872,320,24,4,12,6,5,2,4
Jakub Kindl,FLA,D,2016-12-28,false,TOR,0,2,-7,12,0,0,0,0,0,0,10,13999,293,28,18,7,9,2,0,0
Alex Killorn,TBL,L,2016-11-14,false,NYI,6,2,0,12,1,2,0,0,1,0,38,16832,335,27,6,8,11,4,0,4
Phil Kessel,PIT,R,2016-11-16,false,WSH,4,10,-4,8,3,6,0,0,1,0,36,17395,386,4,4,17,8,3,0,3
Ryan Kesler,ANA,C,2016-11-12,false,NSH,6,6,6,22,4,2,0,0,1,0,34,20180,428,26,14,18,8,2,207,134
Tanner Kero,CHI,C,2017-01-26,false,WPG,4,3,7,2,0,0,0,0,0,0,16,13225,318,19,18,4,4,5,74,100
Michal Kempny,CHI,D,2016-11-18,false,CGY,0,1,4,10,0,0,0,0,0,0,19,15716,354,30,22,17,9,1,0,0
Adrian Kempe,LAK,L,2017-03-20,false,EDM,2,4,-2,6,0,2,0,1,1,0,24,11999,280,17,3,8,5,3,44,50
Chris Kelly,OTT,C,2016-11-15,false,PHI,1,2,0,4,0,0,0,0,0,0,21,12868,324,11,14,7,6,4,66,82
Duncan Keith,CHI,D,2016-11-13,false,MTL,0,12,6,6,0,2,0,0,0,0,38,24471,465,5,17,11,10,4,0,0
Zack Kassian,EDM,R,2016-11-19,false,DAL,2,2,0,27,0,0,0,0,0,0,27,11690,292,39,3,6,5,6,1,0
Ondrej Kase,ANA,R,2016-12-17,false,DET,1,4,-1,8,0,0,0,0,1,0,23,12496,319,12,7,9,12,4,1,3
Melker Karlsson,SJS,C,2016-11-29,false,ARI,2,2,3,4,0,0,0,0,0,0,14,11395,285,12,12,9,3,4,0,2
William Karlsson,CBJ,C,2016-11-20,false,WSH,3,5,4,2,0,0,0,1,1,0,24,14129,349,7,3,13,6,8,96,118
Erik Karlsson,OTT,D,2016-11-15,false,PHI,3,11,4,8,1,2,0,1,0,0,39,26186,528,10,42,31,24,14,0,0
Evander Kane,BUF,L,2016-12-09,false,WSH,3,4,-5,16,1,2,0,0,0,0,42,17924,358,30,7,17,10,9,24,25
Patrick Kane,CHI,R,2016-11-13,false,MTL,6,12,7,12,1,3,0,0,2,0,51,21551,391,6,2,15,3,6,3,13
Sergey Kalinin,NJD,C,2016-11-26,false,PIT,0,1,-6,9,0,0,0,0,0,0,16,12044,292,22,8,5,3,2,6,8
Nazem Kadri,TOR,C,2016-11-15,false,NSH,7,4,-2,41,2,2,0,0,1,1,38,14755,359,26,8,14,8,14,106,126
Tomas Jurco,DET,L,2017-02-09,false,WSH,0,0,-8,2,0,0,0,0,0,0,12,9632,243,6,3,13,4,1,0,1
Roman Josi,NSH,D,2016-11-17,false,OTT,2,6,-4,4,1,4,0,0,0,0,48,23872,460,10,28,14,8,3,0,0
Jacob Josefson,NJD,C,2016-12-31,false,WSH,0,2,-2,6,0,1,0,0,0,0,16,11362,255,13,6,11,6,2,51,41
Josh Jooris,ARI,R,2016-12-19,false,CGY,1,2,2,6,0,0,0,0,0,0,13,9342,246,22,9,6,1,4,46,45
Seth Jones,CBJ,D,2016-12-01,false,COL,3,5,0,2,0,0,0,0,1,1,30,22812,488,20,28,6,10,5,0,0
Jyrki Jokipakka,CGY,D,2016-12-02,false,MIN,1,4,0,4,0,0,0,0,0,0,7,14233,357,9,14,4,7,2,0,0
Jussi Jokinen,FLA,L,2016-12-05,false,BOS,1,3,-3,8,0,0,0,0,1,0,30,17886,369,5,5,8,16,6,7,7
Erik Johnson,COL,D,2016-11-17,false,DAL,0,7,-3,2,0,4,0,0,0,0,32,21813,499,34,43,10,9,8,0,0
Tyler Johnson,TBL,C,2016-11-14,false,NYI,5,3,-7,4,3,2,0,0,0,0,25,17263,347,16,8,9,3,8,141,114
Jack Johnson,CBJ,D,2016-11-20,false,WSH,0,2,4,10,0,0,0,0,0,0,18,21161,456,27,28,9,4,2,0,0
Stephen Johns,DAL,D,2016-11-19,false,EDM,2,2,-4,8,0,0,0,0,1,0,17,18378,426,44,32,10,12,4,0,0
Marcus Johansson,WSH,L,2016-11-16,false,PIT,7,6,6,4,2,2,0,0,3,1,32,16708,321,8,0,6,5,10,4,4
Ryan Johansen,NSH,C,2016-11-17,false,OTT,1,8,3,14,1,4,0,0,0,0,35,17350,371,19,5,19,9,7,132,124
Nick Jensen,DET,D,2017-01-25,false,TOR,0,4,2,2,0,0,0,0,0,0,24,14991,356,13,16,8,9,1,0,0
Boone Jenner,CBJ,C,2016-11-20,false,WSH,2,4,-6,6,0,1,0,0,0,0,33,13899,317,34,14,9,5,6,25,18
Dmitrij Jaskin,STL,R,2016-11-17,false,SJS,0,4,3,6,0,0,0,0,0,0,16,10790,254,26,5,8,4,3,3,4
Calle Jarnkrok,NSH,C,2016-11-17,false,OTT,3,1,0,2,0,0,0,0,0,0,21,13729,346,6,3,8,6,5,63,81
Jaromir Jagr,FLA,R,2016-11-15,false,MTL,1,5,0,10,1,1,0,0,0,0,36,15588,306,3,2,12,9,9,0,0
Matt Irwin,NSH,D,2016-11-29,false,COL,3,2,6,2,0,0,0,0,1,0,19,12824,306,37,27,9,10,3,0,0
Jarome Iginla,COL,R,2016-11-17,false,DAL,2,1,-4,27,1,0,0,0,0,0,29,14225,322,20,2,6,8,7,4,4
Zach Hyman,TOR,C,2016-11-15,false,NSH,2,1,-4,6,0,0,0,0,1,0,35,15994,368,27,10,13,3,10,7,12
Ben Hutton,VAN,D,2016-11-13,false,DAL,1,1,-7,12,0,1,0,0,0,0,30,20289,414,16,21,12,11,9,0,0
Matt Hunwick,TOR,D,2016-12-03,false,VAN,0,4,2,2,0,0,0,0,0,0,16,16865,400,30,23,9,13,9,0,0
Jiri Hudler,DAL,R,2017-01-09,false,LAK,1,3,0,4,0,0,0,0,1,0,12,12107,301,6,2,7,3,4,1,2
Jonathan Huberdeau,FLA,L,2017-03-11,false,TBL,5,8,2,4,1,3,0,0,2,1,41,17426,372,16,2,13,16,10,2,4
Marek Hrivik,NYR,L,2017-01-07,false,CBJ,0,2,-3,2,0,1,0,0,0,0,15,10003,241,19,5,9,2,5,32,48
Marian Hossa,CHI,R,2016-11-15,false,WPG,9,6,5,4,3,3,0,0,1,1,40,16589,381,5,10,14,3,12,3,2
Bo Horvat,VAN,C,2016-11-13,false,DAL,5,4,-6,10,0,1,1,0,0,0,22,15888,376,21,3,17,3,7,125,131
Patric Hornqvist,PIT,R,2016-11-16,false,WSH,5,8,2,2,4,3,0,0,1,0,62,15315,361,41,20,13,1,9,1,4
Julius Honka,DAL,D,2017-04-08,false,COL,1,4,-4,4,0,1,0,0,1,1,34,16194,346,9,15,10,9,6,0,0
Korbinian Holzer,ANA,D,2017-01-15,false,STL,0,5,-3,6,0,0,0,0,0,0,9,13549,297,39,18,5,6,1,0,0
Peter Holland,ARI,C,2016-12-29,false,NYR,0,4,-4,8,0,0,0,0,0,0,25,12222,266,12,2,17,3,3,62,86
Nick Holden,NYR,D,2016-11-13,false,EDM,1,6,13,6,0,0,0,0,0,0,8,19011,422,27,21,9,14,8,0,0
Mike Hoffman,OTT,L,2016-11-15,false,PHI,3,4,-6,8,1,2,0,0,2,0,53,16723,334,7,8,17,7,11,1,2
Joshua Ho-Sang,NYI,R,2017-03-31,false,NJD,3,6,-5,10,1,1,0,0,0,0,19,15835,303,3,2,8,15,5,0,2
Niklas Hjalmarsson,CHI,D,2016-11-15,false,WPG,2,2,6,2,0,0,0,0,0,0,11,20065,446,6,37,2,10,3,0,0
Vinnie Hinostroza,CHI,L,2016-12-01,false,NJD,1,2,-2,2,0,0,0,0,0,0,21,10696,241,10,7,10,7,8,28,49
Thomas Hickey,NYI,D,2016-11-14,false,TBL,1,3,3,2,0,1,0,0,0,0,22,18079,355,17,37,11,7,2,0,0
Tomas Hertl,SJS,C,2016-11-15,false,CAR,4,5,0,10,1,1,0,0,1,0,38,16184,368,26,5,15,5,8,82,67
Adam Henrique,NJD,C,2016-11-17,false,ANA,3,5,7,10,0,0,0,0,1,1,26,17982,380,19,16,7,9,7,126,127
Matt Hendricks,EDM,L,2017-01-07,false,NJD,1,2,-5,15,0,0,0,0,1,0,17,11426,277,26,20,4,3,2,52,43
Darren Helm,DET,C,2016-11-12,false,MTL,4,3,6,8,2,0,0,1,1,0,26,14760,358,20,6,6,7,9,100,82
Victor Hedman,TBL,D,2016-11-14,false,NYI,3,9,5,8,1,4,0,0,2,0,28,23345,446,18,26,16,9,8,0,0
Kevin Hayes,NYR,C,2016-11-13,false,EDM,6,8,13,4,0,1,1,0,1,0,21,15576,363,10,12,7,18,15,91,102
Jimmy Hayes,BOS,R,2016-11-19,false,WPG,0,0,-9,9,0,0,0,0,0,0,29,10349,240,20,1,6,3,5,1,3
Erik Haula,MIN,L,2016-12-02,false,CGY,4,3,2,8,0,0,0,0,0,0,36,14045,331,7,8,6,6,6,90,85
Garnet Hathaway,CGY,R,2016-12-23,false,VAN,1,3,1,33,0,0,0,0,0,0,12,8731,218,35,11,6,3,2,9,8
Scott Hartnell,CBJ,L,2016-11-20,false,WSH,4,6,6,4,1,0,0,0,0,0,15,11786,294,16,8,7,9,3,0,0
Ryan Hartman,CHI,L,2016-11-23,false,SJS,4,1,2,2,0,0,0,0,0,0,30,10183,238,21,8,8,4,4,1,3
Scott Harrington,CBJ,D,2017-03-19,false,NJD,1,2,3,6,0,0,0,0,0,0,8,11805,284,16,19,7,4,2,0,0
Martin Hanzal,ARI,C,2016-11-29,false,SJS,3,4,-7,6,0,2,0,0,1,1,40,17784,389,33,13,12,12,4,188,150
Jannik Hansen,VAN,R,2016-12-18,false,CBJ,3,4,-2,23,0,0,0,0,0,0,24,16044,359,14,3,15,6,9,0,0
Noah Hanifin,CAR,D,2016-11-18,false,MTL,0,7,-8,8,0,3,0,0,0,0,30,17063,353,11,9,11,11,4,0,0
Travis Hamonic,NYI,D,2016-11-23,false,LAK,2,4,-9,23,0,1,0,0,0,0,21,19428,365,25,32,14,8,6,0,0
Dougie Hamilton,CGY,D,2016-11-12,false,NYR,2,4,-9,18,0,1,0,0,1,0,42,17828,423,28,15,12,11,3,0,0
Freddie Hamilton,CGY,C,2016-12-02,false,MIN,1,0,-1,6,0,0,0,0,1,0,16,9291,222,25,1,7,1,3,50,38
Dan Hamhuis,DAL,D,2016-11-15,false,NJD,0,5,-3,8,0,0,0,1,0,0,21,20045,445,23,24,11,7,2,0,0
Taylor Hall,NJD,L,2016-12-03,false,NSH,6,9,0,6,3,2,0,0,2,1,63,19961,393,18,11,19,7,11,1,3
Micheal Haley,SJS,C,2016-12-07,false,OTT,0,2,0,32,0,0,0,0,0,0,12,7517,195,50,6,5,7,6,2,4
Ron Hainsey,CAR,D,2016-11-18,false,MTL,1,4,-1,6,0,0,1,0,0,0,17,20941,429,24,18,10,12,3,0,0
Carl Hagelin,PIT,L,2016-11-16,false,WSH,2,4,-1,2,0,0,0,1,0,0,27,15568,382,15,9,11,10,6,0,1
Carl Gunnarsson,STL,D,2016-11-22,false,BOS,0,1,0,4,0,0,0,0,0,0,8,13525,343,13,21,6,1,0,0,0
Jake Guentzel,PIT,C,2017-02-09,false,COL,5,4,5,6,0,0,0,0,0,0,18,14063,309,40,8,5,3,4,8,8
Radko Gudas,PHI,D,2016-11-25,false,NYR,1,6,-2,9,0,1,0,0,0,0,26,19616,417,68,45,22,10,5,0,0
Eric Gryba,EDM,D,2016-12-21,false,ARI,0,0,1,34,0,0,0,0,0,0,16,16354,351,64,13,5,5,3,0,0
Mikhail Grigorenko,COL,C,2016-11-17,false,DAL,1,5,-2,8,0,3,0,0,0,0,22,12727,286,7,5,5,3,9,30,37
Seth Griffith,FLA,C,2016-12-16,false,COL,0,4,3,2,0,1,0,0,0,0,13,11176,249,22,4,13,5,1,1,4
Andy Greene,NJD,D,2016-11-17,false,ANA,2,2,2,0,0,0,1,0,1,1,19,21238,449,19,34,13,12,4,0,0
Matt Greene,LAK,D,2016-12-10,false,OTT,1,1,1,15,0,0,0,0,0,0,9,12712,331,50,19,8,13,1,0,0
Mike Green,DET,D,2016-11-12,false,MTL,3,7,1,14,1,1,0,0,0,0,28,23002,455,15,21,13,12,8,0,0
Kevin Gravel,LAK,D,2016-12-08,false,CAR,0,1,4,4,0,0,0,0,0,0,11,13458,322,21,25,8,8,0,0,0
Tyler Graovac,MIN,C,2016-12-04,false,EDM,2,0,0,2,0,0,0,0,0,0,13,8912,224,19,1,9,0,4,45,50
Derek Grant,BUF,C,2016-11-15,false,STL,0,2,-2,13,0,0,0,0,0,0,12,11133,277,14,9,7,3,3,84,76
Mikael Granlund,MIN,C,2016-11-17,false,BOS,4,5,4,2,1,1,1,0,2,0,31,18442,399,13,10,17,6,7,3,4
Markus Granlund,VAN,C,2016-11-13,false,DAL,4,2,-4,6,1,0,0,0,1,1,26,15588,358,8,3,10,4,11,14,25
Michael Grabner,NYR,R,2016-11-13,false,EDM,10,3,15,0,0,0,0,1,1,0,36,12393,334,9,12,9,7,16,2,1
Yanni Gourde,TBL,C,2017-04-02,false,DAL,4,2,-4,6,0,0,1,0,1,1,24,14653,327,8,3,8,4,12,48,70
Shayne Gostisbehere,PHI,D,2016-11-12,false,MIN,3,7,-6,8,1,4,0,0,1,0,48,20148,414,7,20,30,18,5,0,0
Josh Gorges,BUF,D,2016-11-15,false,STL,0,0,-2,19,0,0,0,0,0,0,4,18493,439,41,32,5,5,0,0,1
Cody Goloubef,COL,D,2017-01-23,false,SJS,0,3,-10,15,0,0,0,0,0,0,13,16810,391,10,21,3,3,2,0,0
Alex Goligoski,ARI,D,2016-11-17,false,VAN,0,6,-7,4,0,2,0,0,0,0,27,22225,446,16,25,8,10,1,0,0
Luke Glendening,DET,C,2016-11-12,false,MTL,1,4,1,8,0,1,0,0,0,0,21,12041,297,42,18,10,1,6,76,70
Claude Giroux,PHI,C,2016-11-12,false,MIN,4,12,-9,4,3,7,0,0,0,0,40,18838,404,12,3,15,3,5,181,166
Zemgus Girgensons,BUF,C,2016-11-15,false,STL,1,3,-5,4,0,0,0,0,0,0,34,12075,290,20,8,7,1,2,76,74
Dan Girardi,NYR,D,2016-11-21,false,PIT,3,3,14,6,0,0,0,1,3,0,17,17531,404,30,40,6,12,2,0,0
Mark Giordano,CGY,D,2016-11-12,false,NYR,1,4,-3,18,0,1,0,1,0,0,38,24116,501,12,43,16,5,12,0,0
Brian Gionta,BUF,R,2016-11-15,false,STL,3,4,0,4,0,0,0,0,1,0,37,16441,349,14,7,13,4,5,7,7
Stephen Gionta,NYI,R,2017-03-14,false,CAR,1,4,7,0,0,0,0,0,0,0,11,10464,263,37,3,2,4,2,16,16
Tom Gilbert,LAK,D,2016-12-18,false,BOS,1,4,-3,6,0,1,0,0,0,0,10,14972,349,10,25,8,6,1,0,0
Ryan Getzlaf,ANA,C,2016-11-20,false,LAK,1,14,-2,10,0,5,0,0,0,0,34,18794,396,16,12,19,12,10,122,111
Eric Gelinas,COL,D,2016-12-29,false,DAL,0,1,-2,10,0,0,0,0,0,0,21,11596,278,16,11,9,5,1,0,1
Frederik Gauthier,TOR,C,2017-01-25,false,DET,2,1,4,21,0,0,0,0,0,0,9,9036,270,12,11,4,3,3,97,89
Brendan Gaunce,VAN,C,2016-11-13,false,DAL,0,2,-3,20,0,0,0,0,0,0,14,9000,236,21,3,5,2,2,46,44
Johnny Gaudreau,CGY,L,2016-11-12,false,NYR,4,6,-10,0,0,1,0,0,0,0,42,18523,388,3,4,14,23,7,0,0
Jason Garrison,TBL,D,2016-11-14,false,NYI,0,2,-7,4,0,0,0,0,0,0,24,17264,382,20,26,14,10,6,0,0
Jake Gardiner,TOR,D,2016-11-15,false,NSH,2,5,-1,2,1,1,0,0,0,0,22,18441,394,13,15,9,19,7,0,0
Brendan Gallagher,MTL,R,2016-11-13,false,CHI,4,5,6,18,1,0,0,0,1,0,40,14459,341,18,4,14,4,7,19,23
Alex Galchenyuk,MTL,C,2016-11-13,false,CHI,6,11,12,10,1,4,0,0,0,0,31,15168,342,7,8,10,10,5,73,113
Sam Gagner,CBJ,C,2016-11-21,false,COL,7,5,6,0,2,3,0,0,1,0,37,13113,287,2,3,17,3,3,33,40
Marian Gaborik,LAK,R,2017-01-03,false,SJS,1,3,-1,4,1,1,0,0,0,0,32,14126,315,10,2,15,5,1,0,1
Michael Frolik,CGY,R,2016-11-12,false,NYR,5,5,0,4,0,0,2,0,0,0,37,14930,348,10,12,8,7,8,6,5
Cody Franson,BUF,D,2016-11-15,false,STL,0,4,1,4,0,0,0,0,0,0,25,16737,370,11,10,5,8,0,0,0
Cam Fowler,ANA,D,2016-11-12,false,NSH,4,6,-1,2,3,3,0,0,0,0,33,23152,456,9,19,8,14,3,0,0
Gustav Forsling,CHI,D,2016-11-18,false,CGY,1,3,1,2,0,1,0,0,0,0,19,15509,328,9,6,5,11,1,0,0
Filip Forsberg,NSH,L,2016-11-17,false,OTT,1,11,-2,6,0,3,0,0,0,0,32,18077,403,26,5,20,8,18,5,6
Derek Forbort,LAK,D,2016-11-13,false,WPG,0,3,0,28,0,0,0,0,0,0,13,14896,355,34,34,4,11,2,0,0
Christian Folin,MIN,D,2016-11-19,false,COL,0,2,7,16,0,0,0,0,0,0,17,16817,380,25,22,7,4,6,0,0
Marcus Foligno,BUF,L,2016-11-15,false,STL,3,2,1,8,0,0,0,0,0,0,28,15792,356,54,12,9,9,8,0,1
Nick Foligno,CBJ,L,2016-11-20,false,WSH,7,11,4,18,3,6,0,0,0,0,28,16991,386,23,9,12,6,5,14,13
Brian Flynn,MTL,C,2016-12-08,false,NJD,0,2,0,2,0,0,0,0,0,0,15,11349,307,9,8,9,6,4,18,21
Mike Fisher,NSH,C,2016-11-25,false,WPG,4,8,-5,27,3,5,0,0,1,0,31,15505,351,41,13,11,0,3,143,120
Valtteri Filppula,TBL,C,2016-11-15,false,DET,4,6,2,4,0,3,0,0,1,0,19,17164,346,7,7,5,6,7,124,171
Vernon Fiddler,NJD,C,2016-11-17,false,ANA,0,1,-2,13,0,0,0,0,0,0,14,12530,305,13,8,4,10,3,107,92
Kevin Fiala,NSH,L,2016-12-08,false,DAL,5,1,0,4,0,0,0,0,1,0,38,12164,292,14,4,3,8,11,0,0
Micheal Ferland,CGY,L,2016-11-12,false,NYR,3,4,-1,5,1,1,0,0,0,0,25,10696,268,37,2,6,8,8,0,0
Eric Fehr,PIT,C,2016-11-16,false,WSH,2,1,-2,2,0,0,0,0,1,0,15,10743,272,17,14,5,3,12,24,20
Taylor Fedun,BUF,D,2017-01-17,false,TOR,0,6,4,6,0,3,0,0,0,0,17,13324,314,4,12,3,7,2,0,0
Justin Faulk,CAR,D,2016-11-24,false,MTL,3,4,-5,8,1,3,0,0,0,0,44,22937,435,30,16,25,14,10,0,0
Jesper Fast,NYR,R,2016-11-13,false,EDM,2,6,7,10,0,0,0,0,0,0,10,12870,320,24,6,7,4,11,6,4
Justin Falk,BUF,D,2016-12-16,false,NYI,0,1,0,7,0,0,0,0,0,0,12,12425,310,29,7,7,4,2,0,0
Radek Faksa,DAL,C,2016-11-13,false,VAN,1,4,2,15,0,0,0,0,0,0,24,15779,406,19,14,15,5,10,129,141
Robby Fabbri,STL,C,2016-11-15,false,BUF,4,3,-4,13,3,1,0,0,0,0,25,15461,346,23,7,9,5,7,2,2
Adam Erne,TBL,L,2017-03-21,false,ARI,1,0,-4,4,0,0,0,0,0,0,26,11909,277,45,5,13,3,2,0,2
Loui Eriksson,VAN,L,2016-11-13,false,DAL,2,4,-4,0,0,1,0,1,0,0,26,18269,389,1,7,11,3,5,0,0
Jonathan Ericsson,DET,D,2016-11-12,false,MTL,0,4,3,35,0,0,0,0,0,0,13,16655,397,23,15,7,8,1,0,0
Toby Enstrom,WPG,D,2016-11-11,false,COL,1,3,2,10,0,1,1,0,0,0,16,21269,456,3,22,9,9,4,0,0
Tyler Ennis,BUF,L,2017-01-24,false,NSH,2,1,-5,0,0,0,0,0,0,0,32,13300,287,9,5,7,4,7,0,3
Deryk Engelland,CGY,D,2016-11-12,false,NYR,1,3,8,14,0,0,0,0,1,0,19,18394,429,27,35,11,13,2,0,0
Alexei Emelin,MTL,D,2016-11-13,false,CHI,1,3,7,20,0,0,0,0,0,0,10,20197,409,52,32,6,19,3,0,0
Ryan Ellis,NSH,D,2016-11-17,false,OTT,3,3,2,4,0,2,0,0,2,0,25,22717,453,23,31,13,7,6,0,0
Lars Eller,WSH,C,2016-11-16,false,PIT,2,0,-1,16,0,0,0,0,0,0,22,14090,312,9,3,12,5,9,93,100
Remi Elie,DAL,L,2017-04-04,false,ARI,1,5,4,8,0,0,0,0,0,0,15,14877,347,29,11,7,12,10,1,0
Oliver Ekman-Larsson,ARI,D,2016-11-17,false,VAN,5,3,-1,6,2,1,0,0,1,1,41,23886,446,28,16,19,11,5,0,0
Mattias Ekholm,NSH,D,2016-11-17,false,OTT,0,5,0,6,0,1,0,1,0,0,24,22372,441,10,29,16,18,6,0,0
Aaron Ekblad,FLA,D,2016-11-15,false,MTL,3,0,-6,18,2,0,0,0,1,1,45,22437,378,31,15,21,7,8,0,0
Jack Eichel,BUF,C,2017-01-03,false,NYR,7,6,0,4,3,3,0,0,2,0,60,18421,350,11,13,20,15,9,78,104
Nikolaj Ehlers,WPG,L,2016-11-11,false,COL,4,10,4,8,0,2,0,0,1,0,40,17209,353,9,6,21,8,5,0,1
Joel Edmundson,STL,D,2016-12-09,false,NJD,0,2,-3,21,0,0,0,0,0,0,17,15113,386,31,18,8,2,3,0,0
Alexander Edler,VAN,D,2016-11-15,false,NYR,1,0,-6,4,1,0,0,0,0,0,37,23724,467,30,41,10,7,4,2,1
Jordan Eberle,EDM,C,2016-11-13,false,NYR,5,7,-6,2,1,2,0,0,0,0,49,17638,380,3,7,12,3,6,0,1
Patrick Eaves,DAL,R,2016-11-15,false,NJD,7,6,-3,4,3,3,0,0,0,0,40,16250,387,22,12,20,2,0,0,1
Cody Eakin,DAL,C,2016-12-31,false,FLA,0,1,-7,17,0,0,0,0,0,0,14,13484,341,18,7,11,5,1,96,103
Ryan Dzingel,OTT,L,2016-11-15,false,PHI,5,4,5,0,0,1,1,0,1,0,28,12704,292,10,10,7,4,7,1,2
Christian Dvorak,ARI,C,2016-11-27,false,EDM,2,5,2,2,0,1,0,0,0,0,15,14056,295,13,15,5,3,0,87,108
Brian Dumoulin,PIT,D,2016-11-16,false,WSH,0,2,-4,6,0,0,0,0,0,0,25,19497,449,31,18,7,9,6,0,0
Gabriel Dumont,TBL,C,2017-02-19,false,COL,1,1,-1,11,0,0,0,0,0,0,20,9332,239,33,5,3,3,2,48,39
Matt Dumba,MIN,D,2016-11-17,false,BOS,2,3,4,10,1,1,0,0,1,1,33,20370,398,25,18,13,7,5,0,0
Anthony Duclair,ARI,L,2016-11-17,false,VAN,1,2,0,4,0,0,0,0,0,0,20,13155,296,5,2,7,7,7,0,0
Matt Duchene,COL,C,2016-11-26,false,VAN,7,6,-1,2,0,2,0,0,3,1,39,17612,382,4,15,11,8,14,97,67
Brandon Dubinsky,CBJ,C,2016-11-23,false,CGY,2,4,-3,15,0,1,0,0,1,0,18,16765,389,50,11,13,8,8,155,141
Jonathan Drouin,TBL,L,2016-11-27,false,BOS,3,4,-4,6,2,1,0,0,0,0,52,16281,319,11,7,12,17,11,25,32
Leon Draisaitl,EDM,C,2016-11-13,false,NYR,3,5,-6,2,2,1,0,0,0,0,28,15920,337,6,6,12,14,10,105,106
Nic Dowd,LAK,C,2016-11-17,false,EDM,2,7,-2,2,1,2,0,0,1,1,20,13411,320,41,11,7,6,3,88,106
Drew Doughty,LAK,D,2016-11-13,false,WPG,2,4,2,14,0,1,0,0,0,0,41,26200,536,31,29,16,19,2,1,0
Jake Dotchin,TBL,D,2017-03-03,false,PIT,0,4,4,21,0,0,0,0,0,0,16,17130,361,42,9,15,7,2,0,0
Joonas Donskoi,SJS,R,2016-11-15,false,CAR,2,4,-2,6,1,2,0,0,0,0,28,14135,334,8,6,17,8,10,0,0
Max Domi,ARI,L,2016-11-17,false,VAN,1,11,-1,11,0,3,0,0,1,0,32,16863,343,11,7,14,11,5,3,3
Shane Doan,ARI,R,2016-11-17,false,VAN,1,4,-3,2,1,1,0,0,0,0,27,15099,309,29,10,8,5,2,21,26
Brenden Dillon,SJS,D,2016-11-15,false,CAR,0,1,0,12,0,0,0,0,0,0,19,15262,346,35,15,10,3,0,0,0
Phillip Di Giuseppe,CAR,L,2016-12-07,false,ANA,1,0,-9,13,0,0,0,0,1,1,25,11675,272,27,8,12,6,6,0,2
Nicolas Deslauriers,BUF,L,2017-01-03,false,NYR,0,0,-4,4,0,0,0,0,0,0,9,8118,185,43,2,6,0,1,0,0
Andrew Desjardins,CHI,L,2016-12-17,false,STL,0,0,-2,4,0,0,0,0,0,0,22,9872,227,23,4,4,3,4,19,13
David Desharnais,MTL,C,2016-11-15,false,FLA,3,3,2,2,0,1,0,0,0,0,14,12440,288,0,2,6,3,7,34,47
Jason Demers,FLA,D,2016-11-15,false,MTL,2,5,-2,6,0,3,0,1,0,0,18,19144,374,13,16,21,9,11,0,0
Michael Del Zotto,PHI,D,2016-12-17,false,DAL,4,5,-3,4,0,0,0,0,0,0,31,18080,411,67,33,11,7,3,0,0
Dylan DeMelo,SJS,D,2017-03-06,false,WPG,1,3,1,10,0,0,0,0,0,0,18,14423,340,20,16,9,5,1,0,0
Danny DeKeyser,DET,D,2016-11-12,false,MTL,1,2,0,10,0,0,0,0,0,0,8,21224,459,19,32,8,8,2,0,0
Anthony DeAngelo,ARI,D,2016-12-17,false,MIN,3,6,-1,4,2,4,0,0,0,0,28,18532,382,8,26,12,9,2,0,0
Brandon Davidson,EDM,D,2017-01-25,false,ANA,0,1,3,6,0,0,0,0,0,0,21,14080,330,16,32,6,10,1,0,0
Laurent Dauphin,ARI,C,2016-11-27,false,EDM,1,1,-1,6,0,0,1,0,0,0,23,10475,258,26,7,3,1,7,23,24
Marko Dano,WPG,C,2016-12-01,false,EDM,3,3,-1,4,2,0,0,0,0,0,19,11437,273,30,6,12,7,9,1,3
Phillip Danault,MTL,L,2016-11-13,false,CHI,5,4,4,2,0,0,0,0,1,0,24,12690,315,14,17,8,6,2,44,44
Trevor Daley,PIT,D,2016-11-16,false,WSH,1,4,2,10,1,1,0,1,0,0,21,20613,478,4,30,17,3,11,0,0
Klas Dahlbeck,CAR,D,2017-02-07,false,WSH,1,2,-3,16,0,0,0,0,0,0,11,12213,293,24,12,5,7,4,0,0
Austin Czarnik,BOS,C,2016-11-24,false,OTT,2,3,-1,4,0,1,0,0,1,0,23,13555,319,4,13,4,6,3,5,20
Matt Cullen,PIT,C,2016-11-16,false,WSH,3,6,3,4,0,1,0,0,1,0,17,13772,349,9,3,12,5,2,124,101
Lawson Crouse,ARI,L,2016-11-27,false,EDM,1,0,-6,8,0,0,0,0,0,0,17,10267,250,31,10,5,1,4,0,0
Sidney Crosby,PIT,C,2016-11-26,false,NJD,15,5,0,8,5,1,0,0,2,0,59,18423,400,21,5,14,18,7,180,201
Joseph Cramarossa,ANA,C,2016-12-09,false,SJS,1,3,-1,30,0,0,0,0,0,0,10,10740,268,35,11,7,7,5,1,0
Adam Cracknell,DAL,R,2016-11-13,false,VAN,2,1,3,0,0,0,0,0,0,0,20,10353,260,21,9,11,4,2,24,23
Charlie Coyle,MIN,C,2016-11-17,false,BOS,4,6,4,18,2,0,0,0,1,0,36,17232,376,18,16,11,10,8,10,8
Sean Couturier,PHI,C,2016-11-12,false,MIN,4,3,-3,12,0,1,0,1,1,0,26,17959,416,13,12,14,8,8,137,141
Logan Couture,SJS,C,2016-11-15,false,CAR,3,5,-3,2,2,0,0,0,0,0,51,17494,392,3,11,11,15,6,62,115
Nick Cousins,PHI,C,2016-11-22,false,FLA,3,3,1,2,1,1,0,0,0,0,24,10655,242,19,7,1,1,6,18,35
Andrew Copp,WPG,C,2016-12-01,false,EDM,2,3,-1,2,0,0,1,0,0,0,14,12054,305,20,10,6,4,8,26,39
Kyle Connor,WPG,L,2016-11-13,false,LAK,1,3,-8,4,0,2,0,0,1,0,20,12977,283,1,7,12,5,9,1,1
Brett Connolly,WSH,R,2016-12-13,false,NYI,3,1,-1,12,1,0,0,0,0,0,23,10352,238,32,1,5,2,5,3,3
Kevin Connauton,ARI,D,2017-02-16,false,LAK,0,1,-3,8,0,0,0,0,0,0,15,12409,296,35,12,10,3,2,0,0
J.T. Compher,COL,L,2017-03-31,false,STL,3,0,-2,4,1,0,0,0,1,0,22,13394,303,11,13,10,3,5,58,61
Blake Comeau,COL,L,2016-11-26,false,VAN,2,2,1,18,1,0,0,0,0,0,25,14808,344,33,7,9,3,8,41,40
Blake Coleman,NJD,C,2017-03-25,false,CAR,0,1,-6,15,0,0,0,0,0,0,21,12012,268,37,10,5,8,10,59,73
Ian Cole,PIT,D,2016-11-16,false,WSH,1,2,2,17,0,0,0,0,0,0,14,17593,403,37,36,18,10,3,0,0
Joe Colborne,COL,C,2016-11-17,false,DAL,3,1,-5,4,2,0,0,0,0,0,19,12569,289,15,6,3,3,3,20,35
Andrew Cogliano,ANA,L,2016-11-12,false,NSH,5,3,4,6,0,0,2,0,0,0,34,14380,371,15,7,4,3,5,1,5
Braydon Coburn,TBL,D,2016-11-14,false,NYI,0,3,0,10,0,0,0,0,0,0,20,15352,338,19,6,8,6,0,0,0
Cal Clutterbuck,NYI,R,2016-11-14,false,TBL,2,5,-1,8,0,0,0,0,1,0,27,15719,383,64,9,10,7,7,1,2
Kyle Clifford,LAK,L,2016-11-15,false,COL,2,1,2,31,0,0,0,0,0,0,28,9589,223,35,2,9,1,7,0,1
Adam Clendening,NYR,D,2017-01-22,false,DET,1,7,4,10,1,1,0,0,0,0,20,15502,356,7,12,9,6,5,0,0
Fredrik Claesson,OTT,D,2017-02-11,false,NYI,0,4,-1,0,0,0,0,1,0,0,10,9960,251,16,4,3,10,1,0,0
Casey Cizikas,NYI,C,2016-11-14,false,TBL,2,4,0,12,0,1,0,0,1,0,19,14505,371,42,18,3,5,8,120,139
Jakob Chychrun,ARI,D,2016-12-01,false,LAK,1,3,-3,23,0,0,0,0,0,0,18,15984,349,24,20,18,9,2,0,0
Taylor Chorney,WSH,D,2017-02-24,false,EDM,1,4,8,11,0,0,0,0,1,0,16,13396,304,25,26,9,7,3,0,0
Jason Chimera,NYI,L,2016-11-14,false,TBL,1,4,-6,16,0,0,0,0,0,0,26,13265,329,28,7,4,5,3,4,5
Alex Chiasson,CGY,R,2016-11-12,false,NYR,2,2,1,14,0,0,0,0,0,0,24,12584,318,19,2,7,5,5,0,9
Ben Chiarot,WPG,D,2016-11-13,false,LAK,0,3,-5,8,0,0,0,0,0,0,11,13126,284,21,21,1,10,2,0,0
Zdeno Chara,BOS,D,2016-11-13,false,COL,1,3,12,17,0,0,0,0,0,0,25,22574,428,25,35,10,13,10,0,0
Michael Chaput,VAN,C,2016-12-10,false,FLA,0,3,-4,11,0,0,0,0,0,0,14,10402,259,22,5,1,3,2,71,70
Cody Ceci,OTT,D,2016-11-15,false,PHI,0,2,-5,6,0,0,0,1,0,0,29,22012,508,32,38,12,14,5,0,0
Jeff Carter,LAK,C,2016-11-13,false,WPG,5,6,1,6,0,1,0,0,2,1,45,17138,372,16,6,18,9,5,133,120
William Carrier,BUF,L,2016-12-06,false,EDM,1,1,2,6,0,0,0,0,0,0,25,8628,219,55,2,6,3,2,1,1
Connor Carrick,TOR,D,2016-11-19,false,MTL,1,1,3,20,0,0,0,0,0,0,28,16974,404,17,19,11,12,4,0,0
Daniel Carr,MTL,L,2016-12-16,false,SJS,1,3,3,6,0,0,0,0,1,0,24,9873,239,13,6,10,3,3,1,1
John Carlson,WSH,D,2016-11-16,false,PIT,0,7,0,0,0,2,0,0,0,0,44,22610,409,12,22,21,18,5,0,0
Brandon Carlo,BOS,D,2016-11-13,false,COL,2,2,11,15,0,0,0,0,0,0,20,21427,426,16,33,12,4,3,0,0
Brian Campbell,CHI,D,2016-11-13,false,MTL,2,5,6,6,1,2,0,0,0,0,19,17825,368,12,14,7,12,0,0,0
Michael Cammalleri,NJD,L,2016-11-29,false,WPG,7,7,3,12,1,3,0,0,1,0,46,16591,349,12,3,16,11,7,3,4
Matt Calvert,CBJ,L,2016-11-20,false,WSH,2,1,0,12,0,0,1,0,1,0,23,14981,353,22,9,9,8,9,2,11
Ryan Callahan,TBL,R,2017-01-03,false,WPG,2,2,0,21,0,0,0,0,1,0,22,13703,314,44,11,10,8,6,5,4
Drake Caggiula,EDM,L,2016-12-19,false,STL,1,4,-3,2,1,1,0,0,0,0,16,13099,296,28,3,9,5,5,21,32
Paul Byron,MTL,L,2016-11-13,false,CHI,5,5,7,4,0,0,1,0,2,0,18,13223,345,21,5,1,6,8,2,0
Dustin Byfuglien,WPG,D,2016-11-11,false,COL,0,8,2,19,0,1,0,0,0,0,42,27418,466,45,26,27,22,13,0,0
Alexandre Burrows,VAN,L,2016-11-23,false,ARI,3,4,2,25,0,0,0,1,0,0,33,12666,330,12,2,6,4,10,0,3
Brent Burns,SJS,D,2016-11-15,false,CAR,6,8,0,4,1,2,0,0,1,0,75,22692,430,18,34,30,27,7,0,0
Alexander Burmistrov,WPG,C,2016-11-15,false,CHI,0,2,-3,2,0,0,0,1,0,0,12,11027,242,18,3,6,5,2,37,60
Andre Burakovsky,WSH,L,2016-11-16,false,PIT,2,5,-3,0,0,0,0,0,0,0,32,14764,296,7,7,11,10,11,0,0
Pavel Buchnevich,NYR,R,2017-01-23,false,LAK,6,8,4,6,1,2,0,0,0,0,27,14540,339,4,4,12,14,8,1,1
Dustin Brown,LAK,R,2016-11-13,false,WPG,2,6,-3,10,0,2,1,0,1,0,31,16013,358,42,3,11,6,6,0,1
Connor Brown,TOR,R,2016-11-15,false,NSH,1,2,-2,4,0,0,0,0,0,0,19,13105,335,16,13,9,1,3,0,0
J.T. Brown,TBL,R,2016-11-15,false,DET,2,1,-3,17,0,0,1,0,1,0,16,9976,244,19,4,7,3,3,0,1
Troy Brouwer,CGY,R,2016-11-12,false,NYR,4,3,-6,10,0,2,1,0,0,0,25,16405,375,41,11,7,3,6,9,19
Kyle Brodziak,STL,C,2016-11-15,false,BUF,1,1,-4,15,0,0,0,0,0,0,13,8778,254,16,7,4,0,3,35,58
Jonas Brodin,MIN,D,2016-11-17,false,BOS,1,4,7,8,0,0,0,0,1,0,19,18917,412,4,20,15,8,2,0,0
TJ Brodie,CGY,D,2016-11-12,false,NYR,0,3,-11,4,0,2,0,0,0,0,22,22711,493,10,18,11,15,11,0,0
Justin Braun,SJS,D,2016-11-15,false,CAR,0,1,-5,2,0,0,0,0,0,0,17,19418,400,21,35,9,9,9,0,0
Derick Brassard,OTT,C,2016-11-15,false,PHI,1,5,0,4,0,1,0,0,0,0,35,17334,363,20,2,19,9,12,143,144
Tyler Bozak,TOR,C,2016-11-15,false,NSH,5,9,-1,2,1,1,0,0,1,0,33,15291,358,12,5,9,10,9,152,101
Brian Boyle,TBL,C,2016-11-14,false,NYI,4,1,3,12,0,0,0,0,0,0,25,10886,264,22,12,2,3,6,55,51
Johnny Boychuk,NYI,D,2016-11-14,false,TBL,2,4,-1,2,0,1,1,0,1,0,43,19664,371,40,43,18,7,4,0,0
Jay Bouwmeester,STL,D,2016-11-12,false,CBJ,1,1,-8,8,0,0,0,0,0,0,20,21896,480,17,24,10,9,5,0,0
Rene Bourque,COL,R,2016-11-21,false,CBJ,5,1,-3,13,2,0,0,0,2,1,27,13905,322,26,9,13,2,6,0,3
Michael Bournival,TBL,L,2017-01-21,false,ARI,1,1,-4,2,0,0,0,0,0,0,21,9604,240,23,8,11,2,5,1,2
Lance Bouma,CGY,C,2016-12-14,false,TBL,1,2,0,11,0,0,0,0,0,0,9,10914,280,42,14,3,2,3,1,2
Reid Boucher,VAN,C,2017-02-12,false,BUF,1,2,1,2,0,0,0,0,0,0,21,9927,219,13,8,5,1,8,0,0
Robert Bortuzzo,STL,D,2017-01-19,false,WSH,1,1,4,2,0,0,0,0,0,0,20,13787,363,41,28,10,9,3,0,0
Mark Borowiecki,OTT,D,2016-11-15,false,PHI,0,0,3,21,0,0,0,0,0,0,6,11810,319,53,21,4,3,1,0,0
Nick Bonino,PIT,C,2016-11-16,false,WSH,1,4,-4,4,0,1,1,0,0,0,23,16931,407,15,24,5,7,11,140,147
Jared Boll,ANA,R,2016-11-17,false,NJD,0,1,-6,26,0,0,0,0,0,0,6,6210,161,12,2,1,2,1,0,1
Zach Bogosian,BUF,D,2016-12-31,false,BOS,0,2,-8,13,0,0,0,0,0,0,15,19202,414,25,30,7,7,5,0,0
Mikkel Boedker,SJS,L,2016-11-15,false,CAR,2,0,-6,2,0,0,0,0,0,0,17,14635,348,12,3,13,11,7,2,8
Anton Blidh,BOS,L,2017-01-12,false,NSH,1,1,-1,5,0,0,0,0,0,0,25,8555,202,34,4,9,4,4,0,0
Joseph Blandisi,NJD,L,2017-03-11,false,ARI,1,4,-6,18,0,2,0,0,0,0,12,11776,283,21,2,9,1,5,37,37
Nick Bjugstad,FLA,C,2016-12-23,false,DET,1,1,-9,8,0,1,0,0,0,0,22,12836,287,27,3,6,6,6,41,51
Oliver Bjorkstrand,CBJ,R,2017-03-10,false,BUF,4,4,4,6,0,0,0,0,2,0,30,13635,307,8,4,10,5,7,1,0
Anthony Bitetto,NSH,D,2017-01-26,false,CBJ,0,3,-1,15,0,0,0,0,0,0,11,11201,282,23,14,7,3,0,0,0
Kevin Bieksa,ANA,D,2016-11-12,false,NSH,1,0,-2,19,1,0,0,0,0,0,29,19351,390,35,13,12,5,2,0,0
Alex Biega,VAN,D,2017-01-20,false,FLA,0,2,0,10,0,0,0,0,0,0,16,14575,355,38,14,16,2,3,0,0
Patrik Berglund,STL,C,2016-11-12,false,CBJ,1,3,-4,8,0,0,0,0,0,0,25,14580,368,31,8,15,3,5,111,95
Patrice Bergeron,BOS,C,2016-11-22,false,STL,3,2,-1,4,1,0,0,0,1,0,64,17672,380,11,12,22,3,5,219,153
Matt Benning,EDM,D,2016-12-01,false,WPG,0,4,5,6,0,1,0,0,0,0,19,15570,348,36,14,11,11,1,0,0
Sam Bennett,CGY,C,2016-11-12,false,NYR,3,4,-3,26,1,0,0,0,0,0,19,14235,329,33,2,10,5,10,82,91
Beau Bennett,NJD,R,2016-11-19,false,LAK,0,5,0,4,0,0,0,0,0,0,27,13154,282,13,3,14,6,6,1,2
Jamie Benn,DAL,L,2016-11-13,false,VAN,4,10,-5,23,3,2,0,0,1,0,36,18990,457,29,6,19,8,14,86,68
Jordie Benn,DAL,D,2016-11-17,false,COL,1,4,2,10,0,2,0,0,0,0,23,18031,417,9,28,13,9,2,0,0
Pierre-Edouard Bellemare,PHI,L,2016-11-12,false,MIN,0,3,2,2,0,0,0,1,0,0,17,13133,324,13,14,9,2,3,89,98
Matt Beleskey,BOS,L,2016-11-17,false,MIN,1,2,-4,15,0,1,0,0,0,0,25,14561,315,34,8,13,4,4,19,26
Anthony Beauvillier,NYI,C,2016-11-25,false,SJS,2,4,4,4,0,0,0,0,0,0,15,11446,255,22,3,4,4,4,9,9
Nathan Beaulieu,MTL,D,2016-11-13,false,CHI,1,4,10,9,0,1,0,0,1,0,15,16984,361,18,28,7,22,5,0,0
Francois Beauchemin,COL,D,2016-11-17,false,DAL,0,3,1,4,0,1,0,0,0,0,25,19192,429,16,27,9,10,6,0,0
Jay Beagle,WSH,C,2016-11-16,false,PIT,3,4,5,2,0,0,1,1,1,0,24,11619,288,9,6,4,5,2,104,71
Matt Bartkowski,CGY,D,2017-03-23,false,NSH,0,1,1,9,0,0,0,0,0,0,9,14427,346,26,9,5,10,2,0,0
Tyson Barrie,COL,D,2016-11-17,false,DAL,1,5,-7,4,0,3,0,0,1,0,38,21555,444,11,16,21,8,3,0,0
Aleksander Barkov,FLA,C,2016-11-15,false,MTL,2,6,1,0,0,2,0,0,1,1,31,18460,364,7,6,10,4,14,109,116
Mark Barberio,MTL,D,2017-01-07,false,TOR,0,2,1,6,0,0,0,0,0,0,22,14186,311,7,16,6,10,3,0,0
Ivan Barbashev,STL,C,2017-03-13,false,LAK,2,1,3,2,0,0,0,0,1,0,9,10300,238,26,8,6,1,2,42,53
Justin Bailey,BUF,R,2017-02-14,false,OTT,2,1,5,2,0,0,0,0,1,0,21,9909,238,17,9,6,6,5,0,0
Josh Bailey,NYI,R,2016-11-14,false,TBL,2,6,2,0,0,1,0,0,1,1,27,18093,380,5,15,11,4,10,4,3
Sven Baertschi,VAN,L,2016-11-13,false,DAL,1,4,-4,0,0,0,0,0,1,0,22,13697,315,9,8,5,4,3,1,0
Nicklas Backstrom,WSH,C,2016-11-16,false,PIT,4,11,1,6,0,6,0,0,1,0,32,17485,365,11,4,4,9,7,143,115
Mikael Backlund,CGY,C,2016-11-12,false,NYR,1,6,-2,6,0,1,0,2,0,0,32,16168,382,10,15,8,9,5,141,126
David Backes,BOS,R,2016-11-25,false,CGY,4,4,4,21,1,1,0,0,0,0,38,17339,351,45,10,13,9,5,34,41
Yohann Auvitu,NJD,D,2016-11-23,false,TOR,2,2,3,0,0,1,0,0,0,0,39,16014,343,13,6,9,7,6,0,0
Cam Atkinson,CBJ,R,2016-11-20,false,WSH,5,10,-3,4,4,4,0,0,2,1,46,16759,393,8,8,15,1,5,2,0
Andreas Athanasiou,DET,C,2016-12-13,false,ARI,5,1,1,0,0,0,0,0,0,0,26,12109,272,5,5,12,4,3,11,14
Viktor Arvidsson,NSH,L,2016-11-17,false,OTT,5,5,-1,2,1,1,1,1,0,0,52,14294,349,6,10,14,6,5,2,1
Joel Armia,WPG,R,2017-01-04,false,FLA,1,3,0,8,0,0,0,0,0,0,33,14059,330,13,6,8,10,12,2,4
Artem Anisimov,CHI,C,2016-11-15,false,WPG,8,9,10,12,1,3,0,0,3,1,26,16994,369,9,3,11,0,8,102,137
Sven Andrighetto,MTL,R,2017-01-20,false,NJD,2,4,5,2,0,1,0,0,0,0,17,10211,250,18,8,10,1,3,0,0
Andy Andreoff,LAK,L,2017-01-16,false,TBL,0,0,-2,22,0,0,0,0,0,0,10,10105,227,34,5,8,5,1,25,16
Josh Anderson,CBJ,R,2016-11-20,false,WSH,5,1,8,17,0,0,0,0,1,0,21,11691,303,25,12,6,6,2,4,5
Karl Alzner,WSH,D,2016-11-16,false,PIT,2,2,6,8,0,0,0,0,0,0,20,19287,414,18,23,4,7,4,0,0
Sebastian Aho,CAR,R,2016-11-18,false,MTL,2,8,0,2,0,3,0,0,0,0,35,14387,318,7,2,16,8,6,0,1
Noel Acciari,BOS,C,2016-12-15,false,ANA,0,2,0,4,0,0,0,0,0,0,13,9403,227,38,2,5,2,7,9,12
Justin Abdelkader,DET,L,2016-11-18,false,WSH,3,1,-3,13,2,0,0,0,0,0,26,16317,342,40,5,9,4,5,0,4
Steven Stamkos,TBL,C,2016-11-14,false,NYI,8,11,1,14,3,4,0,0,1,0,57,18107,362,21,3,18,6,15,105,90
Brad Richardson,ARI,R,2016-11-17,false,VAN,5,4,-1,15,0,0,2,1,0,0,25,14732,339,19,7,7,3,10,121,109
Kyle Rau,FLA,C,2016-12-01,false,DET,2,1,-1,4,0,0,0,0,0,0,15,10137,231,16,2,2,1,4,2,1
Tyler Pitlick,EDM,R,2016-11-13,false,NYR,5,1,0,4,0,0,0,0,1,0,28,9731,240,41,5,4,5,1,2,1
Johan Larsson,BUF,C,2016-11-15,false,STL,2,4,-4,6,0,0,0,0,2,0,14,16736,358,20,13,11,9,6,116,120
Erik Gudbranson,VAN,D,2016-11-13,false,DAL,0,3,-7,7,0,0,0,0,0,0,22,19104,407,33,20,5,13,3,0,0
Ryan Garbutt,ANA,C,2016-11-12,false,NSH,1,1,-3,12,0,0,0,1,1,0,17,10103,269,30,9,13,1,1,5,3
