James van Riemsdyk,TOR,L,2016-12-11,false,COL,12,9,-4,12,2,3,0,0,1,0,82,25887,577,34,13,20,8,12,1,3
Trevor van Riemsdyk,CHI,D,2017-01-26,false,WPG,1,5,5,8,0,0,0,0,0,0,31,30387,663,12,43,13,17,12,0,0
Calvin de Haan,NYI,D,2016-12-10,false,CBJ,1,6,9,26,0,0,0,0,0,0,42,29880,587,41,76,14,20,5,0,0
Jason Zucker,MIN,L,2016-12-11,false,STL,5,10,15,10,0,0,0,0,0,0,43,21698,501,28,13,27,8,15,1,2
Mats Zuccarello,NYR,R,2016-12-06,false,NYI,7,10,1,8,2,1,0,0,0,0,63,30602,624,32,11,15,13,21,3,2
Mika Zibanejad,NYR,C,2017-02-05,false,CGY,7,13,2,8,0,5,0,0,0,0,62,27328,648,10,15,37,13,16,267,230
Henrik Zetterberg,DET,L,2016-12-06,false,WPG,6,14,5,6,1,3,0,0,0,0,56,31476,631,16,11,14,11,16,213,197
Travis Zajac,NJD,C,2016-12-09,false,STL,8,13,2,14,3,2,0,0,1,0,60,32642,697,34,9,9,6,11,287,272
Nikita Zaitsev,TOR,D,2016-12-11,false,COL,0,10,-9,6,0,3,0,0,0,0,37,35832,786,62,41,24,19,14,0,0
Nikita Zadorov,COL,D,2016-12-14,false,PHI,0,5,-9,35,0,0,0,0,0,0,18,28087,654,65,36,17,10,6,0,0
Pavel Zacha,NJD,C,2016-12-20,false,NSH,2,5,-13,10,1,2,0,0,0,0,29,22419,476,26,15,11,7,5,81,105
Keith Yandle,FLA,D,2016-12-06,false,PHI,1,11,3,16,1,3,0,0,0,0,66,35444,662,9,29,30,23,8,0,0
Nail Yakupov,STL,R,2017-01-17,false,OTT,3,3,-6,10,0,0,0,0,0,0,21,17258,424,20,6,12,3,8,0,0
Miles Wood,NJD,L,2017-01-17,false,MIN,5,3,-5,22,0,0,0,0,0,0,43,19527,470,31,9,22,7,8,1,0
Luke Witkowski,TBL,D,2017-03-27,false,CHI,0,3,-3,32,0,0,0,0,0,0,18,15771,378,59,13,7,7,3,0,0
Daniel Winnik,WSH,L,2017-01-03,false,TOR,5,4,8,17,0,0,1,0,1,0,28,19257,444,13,15,10,14,10,4,4
Tommy Wingels,SJS,C,2016-12-16,false,MTL,4,1,0,13,0,0,0,0,2,0,28,15411,411,48,15,6,8,0,49,64
Scott Wilson,PIT,L,2016-12-14,false,BOS,4,6,-1,2,0,0,0,0,1,0,49,18896,473,58,13,16,4,6,1,0
Colin Wilson,NSH,L,2016-12-13,false,STL,5,9,1,8,2,0,0,0,0,0,47,24140,554,18,11,14,8,11,0,3
Tom Wilson,WSH,R,2016-12-11,false,VAN,2,0,4,23,0,0,0,0,0,0,29,20728,483,57,8,5,5,13,0,3
Justin Williams,WSH,R,2016-12-11,false,VAN,5,3,-4,16,1,1,0,0,0,0,56,25965,530,8,16,34,12,15,37,25
Patrick Wiercioch,COL,D,2016-12-16,false,FLA,2,6,-3,17,0,0,0,0,0,0,30,28584,662,29,31,10,7,3,0,0
Chris Wideman,OTT,D,2016-12-18,false,NYI,1,6,0,12,0,1,0,0,1,0,38,21472,561,23,18,13,15,4,0,0
Dennis Wideman,CGY,D,2016-12-19,false,ARI,2,6,0,18,2,2,0,0,0,0,52,34237,754,27,29,14,24,9,0,0
Ryan White,ARI,C,2016-12-12,false,PIT,1,3,-7,60,0,0,0,0,1,0,21,16899,403,85,14,8,2,3,29,43
Blake Wheeler,WPG,R,2016-12-03,false,STL,8,12,4,18,1,4,1,1,0,0,76,33275,697,43,15,24,20,14,29,29
Zach Werenski,CBJ,D,2016-12-13,false,EDM,6,12,6,6,3,6,0,0,1,1,76,35345,747,20,32,30,15,8,0,0
Alexander Wennberg,CBJ,C,2016-12-13,false,EDM,6,18,7,4,1,12,0,0,2,0,32,29247,642,26,20,9,12,11,190,237
Dale Weise,PHI,R,2016-12-11,false,DET,2,2,1,8,1,0,0,0,1,0,35,19835,457,45,6,14,7,8,0,0
Yannick Weber,NSH,D,2016-12-13,false,STL,0,3,6,19,0,0,0,0,0,0,27,18656,452,31,22,16,11,0,0,0
Shea Weber,MTL,D,2016-12-08,false,NJD,8,10,16,14,7,3,0,1,3,0,70,42068,780,61,56,34,35,4,0,0
Austin Watson,NSH,L,2016-12-19,false,PHI,1,5,8,21,0,0,0,1,0,0,31,18660,450,49,13,13,0,7,0,3
Joel Ward,SJS,R,2016-12-09,false,ANA,2,6,0,8,0,0,1,0,1,0,41,26328,620,27,22,18,20,13,65,76
Chris Wagner,ANA,C,2017-03-05,false,VAN,3,1,-2,6,0,0,0,0,0,0,29,15488,386,62,15,13,9,3,36,58
Radim Vrbata,ARI,R,2016-12-10,false,NSH,8,10,-6,6,2,2,0,0,0,0,81,27755,598,20,7,29,10,16,10,11
Jakub Voracek,PHI,R,2016-12-04,false,NSH,8,15,-6,32,1,8,0,0,1,1,93,31772,667,9,7,33,14,10,0,5
Marc-Edouard Vlasic,SJS,D,2016-12-09,false,ANA,3,4,4,26,1,2,0,0,2,1,52,34905,700,8,46,24,25,6,0,0
Jimmy Vesey,NYR,L,2016-12-06,false,NYI,9,7,2,2,3,2,0,0,3,0,44,23877,524,22,11,15,11,16,1,4
Kris Versteeg,CGY,R,2016-12-31,false,ARI,6,11,2,8,2,4,0,0,1,0,38,22348,484,2,11,14,14,14,9,7
Antoine Vermette,ANA,C,2016-12-07,false,CAR,4,5,-4,18,1,1,0,0,0,0,44,26112,677,25,18,18,10,7,292,152
Frank Vatrano,BOS,C,2017-02-23,false,LAK,9,6,-3,6,4,1,0,0,1,0,77,22967,532,36,8,34,4,6,2,5
Sami Vatanen,ANA,D,2016-12-07,false,CAR,1,10,8,8,1,6,0,0,0,0,36,35383,709,31,51,9,13,8,0,0
Thomas Vanek,DET,L,2017-01-04,false,ANA,7,14,0,14,3,3,0,0,0,0,68,24428,534,16,1,11,11,12,5,9
Chris VandeVelde,PHI,C,2016-12-04,false,NSH,5,4,-4,6,0,0,0,0,0,0,24,17631,452,35,20,9,5,5,16,12
Scottie Upshall,STL,R,2016-12-13,false,NSH,3,3,-5,13,0,0,0,0,0,0,26,16640,466,27,4,11,5,6,1,3
Fedor Tyutin,COL,D,2016-12-23,false,CHI,1,7,-9,10,0,0,0,0,0,0,21,30713,714,52,37,4,6,5,0,0
Kyle Turris,OTT,C,2016-12-07,false,SJS,11,7,0,8,1,3,0,0,3,2,53,31181,675,6,21,21,22,7,206,213
Nikita Tryamkin,VAN,D,2016-12-30,false,ANA,1,3,2,23,0,0,0,0,0,0,24,26513,603,72,32,19,13,3,0,0
Jacob Trouba,WPG,D,2017-01-07,false,BUF,2,11,4,18,0,0,0,1,0,0,59,38659,762,40,58,29,30,15,0,0
Vincent Trocheck,FLA,C,2016-12-06,false,PHI,6,8,-8,10,0,3,0,0,1,1,66,33980,655,67,17,33,26,25,281,277
Jordin Tootoo,CHI,R,2016-12-20,false,OTT,0,0,-1,16,0,0,0,0,0,0,26,11051,284,22,4,11,6,4,1,0
Tyler Toffoli,LAK,C,2016-12-10,false,OTT,5,10,10,8,2,1,0,1,0,0,82,29131,635,32,2,34,16,8,1,2
Jonathan Toews,CHI,C,2016-12-23,false,COL,5,10,2,17,2,3,0,0,2,0,71,33564,698,17,10,17,17,12,361,243
Matthew Tkachuk,CGY,L,2016-12-10,false,WPG,6,9,5,49,1,2,0,0,1,0,47,23510,522,25,7,24,8,13,4,5
Chris Tierney,SJS,C,2016-12-09,false,ANA,2,6,-3,0,0,0,1,1,1,0,27,21756,548,15,17,10,19,11,129,137
Shawn Thornton,FLA,L,2017-02-09,false,LAK,1,1,-4,23,0,0,0,0,0,0,18,11405,292,26,2,11,6,1,5,7
Joe Thornton,SJS,C,2016-12-09,false,ANA,2,14,1,6,0,7,0,0,0,0,27,30551,647,22,9,9,27,19,159,112
Chris Thorburn,WPG,R,2016-12-11,false,EDM,3,0,-5,58,0,0,1,0,0,0,19,13163,369,45,18,2,3,2,9,12
Nate Thompson,ANA,C,2017-04-01,false,EDM,0,0,2,9,0,0,0,0,0,0,18,16748,430,61,9,5,5,6,114,106
Shea Theodore,ANA,D,2017-02-07,false,NYR,1,7,-12,24,1,1,0,1,0,0,45,27544,578,11,21,23,23,4,0,0
Teuvo Teravainen,CAR,L,2016-12-08,false,LAK,7,5,-2,6,2,3,0,0,1,0,45,25883,561,9,5,20,14,10,41,60
Matt Tennyson,CAR,D,2017-01-14,false,NYI,0,4,0,0,0,0,0,0,0,0,24,23049,520,30,29,10,9,8,0,0
John Tavares,NYI,C,2016-12-10,false,CBJ,9,13,1,22,3,3,0,0,0,0,80,32525,641,10,6,28,21,21,282,265
Tomas Tatar,DET,L,2016-12-06,false,WPG,4,7,-7,12,0,1,0,0,0,0,59,28216,613,26,11,25,9,11,3,3
Vladimir Tarasenko,STL,R,2016-12-08,false,NYI,13,15,-1,2,3,8,0,0,3,2,95,30104,712,7,10,36,11,18,0,1
Christopher Tanev,VAN,D,2017-02-02,false,SJS,0,5,6,6,0,0,0,0,0,0,18,32482,736,5,50,11,14,7,0,0
Brandon Tanev,WPG,L,2016-12-03,false,STL,2,1,-4,24,0,0,0,0,1,0,38,19662,531,67,21,14,6,14,0,0
Brandon Sutter,VAN,C,2016-12-08,false,TBL,6,8,-15,0,2,2,0,0,1,1,64,32201,711,20,14,28,10,10,242,219
Ryan Suter,MIN,D,2016-12-11,false,STL,4,13,15,10,1,5,1,0,0,0,57,44041,782,27,33,20,11,17,0,0
Andrej Sustr,TBL,D,2016-12-04,false,CAR,0,4,-6,21,0,0,0,0,0,0,41,29179,638,19,34,9,14,12,0,0
P.K. Subban,NSH,D,2016-12-10,false,ARI,7,10,-9,23,3,4,0,0,2,0,72,40718,750,25,40,18,32,15,0,0
Mark Stuart,WPG,D,2017-02-21,false,TOR,1,0,5,19,0,0,0,0,0,0,13,18795,456,39,53,3,13,3,0,0
Ryan Strome,NYI,C,2016-12-16,false,BUF,4,4,-5,14,1,1,0,0,0,0,45,22749,490,20,7,11,15,9,75,98
Mark Streit,PHI,D,2016-12-04,false,NSH,4,9,-5,14,1,4,0,0,1,0,52,32262,722,14,28,15,14,4,0,0
Anton Stralman,TBL,D,2016-12-28,false,MTL,1,10,3,0,0,5,0,0,0,0,41,37081,720,33,24,21,7,8,0,0
Michael Stone,ARI,D,2017-01-06,false,ANA,0,6,-8,6,0,3,0,0,0,0,31,32619,707,61,64,26,11,0,1,0
Mark Stone,OTT,R,2016-12-10,false,LAK,9,11,0,8,4,4,0,0,2,0,45,29351,608,20,21,14,18,34,5,5
Chris Stewart,MIN,R,2016-12-11,false,STL,4,3,-1,33,0,1,0,0,0,0,19,16636,406,33,6,5,6,7,1,3
Derek Stepan,NYR,C,2016-12-06,false,NYI,5,13,6,10,0,5,1,0,1,0,58,28894,658,4,22,12,19,18,225,256
Lee Stempniak,CAR,R,2016-12-08,false,LAK,4,8,4,18,1,2,0,0,0,0,41,25732,570,41,7,18,15,16,1,2
Alexander Steen,STL,L,2016-12-19,false,EDM,3,14,-11,31,0,7,0,0,0,0,42,31726,751,9,25,18,6,16,31,58
Troy Stecher,VAN,D,2016-12-28,false,LAK,1,9,-5,15,0,4,0,0,0,0,71,33811,667,18,27,26,10,10,0,0
Paul Stastny,STL,C,2016-12-08,false,NYI,7,8,1,22,2,4,0,0,2,0,41,33084,760,22,16,15,4,12,309,259
Viktor Stalberg,CAR,L,2016-12-10,false,SJS,7,2,-2,23,0,0,1,0,2,0,43,20238,519,52,7,13,12,17,0,2
Matt Stajan,CGY,C,2016-12-02,false,MIN,2,5,3,10,0,0,0,0,0,0,23,22031,519,23,21,17,4,9,142,116
Drew Stafford,WPG,R,2017-01-07,false,BUF,3,4,0,10,1,1,0,0,1,0,45,21818,505,26,1,9,15,5,2,7
Eric Staal,MIN,C,2016-12-11,false,STL,6,13,10,10,1,3,0,1,3,0,77,31408,679,18,10,22,10,23,240,226
Jordan Staal,CAR,C,2016-12-28,false,PIT,7,6,-2,11,2,0,1,0,1,0,55,29686,697,58,9,23,16,21,269,180
Marc Staal,NYR,D,2016-12-06,false,NYI,3,3,9,10,0,0,0,1,0,0,28,31883,722,25,42,13,18,10,0,0
Jared Spurgeon,MIN,D,2016-12-20,false,COL,1,10,18,10,0,1,0,1,0,0,52,38006,743,15,55,13,6,9,0,0
Ryan Sproul,DET,D,2017-03-04,false,EDM,1,6,-8,6,1,2,0,0,0,0,46,24539,553,12,14,21,7,5,0,0
Ryan Spooner,BOS,C,2016-12-08,false,COL,3,6,-3,8,2,1,0,0,0,0,54,23472,502,11,6,14,13,12,8,13
Jason Spezza,DAL,C,2016-12-20,false,STL,6,11,-16,19,1,8,0,0,2,0,62,26278,623,7,9,34,16,11,153,126
Nikita Soshnikov,TOR,R,2017-01-01,false,DET,1,3,0,6,0,1,0,0,0,0,37,17235,447,52,16,17,9,4,2,11
Carl Soderberg,COL,C,2016-12-11,false,TOR,4,4,-3,14,1,0,0,0,0,0,51,26352,610,12,18,11,7,13,160,147
Devante Smith-Pelly,NJD,R,2016-12-15,false,STL,2,4,-7,4,0,2,0,0,0,0,47,22045,490,44,9,18,8,9,11,12
Craig Smith,NSH,R,2016-12-13,false,STL,6,5,1,18,2,1,0,0,0,0,52,23357,538,33,6,34,13,11,32,34
Brendan Smith,DET,D,2017-02-09,false,WSH,2,3,-1,32,1,2,0,0,1,0,36,29351,657,37,31,13,22,3,0,0
Ben Smith,TOR,R,2016-12-15,false,ARI,2,1,-2,4,0,0,0,0,0,0,23,19011,485,19,25,9,5,9,162,146
Reilly Smith,FLA,R,2016-12-06,false,PHI,4,6,-4,4,2,0,0,0,1,0,52,31479,648,26,7,25,6,25,1,1
Zack Smith,OTT,C,2016-12-07,false,SJS,3,4,-2,31,0,0,1,0,0,0,52,26345,596,50,17,18,22,11,115,107
Anton Slepyshev,EDM,L,2017-02-05,false,MTL,3,4,5,2,0,0,0,0,0,0,41,17789,415,41,7,8,11,8,1,2
Jaccob Slavin,CAR,D,2016-12-08,false,LAK,1,8,4,2,0,2,0,1,0,0,39,37676,729,11,55,13,15,18,0,0
Brady Skjei,NYR,D,2016-12-06,false,NYI,0,13,0,8,0,3,0,0,0,0,29,26923,604,40,23,15,22,4,0,1
Jeff Skinner,CAR,L,2016-12-10,false,SJS,9,13,-6,16,2,7,0,0,0,0,99,29975,616,13,9,38,21,30,4,11
Jack Skille,VAN,R,2016-12-22,false,WPG,3,1,-3,4,0,0,0,0,0,0,33,13995,348,40,8,8,4,7,0,0
Colton Sissons,NSH,C,2017-01-03,false,MTL,2,1,-2,2,0,0,1,0,0,0,10,16540,429,52,11,6,6,7,84,85
Wayne Simmonds,PHI,R,2016-12-04,false,NSH,13,11,-6,25,7,5,1,0,1,0,68,31117,704,56,21,38,14,10,6,4
Jakob Silfverberg,ANA,R,2016-12-07,false,CAR,8,11,8,4,1,1,1,0,2,0,74,29740,703,15,14,20,16,14,1,3
Nick Shore,LAK,C,2016-12-13,false,BUF,1,4,-2,12,0,0,0,0,0,0,26,19208,462,21,11,12,8,4,119,142
Devin Shore,DAL,C,2016-12-06,false,CGY,2,8,-5,4,0,3,0,0,0,0,28,21072,515,16,22,12,4,12,104,116
Conor Sheary,PIT,L,2016-12-22,false,CBJ,8,11,10,12,1,1,0,0,2,0,65,24348,557,9,10,16,11,11,0,0
Riley Sheahan,DET,C,2016-12-06,false,WPG,0,5,-10,12,0,1,0,0,0,0,39,22125,530,24,15,15,9,9,63,57
Logan Shaw,ANA,C,2017-01-17,false,TBL,1,1,-3,6,0,0,0,0,0,0,32,14270,396,26,11,10,2,6,34,72
Andrew Shaw,MTL,C,2016-12-08,false,NJD,6,7,11,58,1,1,0,0,0,0,53,24508,538,69,13,15,10,12,103,88
Kevin Shattenkirk,STL,D,2016-12-08,false,NYI,6,13,-2,23,5,7,0,0,0,0,53,32779,725,28,24,21,15,10,0,0
Patrick Sharp,DAL,L,2017-02-04,false,CHI,6,6,-9,23,0,0,1,0,0,0,75,26356,608,18,10,27,12,5,19,17
Michael Sgarbossa,FLA,C,2017-02-11,false,NSH,2,6,-3,4,1,1,0,0,0,0,30,19229,474,27,15,7,9,3,114,140
Damon Severson,NJD,D,2016-12-09,false,STL,3,12,-10,23,0,6,0,0,1,0,45,34072,727,29,23,13,27,10,0,0
Devin Setoguchi,LAK,R,2016-12-22,false,NSH,4,4,-2,6,0,1,0,0,0,0,35,21102,494,36,4,16,13,8,2,2
Andrej Sekera,EDM,D,2016-12-04,false,MIN,3,7,9,8,0,2,0,0,0,0,26,33510,701,18,44,21,19,18,0,0
Dennis Seidenberg,NYI,D,2016-12-27,false,WSH,4,8,13,18,0,0,0,0,0,0,31,31201,598,40,59,6,17,2,0,0
Tyler Seguin,DAL,C,2016-12-06,false,CGY,9,18,-10,8,6,6,0,0,1,0,91,30806,683,26,7,40,12,11,165,148
Lukas Sedlak,CBJ,C,2016-12-18,false,VAN,2,5,6,6,0,0,0,0,0,0,22,15243,375,27,11,15,6,7,76,79
Daniel Sedin,VAN,L,2016-12-08,false,TBL,8,10,-4,6,3,3,0,0,1,0,75,30607,645,8,8,24,11,9,2,2
Henrik Sedin,VAN,C,2016-12-08,false,TBL,7,10,-6,6,1,5,0,0,1,1,30,31808,642,6,3,10,20,5,195,196
Brent Seabrook,CHI,D,2016-12-04,false,WPG,2,13,7,6,2,3,0,0,0,0,44,37090,776,42,39,19,30,8,0,0
Jaden Schwartz,STL,L,2016-12-15,false,NJD,11,8,2,6,3,1,0,0,3,1,70,31455,733,27,18,28,6,20,32,40
Justin Schultz,PIT,D,2016-12-08,false,FLA,3,10,16,6,0,2,0,0,0,0,50,27469,631,21,24,16,13,6,0,0
Nick Schultz,PHI,D,2017-04-08,false,CBJ,0,4,2,10,0,0,0,0,0,0,24,24547,611,42,57,15,13,1,0,0
Jordan Schroeder,MIN,C,2017-02-27,false,LAK,4,7,7,0,0,0,0,0,0,0,27,16046,356,20,11,9,2,8,6,10
Nate Schmidt,WSH,D,2016-12-21,false,PHI,0,6,2,8,0,0,0,0,0,0,30,24614,526,26,12,17,26,20,0,0
Nick Schmaltz,CHI,C,2017-01-15,false,MIN,1,3,-3,2,0,1,0,0,0,0,18,18897,427,12,10,4,6,15,48,100
David Schlemko,SJS,D,2016-12-16,false,MTL,1,7,4,8,1,2,0,0,0,0,55,27771,617,18,36,19,17,17,0,0
Luke Schenn,ARI,D,2016-12-17,false,MIN,0,2,-3,20,0,0,0,0,0,0,31,26555,611,89,43,15,11,5,0,0
Brayden Schenn,PHI,C,2016-12-10,false,DAL,7,12,-7,22,6,7,0,0,2,0,61,28744,622,66,15,25,14,4,66,68
Mark Scheifele,WPG,C,2016-12-08,false,NYR,14,13,6,24,3,2,0,0,1,1,68,33302,652,28,14,17,13,22,222,277
Tim Schaller,BOS,C,2016-12-12,false,MTL,4,5,-6,17,0,0,0,0,1,0,43,20872,485,29,15,24,13,9,21,16
Colton Sceviour,FLA,C,2016-12-06,false,PHI,5,5,-5,12,1,2,2,0,1,0,50,23949,508,35,24,21,10,11,22,18
Marco Scandella,MIN,D,2017-01-07,false,LAK,2,2,-2,12,0,0,0,0,0,0,38,27553,615,19,36,11,13,9,0,0
Luca Sbisa,VAN,D,2016-12-08,false,TBL,0,7,5,15,0,0,0,0,0,0,23,28428,616,51,47,9,21,6,0,0
David Savard,CBJ,D,2016-12-13,false,EDM,1,7,15,16,0,0,0,0,0,0,42,34472,749,46,48,29,14,7,0,0
Steven Santini,NJD,D,2017-03-04,false,BOS,2,5,-1,8,0,0,0,0,0,0,30,25796,606,55,29,11,7,1,0,0
Zach Sanford,STL,L,2017-03-03,false,WPG,2,1,0,6,0,0,0,0,1,0,23,16628,393,18,14,7,10,11,10,8
Brandon Saad,CBJ,L,2016-12-13,false,EDM,8,14,12,6,0,0,0,0,1,0,71,28182,657,8,7,30,7,16,1,2
Bobby Ryan,OTT,R,2016-12-18,false,NYI,6,6,0,6,1,2,0,0,0,0,42,24524,526,37,14,18,13,7,1,2
Derek Ryan,CAR,C,2017-01-08,false,BOS,7,8,-5,10,2,4,1,0,2,0,35,23251,526,15,12,13,16,8,139,110
Bryan Rust,PIT,R,2016-12-14,false,BOS,8,5,0,4,0,0,0,1,1,1,52,20673,521,51,16,18,9,6,1,2
Kris Russell,EDM,D,2016-12-19,false,STL,0,5,2,8,0,0,0,0,0,0,33,35008,743,30,79,13,23,14,0,0
Chad Ruhwedel,PIT,D,2017-03-21,false,BUF,2,5,6,8,0,1,0,0,0,0,38,27500,628,26,24,15,8,7,0,0
Carter Rowney,PIT,R,2017-04-09,false,NYR,3,4,2,4,0,0,0,0,1,0,24,17773,441,64,15,7,5,11,95,103
Antoine Roussel,DAL,L,2016-12-06,false,CGY,4,9,3,66,0,3,0,0,2,0,33,24954,650,38,16,19,18,7,1,3
Evan Rodrigues,BUF,L,2017-04-03,false,TOR,4,2,-6,2,1,0,0,0,0,0,49,20887,456,10,12,21,9,11,92,127
Brett Ritchie,DAL,R,2016-12-06,false,CGY,6,2,0,17,1,0,0,0,0,0,57,20176,495,49,7,20,5,2,1,0
Nick Ritchie,ANA,L,2016-12-11,false,OTT,7,4,2,14,1,0,0,0,1,0,54,22420,553,83,9,21,5,4,2,2
Rasmus Ristolainen,BUF,D,2016-12-09,false,WSH,1,16,-5,12,1,11,0,0,1,1,67,43459,835,73,51,31,20,10,0,0
Morgan Rielly,TOR,D,2016-12-11,false,COL,1,14,-6,9,1,2,0,0,0,0,59,36973,854,12,49,32,36,13,0,0
Tobias Rieder,ARI,R,2016-12-13,false,DET,7,5,0,2,1,1,0,1,0,0,58,27476,620,9,12,22,7,13,1,3
Mike Ribeiro,NSH,C,2016-12-10,false,ARI,3,15,2,12,2,3,0,0,0,0,23,26059,550,21,4,8,16,7,124,148
Sam Reinhart,BUF,C,2016-12-09,false,WSH,5,9,-1,4,2,4,0,0,1,0,63,28113,565,7,11,15,13,8,46,71
Ryan Reaves,STL,R,2016-12-11,false,MIN,1,2,1,16,0,0,0,0,1,0,18,12326,323,62,6,9,2,5,0,0
Matt Read,PHI,R,2016-12-04,false,NSH,6,4,-2,2,2,0,0,0,0,0,40,23767,562,44,14,11,6,10,3,8
Dennis Rasmussen,CHI,C,2016-12-11,false,DAL,2,2,2,4,0,0,0,0,0,0,30,19978,518,29,25,8,9,12,74,87
Victor Rask,CAR,C,2016-12-08,false,LAK,9,10,1,6,3,1,0,0,2,0,59,30819,663,8,10,14,15,16,156,183
Mikko Rantanen,COL,R,2016-12-22,false,TOR,4,10,-13,6,2,4,0,0,0,0,39,29450,608,4,14,17,10,16,18,8
Rickard Rakell,ANA,C,2016-12-30,false,VAN,16,7,-2,6,4,3,0,0,3,0,73,27849,615,35,10,24,9,7,11,11
Michael Raffl,PHI,L,2016-12-22,false,NJD,7,2,3,13,0,0,0,0,2,0,35,22217,538,47,10,18,6,11,2,2
Alexander Radulov,MTL,R,2016-12-12,false,BOS,6,17,7,22,2,5,0,0,0,0,54,27345,605,26,11,26,21,19,2,2
Alan Quine,NYI,C,2017-01-06,false,COL,2,6,-1,2,1,0,0,0,1,0,37,19537,458,42,14,6,6,10,110,101
Kyle Quincey,NJD,D,2016-12-09,false,STL,2,7,5,14,0,0,0,0,0,0,34,28404,663,41,40,4,15,8,0,0
Mark Pysyk,FLA,D,2016-12-06,false,PHI,1,4,2,6,0,0,0,0,0,0,30,28939,566,21,33,14,6,12,0,1
Tom Pyatt,OTT,L,2016-12-07,false,SJS,2,4,0,6,0,0,0,1,0,0,33,26051,618,14,36,10,6,13,8,13
Jesse Puljujarvi,EDM,R,2017-01-03,false,CBJ,1,7,5,10,1,0,0,0,0,0,41,18700,433,11,10,15,10,11,0,1
Matt Puempel,NYR,L,2017-01-23,false,LAK,6,1,-7,9,3,0,0,0,1,0,30,15330,385,21,6,15,2,6,0,1
Ivan Provorov,PHI,D,2016-12-04,false,NSH,3,8,-6,8,0,2,0,0,1,0,49,33041,735,38,49,24,26,7,0,0
Dalton Prout,NJD,D,2017-04-01,false,PHI,0,5,-2,44,0,0,0,0,0,0,13,22328,530,41,22,8,11,2,0,0
Nate Prosser,MIN,D,2017-02-16,false,DAL,0,4,-2,4,0,1,0,0,0,0,13,21498,489,23,52,12,9,3,0,0
Shane Prince,NYI,L,2016-12-27,false,WSH,4,7,-9,6,1,1,0,0,1,0,45,20611,464,25,7,8,10,12,3,2
Benoit Pouliot,EDM,L,2016-12-11,false,WPG,5,2,0,22,0,0,0,0,1,0,39,24747,594,15,16,18,10,7,4,8
Paul Postma,WPG,D,2016-12-15,false,FLA,0,6,1,4,0,0,0,0,0,0,20,19382,439,14,20,6,10,2,0,0
Jason Pominville,MIN,R,2016-12-11,false,STL,5,6,1,2,0,2,0,0,0,0,55,23474,565,18,17,21,3,8,16,13
Roman Polak,TOR,D,2016-12-22,false,COL,2,2,1,26,0,0,0,0,0,0,23,27977,644,96,42,14,11,6,0,1
Brayden Point,TBL,C,2016-12-04,false,CAR,2,9,-2,8,2,2,0,0,0,0,50,24191,483,11,8,15,8,12,10,11
Tomas Plekanec,MTL,C,2016-12-08,false,NJD,2,7,2,8,0,3,1,0,1,0,53,27894,692,29,22,13,8,10,255,264
Brandon Pirri,NYR,R,2016-12-06,false,NYI,5,5,0,15,3,1,0,0,3,0,40,20882,463,18,11,22,9,11,82,55
Alex Pietrangelo,STL,D,2016-12-08,false,NYI,5,9,-9,12,3,3,0,0,1,0,67,41091,844,15,57,22,7,20,0,0
Dion Phaneuf,OTT,D,2016-12-07,false,SJS,3,7,-6,37,1,3,0,0,0,0,67,37318,863,47,60,21,16,4,0,0
Jeff Petry,MTL,D,2016-12-10,false,COL,4,7,6,10,2,2,0,0,0,0,51,35163,747,55,51,25,26,6,0,0
Alex Petrovic,FLA,D,2017-02-24,false,CGY,1,9,9,29,0,0,0,0,0,0,26,28711,558,59,31,16,14,11,0,0
Nic Petan,WPG,L,2017-01-18,false,ARI,1,10,-1,6,0,6,0,0,0,0,29,20305,464,7,6,17,5,9,86,99
Brett Pesce,CAR,D,2016-12-08,false,LAK,1,5,7,4,0,1,0,0,0,0,33,33445,690,21,57,16,15,15,0,0
Corey Perry,ANA,R,2016-12-07,false,CAR,5,17,-4,23,0,9,0,0,0,0,82,31004,655,28,10,33,4,8,0,4
David Perron,STL,L,2016-12-08,false,NYI,7,9,-5,16,2,3,0,0,2,0,52,29518,703,23,8,27,7,16,20,22
Mathieu Perreault,WPG,C,2017-01-04,false,FLA,3,6,-11,18,1,1,0,0,0,0,56,26082,563,42,9,11,7,19,96,90
Brendan Perlini,ARI,L,2017-02-09,false,MTL,8,3,-5,8,1,1,0,0,1,0,46,24391,495,22,10,19,5,2,1,0
Adam Pelech,NYI,D,2017-03-03,false,CHI,1,5,-4,2,0,0,0,0,0,0,22,25961,518,35,36,11,24,9,0,0
Tanner Pearson,LAK,L,2016-12-15,false,DET,7,5,6,5,1,2,0,0,0,0,47,25231,581,50,4,33,6,10,0,5
Joe Pavelski,SJS,C,2016-12-09,false,ANA,8,17,4,12,2,8,0,0,3,0,91,31609,671,62,28,43,31,13,157,145
Greg Pateryn,DAL,D,2017-03-17,false,CGY,1,6,-3,4,0,0,0,0,0,0,29,23374,508,46,47,15,16,4,0,0
David Pastrnak,BOS,R,2016-12-15,false,ANA,19,7,15,10,4,1,0,0,3,1,93,28111,579,22,14,30,18,15,0,1
Zach Parise,MIN,L,2016-12-31,false,CBJ,6,9,-3,16,2,2,0,0,0,0,82,29632,644,21,37,23,5,21,3,1
PA Parenteau,NJD,R,2016-12-09,false,STL,6,5,-10,16,1,0,0,0,0,0,51,25202,545,26,1,10,13,8,1,7
Colton Parayko,STL,D,2016-12-08,false,NYI,0,14,5,10,0,4,0,0,0,0,70,34260,806,22,48,26,13,13,0,0
Cedric Paquette,TBL,C,2016-12-08,false,VAN,3,4,-2,20,0,0,0,0,0,0,31,17631,408,63,17,13,3,11,87,103
Richard Panik,CHI,R,2016-12-04,false,WPG,7,4,3,8,2,1,0,0,1,0,46,22793,513,60,16,13,11,14,0,5
Artemi Panarin,CHI,L,2016-12-04,false,WPG,10,13,11,13,2,3,0,0,1,1,73,32089,617,10,3,27,18,17,1,0
Kyle Palmieri,NJD,R,2016-12-15,false,STL,4,10,3,12,2,4,0,0,1,0,53,26569,581,55,13,28,14,9,4,8
Ondrej Palat,TBL,L,2016-12-04,false,CAR,4,9,-3,17,0,4,0,0,0,0,43,29094,596,55,13,19,14,30,2,6
Jean-Gabriel Pageau,OTT,C,2016-12-07,false,SJS,4,5,2,4,0,0,0,0,1,0,52,26234,608,64,25,13,11,5,139,112
Max Pacioretty,MTL,L,2016-12-08,false,NJD,8,11,6,18,2,2,0,1,3,0,78,29495,666,27,11,46,18,21,0,3
Magnus Paajarvi,STL,L,2017-03-31,false,COL,8,4,6,6,1,0,0,0,3,0,43,19881,491,26,15,11,0,10,1,2
Alex Ovechkin,WSH,L,2016-12-11,false,VAN,13,8,0,22,5,2,0,0,5,1,109,30369,573,66,10,51,14,12,0,1
Xavier Ouellet,DET,D,2017-01-12,false,DAL,1,4,2,36,0,0,0,0,0,0,37,29704,650,26,38,20,8,6,0,1
Steve Ott,DET,C,2016-12-15,false,LAK,2,1,-3,42,0,0,0,0,0,0,23,16468,408,55,10,6,1,6,62,49
T.J. Oshie,WSH,R,2016-12-29,false,NJD,10,5,11,10,2,2,1,1,1,0,60,28761,583,35,19,26,13,19,31,35
Brooks Orpik,WSH,D,2016-12-11,false,VAN,0,6,9,8,0,0,0,0,0,0,28,27954,577,59,44,9,16,5,0,0
Dmitry Orlov,WSH,D,2016-12-11,false,VAN,1,9,7,16,0,2,0,0,0,0,43,30753,624,41,31,19,22,11,0,0
Jamie Oleksiak,DAL,D,2017-02-28,false,PIT,5,2,-1,29,0,0,0,1,1,0,24,25379,586,36,31,8,17,6,0,0
Kyle Okposo,BUF,R,2016-12-13,false,LAK,9,12,3,8,4,8,0,0,0,0,74,31524,610,21,8,21,17,9,40,35
Johnny Oduya,DAL,D,2016-12-29,false,COL,1,5,3,8,0,0,0,0,0,0,18,30343,694,13,58,20,14,7,0,0
Ryan O'Reilly,BUF,C,2016-12-23,false,NYI,7,11,-1,6,3,7,0,0,2,0,85,34883,697,3,12,26,10,21,362,273
Gustav Nyquist,DET,R,2016-12-06,false,WPG,4,11,1,4,0,2,0,0,2,0,50,27005,582,16,10,16,8,14,3,0
William Nylander,TOR,C,2016-12-13,false,SJS,6,13,-2,6,4,6,0,0,0,0,69,26475,585,5,10,29,9,21,38,47
Markus Nutivaara,CBJ,D,2016-12-13,false,EDM,1,4,5,2,0,0,0,0,0,0,27,20781,478,17,15,9,6,3,0,0
Darnell Nurse,EDM,D,2017-02-28,false,STL,3,2,-4,17,0,0,0,0,0,0,47,28433,609,66,26,15,18,8,0,0
Ryan Nugent-Hopkins,EDM,C,2016-12-04,false,MIN,4,8,-4,8,2,0,0,0,1,0,74,28663,643,16,7,20,2,15,171,222
Joakim Nordstrom,CAR,L,2016-12-08,false,LAK,1,3,-7,8,0,0,0,0,1,0,38,21976,558,35,20,13,6,9,3,7
Jordan Nolan,LAK,C,2016-12-31,false,SJS,2,3,-2,40,0,0,0,0,0,0,21,17022,388,37,2,15,4,3,2,2
Stefan Noesen,NJD,R,2017-03-04,false,BOS,4,2,3,4,0,0,0,0,0,0,37,16067,395,34,7,10,9,8,22,37
Matt Niskanen,WSH,D,2016-12-13,false,NYI,2,10,5,8,1,1,0,1,1,0,55,35736,702,39,35,24,28,13,0,0
Matt Nieto,COL,L,2017-02-04,false,WPG,4,3,-4,6,0,0,0,0,1,0,48,22932,558,29,19,11,10,14,0,3
Frans Nielsen,DET,C,2016-12-06,false,WPG,6,9,-8,0,0,6,2,0,0,0,54,28044,683,22,21,12,7,9,194,185
Nino Niederreiter,MIN,R,2016-12-11,false,STL,8,9,11,4,3,0,0,0,1,0,47,23705,543,46,5,15,7,10,0,1
Nikita Nesterov,TBL,D,2017-01-05,false,NSH,2,4,0,18,1,0,0,0,0,0,36,26111,525,40,15,9,11,5,0,0
Patrik Nemeth,DAL,D,2017-02-28,false,PIT,0,2,-6,8,0,0,0,0,0,0,30,24693,554,29,31,11,10,7,0,0
Brock Nelson,NYI,C,2016-12-10,false,CBJ,6,11,1,14,1,3,0,1,0,0,60,26383,622,21,24,16,13,14,116,145
Chris Neil,OTT,R,2016-12-10,false,LAK,1,1,-5,38,0,0,0,0,0,0,25,13086,333,58,11,5,6,5,0,0
James Neal,NSH,L,2016-12-19,false,PHI,12,6,-5,17,2,3,0,0,1,0,85,30999,635,38,9,20,14,18,1,1
Rick Nash,NYR,R,2016-12-06,false,NYI,11,7,-4,12,4,2,0,0,1,0,78,25965,637,18,19,17,23,20,0,0
Riley Nash,BOS,C,2016-12-07,false,WSH,1,3,-1,6,0,0,0,1,0,0,38,23031,535,15,10,17,5,14,130,114
Vladislav Namestnikov,TBL,C,2016-12-08,false,VAN,3,7,-7,10,2,3,0,0,0,0,37,23229,460,15,11,15,7,5,61,67
Jake Muzzin,LAK,D,2016-12-10,false,OTT,3,3,-4,14,1,0,0,0,0,0,62,36709,838,62,43,24,20,4,0,0
Ryan Murray,CBJ,D,2016-12-23,false,MTL,0,3,4,16,0,0,0,1,0,0,22,29688,675,7,42,10,5,4,0,0
Ryan Murphy,CAR,D,2017-03-27,false,DET,0,2,-11,8,0,0,0,0,0,0,17,21339,453,2,31,7,8,11,0,0
Connor Murphy,ARI,D,2016-12-17,false,MIN,0,5,-12,19,0,0,0,0,0,0,26,34313,755,57,39,8,11,8,0,0
Matt Moulson,BUF,L,2016-12-09,false,WSH,7,3,-2,2,6,3,0,0,1,0,53,21936,442,12,8,19,4,6,0,0
Tyler Motte,CHI,L,2016-12-18,false,SJS,3,3,4,14,0,0,0,0,0,0,38,19222,495,21,20,12,3,12,4,5
Josh Morrissey,WPG,D,2016-12-03,false,STL,1,3,2,16,0,0,0,0,1,0,28,29676,632,41,45,10,10,3,0,0
Dominic Moore,BOS,C,2016-12-07,false,WSH,7,3,3,14,0,0,2,0,1,0,32,20904,493,16,15,6,7,8,129,106
John Moore,NJD,D,2016-12-09,false,STL,4,6,-1,27,0,1,0,0,0,0,37,31677,719,23,27,21,25,0,0,0
Brandon Montour,ANA,D,2017-04-09,false,LAK,2,4,11,14,0,1,0,0,0,0,50,28157,537,21,24,24,17,3,0,0
Sean Monahan,CGY,C,2016-12-02,false,MIN,6,5,-8,8,1,0,0,0,1,1,50,28899,631,13,8,21,15,17,249,231
Torrey Mitchell,MTL,C,2016-12-08,false,NJD,7,2,7,14,0,0,0,0,1,0,21,21071,561,16,23,11,17,16,157,138
John Mitchell,COL,C,2016-12-22,false,TOR,1,0,-3,14,0,0,0,0,1,0,30,21275,485,32,22,10,4,12,140,110
Drew Miller,DET,L,2017-01-04,false,ANA,4,0,-8,14,0,0,0,0,1,0,19,16300,405,41,20,4,1,7,1,0
Kevan Miller,BOS,D,2017-01-24,false,DET,1,3,-4,17,0,0,0,0,0,0,27,27805,604,54,37,6,9,4,0,0
J.T. Miller,NYR,L,2016-12-06,false,NYI,8,12,11,10,1,1,1,0,2,0,56,25549,596,45,25,18,17,20,44,63
Colin Miller,BOS,D,2016-12-23,false,CAR,2,3,-6,10,1,0,0,0,0,0,46,26592,590,30,16,29,10,7,0,0
Marc Methot,OTT,D,2016-12-17,false,NJD,0,3,9,6,0,0,0,0,0,0,41,32932,781,54,32,3,19,4,0,0
Jon Merrill,NJD,D,2017-01-31,false,DET,1,3,-1,18,0,0,0,0,0,0,21,30163,670,23,40,13,12,7,0,0
Timo Meier,SJS,R,2017-03-20,false,DAL,3,2,-1,6,0,0,0,0,1,0,66,20937,508,59,5,28,24,21,1,4
Jayson Megna,VAN,C,2017-01-12,false,PHI,3,3,0,4,0,1,0,0,0,0,33,18629,428,34,8,6,3,6,0,1
Adam McQuaid,BOS,D,2016-12-15,false,ANA,0,1,4,15,0,0,0,0,0,0,30,28683,675,64,43,12,13,4,0,0
Brayden McNabb,LAK,D,2017-02-16,false,ARI,2,2,7,27,0,0,0,0,0,0,28,25904,606,59,32,15,23,7,0,0
Cody McLeod,COL,L,2017-01-06,false,NYI,1,0,-2,47,0,0,0,0,0,0,12,9552,244,49,1,5,0,2,0,0
Curtis McKenzie,DAL,L,2016-12-31,false,FLA,3,5,4,40,0,0,0,0,1,0,41,17559,441,49,16,11,3,4,2,2
Greg McKegg,FLA,C,2017-01-23,false,ARI,3,2,-4,6,0,0,0,0,0,0,24,16771,406,29,11,4,5,5,33,32
Jamie McGinn,ARI,L,2016-12-19,false,CGY,6,3,-5,19,0,0,0,0,2,0,49,21576,502,55,10,9,9,1,0,1
Brock McGinn,CAR,L,2017-01-14,false,NYI,5,7,4,2,0,0,0,1,1,0,38,20105,491,35,17,15,5,12,1,3
Ryan McDonagh,NYR,D,2016-12-06,false,NYI,1,13,10,11,1,3,0,0,0,0,45,38891,777,26,50,20,20,15,0,0
Connor McDavid,EDM,C,2016-12-04,false,MIN,11,23,8,10,0,9,0,0,3,0,76,34072,675,8,8,24,19,18,144,192
Jay McClement,CAR,C,2016-12-08,false,LAK,1,1,-6,8,0,0,0,0,0,0,20,19270,489,27,19,11,5,11,124,126
Michael McCarron,MTL,R,2017-03-23,false,CAR,1,4,-1,37,0,0,0,0,0,0,30,15661,391,67,9,12,4,6,66,90
Jared McCann,FLA,C,2017-01-23,false,ARI,1,6,1,4,0,1,0,0,0,0,42,18769,428,24,6,16,7,6,38,55
Jake McCabe,BUF,D,2016-12-09,false,WSH,0,5,-3,16,0,1,0,0,0,0,27,34569,740,33,36,20,12,6,0,0
Shawn Matthias,WPG,L,2017-01-26,false,CHI,7,2,1,6,0,0,1,0,1,0,40,21684,529,24,11,13,6,6,5,6
Auston Matthews,TOR,C,2016-12-11,false,COL,12,8,-1,2,1,5,0,0,1,0,97,28179,596,6,22,41,14,25,131,162
Michael Matheson,FLA,D,2016-12-08,false,PIT,2,7,-2,8,0,1,0,0,0,0,56,32180,587,25,34,20,17,20,1,0
Andreas Martinsen,COL,L,2016-12-11,false,TOR,1,2,-5,20,0,0,0,1,0,0,30,17235,449,80,13,15,3,14,1,0
Jordan Martinook,ARI,L,2016-12-10,false,NSH,5,7,2,14,1,0,0,1,0,0,42,26309,638,26,25,22,8,12,158,204
Alec Martinez,LAK,D,2016-12-10,false,OTT,6,9,-3,10,1,3,0,0,3,2,58,37049,844,59,47,32,15,0,0,1
Paul Martin,SJS,D,2016-12-09,false,ANA,0,8,3,8,0,0,0,0,0,0,20,30448,654,16,44,5,20,7,0,0
Matt Martin,TOR,L,2016-12-11,false,COL,2,2,2,56,0,0,0,0,0,0,24,15583,390,110,8,9,3,6,0,6
Patrick Maroon,EDM,L,2016-12-04,false,MIN,8,5,6,28,0,2,0,0,1,0,59,24720,544,57,3,19,13,9,4,6
Mitchell Marner,TOR,C,2016-12-11,false,COL,7,13,-5,18,1,4,0,0,3,0,71,27686,593,14,19,33,21,25,7,9
Patrick Marleau,SJS,L,2016-12-09,false,ANA,6,3,-4,6,1,2,0,0,2,0,66,27647,586,30,8,25,10,14,15,21
Andrei Markov,MTL,D,2016-12-08,false,NJD,2,16,4,8,0,7,0,1,0,0,37,35891,743,19,26,15,25,11,0,0
Jonathan Marchessault,FLA,C,2016-12-22,false,BOS,10,10,0,12,3,4,0,0,2,0,70,29440,551,37,10,26,16,20,57,56
Alexey Marchenko,DET,D,2017-01-14,false,PIT,0,5,2,12,0,0,0,1,0,0,24,28881,671,6,42,14,12,3,0,0
Brad Marchand,BOS,L,2016-12-07,false,WSH,7,16,10,26,1,4,0,0,3,0,68,30063,645,18,9,31,18,19,10,11
Anthony Mantha,DET,R,2017-01-12,false,DAL,11,9,11,14,1,1,0,0,2,1,67,27916,594,17,18,21,15,12,2,2
Josh Manson,ANA,D,2016-12-07,false,CAR,0,5,-3,44,0,0,0,0,0,0,25,30648,642,70,27,12,21,7,0,0
Brandon Manning,PHI,D,2016-12-11,false,DET,3,6,-1,20,0,0,1,0,1,0,35,29660,698,59,26,11,18,1,0,0
Evgeni Malkin,PIT,C,2016-12-08,false,FLA,10,18,5,38,1,7,0,0,2,0,81,30310,642,16,12,23,23,18,177,210
Denis Malgin,FLA,C,2016-12-06,false,PHI,4,4,2,8,1,0,0,0,1,1,41,19276,426,17,7,13,5,8,49,83
Nathan MacKinnon,COL,C,2016-12-11,false,TOR,8,12,-6,0,1,5,2,0,2,0,100,32303,702,20,10,32,12,17,266,243
Derek MacKenzie,FLA,C,2016-12-06,false,PHI,2,3,4,13,0,0,0,1,0,0,32,19680,463,67,16,14,6,10,132,130
Andrew MacDonald,PHI,D,2016-12-21,false,WSH,2,9,3,6,0,0,0,0,0,0,16,32080,723,14,59,15,20,2,0,0
Olli Maatta,PIT,D,2016-12-08,false,FLA,0,1,10,6,0,0,0,0,0,0,30,29629,695,23,49,13,17,5,0,0
Roman Lyubimov,PHI,L,2016-12-28,false,STL,3,1,-1,4,0,0,0,0,0,0,28,16956,442,22,10,14,5,8,0,5
Milan Lucic,EDM,L,2016-12-04,false,MIN,7,12,0,18,2,6,0,0,1,0,63,29114,605,72,8,25,16,7,3,2
Adam Lowry,WPG,C,2016-12-03,false,STL,6,2,-4,19,1,2,0,0,0,0,35,26040,644,64,18,15,9,12,206,229
Ben Lovejoy,NJD,D,2016-12-09,false,STL,1,2,-6,10,0,0,0,0,1,0,30,32952,706,38,50,13,11,7,0,0
Bryan Little,WPG,C,2017-01-23,false,ANA,10,12,1,6,4,1,0,0,1,1,59,28689,679,10,11,23,8,12,297,231
Hampus Lindholm,ANA,D,2017-01-04,false,DET,1,4,6,20,0,2,0,0,1,0,35,36098,740,40,34,22,21,8,0,0
Elias Lindholm,CAR,C,2016-12-22,false,BUF,2,7,-6,6,0,2,0,2,0,0,51,29333,647,37,25,24,13,19,144,127
Esa Lindell,DAL,D,2016-12-27,false,ARI,3,3,4,8,0,1,0,0,2,1,33,32693,714,37,44,14,8,10,0,1
Oscar Lindberg,NYR,C,2017-01-07,false,CBJ,1,6,2,16,0,1,0,0,0,0,42,19188,470,40,15,13,4,5,130,121
John-Michael Liles,BOS,D,2017-01-18,false,DET,0,5,-1,4,0,3,0,0,0,0,23,26100,585,17,35,12,5,8,1,0
Trevor Lewis,LAK,C,2016-12-10,false,OTT,5,5,-3,6,0,1,0,0,1,0,46,22257,505,57,10,18,6,5,25,39
Mark Letestu,EDM,C,2016-12-09,false,MIN,4,6,-3,2,2,0,2,1,2,0,29,21793,555,22,13,11,10,6,152,151
Kris Letang,PIT,D,2017-01-08,false,TBL,3,19,-2,20,2,9,0,0,1,1,82,42264,815,57,51,29,34,23,0,0
Jori Lehtera,STL,C,2016-12-17,false,CHI,4,6,1,12,0,1,0,0,1,0,30,24864,638,22,13,0,5,8,178,157
Artturi Lehkonen,MTL,L,2016-12-29,false,FLA,7,2,4,6,1,1,0,0,1,0,56,22287,557,23,9,21,7,15,0,0
Anders Lee,NYI,L,2016-12-10,false,CBJ,8,3,5,16,2,0,0,0,2,0,51,21157,503,66,14,17,7,10,1,4
Nick Leddy,NYI,D,2016-12-13,false,WSH,4,9,-13,6,1,4,0,0,0,0,51,37170,651,28,44,23,8,15,0,0
Curtis Lazar,OTT,C,2017-01-26,false,CGY,0,1,-6,4,0,0,0,0,0,0,22,13558,348,48,10,6,4,5,23,39
Adam Larsson,EDM,D,2016-12-04,false,MIN,2,4,-2,22,0,0,0,0,0,0,32,32779,713,81,46,13,21,11,0,0
Dylan Larkin,DET,C,2016-12-06,false,WPG,8,2,-5,17,2,0,0,0,1,0,75,26732,572,14,7,21,19,26,57,78
Nick Lappin,NJD,R,2016-12-27,false,PIT,4,3,-5,17,0,0,0,0,0,0,39,19895,456,29,6,13,4,12,2,4
Gabriel Landeskog,COL,L,2017-01-02,false,VAN,6,6,-11,28,2,0,0,0,2,1,54,30248,650,64,12,14,12,32,20,25
Patrik Laine,WPG,R,2016-12-03,false,STL,16,7,0,8,7,2,0,0,3,1,73,29880,597,29,13,27,29,13,0,2
Andrew Ladd,NYI,L,2016-12-10,false,CBJ,3,3,-6,16,0,0,0,0,1,0,41,26663,559,30,17,19,14,19,2,2
Kevin Labanc,SJS,R,2017-01-07,false,DET,7,5,4,12,0,1,0,0,2,1,41,21545,505,10,5,18,14,9,1,2
Evgeny Kuznetsov,WSH,C,2016-12-11,false,VAN,3,11,7,12,0,2,0,0,0,0,44,28115,573,16,5,20,23,10,166,223
Chris Kunitz,PIT,L,2016-12-20,false,NYR,2,12,6,22,0,3,0,0,2,0,53,24717,572,85,9,17,11,13,3,4
Dmitry Kulikov,BUF,D,2017-02-07,false,SJS,1,1,-8,20,0,0,0,0,0,0,28,36811,797,34,42,19,14,8,0,0
Nikolay Kulemin,NYI,L,2016-12-15,false,CHI,3,4,0,6,0,0,0,0,0,0,26,22129,563,30,19,18,8,9,5,3
Tom Kuhnhackl,PIT,R,2017-02-07,false,CGY,2,3,3,10,0,0,0,0,0,0,20,15720,419,43,18,9,2,3,1,2
Nikita Kucherov,TBL,R,2016-12-08,false,VAN,13,16,6,15,4,5,0,0,3,0,78,30134,599,8,12,38,22,25,0,0
Marcus Kruger,CHI,C,2016-12-04,false,WPG,2,5,8,18,0,0,0,0,0,0,26,21982,584,13,20,12,4,10,154,156
Torey Krug,BOS,D,2016-12-07,false,WSH,1,10,-5,15,0,4,0,0,0,0,82,35638,737,26,22,30,18,7,0,1
Niklas Kronwall,DET,D,2017-01-24,false,BOS,0,4,2,12,0,1,0,0,0,0,27,30330,689,40,43,10,8,2,0,0
David Krejci,BOS,C,2016-12-07,false,WSH,4,13,-4,14,1,4,0,0,1,0,58,29936,595,26,24,25,16,15,189,189
Chris Kreider,NYR,L,2016-12-17,false,NSH,8,12,3,17,2,4,0,0,2,0,70,27178,592,49,15,30,15,8,2,2
Lauri Korpikoski,DAL,L,2016-12-06,false,CGY,4,4,0,4,0,0,0,1,0,0,46,22746,586,17,14,10,7,7,0,3
Anze Kopitar,LAK,C,2016-12-20,false,CBJ,3,12,1,6,0,4,0,1,0,0,56,34633,685,36,19,29,12,12,340,300
Travis Konecny,PHI,C,2016-12-04,false,NSH,4,10,-3,33,2,1,0,0,0,0,59,24053,550,44,9,24,7,11,0,1
Leo Komarov,TOR,C,2016-12-11,false,COL,3,7,1,17,0,2,1,0,0,0,33,27488,677,91,16,12,5,7,26,29
Mikko Koivu,MIN,C,2016-12-11,false,STL,6,8,9,8,0,3,0,1,2,1,45,32553,719,8,31,19,10,14,352,284
Slater Koekkoek,TBL,D,2017-01-03,false,WPG,0,4,-2,8,0,0,0,0,0,0,26,20933,483,24,25,13,7,1,0,0
John Klingberg,DAL,D,2016-12-10,false,PHI,2,11,-8,14,0,6,0,0,0,0,34,37118,773,16,39,21,28,11,0,0
Kevin Klein,NYR,D,2016-12-13,false,CHI,0,8,3,5,0,1,0,1,0,0,24,28649,635,61,66,6,13,9,0,0
Oscar Klefbom,EDM,D,2016-12-04,false,MIN,3,6,-1,0,0,2,0,0,2,0,60,35155,709,17,46,27,19,6,0,0
Dwight King,LAK,L,2016-12-10,false,OTT,5,4,4,6,0,0,0,0,1,0,42,24970,532,41,11,13,8,7,3,5
Jakub Kindl,FLA,D,2017-01-20,false,VAN,0,3,-12,22,0,0,0,0,0,0,30,24226,515,37,27,13,12,6,0,0
Alex Killorn,TBL,L,2016-12-04,false,CAR,8,4,-1,20,2,3,0,0,2,0,61,28046,559,42,9,15,13,5,1,5
Phil Kessel,PIT,R,2016-12-08,false,FLA,9,18,2,12,3,6,0,0,2,0,68,29368,635,6,6,27,14,4,0,5
Ryan Kesler,ANA,C,2016-12-07,false,CAR,12,11,9,24,7,4,0,0,2,0,65,34670,732,40,25,33,18,4,363,243
Tanner Kero,CHI,C,2017-02-26,false,STL,5,6,12,4,0,0,0,0,0,0,31,21402,509,26,30,7,7,6,122,149
Michal Kempny,CHI,D,2017-01-05,false,BUF,2,4,-1,16,0,0,0,0,0,0,32,25046,564,52,31,26,15,2,0,0
Chris Kelly,OTT,C,2016-12-07,false,SJS,2,2,-4,6,0,0,0,0,1,0,31,21558,527,27,18,10,9,9,100,129
Duncan Keith,CHI,D,2016-12-04,false,WPG,0,17,8,6,0,3,0,0,0,0,60,42383,798,11,28,17,22,7,0,0
Zack Kassian,EDM,R,2016-12-09,false,MIN,2,4,1,38,0,0,0,0,0,0,42,19382,470,57,6,11,8,8,1,0
Ondrej Kase,ANA,R,2017-01-10,false,DAL,4,6,-2,12,0,0,0,0,2,1,43,19803,511,18,10,18,16,12,1,3
Melker Karlsson,SJS,C,2016-12-23,false,EDM,3,4,5,6,0,0,0,0,0,0,22,19372,500,21,21,13,8,5,0,3
William Karlsson,CBJ,C,2016-12-13,false,EDM,4,6,8,2,0,0,0,1,1,0,40,22995,562,12,5,16,8,13,141,181
Erik Karlsson,OTT,D,2016-12-07,false,SJS,7,20,5,14,1,8,0,1,2,0,68,44127,887,23,78,44,40,20,0,0
Evander Kane,BUF,L,2017-01-05,false,CHI,9,5,-11,39,1,3,0,0,2,0,79,30171,601,48,12,28,13,18,32,36
Patrick Kane,CHI,R,2016-12-04,false,WPG,8,18,3,16,2,4,0,0,2,0,83,35987,637,13,4,29,10,11,4,22
Sergey Kalinin,NJD,C,2016-12-23,false,PIT,1,1,-11,11,0,0,0,0,0,0,29,20396,494,42,13,7,6,3,18,33
Nazem Kadri,TOR,C,2016-12-11,false,COL,10,8,-3,53,3,2,0,0,2,1,82,25878,626,39,12,32,16,23,189,219
Tomas Jurco,CHI,L,2017-03-29,false,PIT,1,0,-9,4,0,0,0,0,0,0,32,17005,416,20,8,16,6,2,0,1
Roman Josi,NSH,D,2016-12-10,false,ARI,5,12,-2,10,2,6,0,0,1,0,83,40536,777,19,42,28,14,7,0,0
Jacob Josefson,NJD,C,2017-02-06,false,BUF,1,5,2,12,0,1,0,0,1,0,33,20010,460,24,10,19,8,6,107,96
Josh Jooris,ARI,R,2017-02-13,false,CGY,2,2,3,12,0,0,0,0,0,0,34,17905,449,32,11,8,2,6,88,83
Seth Jones,CBJ,D,2016-12-27,false,BOS,6,8,9,10,0,0,0,0,2,2,55,37439,806,29,52,15,17,10,0,0
Jyrki Jokipakka,CGY,D,2016-12-31,false,ARI,1,4,-3,8,0,0,0,0,0,0,16,23985,565,16,23,6,14,3,0,0
Jussi Jokinen,FLA,L,2016-12-29,false,MTL,2,5,-7,16,0,1,0,0,1,0,51,29245,629,8,13,17,25,10,16,15
Erik Johnson,COL,D,2017-03-04,false,WPG,1,11,-4,4,0,5,0,0,0,0,57,35169,803,51,69,19,16,12,0,0
Tyler Johnson,TBL,C,2016-12-04,false,CAR,8,7,-4,10,4,3,0,0,1,0,52,29641,617,27,14,24,9,12,246,209
Jack Johnson,CBJ,D,2016-12-13,false,EDM,1,6,13,16,1,0,0,0,0,0,36,35007,749,34,42,15,10,6,0,0
Stephen Johns,DAL,D,2016-12-20,false,STL,3,3,-1,17,0,0,0,0,1,0,33,29710,676,74,47,19,19,6,0,0
Marcus Johansson,WSH,L,2016-12-11,false,VAN,12,9,7,6,3,4,0,0,5,2,49,28597,557,13,0,16,21,15,7,9
Ryan Johansen,NSH,C,2016-12-10,false,ARI,5,13,1,18,3,6,0,0,3,0,61,30095,646,31,9,27,12,14,235,221
Nick Jensen,DET,D,2017-02-21,false,NYI,3,5,2,8,0,0,0,0,0,0,32,26064,604,27,25,13,14,4,0,0
Boone Jenner,CBJ,C,2016-12-13,false,EDM,4,4,-3,14,0,1,0,0,1,0,66,24278,553,70,24,20,6,13,41,27
Dmitrij Jaskin,STL,R,2016-12-11,false,MIN,1,5,2,8,0,0,0,0,0,0,28,18593,441,46,5,14,6,7,3,4
Calle Jarnkrok,NSH,C,2016-12-10,false,ARI,5,2,-2,4,0,0,0,0,0,0,36,23022,577,16,7,15,9,7,127,143
Jaromir Jagr,FLA,R,2016-12-06,false,PHI,5,8,2,18,2,2,0,0,0,0,63,27254,527,8,2,15,16,15,0,0
Matt Irwin,NSH,D,2016-12-22,false,LAK,3,4,11,6,0,0,0,0,1,0,44,25702,590,64,42,21,16,6,0,0
Jarome Iginla,COL,R,2016-12-11,false,TOR,3,4,-3,35,1,3,0,0,0,0,52,24470,527,28,7,17,9,12,6,6
Zach Hyman,TOR,C,2016-12-11,false,COL,4,5,-1,10,0,0,0,0,2,0,56,26411,614,39,21,18,5,20,8,12
Ben Hutton,VAN,D,2016-12-08,false,TBL,3,4,-11,14,1,3,0,0,1,1,55,35377,711,23,44,19,24,12,0,0
Matt Hunwick,TOR,D,2016-12-29,false,TBL,0,8,5,8,0,0,0,0,0,0,28,29147,681,43,44,17,20,16,0,0
Jiri Hudler,DAL,R,2017-02-28,false,PIT,3,7,-3,4,1,0,0,0,1,0,20,19317,470,9,3,9,5,11,3,2
Jonathan Huberdeau,FLA,L,2017-04-01,false,BOS,8,15,1,13,2,4,0,0,2,1,72,29109,611,18,4,20,22,10,4,5
Marian Hossa,CHI,R,2016-12-06,false,ARI,14,6,7,6,3,3,0,0,4,3,64,28338,640,11,13,26,6,19,4,7
Bo Horvat,VAN,C,2016-12-08,false,TBL,8,8,-1,14,0,1,2,0,0,0,48,28027,660,31,10,33,7,12,243,217
Patric Hornqvist,PIT,R,2016-12-20,false,NYR,7,12,9,10,6,3,0,0,1,0,101,26518,607,85,28,20,3,12,1,4
Korbinian Holzer,ANA,D,2017-03-15,false,STL,1,5,-3,12,0,0,0,0,0,0,12,22295,490,61,27,7,10,2,0,0
Peter Holland,ARI,C,2017-02-09,false,MTL,1,6,-11,14,0,0,0,0,0,0,44,21465,464,22,4,19,7,6,133,156
Nick Holden,NYR,D,2016-12-06,false,NYI,3,9,12,6,1,0,0,0,0,0,18,32020,708,49,33,17,20,12,0,1
Mike Hoffman,OTT,L,2016-12-11,false,ANA,9,11,-6,12,5,5,0,0,2,0,85,28089,568,18,11,32,15,16,4,2
Niklas Hjalmarsson,CHI,D,2016-12-06,false,ARI,3,4,5,4,0,0,0,0,0,0,23,35412,772,9,59,6,22,8,0,0
Vinnie Hinostroza,CHI,L,2016-12-23,false,COL,3,5,0,8,0,0,0,0,1,0,37,18561,409,17,14,16,8,15,63,97
Thomas Hickey,NYI,D,2016-12-10,false,CBJ,2,4,2,8,0,1,0,0,1,1,35,30185,621,35,49,16,15,5,0,0
Tomas Hertl,SJS,C,2017-02-18,false,ARI,6,9,0,12,1,1,0,0,2,0,63,27379,619,44,12,20,11,18,122,89
Adam Henrique,NJD,C,2016-12-09,false,STL,6,8,-1,10,1,1,0,0,1,1,40,29581,638,29,23,16,14,10,210,224
Matt Hendricks,EDM,L,2017-02-14,false,ARI,3,2,-5,25,0,0,0,0,1,0,29,17837,441,44,29,7,4,3,78,60
Darren Helm,DET,C,2017-02-11,false,CBJ,6,5,3,10,2,2,0,1,1,0,49,25226,604,43,10,12,13,13,160,149
Victor Hedman,TBL,D,2016-12-04,false,CAR,5,14,3,14,2,6,0,0,2,0,51,40131,771,38,42,25,24,16,0,0
Kevin Hayes,NYR,C,2016-12-06,false,NYI,10,9,15,8,0,1,1,1,2,0,43,26734,620,23,20,16,31,19,156,178
Jimmy Hayes,BOS,R,2016-12-14,false,PIT,1,0,-7,20,0,0,0,0,0,0,42,16385,384,42,5,13,5,8,1,6
Erik Haula,MIN,L,2017-01-05,false,SJS,6,5,1,10,0,0,0,0,2,0,54,22935,546,15,11,11,8,12,168,145
Scott Hartnell,CBJ,L,2016-12-13,false,EDM,5,11,8,11,1,0,0,0,0,0,38,20668,506,23,16,13,15,4,3,2
Ryan Hartman,CHI,L,2016-12-15,false,NYI,5,4,5,4,0,0,0,0,1,0,57,19564,442,44,11,12,7,11,6,9
Martin Hanzal,ARI,C,2016-12-19,false,CGY,6,4,-13,22,2,2,0,0,1,1,60,29672,642,58,20,21,18,11,302,251
Jannik Hansen,VAN,R,2017-02-19,false,PHI,6,7,2,27,0,0,0,0,1,0,53,26447,611,20,6,21,8,15,0,0
Noah Hanifin,CAR,D,2016-12-08,false,LAK,2,7,-6,18,2,3,0,0,0,0,43,27359,576,18,17,15,17,9,0,0
Travis Hamonic,NYI,D,2016-12-16,false,BUF,2,7,-14,49,0,1,0,0,0,0,41,33512,621,35,57,22,21,8,0,0
Dougie Hamilton,CGY,D,2016-12-02,false,MIN,2,10,-2,26,0,2,0,1,1,0,73,31363,722,38,29,20,17,4,0,0
Dan Hamhuis,DAL,D,2016-12-10,false,PHI,0,7,-1,8,0,0,0,1,0,0,35,32052,715,34,42,14,10,5,0,0
Taylor Hall,NJD,L,2016-12-27,false,PIT,8,15,-6,8,4,3,0,0,2,1,85,33125,647,28,15,27,14,17,2,3
Micheal Haley,SJS,C,2017-01-10,false,EDM,0,5,2,47,0,0,0,0,0,0,20,13242,336,64,10,9,10,12,14,25
Ron Hainsey,CAR,D,2016-12-08,false,LAK,1,6,-10,10,0,0,1,0,0,0,30,35632,731,42,35,13,20,5,0,0
Carl Hagelin,PIT,L,2016-12-08,false,FLA,3,7,7,2,0,0,0,1,0,0,57,26237,619,27,12,18,14,8,1,1
Carl Gunnarsson,STL,D,2016-12-28,false,PHI,0,2,-5,4,0,0,0,0,0,0,14,22264,572,20,34,10,2,1,0,0
Jake Guentzel,PIT,C,2017-03-05,false,BUF,8,8,2,8,0,1,0,0,0,0,48,24968,546,52,12,13,4,9,8,8
Radko Gudas,PHI,D,2016-12-22,false,NJD,1,9,3,43,0,1,0,0,0,0,42,32187,714,109,69,34,23,9,0,0
Eric Gryba,EDM,D,2017-02-14,false,ARI,1,2,-6,42,0,0,0,0,1,0,30,26493,586,97,29,12,12,5,0,0
Mikhail Grigorenko,COL,C,2016-12-14,false,PHI,3,7,-3,8,0,3,0,0,0,0,35,23391,520,8,8,8,8,14,48,46
Andy Greene,NJD,D,2016-12-09,false,STL,3,4,-4,2,0,0,1,0,1,1,32,35567,750,27,62,20,21,10,0,0
Mike Green,DET,D,2016-12-06,false,WPG,6,10,0,18,1,3,0,0,1,1,48,39438,782,23,32,22,21,11,0,0
Kevin Gravel,LAK,D,2017-01-12,false,STL,0,2,4,4,0,1,0,0,0,0,25,22450,548,39,39,18,13,0,0,0
Tyler Graovac,MIN,C,2016-12-29,false,NYI,3,0,1,4,0,0,0,0,1,0,22,16196,399,29,6,16,1,9,99,100
Derek Grant,BUF,C,2016-12-20,false,FLA,0,3,-2,17,0,0,0,0,0,0,26,17337,438,19,17,11,7,8,130,111
Mikael Granlund,MIN,C,2016-12-11,false,STL,6,11,8,2,1,4,1,0,2,0,48,31624,671,18,16,22,13,10,5,6
Markus Granlund,VAN,C,2016-12-08,false,TBL,5,5,-11,8,1,1,0,0,1,1,42,27279,619,12,3,21,4,15,34,47
Michael Grabner,NYR,R,2016-12-08,false,WPG,13,4,19,4,0,0,0,1,1,0,60,21363,562,14,17,18,10,24,2,2
Shayne Gostisbehere,PHI,D,2016-12-06,false,FLA,4,10,-3,14,1,6,0,0,1,0,65,33530,688,8,33,51,23,6,0,0
Josh Gorges,BUF,D,2016-12-17,false,CAR,0,1,-3,23,0,0,0,0,0,0,12,31295,733,61,48,9,6,1,0,1
Cody Goloubef,COL,D,2017-02-21,false,LAK,0,3,-11,25,0,0,0,0,0,0,24,28509,652,22,29,5,7,5,0,0
Alex Goligoski,ARI,D,2016-12-10,false,NSH,1,11,-6,6,0,3,0,0,0,0,38,37778,766,32,54,11,14,2,0,0
Luke Glendening,DET,C,2016-12-06,false,WPG,1,6,-1,10,0,1,0,0,0,0,35,22252,549,75,34,16,2,10,111,101
Claude Giroux,PHI,C,2016-12-04,false,NSH,7,16,-3,12,4,9,0,0,1,1,71,31314,686,20,10,29,12,10,326,275
Zemgus Girgensons,BUF,C,2016-12-09,false,WSH,2,3,-4,4,0,0,0,0,0,0,42,19064,446,35,9,13,6,2,86,86
Dan Girardi,NYR,D,2016-12-13,false,CHI,3,4,12,6,0,0,0,1,3,0,26,30674,689,49,74,11,21,3,0,0
Mark Giordano,CGY,D,2016-12-02,false,MIN,1,8,4,24,0,3,0,1,0,0,62,40152,825,21,65,27,6,17,0,0
Brian Gionta,BUF,R,2016-12-09,false,WSH,6,5,-1,10,0,0,0,0,1,0,56,27895,582,23,11,18,11,8,12,11
Ryan Getzlaf,ANA,C,2016-12-13,false,DAL,3,22,-6,14,1,10,0,0,1,0,53,32908,701,35,26,29,27,22,211,184
Eric Gelinas,COL,D,2017-02-04,false,WPG,0,1,-4,12,0,0,0,0,0,0,29,18764,447,32,16,14,6,3,0,1
Brendan Gaunce,VAN,C,2016-12-08,false,TBL,0,3,-2,27,0,0,0,0,0,0,19,13748,356,38,5,7,3,3,62,68
Johnny Gaudreau,CGY,L,2016-12-27,false,COL,9,16,-11,0,1,8,0,0,1,0,77,30618,619,3,5,25,40,12,0,0
Jason Garrison,TBL,D,2016-12-10,false,PIT,1,3,-5,6,0,0,0,0,0,0,36,29685,653,29,39,22,15,6,0,0
Jake Gardiner,TOR,D,2016-12-11,false,COL,5,6,2,10,2,1,0,0,0,0,45,32765,699,24,19,15,25,15,0,0
Brendan Gallagher,MTL,R,2016-12-08,false,NJD,5,11,8,20,1,1,0,0,1,0,72,24648,584,27,9,26,9,10,19,28
Alex Galchenyuk,MTL,C,2017-01-16,false,DET,10,14,9,18,3,5,0,0,2,1,49,26390,588,10,16,19,16,8,133,193
Sam Gagner,CBJ,C,2016-12-16,false,CGY,13,9,9,6,5,5,0,0,1,0,72,22183,468,3,5,22,8,5,43,54
Marian Gaborik,LAK,R,2017-01-26,false,CAR,5,6,1,6,1,1,0,0,1,0,64,24592,538,12,4,27,13,3,0,1
Michael Frolik,CGY,R,2016-12-02,false,MIN,6,9,3,10,0,0,2,0,1,1,64,26793,606,19,21,18,13,19,6,7
Cody Franson,BUF,D,2016-12-09,false,WSH,1,6,1,14,1,0,0,0,0,0,42,30023,664,26,29,13,14,5,0,0
Cam Fowler,ANA,D,2016-12-07,false,CAR,7,10,6,2,4,4,0,0,2,0,59,38813,763,13,34,14,25,6,0,0
Gustav Forsling,CHI,D,2016-12-17,false,STL,1,3,4,2,0,1,0,0,0,0,33,24595,529,13,10,11,22,1,0,0
Filip Forsberg,NSH,L,2016-12-10,false,ARI,2,14,-6,10,0,3,0,0,0,0,65,29987,683,40,7,36,14,26,5,8
Derek Forbort,LAK,D,2016-12-10,false,OTT,1,7,3,34,0,0,0,0,0,0,24,29095,667,55,62,12,15,3,1,0
Christian Folin,MIN,D,2017-01-07,false,LAK,0,3,11,20,0,0,0,0,0,0,21,25649,590,41,33,11,8,7,0,0
Marcus Foligno,BUF,L,2016-12-09,false,WSH,4,4,-1,17,0,0,0,0,0,0,42,25490,571,86,21,14,10,10,0,1
Nick Foligno,CBJ,L,2016-12-18,false,VAN,10,13,7,33,5,6,0,0,1,0,60,29919,662,39,18,24,14,11,24,25
Brian Flynn,MTL,C,2017-01-03,false,NSH,4,3,8,4,0,0,0,0,0,0,30,20115,543,10,15,13,8,7,59,53
Mike Fisher,NSH,C,2016-12-19,false,PHI,9,9,-6,31,4,5,0,0,2,0,54,26666,612,54,20,17,1,9,255,209
Valtteri Filppula,TBL,C,2016-12-08,false,VAN,5,12,3,8,0,5,0,0,1,0,36,29207,597,10,14,7,14,12,218,260
Vernon Fiddler,NJD,C,2016-12-09,false,STL,1,2,-4,17,0,0,1,0,0,0,25,20540,523,28,16,11,14,4,178,165
Kevin Fiala,NSH,L,2017-01-03,false,MTL,6,2,0,8,0,0,0,0,1,0,64,21236,497,27,7,17,12,19,0,0
Micheal Ferland,CGY,L,2016-12-02,false,MIN,4,6,-2,5,2,1,0,0,0,0,33,17840,448,60,9,12,12,14,0,2
Eric Fehr,PIT,C,2016-12-17,false,TOR,3,2,-3,6,0,0,0,0,1,0,29,18224,460,35,21,6,8,16,29,27
Taylor Fedun,BUF,D,2017-03-17,false,ANA,0,7,3,16,0,3,0,0,0,0,24,21649,528,7,20,8,9,5,0,0
Justin Faulk,CAR,D,2016-12-16,false,WSH,5,8,-10,10,1,4,0,0,0,0,83,37475,730,50,26,35,23,19,0,0
Jesper Fast,NYR,R,2016-12-06,false,NYI,2,10,9,12,0,0,0,0,0,0,18,21998,546,41,12,9,7,19,9,11
Justin Falk,BUF,D,2017-01-16,false,DAL,0,2,1,11,0,0,0,0,0,0,16,21151,532,49,13,15,6,4,0,0
Radek Faksa,DAL,C,2016-12-06,false,CGY,2,6,2,17,0,0,0,0,0,0,43,26260,670,35,24,23,9,19,196,235
Robby Fabbri,STL,C,2016-12-09,false,NJD,8,8,-4,17,3,3,0,0,0,0,49,26349,597,33,10,17,6,14,11,6
Loui Eriksson,VAN,L,2016-12-08,false,TBL,6,5,-8,0,2,1,0,1,1,0,49,30573,657,3,11,13,8,7,0,0
Jonathan Ericsson,DET,D,2016-12-06,false,WPG,0,5,3,43,0,0,0,0,0,0,22,29704,691,39,19,13,13,1,0,0
Toby Enstrom,WPG,D,2016-12-08,false,NYR,1,7,-1,12,0,4,1,0,0,0,24,36878,766,9,38,14,17,7,0,0
Tyler Ennis,BUF,L,2017-02-16,false,COL,4,4,-3,2,0,1,0,0,0,0,49,20818,438,24,14,10,6,12,1,6
Deryk Engelland,CGY,D,2016-12-02,false,MIN,1,5,7,27,0,0,0,0,1,0,37,29997,681,54,48,13,17,5,1,0
Alexei Emelin,MTL,D,2016-12-08,false,NJD,1,3,6,29,0,0,0,0,0,0,30,34767,710,99,51,13,34,5,0,0
Ryan Ellis,NSH,D,2016-12-29,false,CHI,4,7,5,19,0,3,0,1,2,0,44,39313,769,34,55,22,16,12,0,0
Lars Eller,WSH,C,2016-12-13,false,NYI,2,2,-5,20,0,0,0,0,0,0,33,22208,493,18,8,20,11,11,133,155
Oliver Ekman-Larsson,ARI,D,2016-12-10,false,NSH,5,8,-4,12,2,4,0,0,1,1,59,39316,750,43,24,30,16,10,0,0
Mattias Ekholm,NSH,D,2016-12-10,false,ARI,0,7,-5,10,0,1,0,1,0,0,46,38256,747,17,51,26,23,9,0,0
Aaron Ekblad,FLA,D,2016-12-06,false,PHI,6,2,-9,26,2,1,0,0,1,1,86,37844,662,51,23,32,20,11,0,0
Jack Eichel,BUF,C,2017-01-26,false,DAL,12,9,-2,4,5,5,0,0,3,1,113,32223,605,17,18,40,25,18,151,209
Nikolaj Ehlers,WPG,L,2016-12-03,false,STL,4,18,0,12,0,3,0,0,1,0,56,28747,598,15,9,34,16,13,0,1
Joel Edmundson,STL,D,2017-01-05,false,CAR,1,8,-1,30,0,0,0,0,0,0,35,27461,672,57,34,15,8,4,0,0
Alexander Edler,VAN,D,2017-01-06,false,CGY,1,5,-6,8,1,1,0,0,0,0,50,38224,758,49,67,17,15,8,2,1
Jordan Eberle,EDM,C,2016-12-04,false,MIN,7,13,-3,4,2,4,0,0,0,0,77,28752,612,7,13,26,8,9,3,2
Patrick Eaves,DAL,R,2016-12-08,false,NSH,10,8,-7,10,5,3,0,0,1,0,70,27230,634,35,17,32,4,8,0,1
Cody Eakin,DAL,C,2017-01-24,false,MIN,1,3,-9,30,0,1,0,0,1,0,30,24993,621,31,12,19,15,5,179,184
Ryan Dzingel,OTT,L,2016-12-07,false,SJS,6,8,5,4,0,1,1,0,1,0,39,22479,516,17,13,13,9,10,2,4
Christian Dvorak,ARI,C,2016-12-17,false,MIN,2,7,2,6,0,1,0,0,0,0,22,22610,484,26,23,10,5,3,121,153
Brian Dumoulin,PIT,D,2016-12-10,false,TBL,0,5,-4,10,0,0,0,0,0,0,39,31099,724,48,31,10,14,7,0,0
Gabriel Dumont,TBL,C,2017-03-14,false,OTT,2,1,-1,25,0,0,0,0,0,0,25,14793,372,55,10,7,4,4,72,61
Matt Dumba,MIN,D,2016-12-11,false,STL,4,6,8,20,1,2,0,0,1,1,53,33255,667,32,22,22,15,9,0,0
Anthony Duclair,ARI,L,2016-12-15,false,TOR,1,4,0,10,0,0,0,0,0,0,32,21293,494,10,6,9,16,12,2,0
Matt Duchene,COL,C,2016-12-20,false,MIN,12,10,-7,2,2,4,0,0,3,1,69,30270,642,11,22,21,14,24,178,108
Brandon Dubinsky,CBJ,C,2016-12-18,false,VAN,3,7,5,24,0,3,0,0,2,0,35,28681,670,76,19,16,12,14,259,242
Jonathan Drouin,TBL,L,2016-12-23,false,WSH,10,10,0,6,5,4,0,0,1,0,80,27648,545,20,8,16,24,21,30,36
Leon Draisaitl,EDM,C,2016-12-04,false,MIN,10,11,-5,2,6,3,0,0,1,1,57,28086,586,8,11,23,21,18,209,188
Nic Dowd,LAK,C,2016-12-18,false,BOS,3,9,-7,2,1,3,0,0,2,1,35,21788,518,70,16,13,9,3,152,164
Drew Doughty,LAK,D,2016-12-10,false,OTT,5,10,4,20,1,4,0,0,0,0,63,43504,889,45,48,23,29,2,1,0
Jake Dotchin,TBL,D,2017-03-24,false,DET,0,7,9,31,0,0,0,0,0,0,40,29775,627,64,15,23,14,3,0,0
Joonas Donskoi,SJS,R,2016-12-09,false,ANA,2,6,-1,8,1,2,0,0,0,0,47,23879,567,12,10,24,17,16,4,2
Max Domi,ARI,L,2017-02-02,false,CHI,5,11,-5,22,1,3,0,0,1,0,58,27717,583,20,11,19,17,15,3,4
Shane Doan,ARI,R,2016-12-10,false,NSH,3,6,-1,18,1,1,0,0,0,0,58,24933,526,44,13,14,11,3,47,50
Brenden Dillon,SJS,D,2016-12-10,false,CAR,0,1,-4,22,0,0,0,0,0,0,27,26050,594,67,20,15,8,1,0,0
Phillip Di Giuseppe,CAR,L,2017-03-18,false,NSH,1,5,-12,13,0,1,0,0,1,1,60,20526,475,65,10,22,8,10,0,2
Nicolas Deslauriers,BUF,L,2017-02-07,false,SJS,0,0,-5,16,0,0,0,0,0,0,12,11676,268,73,5,8,0,1,0,3
Andrew Desjardins,CHI,L,2017-01-13,false,WSH,0,0,-7,6,0,0,0,0,0,0,29,15173,350,43,9,6,7,4,23,22
David Desharnais,MTL,C,2017-02-02,false,PHI,4,6,5,4,0,2,0,0,1,0,26,21307,494,1,6,7,5,10,61,73
Jason Demers,FLA,D,2016-12-06,false,PHI,4,6,-2,12,0,3,0,1,0,0,33,32653,655,34,28,29,12,12,0,0
Michael Del Zotto,PHI,D,2017-01-12,false,VAN,4,6,-7,12,0,0,0,0,0,0,51,32186,711,97,55,20,13,4,0,0
Danny DeKeyser,DET,D,2016-12-06,false,WPG,2,4,-3,15,0,0,0,0,1,1,21,36652,781,31,51,15,18,6,0,0
Anthony DeAngelo,ARI,D,2017-03-11,false,NJD,4,7,-8,16,2,5,0,0,1,0,50,30126,616,16,38,16,14,3,0,0
Brandon Davidson,EDM,D,2017-02-22,false,FLA,0,1,2,16,0,0,0,0,0,0,29,24849,582,28,44,12,16,3,0,0
Marko Dano,WPG,C,2016-12-27,false,CHI,3,7,2,8,2,0,0,0,0,0,30,18888,455,63,10,18,9,13,1,3
Phillip Danault,MTL,L,2016-12-08,false,NJD,6,5,1,6,0,0,0,0,1,0,44,20920,524,23,23,14,13,7,91,79
Trevor Daley,PIT,D,2016-12-08,false,FLA,2,6,3,14,1,1,0,1,0,0,42,34115,790,7,45,23,10,14,0,0
Klas Dahlbeck,CAR,D,2017-03-13,false,NYI,1,2,-9,18,0,0,0,0,0,0,25,21958,512,45,23,16,10,5,0,0
Austin Czarnik,BOS,C,2016-12-14,false,PIT,3,5,-4,8,0,2,0,0,1,0,37,21778,519,11,15,13,7,9,9,25
Matt Cullen,PIT,C,2016-12-08,false,FLA,7,6,4,12,0,1,1,0,1,0,33,22494,576,14,7,17,10,4,192,160
Lawson Crouse,ARI,L,2016-12-17,false,MIN,2,1,-9,23,0,0,0,0,1,0,30,18407,441,65,12,7,2,8,0,1
Sidney Crosby,PIT,C,2016-12-20,false,NYR,22,14,9,12,8,3,0,0,3,0,91,31167,665,30,8,19,31,13,308,322
Joseph Cramarossa,ANA,C,2017-01-01,false,PHI,2,4,-3,35,0,0,0,1,0,0,16,16338,421,64,14,8,10,5,2,0
Adam Cracknell,DAL,R,2016-12-10,false,PHI,2,2,3,0,0,0,0,0,0,0,35,16746,420,36,18,16,5,3,38,41
Charlie Coyle,MIN,C,2016-12-11,false,STL,9,9,8,18,3,0,0,0,2,0,61,29195,625,34,28,15,13,13,12,17
Sean Couturier,PHI,C,2017-01-10,false,BUF,7,3,-4,14,0,1,0,1,1,0,46,29357,665,18,16,17,15,15,234,214
Logan Couture,SJS,C,2016-12-09,false,ANA,10,8,0,8,6,1,0,0,1,0,80,29937,672,14,25,28,30,12,108,186
Nick Cousins,PHI,C,2016-12-11,false,DET,3,5,-2,12,1,1,0,0,0,0,37,17866,424,26,11,10,5,8,59,89
Andrew Copp,WPG,C,2017-01-03,false,TBL,4,3,-1,6,0,0,1,0,1,0,33,19482,502,36,13,11,8,12,46,53
Brett Connolly,WSH,R,2017-01-11,false,PIT,5,1,4,22,1,0,0,0,0,0,33,17439,390,46,5,6,6,8,4,6
Blake Comeau,COL,L,2016-12-20,false,MIN,5,2,-4,24,2,0,1,0,0,0,39,25906,589,53,9,16,6,13,61,66
Ian Cole,PIT,D,2016-12-08,false,FLA,2,9,16,23,0,0,0,0,0,0,30,29172,658,63,56,24,15,6,0,0
Joe Colborne,COL,C,2016-12-23,false,CHI,3,1,-12,14,2,0,0,0,0,0,26,19433,460,33,6,6,7,5,36,56
Andrew Cogliano,ANA,L,2016-12-07,false,CAR,7,7,6,10,0,0,2,0,0,0,65,24520,628,26,12,9,7,11,2,7
Braydon Coburn,TBL,D,2016-12-04,false,CAR,0,4,-1,18,0,0,0,0,0,0,35,26425,592,30,21,10,10,0,0,0
Cal Clutterbuck,NYI,R,2016-12-13,false,WSH,2,8,5,12,0,0,0,0,1,0,47,24739,620,93,10,17,12,14,1,2
Kyle Clifford,LAK,L,2016-12-18,false,BOS,2,4,2,40,0,0,0,0,0,0,47,17004,401,59,2,13,3,7,0,1
Adam Clendening,NYR,D,2017-03-04,false,MTL,2,8,3,17,1,1,0,0,0,0,36,25721,574,19,25,17,19,7,0,0
Fredrik Claesson,OTT,D,2017-03-30,false,MIN,2,8,3,4,0,0,0,1,0,0,16,18396,453,47,16,8,12,3,0,0
Casey Cizikas,NYI,C,2016-12-10,false,CBJ,3,8,5,16,0,1,0,0,1,0,28,23817,618,65,31,7,11,11,205,221
Jakob Chychrun,ARI,D,2016-12-27,false,DAL,1,5,-3,33,0,0,0,0,0,0,30,26916,594,43,42,24,15,4,0,0
Jason Chimera,NYI,L,2016-12-10,false,CBJ,4,5,-8,16,0,0,0,0,0,0,39,21434,527,46,16,9,7,4,8,12
Alex Chiasson,CGY,R,2016-12-02,false,MIN,4,3,3,14,0,0,1,0,1,0,37,21441,525,30,3,10,8,8,0,11
Ben Chiarot,WPG,D,2016-12-04,false,CHI,0,5,-4,10,0,0,0,0,0,0,19,23866,501,36,40,3,18,3,0,0
Zdeno Chara,BOS,D,2016-12-18,false,LAK,2,5,7,23,0,1,0,0,0,0,41,37426,711,46,52,19,23,17,0,0
Michael Chaput,VAN,C,2017-01-02,false,COL,0,3,-4,13,0,0,0,0,0,0,15,16514,409,30,8,2,4,4,106,101
Cody Ceci,OTT,D,2016-12-07,false,SJS,0,2,-11,6,0,0,0,1,0,0,45,37344,849,53,64,16,27,9,0,0
Jeff Carter,LAK,C,2016-12-10,false,OTT,12,10,3,12,4,2,1,0,6,2,86,29766,640,32,12,31,11,7,266,216
William Carrier,BUF,L,2017-01-12,false,TBL,2,2,1,17,0,0,0,0,1,0,31,14616,387,80,5,11,3,4,1,1
Connor Carrick,TOR,D,2016-12-19,false,ANA,1,2,3,28,0,0,0,0,0,0,38,27700,642,31,38,20,23,6,0,0
Daniel Carr,MTL,L,2017-01-11,false,WPG,1,6,5,6,0,0,0,0,1,0,38,16512,416,18,10,17,5,5,2,1
John Carlson,WSH,D,2016-12-11,false,VAN,1,11,2,0,1,5,0,0,0,0,66,38062,708,24,35,41,38,12,0,0
Brandon Carlo,BOS,D,2016-12-07,false,WSH,2,5,10,17,0,0,0,0,0,0,37,36251,713,27,46,16,18,5,0,0
Brian Campbell,CHI,D,2016-12-04,false,WPG,2,6,6,10,1,2,0,0,0,0,28,30533,649,18,27,15,22,1,0,0
Michael Cammalleri,NJD,L,2016-12-22,false,PHI,9,10,0,17,1,4,0,0,2,1,69,29071,595,20,6,29,14,15,9,9
Matt Calvert,CBJ,L,2016-12-23,false,MTL,4,2,6,16,0,0,2,0,1,0,40,23541,557,28,17,20,8,13,2,11
Drake Caggiula,EDM,L,2017-01-14,false,CGY,3,5,-1,4,1,2,0,0,0,0,35,21689,493,49,4,16,7,8,53,80
Paul Byron,MTL,L,2016-12-08,false,NJD,8,7,8,8,0,0,1,0,2,0,35,23309,607,35,9,5,9,12,2,1
Dustin Byfuglien,WPG,D,2016-12-03,false,STL,2,13,-2,27,0,3,0,0,0,0,66,45170,770,68,50,40,35,20,0,0
Alexandre Burrows,VAN,L,2016-12-16,false,TBL,6,8,1,31,0,0,0,1,0,0,58,23376,584,17,4,13,7,20,0,4
Brent Burns,SJS,D,2016-12-09,false,ANA,12,12,3,4,3,4,0,1,2,1,116,39133,732,30,52,51,56,16,0,0
Alexander Burmistrov,ARI,C,2017-01-21,false,TBL,0,5,-8,8,0,1,0,1,0,0,15,19291,429,37,9,8,8,5,69,130
Andre Burakovsky,WSH,L,2016-12-11,false,VAN,2,8,-2,6,0,1,0,0,0,0,42,23098,480,11,10,17,15,15,0,1
Pavel Buchnevich,NYR,R,2017-03-02,false,BOS,7,9,5,13,1,2,0,0,0,0,37,21641,512,11,5,16,17,10,1,3
Dustin Brown,LAK,R,2016-12-10,false,OTT,4,8,-10,10,2,2,1,0,1,0,57,26117,597,68,9,19,9,6,0,1
Connor Brown,TOR,R,2016-12-11,false,COL,4,5,3,4,0,0,0,0,1,0,39,22885,586,19,23,12,3,10,0,1
J.T. Brown,TBL,R,2016-12-20,false,DET,2,1,-6,43,0,0,1,0,1,0,30,17541,418,43,12,10,5,4,0,2
Troy Brouwer,CGY,R,2016-12-02,false,MIN,5,6,-7,16,0,3,1,0,1,0,40,28291,636,60,22,14,10,9,12,25
Kyle Brodziak,STL,C,2016-12-09,false,NJD,3,2,-2,21,0,0,0,0,1,0,23,16062,445,25,15,7,2,8,85,105
Jonas Brodin,MIN,D,2016-12-11,false,STL,2,8,3,12,1,2,0,0,2,0,39,32814,701,9,46,17,10,5,0,0
TJ Brodie,CGY,D,2016-12-02,false,MIN,1,6,-15,6,0,2,1,1,0,0,30,37973,816,11,32,16,26,22,0,0
Justin Braun,SJS,D,2016-12-09,false,ANA,0,3,-1,6,0,0,0,0,0,0,27,32579,683,33,50,22,17,14,0,0
Derick Brassard,OTT,C,2016-12-07,false,SJS,4,7,3,8,1,1,0,0,0,0,59,28503,608,30,6,25,13,18,238,226
Tyler Bozak,TOR,C,2016-12-11,false,COL,6,13,-1,6,1,2,0,0,1,0,49,26486,609,21,6,18,13,19,247,190
Brian Boyle,TBL,C,2016-12-10,false,PIT,4,2,2,29,0,1,0,0,0,0,37,18775,427,42,14,12,6,7,80,80
Johnny Boychuk,NYI,D,2016-12-13,false,WSH,4,5,-2,4,0,1,1,0,1,0,62,32664,639,60,61,32,18,5,1,0
Jay Bouwmeester,STL,D,2016-12-08,false,NYI,1,5,-7,16,0,0,0,0,0,0,38,36892,819,24,31,12,17,5,0,0
Rene Bourque,COL,R,2016-12-16,false,FLA,9,3,-10,19,2,0,0,0,2,1,49,24231,560,38,13,24,4,13,0,3
Lance Bouma,CGY,C,2017-01-13,false,NJD,2,2,-1,15,0,0,0,0,1,0,24,18898,470,67,18,11,5,5,1,5
Reid Boucher,VAN,C,2017-03-16,false,DAL,3,3,-2,4,0,0,0,0,0,0,46,18011,397,16,10,9,5,12,0,1
Robert Bortuzzo,STL,D,2017-03-10,false,ANA,1,3,7,9,0,0,0,0,0,0,35,22812,614,58,43,18,10,3,0,0
Mark Borowiecki,OTT,D,2016-12-07,false,SJS,0,1,-1,44,0,0,0,0,0,0,11,22253,606,123,39,8,7,2,0,0
Nick Bonino,PIT,C,2016-12-08,false,FLA,3,7,0,8,0,1,1,0,0,0,43,26846,650,19,38,10,11,13,203,218
Jared Boll,ANA,R,2017-01-04,false,DET,0,1,-5,53,0,0,0,0,0,0,8,9491,265,27,7,5,2,1,0,1
Zach Bogosian,BUF,D,2017-01-24,false,NSH,1,4,-6,19,0,0,0,0,1,1,35,34072,706,39,53,10,15,7,0,0
Mikkel Boedker,SJS,L,2016-12-09,false,ANA,2,2,-6,6,0,0,0,0,0,0,27,23615,570,18,7,19,18,10,2,8
Joseph Blandisi,NJD,L,2017-04-09,false,DET,3,6,-10,26,1,4,0,0,2,1,24,21643,490,37,6,15,4,7,76,93
Nick Bjugstad,FLA,C,2017-02-15,false,SJS,4,3,-9,12,0,1,0,0,0,0,48,22182,512,41,4,16,11,10,78,83
Anthony Bitetto,NSH,D,2017-04-02,false,STL,0,5,-2,25,0,0,0,0,0,0,17,18478,467,40,22,9,7,1,0,0
Kevin Bieksa,ANA,D,2016-12-07,false,CAR,1,0,-3,28,1,0,0,0,0,0,43,32260,640,65,28,14,14,3,0,0
Alex Biega,VAN,D,2017-03-13,false,BOS,0,3,0,14,0,0,0,0,0,0,27,22549,557,70,21,19,5,5,0,0
Patrik Berglund,STL,C,2016-12-08,false,NYI,1,6,-5,10,0,1,0,0,0,0,42,24260,609,50,12,24,7,9,168,154
Patrice Bergeron,BOS,C,2016-12-12,false,MTL,4,4,-1,8,1,1,0,0,2,0,92,30266,654,18,16,34,8,11,357,263
Matt Benning,EDM,D,2017-01-03,false,CBJ,0,6,4,8,0,2,0,0,0,0,34,27106,611,55,31,18,21,2,0,0
Sam Bennett,CGY,C,2016-12-02,false,MIN,5,7,-3,28,1,0,0,1,0,0,41,24948,561,47,9,17,8,18,86,96
Beau Bennett,NJD,R,2016-12-22,false,PHI,1,6,-5,8,1,1,0,0,0,0,46,22363,468,29,6,21,7,7,1,5
Jamie Benn,DAL,L,2016-12-06,false,CGY,7,14,-6,29,5,3,0,0,2,1,64,32835,769,43,16,26,15,23,114,91
Jordie Benn,DAL,D,2016-12-11,false,CHI,1,5,0,16,0,2,0,0,0,0,31,31419,720,18,54,21,12,2,0,0
Pierre-Edouard Bellemare,PHI,L,2016-12-04,false,NSH,0,3,3,2,0,0,0,1,0,0,43,23192,567,31,25,14,4,5,158,175
Matt Beleskey,BOS,L,2017-01-24,false,DET,2,4,-9,30,0,2,0,0,0,0,50,24276,528,68,13,22,6,5,27,39
Anthony Beauvillier,NYI,C,2017-01-13,false,FLA,4,6,4,6,0,0,0,0,0,0,31,19187,434,29,11,10,11,6,21,22
Nathan Beaulieu,MTL,D,2016-12-22,false,MIN,1,7,12,25,0,2,0,0,1,0,37,29339,614,29,44,14,36,6,0,0
Francois Beauchemin,COL,D,2016-12-11,false,TOR,0,6,-1,12,0,2,0,0,0,0,41,33995,734,28,62,17,25,12,0,0
Jay Beagle,WSH,C,2016-12-11,false,VAN,5,6,7,6,0,0,1,1,2,0,40,20914,511,18,13,7,7,6,207,136
Tyson Barrie,COL,D,2016-12-11,false,TOR,2,11,-12,10,0,5,0,0,1,0,59,37089,759,14,27,28,17,8,0,0
Aleksander Barkov,FLA,C,2016-12-06,false,PHI,5,12,3,0,0,4,0,0,2,2,62,31451,620,20,14,20,12,20,197,212
Mark Barberio,COL,D,2017-02-04,false,WPG,0,4,1,10,0,1,0,0,0,0,28,24822,522,10,24,10,15,5,0,0
Ivan Barbashev,STL,C,2017-04-04,false,WPG,4,5,5,2,0,0,0,0,1,0,16,18213,429,31,12,9,2,6,71,106
Justin Bailey,BUF,R,2017-03-10,false,CBJ,2,2,3,4,0,0,0,0,1,0,32,17497,408,24,13,11,9,7,0,1
Josh Bailey,NYI,R,2016-12-10,false,CBJ,5,12,3,2,1,3,0,0,1,1,54,30642,641,13,23,25,14,14,5,3
Sven Baertschi,VAN,L,2016-12-13,false,CAR,6,8,-1,0,0,1,0,0,2,0,51,24037,560,15,10,11,5,10,1,0
Nicklas Backstrom,WSH,C,2016-12-11,false,VAN,8,17,5,14,1,10,0,0,2,1,58,30122,613,22,8,14,20,23,237,204
Mikael Backlund,CGY,C,2016-12-02,false,MIN,4,7,0,8,1,1,0,3,1,0,66,29012,659,18,20,25,15,15,248,255
David Backes,BOS,R,2016-12-15,false,ANA,7,9,0,27,2,2,0,0,1,0,65,29612,597,89,20,22,14,10,37,43
Cam Atkinson,CBJ,R,2016-12-13,false,EDM,11,17,5,6,5,8,2,0,3,1,81,29300,673,10,9,23,4,13,2,0
Andreas Athanasiou,DET,C,2017-01-12,false,DAL,8,5,0,9,0,0,0,0,0,0,54,20252,475,10,6,25,6,6,27,33
Viktor Arvidsson,NSH,L,2016-12-10,false,ARI,9,8,1,10,1,2,2,1,0,0,90,25959,615,10,14,31,10,10,2,1
Joel Armia,WPG,R,2017-01-26,false,CHI,3,3,-5,12,0,0,0,0,1,0,52,25226,581,25,10,12,12,16,2,4
Artem Anisimov,CHI,C,2016-12-06,false,ARI,11,12,11,18,2,3,0,0,4,1,44,29948,611,12,9,15,2,13,188,236
Sven Andrighetto,MTL,R,2017-02-27,false,NJD,2,6,1,4,0,1,0,0,0,0,31,18602,444,27,12,18,3,6,0,0
Andy Andreoff,LAK,L,2017-03-09,false,NSH,0,2,-2,32,0,0,0,0,0,0,24,17644,403,52,7,14,8,4,36,24
Josh Anderson,CBJ,R,2016-12-13,false,EDM,8,4,9,23,0,0,0,0,2,0,46,19626,496,50,16,12,12,7,6,16
Karl Alzner,WSH,D,2016-12-11,false,VAN,2,2,8,10,0,0,0,0,0,0,29,32837,704,30,49,11,18,7,0,0
Sebastian Aho,CAR,R,2016-12-08,false,LAK,4,9,-2,4,0,3,0,0,0,0,64,25178,559,10,2,23,17,9,6,8
Noel Acciari,BOS,C,2017-04-02,false,CHI,2,3,3,16,0,0,0,0,0,0,23,16476,397,73,5,8,4,10,11,16
Justin Abdelkader,DET,L,2017-01-18,false,BOS,4,5,-6,19,2,0,0,1,0,0,44,25894,555,64,9,15,9,9,2,5
Tyler Pitlick,EDM,R,2016-12-09,false,MIN,6,2,-1,4,0,0,0,0,1,0,48,16283,400,62,8,7,6,3,7,6
Johan Larsson,BUF,C,2016-12-09,false,WSH,4,4,-6,14,1,0,0,0,2,0,37,28306,595,25,20,20,11,11,199,206
Erik Gudbranson,VAN,D,2016-12-08,false,TBL,1,4,-13,14,0,0,0,0,1,0,38,32808,691,61,35,13,21,3,0,0
Ryan Garbutt,ANA,C,2016-12-07,false,CAR,2,1,-3,20,0,0,0,1,1,0,26,14837,407,53,12,17,3,3,7,4
