James van Riemsdyk,TOR,L,2016-10-15,false,BOS,1,0,0,0,0,0,0,0,0,0,5,1883,41,3,0,3,1,1,0,1
Trevor van Riemsdyk,CHI,D,2016-10-21,false,CBJ,0,0,0,4,0,0,0,0,0,0,0,1530,35,2,3,0,0,0,0,0
Calvin de Haan,NYI,D,2016-10-15,false,WSH,0,0,1,2,0,0,0,0,0,0,3,2246,47,2,3,1,1,0,0,0
Valentin Zykov,CAR,L,2017-03-11,false,TOR,1,0,1,0,0,0,0,0,0,0,3,750,16,0,0,1,1,0,0,0
Jason Zucker,MIN,L,2016-10-15,false,WPG,0,1,2,0,0,0,0,0,0,0,3,1185,27,2,0,2,0,3,0,0
Mats Zuccarello,NYR,R,2016-10-15,false,STL,1,0,0,0,0,0,0,0,0,0,4,2274,48,4,0,2,0,0,1,1
Harry Zolnierczyk,NSH,L,2017-01-05,false,TBL,0,0,0,4,0,0,0,0,0,0,0,1406,31,4,1,0,0,0,0,0
Mika Zibanejad,NYR,C,2016-10-15,false,STL,1,3,1,0,0,1,0,0,0,0,5,2074,54,1,0,5,0,2,30,17
Henrik Zetterberg,DET,L,2016-10-15,false,FLA,0,1,-4,0,0,1,0,0,0,0,3,1905,42,0,0,0,2,1,5,3
Travis Zajac,NJD,C,2016-10-15,false,TBL,1,0,-1,2,0,0,0,0,0,0,3,2352,50,0,1,1,0,1,15,18
Nikita Zaitsev,TOR,D,2016-10-15,false,BOS,0,1,1,0,0,0,0,0,0,0,3,2603,49,3,4,3,1,1,0,0
Nikita Zadorov,COL,D,2016-10-17,false,PIT,0,1,0,2,0,0,0,0,0,0,4,1866,48,5,1,0,0,0,0,0
Pavel Zacha,NJD,C,2016-10-15,false,TBL,0,1,0,0,0,0,0,0,0,0,3,1634,33,3,2,0,1,0,6,9
Keith Yandle,FLA,D,2016-10-15,false,DET,0,0,1,2,0,0,0,0,0,0,5,2866,51,3,5,2,2,0,0,0
Nail Yakupov,STL,R,2016-10-13,false,MIN,1,1,1,0,0,0,0,0,0,0,4,1148,29,2,0,2,0,2,0,0
Tyler Wotherspoon,CGY,D,2016-12-29,false,ANA,0,0,-1,0,0,0,0,0,0,0,0,1262,32,2,2,0,2,0,0,0
Miles Wood,NJD,L,2016-10-15,false,TBL,0,0,0,4,0,0,0,0,0,0,1,1251,28,2,2,0,0,0,0,0
Luke Witkowski,TBL,D,2016-11-23,false,PHI,0,0,-1,0,0,0,0,0,0,0,1,1002,22,4,1,0,0,0,0,0
Daniel Winnik,WSH,L,2016-10-15,false,NYI,2,0,2,0,0,0,0,0,1,0,4,1174,29,2,1,0,1,1,0,0
Tommy Wingels,SJS,C,2016-10-15,false,CBJ,0,0,0,0,0,0,0,0,0,0,2,1199,27,5,1,0,0,0,7,8
Scott Wilson,PIT,L,2016-10-15,false,ANA,0,0,-1,0,0,0,0,0,0,0,1,1610,35,5,2,1,0,1,0,0
Colin Wilson,NSH,L,2016-10-15,false,CHI,1,0,1,2,0,0,0,0,0,0,5,1946,43,2,0,1,1,1,0,0
Tom Wilson,WSH,R,2016-10-15,false,NYI,0,0,2,5,0,0,0,0,0,0,1,1017,28,4,0,0,0,0,0,0
Justin Williams,WSH,R,2016-10-15,false,NYI,0,0,0,2,0,0,0,0,0,0,1,2045,42,1,4,3,0,0,1,1
Patrick Wiercioch,COL,D,2016-10-17,false,PIT,1,1,0,4,0,0,0,0,0,0,2,1802,47,4,3,0,1,0,0,0
Chris Wideman,OTT,D,2016-10-15,false,MTL,0,2,1,2,0,0,0,0,0,0,3,1434,40,0,4,1,2,1,0,0
Dennis Wideman,CGY,D,2016-10-14,false,EDM,1,0,1,2,1,0,0,0,0,0,6,2391,59,2,3,1,4,0,0,0
Ryan White,ARI,C,2016-10-18,false,OTT,0,0,-2,2,0,0,0,0,0,0,2,1324,27,8,2,0,1,0,0,3
Colin White,OTT,C,2017-04-09,false,NYI,0,0,0,0,0,0,0,0,0,0,1,1645,34,0,1,1,0,1,7,14
Blake Wheeler,WPG,R,2016-10-15,false,MIN,2,2,3,4,0,0,1,0,0,0,8,2629,56,2,0,1,1,1,1,2
Zach Werenski,CBJ,D,2016-10-15,false,SJS,1,1,-1,2,1,0,0,0,0,0,9,2630,53,3,0,0,2,0,0,0
Alexander Wennberg,CBJ,C,2016-10-15,false,SJS,1,2,0,0,0,2,0,0,0,0,5,1909,42,1,0,2,0,0,10,18
Dale Weise,PHI,R,2016-10-15,false,ARI,0,0,2,2,0,0,0,0,0,0,0,1661,37,0,0,2,0,0,0,0
MacKenzie Weegar,FLA,D,2017-04-08,false,BUF,0,0,0,2,0,0,0,0,0,0,3,2129,43,3,0,1,0,1,0,0
Yannick Weber,NSH,D,2016-10-18,false,DAL,0,0,-1,0,0,0,0,0,0,0,0,1226,34,9,2,1,3,0,0,0
Shea Weber,MTL,D,2016-10-15,false,OTT,0,2,3,2,0,0,0,0,0,0,4,3211,66,7,3,4,3,0,0,0
Jordan Weal,PHI,C,2017-02-15,false,CGY,0,0,0,0,0,0,0,0,0,0,7,1696,39,0,0,3,1,1,1,2
Austin Watson,NSH,L,2016-10-26,false,ANA,0,0,2,0,0,0,0,0,0,0,1,1501,38,2,0,1,0,0,0,1
David Warsofsky,PIT,D,2016-10-25,false,FLA,0,0,-1,0,0,0,0,0,0,0,5,1837,46,1,2,2,1,1,0,0
Joel Ward,SJS,R,2016-10-15,false,CBJ,1,0,0,0,0,0,0,0,0,0,4,1835,42,2,3,1,1,1,5,8
Lucas Wallmark,CAR,C,2017-03-14,false,NYI,0,1,0,0,0,0,0,0,0,0,2,1348,35,3,0,2,0,0,8,4
Chris Wagner,ANA,C,2016-10-15,false,PIT,0,0,-1,0,0,0,0,0,0,0,2,843,23,1,0,1,0,0,3,4
Radim Vrbata,ARI,R,2016-10-18,false,OTT,0,1,0,2,0,0,0,0,0,0,7,2126,43,0,0,3,1,0,2,0
Jakub Vrana,WSH,L,2016-12-03,false,TBL,0,0,0,0,0,0,0,0,0,0,5,1731,34,1,1,2,1,0,0,0
Jakub Voracek,PHI,R,2016-10-15,false,ARI,0,1,-2,22,0,0,0,0,0,0,4,2260,46,0,0,1,1,0,0,1
Marc-Edouard Vlasic,SJS,D,2016-10-15,false,CBJ,0,1,0,0,0,1,0,0,0,0,3,2605,52,0,1,1,1,0,0,0
Jimmy Vesey,NYR,L,2016-10-15,false,STL,0,0,0,0,0,0,0,0,0,0,1,1815,40,1,0,2,0,1,0,0
Kris Versteeg,CGY,R,2016-10-14,false,EDM,0,1,1,0,0,0,0,0,0,0,2,1633,37,0,0,2,0,0,2,2
Joel Vermin,TBL,R,2016-12-03,false,WSH,0,2,2,0,0,0,0,0,0,0,3,1916,45,6,1,3,1,2,0,0
Antoine Vermette,ANA,C,2016-10-15,false,PIT,0,0,-2,0,0,0,0,0,0,0,7,1684,49,3,1,3,0,1,20,8
Mike Vecchione,PHI,C,2017-04-09,false,CAR,0,0,-1,0,0,0,0,0,0,0,1,1020,21,1,1,0,1,0,8,4
Frank Vatrano,BOS,C,2016-12-23,false,CAR,1,0,0,0,0,0,0,0,0,0,3,1669,42,2,0,1,0,1,0,0
Sami Vatanen,ANA,D,2016-10-15,false,PIT,0,0,-1,0,0,0,0,0,0,0,5,2955,55,1,2,0,0,0,0,0
Phil Varone,OTT,C,2016-10-15,false,MTL,0,0,-1,2,0,0,0,0,0,0,0,1010,28,1,0,2,2,0,6,3
Thomas Vanek,DET,L,2016-10-15,false,FLA,2,0,1,2,1,0,0,0,0,0,5,1694,37,1,1,0,0,1,0,1
Chris VandeVelde,PHI,C,2016-10-15,false,ARI,0,0,-1,0,0,0,0,0,0,0,1,1325,30,3,0,1,0,0,1,1
Scottie Upshall,STL,R,2016-10-13,false,MIN,1,0,-1,2,0,0,0,0,0,0,3,1130,36,4,0,1,1,0,0,0
Fedor Tyutin,COL,D,2016-10-17,false,PIT,0,1,0,0,0,0,0,0,0,0,0,2284,54,4,4,1,1,1,0,0
TJ Tynan,CBJ,C,2017-03-10,false,BUF,0,0,-1,0,0,0,0,0,0,0,2,800,21,0,1,1,0,0,0,0
Kyle Turris,OTT,C,2016-10-15,false,MTL,2,0,0,0,0,0,0,0,1,1,5,2507,59,0,1,3,1,0,11,16
Alex Tuch,MIN,R,2017-02-07,false,WPG,0,0,-1,0,0,0,0,0,0,0,3,1512,34,0,2,2,0,0,0,0
Nikita Tryamkin,VAN,D,2016-11-05,false,TOR,0,0,1,7,0,0,0,0,0,0,2,2059,44,9,2,2,2,0,0,0
Jacob Trouba,WPG,D,2016-11-13,false,LAK,0,0,-1,0,0,0,0,0,0,0,5,3067,60,1,7,2,3,1,0,0
Vincent Trocheck,FLA,C,2016-10-15,false,DET,1,0,0,0,0,0,0,0,0,0,4,2604,51,1,2,5,2,2,19,18
Jordin Tootoo,CHI,R,2016-10-14,false,NSH,0,0,0,5,0,0,0,0,0,0,0,524,18,3,1,0,1,0,0,0
Sergey Tolchinsky,CAR,L,2017-04-09,false,PHI,0,1,0,0,0,0,0,0,0,0,2,1377,29,0,0,0,0,0,0,0
Tyler Toffoli,LAK,C,2016-10-14,false,PHI,1,0,1,0,1,0,0,0,0,0,8,2169,45,5,1,1,0,0,0,0
Jonathan Toews,CHI,C,2016-10-14,false,NSH,0,1,0,9,0,1,0,0,0,0,4,2409,55,1,0,1,1,0,22,23
Matthew Tkachuk,CGY,L,2016-10-14,false,EDM,0,0,-2,2,0,0,0,0,0,0,5,1563,37,2,0,1,0,2,0,0
Chris Tierney,SJS,C,2016-10-15,false,CBJ,0,1,1,0,0,0,0,0,0,0,2,1958,42,0,1,1,1,1,4,13
Shawn Thornton,FLA,L,2016-11-19,false,OTT,0,0,-1,0,0,0,0,0,0,0,1,1120,28,0,0,1,2,0,0,0
Joe Thornton,SJS,C,2016-10-15,false,CBJ,0,1,0,0,0,1,0,0,0,0,1,2203,48,0,0,0,1,2,10,4
Chris Thorburn,WPG,R,2016-10-25,false,DAL,0,0,-1,9,0,0,0,0,0,0,0,772,23,2,0,0,0,0,0,0
Ben Thomson,NJD,L,2017-04-06,false,PIT,0,0,-3,4,0,0,0,0,0,0,4,1221,33,5,1,0,0,0,0,0
Nate Thompson,ANA,C,2017-02-03,false,FLA,0,0,1,0,0,0,0,0,0,0,3,1384,33,2,2,0,0,0,10,14
Paul Thompson,FLA,R,2016-12-06,false,PHI,0,0,0,0,0,0,0,0,0,0,3,1217,27,9,4,2,0,1,0,0
Shea Theodore,ANA,D,2016-10-25,false,SJS,0,0,0,2,0,0,0,0,0,0,1,2063,45,0,1,3,6,0,0,0
Chris Terry,MTL,L,2016-11-18,false,CAR,0,1,-1,2,0,0,0,0,0,0,3,1695,42,4,0,2,1,0,0,0
Teuvo Teravainen,CAR,L,2016-10-16,false,VAN,1,0,0,0,1,0,0,0,0,0,1,1567,37,1,1,0,0,0,0,0
Matt Tennyson,CAR,D,2016-11-15,false,SJS,0,0,2,0,0,0,0,0,0,0,3,1640,43,2,0,0,1,0,0,0
John Tavares,NYI,C,2016-10-15,false,WSH,0,0,-3,4,0,0,0,0,0,0,6,2218,50,1,1,3,1,1,15,20
Tomas Tatar,DET,L,2016-10-15,false,FLA,0,0,-4,0,0,0,0,0,0,0,2,1768,41,1,0,1,1,0,1,0
Vladimir Tarasenko,STL,R,2016-10-13,false,MIN,2,1,0,0,1,1,0,0,0,0,9,2315,50,2,2,2,0,1,0,0
Christopher Tanev,VAN,D,2016-10-16,false,CAR,0,0,0,4,0,0,0,0,0,0,1,2371,59,0,3,2,1,1,0,0
Brandon Tanev,WPG,L,2016-10-15,false,MIN,0,0,0,0,0,0,0,0,0,0,2,1006,27,1,1,0,0,0,0,0
Evgeny Svechnikov,DET,R,2017-04-04,false,OTT,0,0,0,0,0,0,0,0,0,0,4,1577,43,2,1,1,1,0,0,0
Brandon Sutter,VAN,C,2016-10-16,false,CAR,1,1,2,0,0,0,0,0,1,1,6,2152,53,3,2,2,1,0,19,13
Ryan Suter,MIN,D,2016-10-15,false,WPG,1,1,0,0,0,0,0,0,0,0,5,3124,60,2,0,1,1,2,0,0
Andrej Sustr,TBL,D,2016-10-15,false,NJD,0,0,0,7,0,0,0,0,0,0,1,1988,44,0,1,2,1,1,0,0
Oskar Sundqvist,PIT,C,2017-03-11,false,VAN,0,0,1,0,0,0,0,0,0,0,3,987,24,5,0,0,1,0,2,4
P.K. Subban,NSH,D,2016-10-15,false,CHI,1,1,-2,6,1,1,0,0,0,0,6,2882,55,5,5,1,3,0,0,0
Mark Stuart,WPG,D,2016-10-25,false,DAL,0,0,0,0,0,0,0,0,0,0,1,1246,33,3,5,0,0,0,0,0
Ryan Strome,NYI,C,2016-10-15,false,WSH,1,0,-3,0,1,0,0,0,0,0,4,1617,36,1,2,2,0,1,4,3
Mark Streit,PHI,D,2016-10-15,false,ARI,1,1,0,2,0,0,0,0,0,0,5,2584,60,2,2,0,1,0,0,0
Ben Street,DET,C,2017-04-01,false,TOR,0,1,1,0,0,0,0,0,0,0,1,929,25,0,0,2,0,0,0,0
Anton Stralman,TBL,D,2016-10-15,false,NJD,0,0,0,0,0,0,0,0,0,0,1,2828,52,1,2,3,0,0,0,0
Brian Strait,WPG,D,2017-03-21,false,PHI,0,1,1,0,0,0,0,0,0,0,1,1806,43,1,4,1,0,0,0,0
Michael Stone,ARI,D,2016-10-23,false,NYR,0,0,-1,0,0,0,0,0,0,0,2,2364,47,4,4,3,0,0,0,0
Mark Stone,OTT,R,2016-10-15,false,MTL,0,2,1,0,0,0,0,0,0,0,3,2316,49,3,1,0,1,2,0,0
Karl Stollery,NJD,D,2017-01-13,false,CGY,0,1,1,0,0,1,0,0,0,0,1,2016,44,6,2,0,1,2,0,0
Chris Stewart,MIN,R,2016-10-15,false,WPG,1,1,0,19,0,1,0,0,0,0,2,1391,33,1,0,1,0,0,0,1
Chandler Stephenson,WSH,C,2017-01-26,false,NJD,0,0,0,0,0,0,0,0,0,0,2,1115,24,0,0,0,0,1,6,5
Derek Stepan,NYR,C,2016-10-15,false,STL,0,0,-1,0,0,0,0,0,0,0,9,2121,53,1,4,2,1,3,20,18
Lee Stempniak,CAR,R,2016-10-16,false,VAN,1,2,0,0,1,0,0,0,0,0,3,1985,43,2,0,3,1,2,0,0
Alexander Steen,STL,L,2016-10-13,false,MIN,1,2,2,0,0,1,0,0,0,0,7,2493,59,1,3,2,0,2,0,0
Troy Stecher,VAN,D,2016-10-28,false,EDM,0,0,-2,0,0,0,0,0,0,0,2,2544,56,1,1,3,0,0,0,0
Paul Stastny,STL,C,2016-10-13,false,MIN,1,3,2,2,1,1,0,0,1,0,2,2549,59,1,1,1,0,0,28,18
Viktor Stalberg,CAR,L,2016-10-16,false,VAN,0,0,0,2,0,0,0,0,0,0,1,1451,35,4,1,0,0,0,0,0
Matt Stajan,CGY,C,2016-10-14,false,EDM,0,1,2,0,0,0,0,0,0,0,2,1382,38,0,0,1,0,0,13,10
Drew Stafford,WPG,R,2016-10-15,false,MIN,0,0,0,2,0,0,0,0,0,0,2,1799,38,0,0,0,3,1,0,1
Eric Staal,MIN,C,2016-10-15,false,WPG,1,0,0,0,0,0,0,0,0,0,6,2305,54,5,1,1,0,1,19,16
Jordan Staal,CAR,C,2016-10-16,false,VAN,1,0,-1,4,0,0,0,0,0,0,3,2192,55,4,0,0,1,1,21,11
Marc Staal,NYR,D,2016-10-15,false,STL,0,0,0,0,0,0,0,0,0,0,3,2579,64,3,3,1,1,1,0,0
Jared Spurgeon,MIN,D,2016-10-15,false,WPG,0,1,1,0,0,0,0,0,0,0,0,2997,61,2,3,1,0,0,0,0
Ryan Sproul,DET,D,2016-10-22,false,SJS,0,2,1,0,0,1,0,0,0,0,7,1758,43,1,1,2,0,0,0,0
Ryan Spooner,BOS,C,2016-10-15,false,TOR,0,1,0,0,0,0,0,0,0,0,4,2112,38,0,0,1,2,2,0,0
Jason Spezza,DAL,C,2016-10-15,false,COL,0,0,-4,0,0,0,0,0,0,0,3,2239,51,2,0,2,0,4,9,13
Nikita Soshnikov,TOR,R,2016-11-03,false,BUF,0,1,1,4,0,0,0,0,0,0,4,1011,32,7,0,0,1,0,0,0
Marcus Sorensen,SJS,R,2017-02-11,false,PHI,0,1,1,0,0,0,0,0,0,0,3,1004,25,1,0,0,1,2,0,0
Carl Soderberg,COL,C,2016-10-17,false,PIT,1,0,1,2,0,0,0,0,0,0,4,2163,48,0,3,0,1,3,14,9
Devante Smith-Pelly,NJD,R,2016-10-15,false,TBL,0,0,-2,2,0,0,0,0,0,0,3,1848,42,2,0,3,2,1,3,4
Craig Smith,NSH,R,2016-10-15,false,CHI,1,0,0,2,1,0,0,0,0,0,3,1683,41,3,0,5,0,0,3,4
Brendan Smith,DET,D,2016-10-15,false,FLA,0,0,-1,5,0,0,0,0,0,0,6,2072,50,3,3,1,2,0,0,0
C.J. Smith,BUF,L,2017-04-03,false,TOR,0,1,-1,0,0,0,0,0,0,0,2,1384,30,0,0,1,2,2,0,0
Ben Smith,COL,R,2016-10-17,false,PIT,0,0,-1,0,0,0,0,0,0,0,0,1357,35,1,0,1,0,0,10,7
Reilly Smith,FLA,R,2016-10-15,false,DET,0,0,0,0,0,0,0,0,0,0,4,2345,52,0,1,2,2,2,0,0
Gemel Smith,DAL,C,2016-10-25,false,WPG,0,0,0,0,0,0,0,0,0,0,1,1197,34,1,1,0,0,0,3,4
Zack Smith,OTT,C,2016-10-15,false,MTL,1,1,2,2,0,0,0,0,0,0,3,2077,51,11,1,0,1,0,11,1
Anton Slepyshev,EDM,L,2016-10-18,false,CAR,1,0,1,0,0,0,0,0,0,0,4,1397,30,2,0,0,0,1,0,0
Jaccob Slavin,CAR,D,2016-10-16,false,VAN,0,0,-1,0,0,0,0,0,0,0,2,2705,56,2,5,0,2,1,0,0
Brady Skjei,NYR,D,2016-10-15,false,STL,0,1,1,2,0,0,0,0,0,0,3,1852,46,4,2,1,2,0,0,0
Jeff Skinner,CAR,L,2016-10-16,false,VAN,1,1,-2,0,0,1,0,0,0,0,8,2086,46,2,0,1,1,0,1,2
Jack Skille,VAN,R,2016-10-20,false,BUF,0,0,0,0,0,0,0,0,0,0,3,1343,30,2,1,0,1,0,0,0
Colton Sissons,NSH,C,2016-10-15,false,CHI,0,0,-1,0,0,0,0,0,0,0,1,1306,34,4,1,0,0,2,10,12
Dominik Simon,PIT,C,2017-04-09,false,NYR,0,1,-1,0,0,0,0,0,0,0,2,1565,41,2,0,2,1,1,0,0
Wayne Simmonds,PHI,R,2016-10-15,false,ARI,1,0,1,4,0,0,0,0,0,0,4,2335,52,7,2,4,1,0,0,0
Jakob Silfverberg,ANA,R,2016-10-15,false,PIT,0,1,0,0,0,0,0,0,0,0,3,2484,55,3,0,2,0,1,0,1
Duncan Siemens,COL,D,2017-04-06,false,MIN,0,0,-1,2,0,0,0,0,0,0,1,1293,35,8,0,0,1,0,0,0
Nick Shore,LAK,C,2016-10-14,false,PHI,0,0,0,0,0,0,0,0,0,0,1,1575,39,1,0,1,1,0,13,12
Devin Shore,DAL,C,2016-10-15,false,COL,1,2,3,0,0,0,0,0,0,0,3,1542,40,1,1,1,0,2,11,18
Drew Shore,VAN,C,2017-03-16,false,DAL,0,1,0,2,0,0,0,0,0,0,2,1566,39,4,0,0,0,2,0,0
Conor Sheary,PIT,L,2016-10-15,false,ANA,1,1,2,0,0,0,0,0,0,0,4,1615,36,3,2,2,0,0,0,0
Riley Sheahan,DET,C,2016-10-15,false,FLA,0,0,-3,0,0,0,0,0,0,0,6,1866,43,1,1,1,0,0,2,1
Logan Shaw,ANA,C,2016-11-26,false,SJS,0,0,1,0,0,0,0,0,0,0,3,693,19,3,0,1,0,0,5,8
Andrew Shaw,MTL,C,2016-10-15,false,OTT,1,0,2,10,0,0,0,0,0,0,4,1660,41,4,0,1,1,0,6,9
Kevin Shattenkirk,STL,D,2016-10-13,false,MIN,1,2,0,0,1,2,0,0,0,0,5,2252,48,2,0,1,2,1,0,0
Patrick Sharp,DAL,L,2016-10-15,false,COL,0,1,-2,4,0,0,0,0,0,0,4,2068,50,2,0,4,0,0,0,2
Michael Sgarbossa,ANA,C,2016-10-25,false,SJS,0,0,0,0,0,0,0,0,0,0,2,1068,27,0,1,1,0,0,6,7
Damon Severson,NJD,D,2016-10-15,false,TBL,0,0,-3,2,0,0,0,0,0,0,3,2212,47,3,1,2,1,1,0,0
Devin Setoguchi,LAK,R,2016-10-14,false,PHI,0,0,-1,0,0,0,0,0,0,0,3,1813,41,2,0,2,0,1,0,0
Tom Sestito,PIT,L,2016-10-15,false,ANA,0,0,0,5,0,0,0,0,0,0,1,587,17,4,0,0,0,0,0,0
Mikhail Sergachev,MTL,D,2016-10-18,false,PIT,0,0,0,0,0,0,0,0,0,0,0,1218,30,3,2,0,2,0,0,0
Andrej Sekera,EDM,D,2016-10-14,false,CGY,0,1,1,2,0,0,0,0,0,0,1,2469,53,0,2,3,0,1,0,0
Dennis Seidenberg,NYI,D,2016-10-15,false,WSH,0,0,1,2,0,0,0,0,0,0,4,2256,46,3,5,2,3,0,0,0
Tyler Seguin,DAL,C,2016-10-15,false,COL,2,1,0,0,1,1,0,0,0,0,5,2153,50,2,0,4,1,0,9,17
Lukas Sedlak,CBJ,C,2016-10-22,false,DAL,0,0,0,0,0,0,0,0,0,0,4,1260,32,2,0,1,0,2,4,6
Daniel Sedin,VAN,L,2016-10-16,false,CAR,1,0,0,0,0,0,0,0,0,0,8,2439,52,0,1,2,0,0,0,0
Henrik Sedin,VAN,C,2016-10-16,false,CAR,0,1,-1,2,0,0,0,0,0,0,0,2441,50,1,0,4,3,0,20,15
Brent Seabrook,CHI,D,2016-10-14,false,NSH,0,0,0,2,0,0,0,0,0,0,2,2929,57,1,1,1,2,0,0,0
Jaden Schwartz,STL,L,2016-10-22,false,CGY,0,1,2,0,0,0,0,0,0,0,5,2217,54,0,2,0,1,2,5,3
Justin Schultz,PIT,D,2016-10-15,false,ANA,0,0,0,2,0,0,0,0,0,0,7,1774,42,1,1,0,1,0,0,0
Nick Schultz,PHI,D,2016-10-15,false,ARI,0,1,2,0,0,0,0,0,0,0,0,2158,53,3,5,0,0,0,0,0
Jordan Schroeder,MIN,C,2016-11-05,false,COL,0,0,0,0,0,0,0,0,0,0,6,1014,30,0,0,0,0,0,0,0
Nate Schmidt,WSH,D,2016-10-15,false,NYI,0,0,0,0,0,0,0,0,0,0,3,1828,36,3,0,0,1,1,0,0
Nick Schmaltz,CHI,C,2016-10-14,false,NSH,0,0,0,2,0,0,0,0,0,0,1,1236,32,1,1,0,2,0,4,10
Jordan Schmaltz,STL,D,2017-03-11,false,NYI,0,0,0,0,0,0,0,0,0,0,1,1635,40,2,0,0,2,0,0,0
David Schlemko,SJS,D,2016-10-15,false,CBJ,0,0,0,0,0,0,0,0,0,0,2,2040,43,2,1,0,2,2,0,0
Nikita Scherbak,MTL,R,2017-01-09,false,WSH,1,0,1,0,1,0,0,0,0,0,3,1370,35,0,1,1,0,0,0,0
Luke Schenn,ARI,D,2016-10-18,false,OTT,0,0,-1,0,0,0,0,0,0,0,2,2089,48,3,2,0,2,0,0,0
Brayden Schenn,PHI,C,2016-10-22,false,CAR,0,0,-1,0,0,0,0,0,0,0,2,2241,48,2,1,3,1,0,0,0
Mark Scheifele,WPG,C,2016-10-15,false,MIN,2,1,3,4,0,0,0,0,1,1,6,2675,53,1,3,0,1,1,20,26
Tim Schaller,BOS,C,2016-10-20,false,NJD,0,1,1,0,0,0,0,0,0,0,4,1265,30,2,1,2,1,0,2,1
Colton Sceviour,FLA,C,2016-10-15,false,DET,1,0,0,0,0,0,0,0,1,0,4,1419,31,1,1,1,0,1,0,0
Marco Scandella,MIN,D,2016-10-15,false,WPG,0,0,-2,0,0,0,0,0,0,0,2,2366,55,2,1,2,2,0,0,0
Luca Sbisa,VAN,D,2016-10-16,false,CAR,0,0,0,0,0,0,0,0,0,0,1,1994,45,4,2,0,1,0,0,0
David Savard,CBJ,D,2016-10-15,false,SJS,0,0,-2,2,0,0,0,0,0,0,2,2498,56,5,5,3,1,0,0,0
Steven Santini,NJD,D,2017-01-03,false,CAR,0,1,3,0,0,0,0,0,0,0,2,1604,38,9,1,0,0,0,0,0
Zach Sanford,WSH,L,2016-10-15,false,NYI,0,0,0,2,0,0,0,0,0,0,1,1521,32,2,0,0,1,0,3,0
Miikka Salomaki,NSH,R,2016-10-15,false,CHI,0,0,-1,0,0,0,0,0,0,0,2,1148,29,6,5,0,0,0,0,0
Brandon Saad,CBJ,L,2016-10-15,false,SJS,0,1,2,0,0,0,0,0,0,0,5,1981,43,1,0,1,0,1,1,0
Bobby Ryan,OTT,R,2016-10-15,false,MTL,1,1,1,0,0,0,0,0,0,0,4,2089,45,3,2,1,3,1,0,0
Derek Ryan,CAR,C,2016-11-15,false,SJS,0,0,0,0,0,0,0,0,0,0,2,1711,35,1,0,1,0,2,15,7
Bryan Rust,PIT,R,2016-10-20,false,SJS,0,0,-3,0,0,0,0,0,0,0,3,1423,39,4,0,0,0,0,0,0
Robbie Russo,DET,D,2017-03-08,false,BOS,0,0,-1,0,0,0,0,0,0,0,0,1913,42,3,2,0,4,0,0,0
Kris Russell,EDM,D,2016-10-14,false,CGY,0,3,3,0,0,0,0,0,0,0,2,2330,50,3,5,0,0,1,0,0
Chad Ruhwedel,PIT,D,2016-12-23,false,NJD,1,0,3,0,0,0,0,0,0,0,4,1990,48,1,2,2,1,0,0,0
Michal Rozsival,CHI,D,2016-10-28,false,NJD,0,0,0,0,0,0,0,0,0,0,2,1868,45,7,3,2,0,0,0,0
Carter Rowney,PIT,R,2017-02-03,false,CBJ,0,0,-1,0,0,0,0,0,0,0,3,1213,23,5,0,1,0,1,9,7
Antoine Roussel,DAL,L,2016-10-15,false,COL,1,1,2,0,0,0,0,0,1,0,3,1637,46,1,1,2,0,0,0,0
Kevin Rooney,NJD,C,2017-03-04,false,BOS,0,0,0,2,0,0,0,0,0,0,1,1226,27,1,1,1,1,0,6,7
Evan Rodrigues,BUF,L,2016-11-17,false,TBL,0,0,-1,0,0,0,0,0,0,0,2,1376,31,0,0,0,1,0,1,0
Anton Rodin,VAN,R,2017-01-02,false,COL,0,1,1,0,0,0,0,0,0,0,1,1050,26,0,1,1,0,1,0,0
Brett Ritchie,DAL,R,2016-10-15,false,COL,1,1,3,0,0,0,0,0,0,0,3,1526,39,0,0,0,0,1,0,0
Nick Ritchie,ANA,L,2016-10-15,false,PIT,0,0,0,6,0,0,0,0,0,0,5,2282,51,11,1,7,0,0,1,1
Rasmus Ristolainen,BUF,D,2016-10-16,false,EDM,0,4,-1,0,0,3,0,0,0,0,7,3000,64,3,5,3,2,1,0,0
Morgan Rielly,TOR,D,2016-10-15,false,BOS,0,2,3,0,0,0,0,0,0,0,2,2809,59,1,5,2,4,0,0,0
Tobias Rieder,ARI,R,2016-10-18,false,OTT,1,0,-1,0,0,0,0,0,0,0,5,1742,40,1,1,0,0,0,0,0
Mike Ribeiro,NSH,C,2016-10-15,false,CHI,0,1,0,2,0,1,0,0,0,0,2,1667,38,2,1,0,2,0,9,5
Sam Reinhart,BUF,C,2016-10-16,false,EDM,0,2,1,0,0,1,0,0,0,0,4,2362,47,0,0,2,1,0,9,5
Mike Reilly,MIN,D,2016-10-20,false,TOR,0,0,-1,0,0,0,0,0,0,0,2,1599,33,0,0,4,2,0,0,0
Zach Redmond,MTL,D,2016-12-10,false,COL,0,3,6,2,0,0,0,0,0,0,1,2104,46,6,5,0,2,2,0,0
Ryan Reaves,STL,R,2016-10-13,false,MIN,0,0,-1,0,0,0,0,0,0,0,1,747,23,5,0,1,0,1,0,0
Matt Read,PHI,R,2016-10-15,false,ARI,1,0,0,0,0,0,0,0,0,0,8,1425,35,2,0,0,1,0,0,0
Ty Rattie,STL,R,2016-11-19,false,NSH,0,0,0,0,0,0,0,0,0,0,1,907,22,0,2,0,0,0,0,0
Dennis Rasmussen,CHI,C,2016-10-18,false,PHI,1,0,1,0,0,0,0,0,0,0,2,1407,39,2,4,1,1,2,0,1
Victor Rask,CAR,C,2016-10-16,false,VAN,2,0,-1,0,1,0,0,0,0,0,5,2143,51,2,1,1,1,0,21,15
Mikko Rantanen,COL,R,2016-10-29,false,ARI,0,0,-2,0,0,0,0,0,0,0,4,2125,44,0,2,1,0,1,3,0
Rickard Rakell,ANA,C,2016-11-02,false,PIT,1,2,0,0,0,1,0,0,1,0,8,2078,44,4,1,2,1,0,6,5
Michael Raffl,PHI,L,2016-10-15,false,ARI,1,0,1,0,0,0,0,0,0,0,3,1647,38,3,1,3,1,0,0,0
Alexander Radulov,MTL,R,2016-10-15,false,OTT,0,0,0,4,0,0,0,0,0,0,4,2168,45,2,1,1,3,3,0,0
Alan Quine,NYI,C,2016-10-18,false,SJS,0,0,-1,0,0,0,0,0,0,0,1,1051,25,6,1,0,1,1,7,2
Kyle Quincey,NJD,D,2016-10-15,false,TBL,0,0,1,0,0,0,0,0,0,0,1,2159,49,7,3,0,1,1,0,0
John Quenneville,NJD,C,2016-12-03,false,NSH,0,0,-1,2,0,0,0,0,0,0,0,1044,25,1,1,0,0,0,0,0
Mark Pysyk,FLA,D,2016-10-15,false,DET,0,0,2,2,0,0,0,0,0,0,1,1835,35,0,3,1,0,0,0,0
Tom Pyatt,OTT,L,2016-10-15,false,MTL,1,0,1,0,0,0,0,0,0,0,3,1794,49,1,1,2,0,1,0,0
Teemu Pulkkinen,MIN,L,2016-10-15,false,WPG,0,0,-1,0,0,0,0,0,0,0,1,1097,27,0,0,2,0,0,0,0
Jesse Puljujarvi,EDM,R,2016-10-14,false,CGY,1,0,1,0,1,0,0,0,0,0,3,1218,27,1,0,2,1,1,0,0
Matt Puempel,OTT,L,2016-10-25,false,VAN,0,0,-1,0,0,0,0,0,0,0,1,1032,26,1,0,1,0,1,0,0
Ivan Provorov,PHI,D,2016-10-15,false,ARI,0,1,1,0,0,0,0,0,0,0,1,2389,55,5,5,3,2,0,0,0
Dalton Prout,CBJ,D,2016-10-22,false,DAL,0,0,0,2,0,0,0,0,0,0,0,1756,44,4,2,1,0,1,0,0
Nate Prosser,MIN,D,2016-10-23,false,NYI,0,0,-2,0,0,0,0,0,0,0,3,1737,37,1,1,1,1,0,0,0
Shane Prince,NYI,L,2016-10-15,false,WSH,0,0,-3,0,0,0,0,0,0,0,1,1350,32,2,0,0,0,0,0,0
Benoit Pouliot,EDM,L,2016-10-14,false,CGY,0,0,-1,8,0,0,0,0,0,0,3,1736,49,0,3,3,2,0,0,1
Derrick Pouliot,PIT,D,2016-12-16,false,LAK,0,0,0,0,0,0,0,0,0,0,3,1848,39,5,1,0,0,0,0,0
Andrew Poturalski,CAR,C,2017-04-06,false,NYI,0,0,-3,0,0,0,0,0,0,0,1,1472,34,1,1,0,0,1,12,12
Paul Postma,WPG,D,2016-10-15,false,MIN,0,0,-1,0,0,0,0,0,0,0,1,1018,25,0,2,0,0,0,0,0
Kevin Porter,PIT,C,2017-04-09,false,NYR,0,0,-1,0,0,0,0,0,0,0,0,1350,37,5,1,1,0,2,7,12
Jason Pominville,MIN,R,2016-10-15,false,WPG,0,0,0,0,0,0,0,0,0,0,4,1771,45,0,1,2,0,0,2,1
Roman Polak,TOR,D,2016-10-22,false,CHI,1,0,2,2,0,0,0,0,0,0,3,2351,59,6,9,0,1,0,0,0
Brayden Point,TBL,C,2016-10-15,false,NJD,0,1,0,0,0,0,0,0,0,0,6,1881,37,1,0,0,0,1,0,0
Tomas Plekanec,MTL,C,2016-10-15,false,OTT,0,1,-1,2,0,1,0,0,0,0,4,2345,56,1,2,0,1,1,16,26
Brandon Pirri,NYR,R,2016-10-15,false,STL,1,1,1,0,1,0,0,0,1,0,2,1246,30,0,0,2,1,1,4,7
Alex Pietrangelo,STL,D,2016-10-13,false,MIN,0,1,3,0,0,1,0,0,0,0,4,3299,62,2,4,1,3,3,0,0
Blake Pietila,NJD,L,2016-11-21,false,SJS,0,0,-1,2,0,0,0,0,0,0,0,1517,33,4,2,0,0,1,4,5
Dion Phaneuf,OTT,D,2016-10-15,false,MTL,0,0,-3,4,0,0,0,0,0,0,3,2591,69,9,6,1,0,0,0,0
Jeff Petry,MTL,D,2016-10-18,false,PIT,2,2,3,0,1,0,0,0,0,0,3,2525,55,5,4,1,1,0,0,0
Alex Petrovic,FLA,D,2016-10-15,false,DET,0,1,2,0,0,0,0,0,0,0,1,1896,39,5,1,1,0,2,0,0
Nic Petan,WPG,L,2016-11-06,false,NYR,0,0,-3,0,0,0,0,0,0,0,5,2114,41,1,0,0,1,0,11,8
Brett Pesce,CAR,D,2016-10-16,false,VAN,0,0,-1,0,0,0,0,0,0,0,1,2616,54,1,3,2,1,0,0,0
Corey Perry,ANA,R,2016-10-15,false,PIT,1,0,0,0,0,0,0,0,0,0,6,2730,55,5,0,1,0,0,0,0
David Perron,STL,L,2016-10-13,false,MIN,0,0,-1,2,0,0,0,0,0,0,4,2111,53,2,1,1,0,0,0,3
Mathieu Perreault,WPG,C,2016-10-15,false,MIN,1,1,0,0,0,0,0,0,0,0,5,2075,43,5,0,3,1,2,13,16
Brendan Perlini,ARI,L,2016-12-06,false,CHI,0,0,-1,2,0,0,0,0,0,0,2,1717,37,1,0,4,0,2,0,0
Adam Pelech,NYI,D,2016-11-10,false,TBL,0,1,0,0,0,0,0,0,0,0,1,2045,40,2,2,4,2,2,0,0
Matthew Peca,TBL,C,2016-12-29,false,TOR,0,0,0,0,0,0,0,0,0,0,3,1615,33,3,0,2,1,0,11,12
Tanner Pearson,LAK,L,2016-10-20,false,DAL,3,1,4,0,0,0,0,0,0,0,7,1936,46,1,0,3,1,0,0,1
Joe Pavelski,SJS,C,2016-10-15,false,CBJ,0,1,0,2,0,1,0,0,0,0,9,2235,49,5,5,4,0,1,11,10
Greg Pateryn,MTL,D,2016-10-15,false,OTT,0,0,0,0,0,0,0,0,0,0,3,2104,48,1,2,1,0,3,0,0
David Pastrnak,BOS,R,2016-10-15,false,TOR,3,2,5,0,1,0,0,0,0,0,14,1770,37,1,1,1,1,0,0,1
Zach Parise,MIN,L,2016-10-15,false,WPG,0,1,-2,2,0,0,0,0,0,0,5,2172,53,3,3,4,0,2,0,0
PA Parenteau,NJD,R,2016-10-15,false,TBL,1,1,0,2,0,0,0,0,0,0,7,1648,36,4,0,0,2,2,0,0
Colton Parayko,STL,D,2016-10-13,false,MIN,0,1,0,4,0,0,0,0,0,0,7,2452,60,2,3,2,3,1,0,0
Cedric Paquette,TBL,C,2016-10-15,false,NJD,1,1,1,0,0,0,0,0,0,0,5,1136,28,5,1,0,0,2,0,1
Richard Panik,CHI,R,2016-10-14,false,NSH,1,1,0,0,1,0,0,0,0,0,2,1699,39,5,0,1,1,0,0,1
Artemi Panarin,CHI,L,2016-10-14,false,NSH,0,0,-1,0,0,0,0,0,0,0,3,2674,50,1,0,1,1,1,0,0
Kyle Palmieri,NJD,R,2016-10-15,false,TBL,1,0,-1,2,0,0,0,0,0,0,5,1989,44,3,0,0,3,2,0,0
Ondrej Palat,TBL,L,2016-10-15,false,NJD,0,2,0,7,0,1,0,0,0,0,4,1939,42,4,0,2,0,2,0,0
Iiro Pakarinen,EDM,R,2017-02-16,false,PHI,0,2,1,0,0,0,0,0,0,0,3,1036,31,5,3,0,0,0,0,0
Jean-Gabriel Pageau,OTT,C,2016-10-15,false,MTL,0,1,0,0,0,0,0,0,0,0,4,1917,51,4,4,1,1,1,16,8
Max Pacioretty,MTL,L,2016-10-15,false,OTT,0,1,2,2,0,0,0,0,0,0,3,2277,54,5,1,3,0,1,0,0
Magnus Paajarvi,STL,L,2016-10-15,false,NYR,1,0,1,0,0,0,0,0,1,0,2,1075,34,0,1,0,0,0,1,1
Alex Ovechkin,WSH,L,2016-10-15,false,NYI,0,0,-1,0,0,0,0,0,0,0,8,2495,44,3,0,3,4,2,0,0
Xavier Ouellet,DET,D,2016-10-15,false,FLA,0,0,1,0,0,0,0,0,0,0,3,1659,39,2,3,0,0,0,0,0
Steve Ott,DET,C,2016-10-21,false,NSH,0,0,0,6,0,0,0,0,0,0,3,958,27,0,0,0,0,0,5,3
T.J. Oshie,WSH,R,2016-10-15,false,NYI,0,0,-1,0,0,0,0,0,0,0,3,2262,46,1,1,2,2,2,2,3
Brooks Orpik,WSH,D,2016-10-15,false,NYI,0,1,1,0,0,0,0,0,0,0,1,1951,37,4,5,2,1,0,0,0
Dmitry Orlov,WSH,D,2016-10-15,false,NYI,0,0,1,0,0,0,0,0,0,0,4,2226,45,3,1,0,1,2,0,0
Gustav Olofsson,MIN,D,2017-02-08,false,CHI,0,0,1,0,0,0,0,0,0,0,0,1485,31,0,2,1,0,0,0,0
Steve Oleksy,PIT,D,2016-12-17,false,TOR,0,1,0,2,0,0,0,0,0,0,2,1506,37,6,2,0,0,0,0,0
Jamie Oleksiak,DAL,D,2016-10-20,false,LAK,0,0,1,5,0,0,0,0,0,0,0,1436,36,1,0,0,1,0,0,0
Kyle Okposo,BUF,R,2016-10-18,false,CGY,1,2,2,0,0,2,0,0,0,0,3,2201,46,1,0,3,0,0,0,2
Jordan Oesterle,EDM,D,2017-02-11,false,CHI,0,0,-1,0,0,0,0,0,0,0,2,2074,43,2,3,1,2,2,0,0
Johnny Oduya,DAL,D,2016-10-15,false,COL,0,0,-2,0,0,0,0,0,0,0,2,2261,51,1,4,0,0,0,0,0
Ryan O'Reilly,BUF,C,2016-10-16,false,EDM,2,2,1,0,1,1,0,0,1,0,3,2596,50,1,1,2,3,1,22,13
Cal O'Reilly,BUF,C,2016-11-21,false,CGY,0,0,0,0,0,0,0,0,0,0,1,1539,31,0,0,0,0,2,8,13
Daniel O'Regan,SJS,C,2017-03-20,false,DAL,0,0,-1,0,0,0,0,0,0,0,2,1246,27,0,2,1,0,1,9,10
Gustav Nyquist,DET,R,2016-10-15,false,FLA,0,2,1,0,0,0,0,0,0,0,1,1937,42,4,0,1,0,0,1,0
William Nylander,TOR,C,2016-10-15,false,BOS,0,2,3,2,0,0,0,0,0,0,6,1908,42,0,1,1,0,2,5,4
Alexander Nylander,BUF,R,2017-04-05,false,MTL,0,0,0,0,0,0,0,0,0,0,2,1556,30,1,0,1,2,1,0,0
Markus Nutivaara,CBJ,D,2016-10-15,false,SJS,0,0,-1,0,0,0,0,0,0,0,0,1449,35,2,0,0,1,0,0,0
Darnell Nurse,EDM,D,2016-10-14,false,CGY,0,2,-1,0,0,0,0,0,0,0,1,2057,45,2,2,0,0,1,0,0
Ryan Nugent-Hopkins,EDM,C,2016-10-14,false,CGY,0,0,-1,2,0,0,0,0,0,0,4,2031,48,2,0,1,0,3,8,19
Tomas Nosek,DET,L,2017-03-21,false,MTL,0,0,0,2,0,0,0,0,0,0,8,1282,31,4,0,0,0,1,7,6
Joakim Nordstrom,CAR,L,2016-10-16,false,VAN,0,1,-2,2,0,0,0,0,0,0,3,1796,46,2,1,0,2,1,0,1
Jordan Nolan,LAK,C,2016-10-14,false,PHI,0,0,-1,2,0,0,0,0,0,0,2,1259,30,3,0,0,1,0,0,0
Nelson Nogier,WPG,D,2017-03-23,false,LAK,0,0,-1,0,0,0,0,0,0,0,3,1458,33,5,1,0,1,0,0,0
Stefan Noesen,ANA,R,2016-12-09,false,SJS,1,0,1,0,0,0,0,0,0,0,4,909,25,4,0,0,0,0,2,8
Matt Niskanen,WSH,D,2016-10-15,false,NYI,0,1,1,0,0,0,0,0,0,0,4,2748,54,3,3,2,2,2,0,0
Matt Nieto,SJS,L,2016-10-15,false,CBJ,0,0,0,0,0,0,0,0,0,0,4,1343,29,0,3,2,0,0,0,1
Frans Nielsen,DET,C,2016-10-15,false,FLA,1,1,-2,0,0,1,0,0,0,0,3,1862,45,2,1,1,1,0,17,16
Nino Niederreiter,MIN,R,2016-10-15,false,WPG,0,0,1,0,0,0,0,0,0,0,2,1616,40,8,0,1,2,0,0,1
Andrej Nestrasil,CAR,C,2016-10-16,false,VAN,0,0,-3,0,0,0,0,0,0,0,3,1449,36,2,2,1,1,0,0,0
Nikita Nesterov,TBL,D,2016-10-15,false,NJD,0,0,1,2,0,0,0,0,0,0,5,1839,41,3,1,2,1,0,0,0
Aaron Ness,WSH,D,2017-02-25,false,NSH,0,0,-1,0,0,0,0,0,0,0,0,1540,33,2,2,1,1,0,0,0
Patrik Nemeth,DAL,D,2016-10-15,false,COL,0,0,1,2,0,0,0,0,0,0,0,2170,49,3,3,1,1,0,0,0
Brock Nelson,NYI,C,2016-10-15,false,WSH,1,1,0,0,0,1,0,0,0,0,2,1981,51,1,4,3,0,3,13,14
Casey Nelson,BUF,D,2016-11-03,false,TOR,0,0,-2,0,0,0,0,0,0,0,2,1552,41,1,0,0,1,0,0,0
Chris Neil,OTT,R,2016-10-15,false,MTL,0,0,-1,4,0,0,0,0,0,0,4,693,23,2,2,1,1,0,0,0
James Neal,NSH,L,2016-10-15,false,CHI,0,1,0,5,0,0,0,0,0,0,5,2415,46,2,0,4,2,0,0,0
Rick Nash,NYR,R,2016-10-15,false,STL,0,0,-1,0,0,0,0,0,0,0,5,1857,48,1,1,1,2,2,0,0
Riley Nash,BOS,C,2016-10-15,false,TOR,0,0,-1,0,0,0,0,0,0,0,2,1783,42,1,0,2,0,2,15,7
Vladislav Namestnikov,TBL,C,2016-10-15,false,NJD,0,0,0,0,0,0,0,0,0,0,2,1824,35,2,0,0,0,1,1,1
Jake Muzzin,LAK,D,2016-10-14,false,PHI,0,0,-1,4,0,0,0,0,0,0,2,2979,63,5,3,2,1,0,0,0
Ryan Murray,CBJ,D,2016-10-21,false,CHI,0,0,-2,2,0,0,0,0,0,0,2,1470,34,2,4,0,0,0,0,0
Ryan Murphy,CAR,D,2016-11-05,false,NSH,0,1,-1,0,0,0,0,0,0,0,0,1459,39,0,2,0,1,2,0,0
Connor Murphy,ARI,D,2016-10-18,false,OTT,0,2,1,2,0,0,0,0,0,0,2,2791,60,2,3,1,0,0,0,0
Mirco Mueller,SJS,D,2017-01-05,false,MIN,0,0,1,0,0,0,0,0,0,0,1,1609,37,1,2,0,0,1,0,0
Matt Moulson,BUF,L,2016-10-16,false,EDM,2,0,-1,0,2,0,0,0,0,0,7,1488,35,1,1,0,0,0,0,0
Tyler Motte,CHI,L,2016-10-14,false,NSH,0,1,1,0,0,0,0,0,0,0,3,1657,40,5,3,1,0,2,0,0
Joe Morrow,BOS,D,2016-10-22,false,MTL,0,0,-1,4,0,0,0,0,0,0,1,1854,43,4,1,3,1,0,0,0
Josh Morrissey,WPG,D,2016-10-15,false,MIN,0,0,2,0,0,0,0,0,0,0,3,1983,49,2,1,0,0,0,0,0
Dominic Moore,BOS,C,2016-10-15,false,TOR,0,0,-1,0,0,0,0,0,0,0,3,1529,39,0,1,0,0,0,3,1
John Moore,NJD,D,2016-10-15,false,TBL,0,1,0,4,0,0,0,0,0,0,2,2236,51,2,3,2,0,0,0,0
Brandon Montour,ANA,D,2016-12-30,false,VAN,0,0,0,2,0,0,0,0,0,0,2,1680,34,0,1,1,1,0,0,0
Sean Monahan,CGY,C,2016-10-14,false,EDM,1,0,-2,2,0,0,0,0,0,0,4,2402,48,1,1,3,3,1,23,22
Griffen Molino,VAN,C,2017-04-02,false,SJS,0,0,-1,0,0,0,0,0,0,0,2,1136,30,1,0,1,0,0,0,0
Torrey Mitchell,MTL,C,2016-10-15,false,OTT,1,0,1,2,0,0,0,0,1,0,1,1354,37,0,1,0,0,0,10,10
John Mitchell,COL,C,2016-10-29,false,ARI,0,0,0,0,0,0,0,0,0,0,2,1160,27,1,1,1,0,0,6,5
Zack Mitchell,MIN,R,2016-11-13,false,OTT,0,0,0,0,0,0,0,0,0,0,3,1105,27,6,2,2,0,0,0,1
Drew Miller,DET,L,2016-10-15,false,FLA,0,0,0,0,0,0,0,0,0,0,0,1446,38,1,1,0,0,0,0,0
Kevan Miller,BOS,D,2016-11-25,false,CGY,0,0,-2,0,0,0,0,0,0,0,1,2020,44,5,2,3,0,0,0,0
J.T. Miller,NYR,L,2016-10-15,false,STL,1,0,0,2,0,0,0,0,0,0,6,1822,44,3,1,1,1,1,4,2
Colin Miller,BOS,D,2016-10-15,false,TOR,0,0,-4,0,0,0,0,0,0,0,1,2188,50,3,2,2,2,0,0,0
Sonny Milano,CBJ,L,2016-11-10,false,BOS,0,0,-1,0,0,0,0,0,0,0,0,1438,33,1,1,1,1,0,0,0
Zbynek Michalek,ARI,D,2017-03-25,false,WSH,0,0,1,0,0,0,0,0,0,0,1,1991,43,5,5,0,3,0,0,0
Marc Methot,OTT,D,2016-10-15,false,MTL,0,0,3,2,0,0,0,0,0,0,3,2514,66,10,5,0,2,0,0,0
Jon Merrill,NJD,D,2016-11-19,false,LAK,0,0,-2,0,0,0,0,0,0,0,0,1869,42,3,0,1,2,0,0,0
Julian Melchiori,WPG,D,2016-11-03,false,WSH,0,0,-2,0,0,0,0,0,0,0,0,1581,35,3,3,0,2,0,0,0
Timo Meier,SJS,R,2016-12-18,false,CHI,1,0,0,2,0,0,0,0,1,0,7,1481,39,3,0,1,0,2,0,0
Jayson Megna,VAN,C,2016-10-28,false,EDM,0,0,-1,0,0,0,0,0,0,0,0,1077,26,5,0,0,0,1,0,0
Wade Megan,STL,C,2017-02-15,false,DET,1,0,2,0,0,0,0,0,0,0,4,1010,27,2,0,1,0,0,9,8
Adam McQuaid,BOS,D,2016-10-26,false,NYR,0,0,-3,2,0,0,0,0,0,0,2,2022,53,3,2,2,1,0,0,0
Brayden McNabb,LAK,D,2016-10-14,false,PHI,1,0,0,0,0,0,0,0,0,0,2,2374,53,3,2,1,1,0,0,0
Cody McLeod,COL,L,2016-10-20,false,TBL,0,0,0,5,0,0,0,0,0,0,0,876,20,2,0,0,0,0,0,0
Curtis McKenzie,DAL,L,2016-10-20,false,LAK,0,1,1,0,0,0,0,0,0,0,3,942,25,1,0,1,0,0,0,1
Greg McKegg,FLA,C,2016-10-15,false,DET,0,0,0,2,0,0,0,0,0,0,0,1177,30,1,0,0,1,1,2,1
Dylan McIlrath,FLA,D,2016-11-17,false,TOR,0,0,-2,4,0,0,0,0,0,0,1,1592,32,6,0,1,2,1,0,0
Jamie McGinn,ARI,L,2016-10-27,false,PHI,1,1,0,2,0,0,0,0,0,0,4,1530,38,2,3,1,2,0,0,0
Brock McGinn,CAR,L,2016-11-15,false,SJS,0,0,0,0,0,0,0,0,0,0,1,1258,31,3,1,0,1,1,0,0
Colin McDonald,PHI,R,2017-04-02,false,NYR,1,0,1,0,0,0,0,0,0,0,3,938,24,7,0,1,0,0,0,1
Ryan McDonagh,NYR,D,2016-10-15,false,STL,0,0,0,2,0,0,0,0,0,0,6,3199,67,4,3,2,0,0,0,0
Connor McDavid,EDM,C,2016-10-14,false,CGY,3,3,4,2,0,2,0,0,1,0,8,2736,61,0,0,4,3,0,13,19
Ian McCoshen,FLA,D,2017-04-08,false,BUF,0,1,0,0,0,0,0,0,0,0,0,1640,36,3,1,0,0,0,0,0
Max McCormick,OTT,R,2016-11-17,false,NSH,0,0,-2,0,0,0,0,0,0,0,3,900,25,3,0,0,0,1,6,7
Jay McClement,CAR,C,2016-10-16,false,VAN,0,0,-1,0,0,0,0,0,0,0,2,1688,42,2,0,3,0,1,8,10
Michael McCarron,MTL,R,2016-12-17,false,WSH,0,1,0,2,0,0,0,0,0,0,3,1390,33,7,1,0,0,1,2,6
Jared McCann,FLA,C,2016-10-15,false,DET,0,0,-1,0,0,0,0,0,0,0,3,1173,28,0,0,2,1,1,3,2
Jake McCabe,BUF,D,2016-10-16,false,EDM,0,1,2,2,0,0,0,0,0,0,0,2495,58,3,2,1,1,0,0,0
Scott Mayfield,NYI,D,2016-11-30,false,PIT,0,2,2,17,0,0,0,0,0,0,1,1271,25,0,2,0,0,1,0,0
Shawn Matthias,WPG,L,2016-10-15,false,MIN,1,0,1,2,0,0,0,0,0,0,2,1564,35,2,2,1,0,0,0,0
Auston Matthews,TOR,C,2016-10-15,false,BOS,4,0,3,0,0,0,0,0,0,0,8,2068,44,0,1,0,2,3,9,12
Michael Matheson,FLA,D,2016-10-15,false,DET,0,1,1,0,0,0,0,0,0,0,6,2380,42,1,1,1,2,3,0,0
Andreas Martinsen,COL,L,2016-10-17,false,PIT,0,0,0,0,0,0,0,0,0,0,2,1542,42,8,0,1,0,2,0,0
Jordan Martinook,ARI,L,2016-10-18,false,OTT,2,1,1,0,0,0,0,1,0,0,5,1661,43,2,1,1,0,2,0,2
Alec Martinez,LAK,D,2016-10-14,false,PHI,0,1,1,0,0,0,0,0,0,0,3,2606,57,4,6,4,2,0,0,0
Paul Martin,SJS,D,2016-10-15,false,CBJ,0,0,2,0,0,0,0,0,0,0,0,2273,48,2,5,1,1,0,0,0
Matt Martin,TOR,L,2016-10-15,false,BOS,0,0,0,12,0,0,0,0,0,0,2,1271,34,11,0,1,0,1,0,2
Patrick Maroon,EDM,L,2016-10-14,false,CGY,1,0,0,4,0,0,0,0,0,0,5,1758,44,4,0,0,0,0,0,0
Mitchell Marner,TOR,C,2016-10-15,false,BOS,1,0,0,2,0,0,0,0,1,0,10,1981,43,1,4,2,0,3,0,0
Patrick Marleau,SJS,L,2016-10-15,false,CBJ,1,0,0,0,1,0,0,0,1,0,7,2155,44,3,1,1,0,0,1,1
Andrei Markov,MTL,D,2016-10-15,false,OTT,0,0,-1,0,0,0,0,0,0,0,3,2651,56,1,3,3,0,0,0,0
Martin Marincin,TOR,D,2016-10-15,false,BOS,0,1,-1,0,0,0,0,0,0,0,3,2343,50,1,1,3,0,0,0,0
Jonathan Marchessault,FLA,C,2016-10-15,false,DET,2,2,4,0,0,0,0,0,0,0,8,2234,46,3,0,3,4,2,8,8
Alexey Marchenko,DET,D,2016-10-15,false,FLA,0,0,-2,2,0,0,0,0,0,0,2,2455,55,0,4,1,1,0,0,0
Brad Marchand,BOS,L,2016-10-15,false,TOR,2,4,4,4,0,1,0,0,1,0,7,2030,43,1,1,1,0,3,0,0
Anthony Mantha,DET,R,2016-11-15,false,TBL,0,1,-1,0,0,1,0,0,0,0,2,1989,42,3,3,0,1,0,0,0
Josh Manson,ANA,D,2016-10-15,false,PIT,0,0,-1,2,0,0,0,0,0,0,1,2037,49,4,0,1,1,0,0,0
Brandon Manning,PHI,D,2016-10-15,false,ARI,0,3,2,0,0,0,0,0,0,0,3,1998,46,8,0,1,1,0,0,0
Evgeni Malkin,PIT,C,2016-10-15,false,ANA,1,2,0,2,0,1,0,0,0,0,6,2472,56,1,3,0,2,1,14,28
Denis Malgin,FLA,C,2016-10-15,false,DET,0,1,0,0,0,0,0,0,0,0,5,1405,31,2,0,1,0,3,3,8
Nathan MacKinnon,COL,C,2016-10-17,false,PIT,1,3,2,0,0,2,0,0,0,0,6,2145,48,1,0,2,1,2,18,21
Derek MacKenzie,FLA,C,2016-10-15,false,DET,0,0,1,0,0,0,0,0,0,0,0,1401,37,5,1,1,1,1,10,10
Andrew MacDonald,PHI,D,2016-10-15,false,ARI,0,0,1,2,0,0,0,0,0,0,2,2340,58,1,3,0,1,0,0,0
Clarke MacArthur,OTT,L,2017-04-06,false,BOS,0,0,0,0,0,0,0,0,0,0,1,1259,29,3,0,1,0,1,0,0
Olli Maatta,PIT,D,2016-10-15,false,ANA,0,0,-1,2,0,0,0,0,0,0,1,1961,52,1,3,0,1,0,0,0
Roman Lyubimov,PHI,L,2016-10-22,false,CAR,0,0,-1,0,0,0,0,0,0,0,1,919,25,2,0,0,0,1,0,0
Milan Lucic,EDM,L,2016-10-14,false,CGY,0,2,2,5,0,1,0,0,0,0,5,2267,47,7,0,2,1,1,0,0
Adam Lowry,WPG,C,2016-10-15,false,MIN,0,0,0,2,0,0,0,0,0,0,0,1803,43,1,2,1,1,0,10,17
Ben Lovejoy,NJD,D,2016-10-15,false,TBL,0,0,-1,0,0,0,0,0,0,0,3,2540,53,6,4,0,0,0,0,0
Matt Lorito,DET,L,2017-04-09,false,NJD,0,1,0,0,0,0,0,0,0,0,6,1732,37,0,0,1,0,1,0,0
Bryan Little,WPG,C,2016-11-29,false,NJD,0,1,1,0,0,0,0,0,0,0,3,1377,34,0,0,2,1,0,12,16
Anton Lindholm,COL,D,2017-03-18,false,DET,0,0,0,0,0,0,0,0,0,0,1,1885,44,6,1,1,0,0,0,0
Hampus Lindholm,ANA,D,2016-11-10,false,CAR,0,0,2,0,0,0,0,0,0,0,4,2254,46,0,2,1,0,0,0,0
Elias Lindholm,CAR,C,2016-10-16,false,VAN,0,0,0,0,0,0,0,0,0,0,3,2188,48,4,4,1,0,1,13,7
Esa Lindell,DAL,D,2016-10-20,false,LAK,0,0,1,0,0,0,0,0,0,0,1,1950,43,0,3,1,0,2,0,0
Petteri Lindbohm,STL,D,2016-11-10,false,NSH,0,0,0,0,0,0,0,0,0,0,3,1373,32,1,0,0,0,1,0,0
Oscar Lindberg,NYR,C,2016-10-26,false,BOS,0,0,1,2,0,0,0,0,0,0,2,1278,32,1,2,1,0,0,12,6
John-Michael Liles,BOS,D,2016-10-15,false,TOR,0,1,-2,0,0,1,0,0,0,0,1,2317,51,2,8,0,0,0,0,0
Trevor Lewis,LAK,C,2016-10-14,false,PHI,0,0,-3,0,0,0,0,0,0,0,3,1835,39,2,2,3,0,2,1,1
Mark Letestu,EDM,C,2016-10-14,false,CGY,1,0,0,0,0,0,1,0,1,0,4,1589,45,3,0,0,0,0,16,16
Kris Letang,PIT,D,2016-10-15,false,ANA,0,1,0,0,0,1,0,0,0,0,9,3445,62,7,4,0,0,1,0,0
Brett Lernout,MTL,D,2017-04-08,false,DET,0,0,-1,0,0,0,0,0,0,0,3,2279,45,8,3,1,0,0,0,0
Josh Leivo,TOR,L,2017-01-07,false,MTL,0,0,1,2,0,0,0,0,0,0,2,1014,32,0,0,1,0,1,0,0
Jori Lehtera,STL,C,2016-10-13,false,MIN,0,0,0,0,0,0,0,0,0,0,5,2139,57,1,1,0,1,0,18,11
Artturi Lehkonen,MTL,L,2016-10-15,false,OTT,1,0,0,0,0,0,0,0,0,0,7,1660,43,2,0,1,0,0,0,0
Anders Lee,NYI,L,2016-10-15,false,WSH,0,0,-3,0,0,0,0,0,0,0,1,1432,35,7,1,3,0,1,0,0
Nick Leddy,NYI,D,2016-10-15,false,WSH,1,0,-4,0,0,0,0,0,0,0,3,2711,51,3,7,0,0,0,0,0
Curtis Lazar,OTT,C,2016-11-22,false,MTL,0,0,0,0,0,0,0,0,0,0,3,1483,32,4,0,0,0,1,1,4
Adam Larsson,EDM,D,2016-10-14,false,CGY,0,1,2,0,0,0,0,0,0,0,1,2458,55,2,2,0,4,1,0,0
Philip Larsen,VAN,D,2016-10-16,false,CAR,0,0,0,0,0,0,0,0,0,0,5,2304,47,0,0,2,0,0,0,0
Dylan Larkin,DET,C,2016-10-15,false,FLA,0,1,-4,2,0,0,0,0,0,0,5,2143,45,1,2,2,0,1,18,24
Nick Lappin,NJD,R,2016-10-29,false,TBL,0,1,1,0,0,0,0,0,0,0,1,1041,25,2,0,0,0,1,0,0
Gabriel Landeskog,COL,L,2016-10-17,false,PIT,2,1,2,0,1,0,0,0,1,1,5,2066,50,6,0,2,0,2,5,3
Anton Lander,EDM,C,2016-10-16,false,BUF,0,0,0,2,0,0,0,0,0,0,1,1232,35,2,3,1,0,0,5,5
Patrik Laine,WPG,R,2016-10-15,false,MIN,1,1,2,0,1,0,0,0,0,0,3,2286,47,2,0,0,3,1,0,0
Andrew Ladd,NYI,L,2016-10-15,false,WSH,0,0,-2,0,0,0,0,0,0,0,5,2165,50,1,0,0,2,1,0,0
Kevin Labanc,SJS,R,2016-11-10,false,FLA,0,0,1,2,0,0,0,0,0,0,3,1610,36,0,1,0,0,1,0,0
Paul LaDue,LAK,D,2017-02-09,false,FLA,0,1,-1,0,0,0,0,0,0,0,1,1866,48,1,1,0,0,0,0,0
Joseph LaBate,VAN,C,2016-11-25,false,DAL,0,0,1,0,0,0,0,0,0,0,0,630,20,4,0,0,0,0,0,0
Evgeny Kuznetsov,WSH,C,2016-10-15,false,NYI,0,0,0,0,0,0,0,0,0,0,3,2127,47,0,2,1,0,1,14,19
Sean Kuraly,BOS,C,2016-11-13,false,COL,0,0,-1,0,0,0,0,0,0,0,3,965,25,1,0,0,0,0,0,2
Chris Kunitz,PIT,L,2016-10-15,false,ANA,0,1,1,0,0,0,0,0,0,0,5,1876,42,14,0,0,1,3,1,1
Dmitry Kulikov,BUF,D,2016-10-18,false,CGY,0,0,0,0,0,0,0,0,0,0,1,2326,59,1,0,1,0,1,0,0
Nikolay Kulemin,NYI,L,2016-10-15,false,WSH,0,1,2,0,0,0,0,0,0,0,3,1600,45,3,0,1,0,2,2,0
Brett Kulak,CGY,D,2016-10-18,false,BUF,0,1,2,0,0,0,0,0,0,0,1,1746,46,0,3,1,1,0,0,0
Tom Kuhnhackl,PIT,R,2016-10-15,false,ANA,0,0,0,2,0,0,0,0,0,0,2,1110,27,7,0,0,0,0,0,1
Nikita Kucherov,TBL,R,2016-10-15,false,NJD,0,1,1,0,0,0,0,0,0,0,5,1984,44,0,1,5,1,0,0,0
Marcus Kruger,CHI,C,2016-10-14,false,NSH,1,1,2,0,0,0,0,0,0,0,1,1520,41,1,0,1,1,2,13,13
Torey Krug,BOS,D,2016-10-15,false,TOR,0,0,-1,0,0,0,0,0,0,0,6,2638,49,2,1,1,3,2,0,0
Niklas Kronwall,DET,D,2016-11-06,false,EDM,0,0,-1,0,0,0,0,0,0,0,4,2311,51,2,2,2,0,0,0,0
David Krejci,BOS,C,2016-10-15,false,TOR,0,1,0,0,0,0,0,0,0,0,2,2229,41,1,1,3,1,2,17,11
Chris Kreider,NYR,L,2016-10-15,false,STL,2,2,0,2,0,1,0,0,0,0,14,1989,49,8,1,3,0,1,0,0
Lauri Korpikoski,DAL,L,2016-10-15,false,COL,1,0,2,0,0,0,0,0,0,0,6,1364,37,1,0,0,0,1,0,0
Anze Kopitar,LAK,C,2016-10-14,false,PHI,0,2,0,0,0,1,0,0,0,0,3,2357,45,1,3,2,2,1,21,22
Travis Konecny,PHI,C,2016-10-15,false,ARI,0,3,2,2,0,0,0,0,0,0,6,1723,38,4,0,2,0,0,0,0
Leo Komarov,TOR,C,2016-10-15,false,BOS,0,0,0,0,0,0,0,0,0,0,4,2101,50,9,0,3,0,0,2,0
Mikko Koivu,MIN,C,2016-10-15,false,WPG,0,1,-2,2,0,1,0,0,0,0,2,2314,51,0,7,0,1,1,23,13
Slater Koekkoek,TBL,D,2016-11-03,false,BOS,0,3,2,2,0,0,0,0,0,0,2,1592,37,2,4,0,0,0,0,0
John Klingberg,DAL,D,2016-10-15,false,COL,0,1,2,0,0,1,0,0,0,0,2,2871,58,1,5,1,0,0,0,0
Kevin Klein,NYR,D,2016-10-22,false,WSH,0,0,1,0,0,0,0,0,0,0,4,2486,53,2,5,1,0,2,0,0
Oscar Klefbom,EDM,D,2016-10-14,false,CGY,0,1,2,0,0,0,0,0,0,0,0,2806,56,0,5,0,1,0,0,0
Dwight King,LAK,L,2016-10-14,false,PHI,0,1,1,0,0,0,0,0,0,0,3,1903,41,4,1,0,1,0,0,0
Jakub Kindl,FLA,D,2016-11-20,false,NYR,0,1,-1,2,0,0,0,0,0,0,1,1804,40,7,1,0,1,0,0,0
Alex Killorn,TBL,L,2016-10-15,false,NJD,2,1,0,0,1,1,0,0,1,0,4,2092,46,5,1,1,4,2,0,0
Jujhar Khaira,EDM,L,2017-01-16,false,ARI,1,0,0,0,0,0,0,0,1,0,4,1013,23,2,0,1,0,1,4,4
Phil Kessel,PIT,R,2016-10-15,false,ANA,1,0,0,0,1,0,0,0,1,0,6,2236,51,0,1,1,0,0,0,0
Ryan Kesler,ANA,C,2016-10-15,false,PIT,0,2,0,0,0,1,0,0,0,0,2,2467,58,4,2,1,0,0,24,14
Tanner Kero,CHI,C,2016-12-27,false,WPG,0,0,0,0,0,0,0,0,0,0,3,1187,32,1,1,0,0,1,8,13
Michal Kempny,CHI,D,2016-10-14,false,NSH,0,0,0,0,0,0,0,0,0,0,0,2146,47,4,3,1,0,0,0,0
Adrian Kempe,LAK,L,2017-02-18,false,FLA,0,0,-2,0,0,0,0,0,0,0,2,1708,37,4,0,1,0,0,1,1
Chris Kelly,OTT,C,2016-10-15,false,MTL,0,0,0,0,0,0,0,0,0,0,1,1782,45,1,1,1,0,1,4,8
Clayton Keller,ARI,C,2017-03-29,false,STL,0,1,-2,0,0,1,0,0,0,0,0,1626,37,0,0,0,0,1,0,0
Duncan Keith,CHI,D,2016-10-14,false,NSH,0,1,0,2,0,0,0,0,0,0,2,3132,55,1,1,2,0,0,0,0
Bracken Kearns,NYI,C,2017-02-25,false,CBJ,0,0,-1,2,0,0,0,0,0,0,3,1343,31,5,2,2,0,0,10,7
Zack Kassian,EDM,R,2016-10-14,false,CGY,1,0,0,2,0,0,0,0,0,0,2,1387,42,3,0,0,0,5,0,0
Ondrej Kase,ANA,R,2016-11-04,false,ARI,0,1,0,0,0,0,0,0,0,0,4,1493,39,2,0,1,3,0,0,1
Melker Karlsson,SJS,C,2016-10-15,false,CBJ,0,0,0,0,0,0,0,0,0,0,0,1348,32,0,3,1,1,2,0,0
William Karlsson,CBJ,C,2016-10-15,false,SJS,0,0,0,0,0,0,0,0,0,0,4,1426,37,3,0,1,0,0,9,11
Erik Karlsson,OTT,D,2016-10-15,false,MTL,1,3,3,0,0,0,0,0,0,0,10,3493,76,2,4,2,3,2,0,0
Michael Kapla,NJD,D,2017-04-01,false,PHI,0,0,0,0,0,0,0,0,0,0,2,2075,46,2,2,0,1,1,0,0
Kasperi Kapanen,TOR,R,2017-03-30,false,NSH,0,0,-1,0,0,0,0,0,0,0,2,1280,35,2,1,0,0,0,0,0
Evander Kane,BUF,L,2016-11-09,false,OTT,0,0,0,2,0,0,0,0,0,0,5,2092,38,5,0,2,2,1,5,2
Patrick Kane,CHI,R,2016-10-14,false,NSH,0,0,-2,2,0,0,0,0,0,0,8,2772,48,1,0,3,0,0,0,1
Steven Kampfer,NYR,D,2017-02-28,false,WSH,0,0,-3,4,0,0,0,0,0,0,2,1952,42,1,4,1,3,0,0,0
Vladislav Kamenev,NSH,L,2017-01-08,false,CHI,0,0,-1,2,0,0,0,0,0,0,1,1207,27,1,1,1,0,0,6,7
Sergey Kalinin,NJD,C,2016-10-25,false,ARI,0,0,0,2,0,0,0,0,0,0,0,1507,35,2,0,0,0,1,1,2
Nazem Kadri,TOR,C,2016-10-15,false,BOS,0,0,0,5,0,0,0,0,0,0,1,1773,40,3,0,1,2,1,20,9
Tomas Jurco,DET,L,2016-12-01,false,FLA,0,0,0,2,0,0,0,0,0,0,1,1144,30,1,0,2,1,0,0,0
Tyson Jost,COL,C,2017-04-02,false,MIN,0,0,0,0,0,0,0,0,0,0,3,1761,39,2,2,1,0,2,9,12
Roman Josi,NSH,D,2016-10-15,false,CHI,1,1,-2,0,1,1,0,0,0,0,10,3088,58,2,2,1,0,0,0,0
Jacob Josefson,NJD,C,2016-10-18,false,ANA,0,0,1,2,0,0,0,0,0,0,2,1590,41,0,0,1,1,1,1,1
Josh Jooris,NYR,R,2016-10-19,false,DET,0,0,0,0,0,0,0,0,0,0,2,1006,24,4,2,0,1,1,8,3
Seth Jones,CBJ,D,2016-10-15,false,SJS,1,1,-1,0,0,0,0,0,0,0,4,2975,58,0,4,1,2,3,0,0
Connor Jones,NYI,C,2017-04-04,false,NSH,0,0,1,0,0,0,0,0,0,0,2,1278,31,5,0,1,1,1,1,2
Jyrki Jokipakka,CGY,D,2016-10-15,false,VAN,1,0,1,0,0,0,0,0,0,0,2,2006,51,0,0,0,0,0,0,0
Jussi Jokinen,FLA,L,2016-10-15,false,DET,0,1,1,4,0,0,0,0,0,0,2,2273,48,0,1,0,3,1,2,2
Ryan Johnston,MTL,D,2016-12-31,false,PIT,0,0,-1,2,0,0,0,0,0,0,1,1042,28,0,1,1,1,0,0,0
Erik Johnson,COL,D,2016-10-17,false,PIT,0,3,2,0,0,2,0,0,0,0,8,2694,66,6,4,0,0,2,0,0
Tyler Johnson,TBL,C,2016-10-15,false,NJD,1,1,0,0,1,0,0,0,0,0,3,2143,47,2,0,3,0,1,26,14
Jack Johnson,CBJ,D,2016-10-15,false,SJS,0,0,-3,0,0,0,0,0,0,0,4,2395,53,5,3,0,0,0,0,0
Stephen Johns,DAL,D,2016-10-15,false,COL,1,0,-1,2,0,0,0,0,0,0,4,2175,49,6,2,2,2,0,0,0
Marcus Johansson,WSH,L,2016-10-15,false,NYI,0,1,2,0,0,0,0,0,0,0,3,2258,44,0,0,1,1,1,1,0
Ryan Johansen,NSH,C,2016-10-15,false,CHI,0,3,-2,2,0,3,0,0,0,0,3,2164,46,3,2,0,0,0,16,12
Nick Jensen,DET,D,2016-12-23,false,FLA,0,1,1,0,0,0,0,0,0,0,3,1953,51,3,0,3,1,1,0,0
Nicklas Jensen,NYR,R,2016-12-09,false,CHI,0,0,0,0,0,0,0,0,0,0,0,1176,30,3,1,0,0,1,0,0
Boone Jenner,CBJ,C,2016-10-15,false,SJS,0,0,-5,2,0,0,0,0,0,0,2,1966,42,7,4,1,1,0,6,2
Dmitrij Jaskin,STL,R,2016-10-18,false,VAN,0,0,0,0,0,0,0,0,0,0,0,1380,31,3,1,0,1,1,3,3
Calle Jarnkrok,NSH,C,2016-10-15,false,CHI,0,0,-1,0,0,0,0,0,0,0,2,1410,37,1,1,0,1,1,2,2
Jaromir Jagr,FLA,R,2016-10-15,false,DET,0,1,2,0,0,0,0,0,0,0,8,2207,47,0,0,1,5,1,0,0
Matt Irwin,NSH,D,2016-10-29,false,SJS,0,0,-1,0,0,0,0,0,0,0,0,1502,37,5,3,1,1,0,0,0
Jarome Iginla,COL,R,2016-10-17,false,PIT,1,0,0,2,1,0,0,0,0,0,5,1912,45,7,0,1,3,2,0,0
Zach Hyman,TOR,C,2016-10-15,false,BOS,0,1,4,0,0,0,0,0,0,0,2,1874,45,1,1,3,0,1,3,2
Ben Hutton,VAN,D,2016-10-16,false,CAR,1,0,2,0,0,0,0,0,0,0,5,2589,56,2,2,2,1,1,0,0
Matt Hunwick,TOR,D,2016-10-15,false,BOS,0,1,1,0,0,0,0,0,0,0,0,1276,25,4,2,0,0,1,0,0
Brad Hunt,STL,D,2016-12-11,false,MIN,0,2,2,0,0,0,0,0,0,0,3,1564,40,0,0,0,0,0,0,0
Jiri Hudler,DAL,R,2016-10-15,false,COL,0,0,-3,0,0,0,0,0,0,0,0,1678,45,0,0,1,1,2,0,0
Jonathan Huberdeau,FLA,L,2017-02-09,false,LAK,1,1,-2,0,0,0,0,0,1,0,8,1996,46,3,0,0,0,0,1,1
Marek Hrivik,NYR,L,2016-12-08,false,WPG,0,0,-1,0,0,0,0,0,0,0,3,1469,31,3,2,1,2,0,1,2
Marian Hossa,CHI,R,2016-10-14,false,NSH,0,2,1,0,0,1,0,0,0,0,6,2132,54,0,0,2,0,1,0,0
Bo Horvat,VAN,C,2016-10-16,false,CAR,1,0,0,0,0,0,0,0,0,0,4,1984,51,1,0,0,0,2,11,23
Patric Hornqvist,PIT,R,2016-10-15,false,ANA,1,1,0,0,1,1,0,0,0,0,6,1843,42,8,2,1,0,2,0,1
Julius Honka,DAL,D,2016-11-23,false,NSH,0,1,-1,2,0,0,0,0,0,0,10,2347,49,1,2,2,1,0,0,0
Korbinian Holzer,ANA,D,2016-10-20,false,PHI,0,1,1,0,0,0,0,0,0,0,1,1423,35,2,0,1,0,0,0,0
Peter Holland,TOR,C,2016-10-15,false,BOS,0,1,0,2,0,0,0,0,0,0,4,1579,34,0,1,1,0,0,11,7
Nick Holden,NYR,D,2016-10-15,false,STL,0,2,1,0,0,0,0,0,0,0,2,2545,65,5,2,0,1,1,0,0
Mike Hoffman,OTT,L,2016-10-15,false,MTL,0,0,0,2,0,0,0,0,0,0,7,2088,41,4,0,5,0,2,1,0
Joshua Ho-Sang,NYI,R,2017-03-03,false,CHI,0,0,0,0,0,0,0,0,0,0,2,1894,39,0,1,1,0,0,0,0
Niklas Hjalmarsson,CHI,D,2016-10-15,false,NSH,1,1,2,0,0,0,0,0,0,0,3,2528,58,0,3,0,4,1,0,0
Vinnie Hinostroza,CHI,L,2016-10-14,false,NSH,0,0,0,0,0,0,0,0,0,0,1,1031,26,1,1,0,1,3,1,1
Thomas Hickey,NYI,D,2016-10-15,false,WSH,0,0,0,2,0,0,0,0,0,0,1,2052,45,3,1,1,1,0,0,0
Tomas Hertl,SJS,C,2016-10-15,false,CBJ,0,0,-1,0,0,0,0,0,0,0,5,2087,46,8,0,2,2,1,3,2
Adam Henrique,NJD,C,2016-10-15,false,TBL,0,0,0,0,0,0,0,0,0,0,2,2504,47,1,4,1,0,1,12,17
Matt Hendricks,EDM,L,2016-11-21,false,CHI,0,1,1,2,0,0,0,0,0,0,1,1388,37,2,5,3,0,0,2,1
Ales Hemsky,DAL,R,2017-03-02,false,NYI,0,0,-1,0,0,0,0,0,0,0,3,1539,45,0,1,3,0,0,0,0
Darren Helm,DET,C,2016-10-15,false,FLA,1,1,2,0,0,0,0,0,0,0,4,1894,46,2,1,1,2,1,10,13
Seth Helgeson,NJD,D,2016-12-23,false,PIT,0,0,0,5,0,0,0,0,0,0,0,1586,39,4,2,2,0,0,0,0
Victor Hedman,TBL,D,2016-10-15,false,NJD,0,2,1,0,0,2,0,0,0,0,3,3038,58,5,7,4,2,1,0,0
Kevin Hayes,NYR,C,2016-10-15,false,STL,0,1,0,0,0,0,0,0,0,0,1,1844,46,3,1,0,0,1,7,10
Jimmy Hayes,BOS,R,2016-10-15,false,TOR,0,0,-3,0,0,0,0,0,0,0,6,1366,31,4,1,0,0,1,1,1
John Hayden,CHI,L,2017-03-18,false,TOR,1,0,1,0,0,0,0,0,0,0,5,1453,38,10,0,1,1,1,0,0
Erik Haula,MIN,L,2016-10-15,false,WPG,0,0,1,2,0,0,0,0,0,0,3,1711,45,0,0,1,1,0,10,16
Garnet Hathaway,CGY,R,2016-11-16,false,ARI,0,0,0,2,0,0,0,0,0,0,1,1000,24,3,1,0,0,0,2,0
Scott Hartnell,CBJ,L,2016-10-15,false,SJS,0,1,-1,0,0,0,0,0,0,0,2,1620,37,2,0,0,1,1,0,0
Ryan Hartman,CHI,L,2016-10-14,false,NSH,1,1,2,0,0,0,0,0,0,0,2,629,14,1,2,1,0,1,0,1
Scott Harrington,CBJ,D,2016-11-18,false,NYR,0,0,0,0,0,0,0,0,0,0,1,1718,35,1,2,2,0,0,0,0
Ben Harpur,OTT,D,2017-04-03,false,DET,0,0,-2,0,0,0,0,0,0,0,1,1325,41,2,2,0,1,0,0,0
Martin Hanzal,ARI,C,2016-10-18,false,OTT,1,1,-2,0,0,0,0,0,0,0,10,2588,51,8,2,4,2,1,29,16
Jannik Hansen,VAN,R,2016-10-16,false,CAR,0,1,1,0,0,0,0,0,0,0,6,1980,47,0,0,1,1,1,0,0
Markus Hannikainen,CBJ,L,2016-11-25,false,TBL,0,0,-1,0,0,0,0,0,0,0,2,1060,28,5,0,0,0,0,0,0
Noah Hanifin,CAR,D,2016-10-16,false,VAN,0,1,-2,0,0,1,0,0,0,0,4,1826,41,1,1,1,1,0,0,0
Travis Hamonic,NYI,D,2016-10-15,false,WSH,0,1,-4,0,0,0,0,0,0,0,1,2466,53,3,1,3,1,0,0,0
Dougie Hamilton,CGY,D,2016-10-14,false,EDM,0,0,-2,6,0,0,0,0,0,0,8,2222,57,3,1,1,1,1,0,0
Freddie Hamilton,CGY,C,2016-10-24,false,CHI,0,0,1,0,0,0,0,0,0,0,1,1044,24,8,0,2,0,1,7,4
Dan Hamhuis,DAL,D,2016-10-15,false,COL,0,2,2,2,0,0,0,0,0,0,2,2539,57,3,1,0,0,0,0,0
Taylor Hall,NJD,L,2016-10-15,false,TBL,0,0,-2,0,0,0,0,0,0,0,6,2416,47,4,0,2,0,0,1,0
Micheal Haley,SJS,C,2016-10-25,false,ANA,0,1,1,17,0,0,0,0,0,0,2,818,19,4,0,0,1,1,0,0
Ron Hainsey,CAR,D,2016-10-16,false,VAN,0,0,-2,2,0,0,0,0,0,0,1,2717,55,2,0,2,0,0,0,0
Carl Hagelin,PIT,L,2016-10-15,false,ANA,0,0,0,0,0,0,0,0,0,0,4,2111,48,2,0,0,1,0,0,1
Carl Gunnarsson,STL,D,2016-10-15,false,NYR,0,0,-1,0,0,0,0,0,0,0,2,1290,31,1,1,0,0,0,0,0
Jake Guentzel,PIT,C,2016-11-23,false,NYR,2,0,1,0,0,0,0,0,0,0,5,1723,37,6,0,0,0,1,2,2
Radko Gudas,PHI,D,2016-10-27,false,ARI,0,0,0,0,0,0,0,0,0,0,2,2225,50,6,3,4,1,0,0,0
Eric Gryba,EDM,D,2016-10-16,false,BUF,0,0,0,6,0,0,0,0,0,0,1,2011,45,6,1,0,0,0,0,0
Rocco Grimaldi,COL,C,2017-04-04,false,CHI,0,0,-2,0,0,0,0,0,0,0,6,1118,25,1,2,1,0,1,0,0
Mikhail Grigorenko,COL,C,2016-10-17,false,PIT,0,2,1,0,0,2,0,0,0,0,5,1596,34,1,1,3,0,2,0,0
Seth Griffith,TOR,C,2016-10-29,false,MTL,0,0,0,0,0,0,0,0,0,0,2,1053,24,3,0,3,0,0,0,0
Alexandre Grenier,VAN,R,2017-02-28,false,DET,0,0,-1,0,0,0,0,0,0,0,1,790,21,2,0,1,0,0,2,0
Andy Greene,NJD,D,2016-10-15,false,TBL,0,0,-1,0,0,0,0,0,0,0,5,2664,51,3,5,0,1,0,0,0
Matt Greene,LAK,D,2016-10-14,false,PHI,0,0,-3,2,0,0,0,0,0,0,1,1489,39,7,1,1,1,0,0,0
Mike Green,DET,D,2016-10-15,false,FLA,0,2,-1,2,0,0,0,0,0,0,4,2942,60,3,1,0,2,0,0,0
Kevin Gravel,LAK,D,2016-11-05,false,CGY,0,0,2,0,0,0,0,0,0,0,1,1800,44,5,3,2,2,0,0,0
Tyler Graovac,MIN,C,2016-11-01,false,BUF,1,0,1,0,0,0,0,0,0,0,2,1083,30,1,0,1,0,1,10,7
Derek Grant,BUF,C,2016-10-16,false,EDM,0,0,-2,2,0,0,0,0,0,0,2,1379,36,1,0,2,0,1,18,14
Mikael Granlund,MIN,C,2016-10-15,false,WPG,0,0,-2,0,0,0,0,0,0,0,3,2094,44,4,1,3,1,1,1,2
Markus Granlund,VAN,C,2016-10-16,false,CAR,1,1,2,0,0,0,0,0,0,0,3,1875,45,0,0,1,1,2,5,5
Petter Granberg,NSH,D,2016-12-04,false,PHI,0,0,-1,4,0,0,0,0,0,0,0,1153,23,5,2,0,0,0,0,0
Michael Grabner,NYR,R,2016-10-15,false,STL,1,0,0,0,0,0,0,0,0,0,2,1260,39,2,0,1,2,2,0,0
Yanni Gourde,TBL,C,2016-12-31,false,CAR,0,0,0,0,0,0,0,0,0,0,1,1081,26,0,0,2,0,2,3,0
Shayne Gostisbehere,PHI,D,2016-10-15,false,ARI,0,1,0,0,0,0,0,0,0,0,9,2666,55,2,3,3,2,1,0,0
Josh Gorges,BUF,D,2016-10-16,false,EDM,0,0,-2,4,0,0,0,0,0,0,1,2030,53,5,3,1,1,0,0,0
Boyd Gordon,PHI,C,2016-10-15,false,ARI,1,0,0,0,0,0,0,0,0,0,2,1233,35,2,1,0,0,0,8,7
Barclay Goodrow,SJS,R,2017-02-25,false,VAN,0,0,0,0,0,0,0,0,0,0,2,1313,36,3,1,1,1,1,0,0
Cody Goloubef,COL,D,2016-12-08,false,BOS,0,0,-1,4,0,0,0,0,0,0,1,2303,48,2,4,0,1,1,0,0
Alex Goligoski,ARI,D,2016-10-18,false,OTT,0,3,-4,0,0,2,0,0,0,0,4,2998,58,2,6,1,2,0,0,0
Nikolay Goldobin,SJS,R,2017-02-19,false,BOS,0,0,-1,0,0,0,0,0,0,0,4,1179,28,1,1,0,0,3,0,0
Luke Glendening,DET,C,2016-10-15,false,FLA,0,0,0,0,0,0,0,0,0,0,2,1575,42,3,4,1,0,3,14,12
Tanner Glass,NYR,L,2017-03-07,false,FLA,1,1,1,5,0,0,0,0,0,0,2,1029,30,4,0,2,0,0,0,0
Claude Giroux,PHI,C,2016-10-15,false,ARI,0,1,-1,0,0,0,0,0,0,0,5,2371,51,4,0,1,0,0,25,19
Zemgus Girgensons,BUF,C,2016-10-16,false,EDM,0,0,-3,0,0,0,0,0,0,0,3,1431,40,3,1,0,0,0,8,8
Dan Girardi,NYR,D,2016-10-15,false,STL,0,1,0,2,0,0,0,0,0,0,1,1505,43,3,3,0,1,0,0,0
Mark Giordano,CGY,D,2016-10-14,false,EDM,0,1,-2,6,0,0,0,1,0,0,6,3045,63,1,7,0,0,3,0,0
Brian Gionta,BUF,R,2016-10-16,false,EDM,2,0,1,0,0,0,0,0,0,0,3,1976,42,3,0,0,1,1,0,1
Stephen Gionta,NYI,R,2017-01-19,false,DAL,0,0,0,0,0,0,0,0,0,0,1,1408,33,5,2,0,0,0,1,0
Tom Gilbert,LAK,D,2016-10-20,false,DAL,0,2,-1,0,0,1,0,0,0,0,1,2045,46,1,1,1,1,1,0,0
Ryan Getzlaf,ANA,C,2016-10-15,false,PIT,0,2,0,2,0,1,0,0,0,0,13,2822,57,2,3,2,1,1,26,17
Eric Gelinas,COL,D,2016-10-28,false,WPG,0,0,0,2,0,0,0,0,0,0,1,1565,33,0,0,3,0,0,0,0
Luke Gazdic,NJD,L,2016-12-17,false,OTT,0,0,0,5,0,0,0,0,0,0,1,547,15,1,2,0,0,0,0,0
Frederik Gauthier,TOR,C,2016-12-22,false,COL,1,0,1,0,0,0,0,0,0,0,2,1342,37,2,5,0,0,1,14,15
Brendan Gaunce,VAN,C,2016-10-16,false,CAR,0,1,1,2,0,0,0,0,0,0,2,1277,33,0,0,0,1,0,2,4
Cameron Gaunce,PIT,D,2017-01-20,false,CAR,0,2,3,0,0,0,0,0,0,0,2,1463,34,0,1,0,0,1,0,0
Johnny Gaudreau,CGY,L,2016-10-14,false,EDM,0,1,-3,0,0,0,0,0,0,0,8,2250,45,1,0,1,3,0,0,0
Frederick Gaudreau,NSH,C,2016-11-27,false,WPG,0,0,0,0,0,0,0,0,0,0,0,1016,23,0,3,0,1,0,1,2
Jason Garrison,TBL,D,2016-10-15,false,NJD,0,1,1,2,0,0,0,0,0,0,3,2066,47,2,3,3,3,1,0,0
Jake Gardiner,TOR,D,2016-10-15,false,BOS,0,2,1,2,0,0,0,0,0,0,2,2449,50,3,1,2,1,0,0,0
Brendan Gallagher,MTL,R,2016-10-15,false,OTT,2,1,2,0,0,0,0,0,0,0,4,1909,46,2,0,1,1,1,0,2
Alex Galchenyuk,MTL,C,2016-10-15,false,OTT,0,2,2,4,0,0,0,0,0,0,2,2130,50,1,0,1,2,0,7,19
Sam Gagner,CBJ,C,2016-10-15,false,SJS,0,0,1,0,0,0,0,0,0,0,1,1326,27,0,1,2,0,0,7,8
Kurtis Gabriel,MIN,R,2016-12-04,false,EDM,0,0,-1,5,0,0,0,0,0,0,1,511,19,4,1,0,1,0,0,0
Marian Gaborik,LAK,R,2016-11-30,false,SJS,0,1,-1,0,0,1,0,0,0,0,4,1568,34,0,0,4,1,0,0,0
Michael Frolik,CGY,R,2016-10-14,false,EDM,2,0,-1,0,0,0,1,0,0,0,3,1700,42,1,0,0,2,0,0,0
Byron Froese,TOR,C,2016-12-23,false,ARI,0,0,0,5,0,0,0,0,0,0,2,961,28,0,1,0,1,1,7,13
Cody Franson,BUF,D,2016-10-16,false,EDM,0,1,-2,2,0,0,0,0,0,0,3,1998,49,1,0,0,2,0,0,0
Cam Fowler,ANA,D,2016-10-15,false,PIT,1,0,-2,0,1,0,0,0,0,0,6,2951,59,3,4,2,0,0,0,0
Gustav Forsling,CHI,D,2016-10-14,false,NSH,0,0,0,0,0,0,0,0,0,0,2,1882,38,1,0,0,3,0,0,0
Filip Forsberg,NSH,L,2016-10-15,false,CHI,0,1,-2,0,0,1,0,0,0,0,5,2336,51,4,0,1,0,4,1,3
Derek Forbort,LAK,D,2016-10-14,false,PHI,0,0,-2,0,0,0,0,0,0,0,0,1639,38,6,4,1,1,1,0,0
Christian Folin,MIN,D,2016-10-18,false,LAK,0,0,3,2,0,0,0,0,0,0,1,1975,47,6,2,0,1,1,0,0
Marcus Foligno,BUF,L,2016-10-16,false,EDM,0,1,0,2,0,0,0,0,0,0,3,1975,48,4,3,2,1,0,0,0
Nick Foligno,CBJ,L,2016-10-15,false,SJS,0,2,0,0,0,1,0,0,0,0,1,2143,44,4,2,3,2,1,3,5
Brian Flynn,MTL,C,2016-10-20,false,ARI,0,0,-1,2,0,0,0,0,0,0,3,1470,42,2,1,2,0,1,2,5
Mike Fisher,NSH,C,2016-10-15,false,CHI,1,1,0,2,1,1,0,0,1,0,3,2325,44,3,2,2,0,1,26,18
Christian Fischer,ARI,R,2017-01-23,false,FLA,2,0,0,0,0,0,0,0,1,0,2,1348,34,2,0,0,1,0,0,0
Valtteri Filppula,TBL,C,2016-10-15,false,NJD,2,0,0,0,0,0,0,0,1,0,3,1987,43,3,0,1,1,1,14,19
Vernon Fiddler,NJD,C,2016-10-15,false,TBL,0,0,0,0,0,0,0,0,0,0,1,1559,36,2,1,0,2,1,14,9
Kevin Fiala,NSH,L,2016-10-15,false,CHI,0,0,-2,0,0,0,0,0,0,0,3,1414,34,0,0,0,0,3,0,0
Micheal Ferland,CGY,L,2016-10-14,false,EDM,0,0,0,0,0,0,0,0,0,0,2,1173,32,1,0,1,1,0,0,0
Eric Fehr,PIT,C,2016-10-15,false,ANA,0,0,-1,0,0,0,0,0,0,0,3,1701,38,2,0,1,0,2,5,6
Taylor Fedun,BUF,D,2016-11-19,false,PIT,0,2,0,0,0,1,0,0,0,0,2,1763,42,1,0,0,0,0,0,0
Justin Faulk,CAR,D,2016-10-16,false,VAN,1,2,-1,4,0,2,0,0,0,0,3,2810,55,2,2,5,4,0,0,0
Jesper Fast,NYR,R,2016-10-15,false,STL,0,1,2,2,0,0,0,0,0,0,2,1278,38,3,0,0,1,1,0,0
Hudson Fasching,BUF,R,2016-10-16,false,EDM,0,0,-1,0,0,0,0,0,0,0,1,1116,30,2,0,0,0,0,0,0
Bobby Farnham,MTL,R,2017-01-07,false,TOR,0,0,0,15,0,0,0,0,0,0,2,1038,32,4,2,0,0,0,1,0
Justin Falk,BUF,D,2016-11-12,false,NJD,0,0,-1,0,0,0,0,0,0,0,2,1629,46,3,0,1,0,1,0,0
Radek Faksa,DAL,C,2016-10-15,false,COL,0,1,1,0,0,0,0,0,0,0,0,1561,46,1,2,4,1,1,9,17
Robby Fabbri,STL,C,2016-10-13,false,MIN,0,1,1,4,0,0,0,0,0,0,2,1712,40,3,2,1,1,0,1,0
Adam Erne,TBL,L,2017-01-05,false,NSH,0,0,-3,0,0,0,0,0,0,0,2,1622,34,10,0,1,0,0,0,0
Joel Eriksson Ek,MIN,C,2016-10-23,false,NYI,1,0,-1,0,0,0,0,0,0,0,3,1272,33,4,1,2,0,0,9,7
Loui Eriksson,VAN,L,2016-10-16,false,CAR,0,1,-1,0,0,0,0,0,0,0,1,2443,52,0,1,3,0,0,0,0
Jonathan Ericsson,DET,D,2016-10-15,false,FLA,0,0,-1,19,0,0,0,0,0,0,3,2150,50,2,2,1,0,0,0,0
Toby Enstrom,WPG,D,2016-10-15,false,MIN,0,2,1,0,0,1,0,0,0,0,0,2642,61,0,1,0,1,0,0,0
Tyler Ennis,BUF,L,2016-10-16,false,EDM,0,0,-3,0,0,0,0,0,0,0,5,1953,39,0,1,2,0,0,0,0
Andreas Englund,OTT,D,2016-12-05,false,PIT,0,0,0,2,0,0,0,0,0,0,1,1089,31,9,0,0,1,0,0,0
Deryk Engelland,CGY,D,2016-10-14,false,EDM,0,1,1,7,0,0,0,0,0,0,3,2108,53,0,5,2,1,0,0,0
Alexei Emelin,MTL,D,2016-10-15,false,OTT,0,0,-1,0,0,0,0,0,0,0,2,2400,52,10,3,1,1,0,0,0
Ryan Ellis,NSH,D,2016-10-15,false,CHI,0,0,0,0,0,0,0,0,0,0,1,2785,54,3,6,0,0,0,0,0
Lars Eller,WSH,C,2016-10-15,false,NYI,0,0,0,0,0,0,0,0,0,0,4,2034,40,1,0,1,1,1,8,12
Remi Elie,DAL,L,2017-03-06,false,WSH,0,0,-1,0,0,0,0,0,0,0,4,2003,47,5,1,0,0,2,1,0
Oliver Ekman-Larsson,ARI,D,2016-10-18,false,OTT,2,0,0,4,1,0,0,0,1,1,9,3548,57,3,2,5,2,0,0,0
Mattias Ekholm,NSH,D,2016-10-15,false,CHI,0,1,0,0,0,0,0,0,0,0,6,2924,55,2,4,2,2,1,0,0
Aaron Ekblad,FLA,D,2016-10-15,false,DET,0,0,1,2,0,0,0,0,0,0,8,2914,51,4,2,3,0,2,0,0
Jack Eichel,BUF,C,2016-12-01,false,NYR,3,1,2,2,2,1,0,0,1,0,9,2225,42,0,3,3,0,0,8,11
Nikolaj Ehlers,WPG,L,2016-10-15,false,MIN,1,0,0,0,0,0,0,0,0,0,2,2286,40,1,0,3,1,0,0,0
Joel Edmundson,STL,D,2016-10-13,false,MIN,0,0,0,0,0,0,0,0,0,0,3,1966,53,8,3,1,1,1,0,0
Alexander Edler,VAN,D,2016-10-16,false,CAR,0,0,1,0,0,0,0,0,0,0,4,3039,61,1,9,1,1,0,0,0
Jordan Eberle,EDM,C,2016-10-14,false,CGY,2,1,1,2,1,0,0,0,0,0,7,2378,51,0,1,3,0,0,0,1
Patrick Eaves,DAL,R,2016-10-15,false,COL,0,3,0,0,0,1,0,0,0,0,2,2013,48,5,1,3,0,0,0,0
Cody Eakin,DAL,C,2016-11-19,false,EDM,0,0,-2,0,0,0,0,0,0,0,2,1629,50,2,2,1,0,1,17,11
Ryan Dzingel,OTT,L,2016-10-15,false,MTL,1,1,2,0,0,0,0,0,0,0,3,977,27,2,0,0,0,0,0,0
Christian Dvorak,ARI,C,2016-10-20,false,MTL,0,1,1,0,0,1,0,0,0,0,0,2100,39,3,2,0,1,0,10,18
Brian Dumoulin,PIT,D,2016-10-15,false,ANA,0,0,0,0,0,0,0,0,0,0,3,2951,58,3,1,1,0,0,0,0
Gabriel Dumont,TBL,C,2017-01-13,false,CBJ,0,0,-2,0,0,0,0,0,0,0,4,1154,32,2,0,0,1,0,6,3
Matt Dumba,MIN,D,2016-10-15,false,WPG,1,0,-1,2,1,0,0,0,0,0,5,2242,45,3,3,2,0,1,0,0
Anthony Duclair,ARI,L,2016-10-18,false,OTT,0,0,-2,0,0,0,0,0,0,0,4,1515,34,1,0,1,2,0,0,0
Matt Duchene,COL,C,2016-10-17,false,PIT,0,0,0,0,0,0,0,0,0,0,3,2007,42,0,0,1,1,0,6,4
Brandon Dubinsky,CBJ,C,2016-10-15,false,SJS,0,0,-6,4,0,0,0,0,0,0,4,2042,46,6,1,3,1,0,26,15
Jonathan Drouin,TBL,L,2016-10-15,false,NJD,1,2,0,0,1,1,0,0,0,0,9,2224,48,2,1,2,1,2,7,4
Leon Draisaitl,EDM,C,2016-10-14,false,CGY,2,2,-1,0,1,1,0,0,0,0,6,1894,45,1,1,1,2,1,15,14
Justin Dowling,DAL,C,2016-10-27,false,WPG,0,1,-1,2,0,1,0,0,0,0,2,1186,34,0,0,1,0,1,6,8
Nic Dowd,LAK,C,2016-10-20,false,DAL,1,0,-2,0,1,0,0,0,0,0,5,1264,36,3,0,3,0,0,11,12
Drew Doughty,LAK,D,2016-10-14,false,PHI,1,1,-1,0,0,1,0,0,0,0,5,3324,63,4,6,2,6,0,0,0
Jake Dotchin,TBL,D,2017-01-24,false,CHI,0,0,-1,2,0,0,0,0,0,0,1,1607,38,8,2,2,1,0,0,0
Joonas Donskoi,SJS,R,2016-10-15,false,CBJ,0,1,2,2,0,0,0,0,0,0,4,1689,38,0,0,3,1,3,0,0
Max Domi,ARI,L,2016-10-18,false,OTT,0,1,-2,0,0,0,0,0,0,0,5,2587,46,1,2,2,1,3,0,0
Shane Doan,ARI,R,2016-10-18,false,OTT,1,1,-1,2,1,1,0,0,0,0,5,1950,45,2,1,3,0,0,2,1
Brenden Dillon,SJS,D,2016-10-15,false,CBJ,0,1,0,0,0,0,0,0,0,0,3,1932,42,4,1,0,0,0,0,0
Jason Dickinson,DAL,C,2016-12-27,false,ARI,0,0,-1,0,0,0,0,0,0,0,0,1083,28,1,1,1,0,0,4,9
Christopher DiDomenico,OTT,C,2017-03-11,false,COL,0,0,1,6,0,0,0,0,0,0,0,970,25,1,1,0,0,0,0,0
Phillip Di Giuseppe,CAR,L,2016-10-20,false,CGY,0,0,-1,0,0,0,0,0,0,0,5,1554,39,1,1,3,1,1,0,0
Nicolas Deslauriers,BUF,L,2016-10-16,false,EDM,0,0,-1,0,0,0,0,0,0,0,4,1443,32,8,0,0,0,0,0,0
Andrew Desjardins,CHI,L,2016-11-11,false,WSH,0,0,0,2,0,0,0,0,0,0,3,1271,27,2,2,1,0,0,1,0
David Desharnais,MTL,C,2016-10-15,false,OTT,0,1,1,0,0,0,0,0,0,0,0,1477,37,0,1,0,1,0,8,5
Jason Demers,FLA,D,2016-10-15,false,DET,0,0,0,2,0,0,0,0,0,0,2,2180,42,2,1,4,2,2,0,0
Michael Del Zotto,PHI,D,2016-11-08,false,DET,0,1,-1,2,0,0,0,0,0,0,3,2325,50,11,3,2,1,2,0,0
Dylan DeMelo,SJS,D,2016-11-26,false,ANA,1,0,1,0,0,0,0,0,0,0,4,1722,45,5,3,1,0,0,0,0
Danny DeKeyser,DET,D,2016-10-15,false,FLA,1,0,0,2,0,0,0,0,0,0,1,2654,58,0,4,0,2,0,0,0
Anthony DeAngelo,ARI,D,2016-11-10,false,WPG,1,0,1,0,0,0,0,0,0,0,3,2474,50,0,1,2,0,0,0,0
Jacob De La Rose,MTL,L,2017-01-18,false,PIT,0,0,-2,2,0,0,0,0,0,0,1,1212,34,5,0,0,0,0,2,2
Brandon Davidson,EDM,D,2016-12-13,false,CBJ,0,0,-2,2,0,0,0,0,0,0,0,1284,29,2,1,0,0,0,0,0
Laurent Dauphin,ARI,C,2016-10-18,false,OTT,0,0,-1,0,0,0,0,0,0,0,1,1167,29,5,0,0,1,3,4,6
Marko Dano,WPG,C,2016-11-04,false,DET,1,1,1,2,0,0,0,0,0,0,1,1105,25,1,0,1,0,0,0,0
Phillip Danault,MTL,L,2016-10-15,false,OTT,0,2,1,0,0,0,0,0,0,0,1,1325,37,0,2,1,1,0,0,7
Trevor Daley,PIT,D,2016-10-15,false,ANA,0,1,0,0,0,0,0,0,0,0,2,2458,60,0,2,0,0,3,0,0
Klas Dahlbeck,CAR,D,2016-10-16,false,VAN,0,0,1,0,0,0,0,0,0,0,1,1477,36,1,0,0,1,1,0,0
Austin Czarnik,BOS,C,2016-10-15,false,TOR,0,0,-3,2,0,0,0,0,0,0,1,1571,34,1,1,0,0,2,1,8
Matt Cullen,PIT,C,2016-10-15,false,ANA,0,1,-1,0,0,0,0,0,0,0,4,2216,54,1,0,3,2,0,18,17
Lawson Crouse,ARI,L,2016-10-18,false,OTT,0,0,-1,0,0,0,0,0,0,0,2,997,23,4,0,0,0,0,0,0
Sidney Crosby,PIT,C,2016-10-27,false,NYI,2,1,0,0,1,1,0,0,1,0,8,2183,50,3,0,2,1,0,19,23
Joseph Cramarossa,ANA,C,2016-10-25,false,SJS,0,0,0,0,0,0,0,0,0,0,2,1012,25,8,1,0,1,2,1,0
Adam Cracknell,DAL,R,2016-10-15,false,COL,1,1,1,0,0,0,0,0,0,0,4,1244,33,6,0,2,1,0,1,0
Charlie Coyle,MIN,C,2016-10-15,false,WPG,1,1,0,4,0,0,0,0,0,0,4,2034,48,3,4,2,0,0,0,2
Sean Couturier,PHI,C,2016-10-15,false,ARI,2,0,2,0,0,0,0,0,1,0,3,2206,49,3,1,1,0,2,10,22
Logan Couture,SJS,C,2016-10-15,false,CBJ,1,2,2,2,1,0,0,0,0,0,5,1953,45,0,1,2,1,0,10,15
Nick Cousins,PHI,C,2016-10-15,false,ARI,0,2,1,2,0,0,0,0,0,0,2,1563,31,0,1,0,0,0,0,1
Frank Corrado,TOR,D,2017-01-19,false,NYR,0,0,0,6,0,0,0,0,0,0,2,1680,41,2,2,4,2,0,0,0
Andrew Copp,WPG,C,2016-11-04,false,DET,0,1,0,0,0,0,0,0,0,0,1,1101,29,2,0,0,0,0,4,13
Kyle Connor,WPG,L,2016-10-15,false,MIN,0,1,-2,2,0,1,0,0,0,0,3,2032,41,1,1,2,0,1,0,0
Brett Connolly,WSH,R,2016-10-20,false,FLA,0,0,1,0,0,0,0,0,0,0,6,1330,33,6,1,1,0,0,0,0
Kevin Connauton,ARI,D,2016-10-29,false,COL,0,0,-1,0,0,0,0,0,0,0,1,1366,28,2,0,1,0,0,0,0
Erik Condra,TBL,R,2016-11-27,false,BOS,0,0,-1,2,0,0,0,0,0,0,0,1222,28,1,2,2,2,1,1,0
Cory Conacher,TBL,C,2016-12-14,false,CGY,0,0,-1,0,0,0,0,0,0,0,5,1618,40,0,0,2,1,0,1,0
J.T. Compher,COL,L,2017-03-04,false,WPG,0,0,-1,2,0,0,0,0,0,0,4,1600,37,3,1,0,0,1,7,12
Blake Comeau,COL,L,2016-10-17,false,PIT,0,1,0,4,0,0,0,0,0,0,2,1857,45,4,1,1,0,1,4,10
Blake Coleman,NJD,C,2017-01-13,false,CGY,0,0,0,0,0,0,0,0,0,0,3,1414,33,5,1,1,1,1,6,7
Ian Cole,PIT,D,2016-10-15,false,ANA,1,0,1,4,0,0,0,0,0,0,3,1759,40,1,3,0,2,1,0,0
Joe Colborne,COL,C,2016-10-17,false,PIT,3,0,0,2,2,0,0,0,0,0,6,1692,39,2,1,0,0,0,7,11
Andrew Cogliano,ANA,L,2016-10-15,false,PIT,2,0,2,2,0,0,1,0,0,0,8,1739,49,2,1,0,0,1,1,2
Braydon Coburn,TBL,D,2016-10-15,false,NJD,0,0,-1,6,0,0,0,0,0,0,3,1703,41,2,1,1,1,0,0,0
Cal Clutterbuck,NYI,R,2016-10-15,false,WSH,1,0,2,0,0,0,0,0,0,0,3,1831,54,10,3,1,0,0,0,0
Kyle Clifford,LAK,L,2016-10-14,false,PHI,0,0,0,2,0,0,0,0,0,0,3,1308,30,11,0,2,1,1,0,0
Adam Clendening,NYR,D,2016-10-15,false,STL,0,0,0,0,0,0,0,0,0,0,4,2192,47,0,0,3,1,0,0,0
Fredrik Claesson,OTT,D,2016-11-05,false,BUF,0,0,-1,0,0,0,0,0,0,0,1,1136,35,4,0,0,1,0,0,0
Casey Cizikas,NYI,C,2016-10-15,false,WSH,0,2,2,0,0,0,0,0,0,0,2,1805,55,4,4,0,0,0,24,17
Jakob Chychrun,ARI,D,2016-10-20,false,MTL,1,1,1,0,0,0,0,0,0,0,4,1877,39,6,1,3,3,1,0,0
Taylor Chorney,WSH,D,2016-11-15,false,CBJ,0,1,1,0,0,0,0,0,0,0,3,1556,36,1,1,1,0,0,0,0
Jason Chimera,NYI,L,2016-10-15,false,WSH,0,0,-2,2,0,0,0,0,0,0,2,1854,49,4,0,2,2,1,0,1
Alex Chiasson,CGY,R,2016-10-14,false,EDM,1,0,1,0,0,0,0,0,0,0,4,972,28,3,0,0,2,1,0,0
Ben Chiarot,WPG,D,2016-10-17,false,BOS,0,0,-2,2,0,0,0,0,0,0,1,1662,37,4,2,0,4,0,0,0
Zdeno Chara,BOS,D,2016-10-15,false,TOR,0,1,3,7,0,0,0,0,0,0,1,2495,51,3,4,1,2,1,0,0
Michael Chaput,VAN,C,2016-11-08,false,NYR,0,1,1,0,0,0,0,0,0,0,0,1091,29,2,0,0,1,0,6,3
Peter Cehlarik,BOS,L,2017-02-12,false,MTL,0,2,2,0,0,1,0,0,0,0,0,1773,41,2,0,0,1,1,0,0
Cody Ceci,OTT,D,2016-10-15,false,MTL,0,0,-1,0,0,0,0,0,0,0,4,2934,66,1,3,2,1,0,0,0
Jeff Carter,LAK,C,2016-10-14,false,PHI,0,0,-3,0,0,0,0,0,0,0,4,2008,44,3,2,3,2,1,27,12
William Carrier,BUF,L,2016-11-07,false,BOS,0,0,1,0,0,0,0,0,0,0,3,851,22,4,1,0,3,0,0,0
Alexandre Carrier,NSH,D,2017-01-19,false,CGY,0,0,1,0,0,0,0,0,0,0,1,1247,33,0,1,0,0,0,0,0
Connor Carrick,TOR,D,2016-10-15,false,BOS,0,0,2,0,0,0,0,0,0,0,4,2265,52,4,2,0,1,1,0,0
Daniel Carr,MTL,L,2016-10-15,false,OTT,0,1,1,2,0,0,0,0,0,0,1,1303,35,0,0,2,0,0,0,0
Ryan Carpenter,SJS,C,2016-11-29,false,ARI,0,0,0,0,0,0,0,0,0,0,2,898,24,5,0,0,1,1,5,2
Gabriel Carlsson,CBJ,D,2017-04-09,false,TOR,0,1,-2,0,0,0,0,0,0,0,3,2055,46,5,2,1,0,0,0,0
John Carlson,WSH,D,2016-10-15,false,NYI,0,1,1,0,0,0,0,0,0,0,11,2800,51,2,5,4,2,2,0,0
Brandon Carlo,BOS,D,2016-10-15,false,TOR,0,1,4,0,0,0,0,0,0,0,4,2418,53,1,4,4,1,0,0,0
Paul Carey,WSH,C,2016-12-03,false,TBL,0,0,0,0,0,0,0,0,0,0,1,1452,32,2,1,1,1,0,0,0
Brian Campbell,CHI,D,2016-10-14,false,NSH,0,0,1,2,0,0,0,0,0,0,0,2049,40,4,1,0,1,0,0,0
Michael Cammalleri,NJD,L,2016-10-15,false,TBL,0,0,1,4,0,0,0,0,0,0,2,2069,41,1,1,4,0,0,1,0
Matt Calvert,CBJ,L,2016-10-15,false,SJS,0,0,-3,0,0,0,0,0,0,0,4,1856,41,1,1,0,1,2,1,1
Mitch Callahan,DET,R,2017-03-10,false,CHI,0,0,0,0,0,0,0,0,0,0,2,757,20,1,0,0,0,1,0,0
Ryan Callahan,TBL,R,2016-11-01,false,NYI,0,1,2,17,0,0,0,0,0,0,4,1326,38,4,0,3,0,1,2,0
Drake Caggiula,EDM,L,2016-11-21,false,CHI,0,2,2,0,0,0,0,0,0,0,0,1729,40,1,0,1,0,0,4,6
Paul Byron,MTL,L,2016-10-15,false,OTT,0,1,-2,2,0,0,0,0,0,0,2,1522,43,1,1,0,0,1,0,0
Dustin Byfuglien,WPG,D,2016-10-15,false,MIN,0,2,2,0,0,0,0,0,0,0,2,3556,67,2,1,2,1,2,0,0
Alexandre Burrows,VAN,L,2016-10-16,false,CAR,0,0,-1,0,0,0,0,0,0,0,1,1288,40,2,0,0,0,2,0,0
Brent Burns,SJS,D,2016-10-15,false,CBJ,1,2,2,2,0,1,0,0,1,0,10,2782,52,2,6,3,4,1,0,0
Alexander Burmistrov,WPG,C,2016-10-17,false,BOS,0,1,-1,0,0,0,0,0,0,0,0,1467,32,1,0,1,1,1,6,14
Andre Burakovsky,WSH,L,2016-10-15,false,NYI,2,0,2,0,0,0,0,0,0,0,5,2146,46,1,0,2,1,1,0,0
Pavel Buchnevich,NYR,R,2016-10-15,false,STL,0,1,1,2,0,0,0,0,0,0,4,1783,45,1,2,3,1,0,0,0
Dustin Brown,LAK,R,2016-10-14,false,PHI,0,0,-1,0,0,0,0,0,0,0,3,2013,44,2,1,1,0,1,0,0
Connor Brown,TOR,R,2016-10-15,false,BOS,1,0,0,4,0,0,0,0,0,0,1,1569,42,1,2,2,1,0,0,0
J.T. Brown,TBL,R,2016-10-15,false,NJD,0,0,0,2,0,0,0,0,0,0,1,1163,28,5,0,1,0,0,0,0
Patrick Brown,CAR,C,2017-03-03,false,ARI,0,0,-3,0,0,0,0,0,0,0,2,1375,33,5,2,1,0,0,0,0
Troy Brouwer,CGY,R,2016-10-14,false,EDM,1,0,-1,0,0,0,1,0,0,0,4,2054,46,6,1,2,0,0,0,0
Jonny Brodzinski,LAK,C,2017-03-28,false,EDM,0,0,-1,0,0,0,0,0,0,0,8,1500,35,2,2,0,1,0,0,0
Kyle Brodziak,STL,C,2016-10-13,false,MIN,0,0,0,4,0,0,0,0,0,0,2,1249,40,2,1,1,0,1,4,6
Jonas Brodin,MIN,D,2016-10-15,false,WPG,1,0,0,2,0,0,0,0,1,0,3,1832,45,0,1,2,1,0,0,0
TJ Brodie,CGY,D,2016-10-14,false,EDM,0,1,-2,0,0,1,0,0,0,0,4,3042,69,0,3,1,1,2,0,0
Justin Braun,SJS,D,2016-10-15,false,CBJ,0,0,0,0,0,0,0,0,0,0,4,2311,52,1,4,1,0,2,0,0
Derick Brassard,OTT,C,2016-10-15,false,MTL,1,2,1,0,0,0,0,0,0,0,7,2259,50,3,0,3,1,0,21,20
Tyler Bozak,TOR,C,2016-10-15,false,BOS,0,2,0,0,0,0,0,0,0,0,1,1828,46,2,0,2,2,1,16,14
Brian Boyle,TBL,C,2016-10-15,false,NJD,1,0,1,0,0,0,0,0,0,0,3,1392,30,4,1,0,0,3,7,8
Johnny Boychuk,NYI,D,2016-10-15,false,WSH,0,1,0,0,0,1,0,0,0,0,4,2295,46,4,4,4,0,0,0,0
Jay Bouwmeester,STL,D,2016-10-13,false,MIN,0,0,2,2,0,0,0,0,0,0,0,2683,59,3,8,1,1,0,0,0
Rene Bourque,COL,R,2016-10-17,false,PIT,0,1,0,2,0,0,0,0,0,0,5,1574,36,10,1,1,1,1,0,2
Michael Bournival,TBL,L,2016-12-03,false,WSH,0,0,0,0,0,0,0,0,0,0,2,793,20,3,1,2,0,0,0,0
Lance Bouma,CGY,C,2016-10-14,false,EDM,0,1,1,0,0,0,0,0,0,0,1,1283,35,2,1,0,0,0,0,0
Reid Boucher,NJD,C,2016-10-20,false,BOS,0,0,-1,2,0,0,0,0,0,0,2,1277,33,1,1,2,0,1,0,0
Robert Bortuzzo,STL,D,2016-10-18,false,VAN,0,0,0,0,0,0,0,0,0,0,1,1562,43,5,2,1,2,0,0,0
Mark Borowiecki,OTT,D,2016-10-15,false,MTL,0,0,-1,5,0,0,0,0,0,0,1,1346,36,4,5,1,0,0,0,0
Nick Bonino,PIT,C,2016-10-15,false,ANA,0,0,0,0,0,0,0,0,0,0,8,2495,56,0,4,0,0,3,18,25
Jared Boll,ANA,R,2016-10-15,false,PIT,0,0,-2,2,0,0,0,0,0,0,0,661,19,0,0,0,0,0,0,1
Zach Bogosian,BUF,D,2016-10-16,false,EDM,0,0,2,0,0,0,0,0,0,0,3,2483,57,1,3,1,1,0,0,0
Brock Boeser,VAN,R,2017-03-26,false,WPG,1,0,2,0,0,0,0,0,1,0,6,1836,41,3,0,1,1,1,0,0
Mikkel Boedker,SJS,L,2016-10-15,false,CBJ,1,0,2,0,0,0,0,0,0,0,4,1755,41,1,2,2,2,1,2,1
Mike Blunden,OTT,R,2017-02-27,false,TBL,0,0,0,4,0,0,0,0,0,0,1,974,22,6,0,0,0,0,0,0
Anton Blidh,BOS,L,2016-12-05,false,FLA,0,0,-1,0,0,0,0,0,0,0,4,1162,24,7,0,1,0,0,0,0
Joseph Blandisi,NJD,L,2017-02-04,false,CBJ,0,0,0,0,0,0,0,0,0,0,1,1291,36,3,0,0,0,0,1,0
Nick Bjugstad,FLA,C,2016-11-26,false,CBJ,0,0,-1,2,0,0,0,0,0,0,2,1474,31,1,0,1,0,0,0,1
Oliver Bjorkstrand,CBJ,R,2016-10-15,false,SJS,0,0,-2,4,0,0,0,0,0,0,2,1472,33,1,1,1,1,0,1,0
Anthony Bitetto,NSH,D,2016-11-25,false,WPG,0,0,0,5,0,0,0,0,0,0,0,1102,27,6,2,1,1,0,0,0
Kevin Bieksa,ANA,D,2016-10-15,false,PIT,0,0,-1,0,0,0,0,0,0,0,8,2674,49,7,4,3,1,1,0,0
Alex Biega,VAN,D,2016-12-08,false,TBL,0,1,2,2,0,0,0,0,0,0,1,1400,38,2,2,2,0,0,0,0
Bryan Bickell,CAR,L,2016-10-16,false,VAN,0,0,0,0,0,0,0,0,0,0,2,1400,33,4,1,1,0,1,0,1
Patrik Berglund,STL,C,2016-10-13,false,MIN,0,2,2,2,0,0,0,0,0,0,1,1820,43,3,1,3,0,0,11,10
Patrice Bergeron,BOS,C,2016-10-22,false,MTL,1,0,1,2,0,0,0,0,1,0,2,2356,47,0,1,2,0,1,23,23
Matt Benning,EDM,D,2016-11-03,false,NYR,0,0,0,0,0,0,0,0,0,0,2,1682,43,1,1,2,0,0,0,0
Sam Bennett,CGY,C,2016-10-14,false,EDM,0,0,-2,6,0,0,0,0,0,0,5,1848,46,4,0,5,1,0,11,10
Beau Bennett,NJD,R,2016-10-18,false,ANA,0,0,-1,0,0,0,0,0,0,0,3,1263,28,3,0,1,0,1,0,0
Jamie Benn,DAL,L,2016-10-15,false,COL,1,2,-1,2,1,1,0,0,0,0,3,2427,58,5,0,0,2,1,7,10
Jordie Benn,DAL,D,2016-10-15,false,COL,0,2,1,4,0,0,0,0,0,0,2,1731,48,3,6,1,0,0,0,0
Pierre-Edouard Bellemare,PHI,L,2016-10-15,false,ARI,0,0,1,0,0,0,0,0,0,0,2,1794,41,1,3,0,0,0,9,13
Matt Beleskey,BOS,L,2016-10-15,false,TOR,0,0,-3,0,0,0,0,0,0,0,3,1929,42,3,1,5,1,1,3,4
Taylor Beck,EDM,L,2016-12-17,false,TBL,0,0,-1,2,0,0,0,0,0,0,0,807,21,2,0,0,0,0,0,0
Anthony Beauvillier,NYI,C,2016-10-16,false,ANA,0,1,1,2,0,0,0,0,0,0,2,1138,27,6,0,1,2,0,1,1
Nathan Beaulieu,MTL,D,2016-10-15,false,OTT,0,1,5,2,0,1,0,0,0,0,0,2432,56,2,1,0,2,0,0,0
Francois Beauchemin,COL,D,2016-10-17,false,PIT,0,2,0,0,0,1,0,0,0,0,2,2712,62,1,4,0,2,2,0,0
Jay Beagle,WSH,C,2016-10-15,false,NYI,0,1,2,0,0,0,0,0,0,0,3,1219,31,0,2,1,0,1,16,7
Matt Bartkowski,CGY,D,2017-02-21,false,NSH,0,0,1,0,0,0,0,0,0,0,0,1664,40,1,2,1,0,0,0,0
Tyson Barrie,COL,D,2016-10-17,false,PIT,1,2,1,2,0,1,0,0,1,0,4,2581,57,2,2,5,0,0,0,0
Aleksander Barkov,FLA,C,2016-10-15,false,DET,2,1,4,0,0,0,0,0,1,1,9,2349,54,0,0,1,1,1,14,15
Mark Barberio,MTL,D,2016-11-26,false,DET,0,0,-1,2,0,0,0,0,0,0,0,1651,37,1,4,0,1,0,0,0
Riley Barber,WSH,R,2017-02-25,false,NSH,0,0,0,0,0,0,0,0,0,0,2,1069,24,1,0,0,0,0,0,0
Ivan Barbashev,STL,C,2017-01-31,false,WPG,0,0,0,0,0,0,0,0,0,0,2,1012,23,5,2,0,0,1,1,3
Nicholas Baptiste,BUF,R,2016-10-20,false,VAN,1,0,1,0,0,0,0,0,0,0,0,879,24,1,0,0,0,0,0,1
Justin Bailey,BUF,R,2016-11-03,false,TOR,0,0,0,0,0,0,0,0,0,0,0,928,25,3,0,1,0,0,0,0
Josh Bailey,NYI,R,2016-10-15,false,WSH,0,1,-1,0,0,0,0,0,0,0,4,1967,49,0,3,3,1,0,0,1
Casey Bailey,OTT,R,2016-12-18,false,NYI,0,0,0,0,0,0,0,0,0,0,2,1138,28,0,0,0,0,1,0,0
Sven Baertschi,VAN,L,2016-10-16,false,CAR,0,0,1,0,0,0,0,0,0,0,2,1800,43,2,0,0,3,0,1,0
Nicklas Backstrom,WSH,C,2016-10-15,false,NYI,0,2,1,0,0,0,0,0,0,0,7,2351,50,3,0,0,3,0,23,15
Mikael Backlund,CGY,C,2016-10-14,false,EDM,0,3,-4,0,0,1,0,1,0,0,7,2008,52,2,1,2,1,0,23,9
David Backes,BOS,R,2016-10-15,false,TOR,2,1,4,7,0,0,0,0,0,0,4,2125,44,4,3,0,0,1,15,29
Yohann Auvitu,NJD,D,2016-10-15,false,TBL,0,1,1,0,0,0,0,0,0,0,6,2081,42,0,0,1,1,3,0,0
Brady Austin,BUF,D,2017-03-21,false,PIT,0,0,-1,2,0,0,0,0,0,0,4,2077,54,2,0,0,0,1,0,0
Cam Atkinson,CBJ,R,2016-10-15,false,SJS,1,1,-4,0,1,1,0,0,0,0,6,2186,48,1,0,3,0,0,1,0
Andreas Athanasiou,DET,C,2016-10-17,false,OTT,0,0,0,0,0,0,0,0,0,0,3,1397,32,0,0,0,2,0,0,1
Viktor Arvidsson,NSH,L,2016-10-15,false,CHI,1,0,-1,0,0,0,0,0,0,0,5,1480,40,1,0,0,0,0,0,0
Joel Armia,WPG,R,2016-10-17,false,BOS,0,0,0,0,0,0,0,0,0,0,5,1500,32,2,1,0,1,3,0,0
Josh Archibald,PIT,R,2017-02-14,false,VAN,2,0,2,0,0,0,1,0,0,0,2,1100,32,4,0,1,0,0,0,0
Artem Anisimov,CHI,C,2016-10-14,false,NSH,0,0,-2,6,0,0,0,0,0,0,4,2464,46,1,0,2,0,1,11,21
Sven Andrighetto,MTL,R,2016-11-12,false,DET,0,0,0,0,0,0,0,0,0,0,4,1426,33,3,2,1,1,1,0,0
Andy Andreoff,LAK,L,2016-10-14,false,PHI,0,0,0,2,0,0,0,0,0,0,1,1310,29,7,3,1,3,0,7,5
Josh Anderson,CBJ,R,2016-10-15,false,SJS,1,0,1,2,0,0,0,0,0,0,2,1304,35,0,0,0,1,1,0,0
Karl Alzner,WSH,D,2016-10-15,false,NYI,0,1,2,2,0,0,0,0,0,0,3,2402,48,4,5,0,1,1,0,0
Sebastian Aho,CAR,R,2016-10-16,false,VAN,0,2,0,2,0,2,0,0,0,0,3,1659,37,1,0,2,2,1,0,0
Kenny Agostino,STL,L,2017-02-07,false,OTT,1,1,1,0,0,1,0,0,0,0,9,1616,35,3,1,2,2,0,0,0
Noel Acciari,BOS,C,2016-10-15,false,TOR,0,0,-1,2,0,0,0,0,0,0,1,1257,32,5,0,0,0,2,0,0
Pontus Aberg,NSH,L,2016-11-10,false,STL,0,1,1,0,0,0,0,0,0,0,0,1573,34,1,0,1,1,0,0,0
Justin Abdelkader,DET,L,2016-10-15,false,FLA,0,0,0,0,0,0,0,0,0,0,3,1789,42,7,0,2,0,1,0,0
Jake Virtanen,VAN,R,2016-10-16,false,CAR,0,0,0,0,0,0,0,0,0,0,3,1216,34,3,2,2,0,3,1,0
Linden Vey,CGY,R,2016-11-12,false,NYR,0,0,-1,0,0,0,0,0,0,0,1,1223,30,0,0,1,0,0,3,9
Dylan Strome,ARI,C,2016-10-20,false,MTL,0,1,-2,0,0,0,0,0,0,0,3,1656,40,3,1,3,0,1,8,12
Clayton Stoner,ANA,D,2016-10-18,false,NJD,0,0,0,0,0,0,0,0,0,0,1,2149,48,2,3,0,0,0,0,0
Steven Stamkos,TBL,C,2016-10-15,false,NJD,1,1,0,4,0,1,0,0,0,0,9,2197,44,3,0,1,0,2,16,13
Blake Speers,NJD,C,2016-10-15,false,TBL,0,0,0,0,0,0,0,0,0,0,2,1243,29,1,1,0,0,1,0,2
Nick Sorensen,ANA,R,2016-10-15,false,PIT,0,0,-2,0,0,0,0,0,0,0,1,1359,39,1,2,0,0,0,1,0
Dillon Simpson,EDM,D,2016-12-09,false,MIN,0,0,0,0,0,0,0,0,0,0,0,1129,29,2,1,0,1,0,0,0
Hunter Shinkaruk,CGY,C,2016-11-10,false,DAL,0,0,-3,0,0,0,0,0,0,0,1,1442,31,1,1,1,0,1,0,0
Cole Schneider,BUF,L,2016-11-12,false,NJD,0,1,1,0,0,0,0,0,0,0,4,937,23,2,0,0,0,0,0,0
Buddy Robinson,OTT,R,2016-12-05,false,PIT,0,0,0,0,0,0,0,0,0,0,2,800,22,3,0,0,1,1,0,0
Brad Richardson,ARI,R,2016-10-18,false,OTT,1,1,1,0,0,0,1,0,0,0,2,1794,44,1,1,2,1,1,12,19
Tanner Richard,TBL,C,2016-12-22,false,STL,0,0,-1,2,0,0,0,0,0,0,1,1320,31,4,2,0,1,2,8,9
Mason Raymond,ANA,L,2016-10-15,false,PIT,0,0,-2,0,0,0,0,0,0,0,2,970,28,0,0,0,1,0,0,1
Kyle Rau,FLA,C,2016-10-25,false,PIT,0,0,0,0,0,0,0,0,0,0,1,1835,39,2,0,0,0,0,1,1
Teddy Purcell,LAK,L,2016-10-14,false,PHI,0,0,-2,0,0,0,0,0,0,0,0,1486,32,3,0,0,1,0,0,0
Tyler Pitlick,EDM,R,2016-10-14,false,CGY,1,0,-1,0,0,0,0,0,0,0,2,1090,31,3,0,0,1,0,0,0
Adam Pardy,NSH,D,2016-12-19,false,PHI,0,0,1,4,0,0,0,0,0,0,2,1140,29,1,2,1,0,0,0,0
Rob O'Gara,BOS,D,2016-10-15,false,TOR,0,0,0,0,0,0,0,0,0,0,1,1921,46,3,5,1,0,0,0,0
Jakub Nakladal,CAR,D,2016-10-25,false,DET,0,0,-3,0,0,0,0,0,0,0,1,1681,33,2,4,0,0,1,0,0
Tyler Myers,WPG,D,2016-10-15,false,MIN,0,0,-1,0,0,0,0,0,0,0,1,2820,58,5,6,0,2,0,0,0
Milan Michalek,TOR,L,2016-10-15,false,BOS,1,0,0,0,0,0,0,0,0,0,4,1702,39,2,2,2,0,1,0,1
Jamie McBain,ARI,D,2016-10-18,false,OTT,0,0,-2,0,0,0,0,0,0,0,2,1871,38,0,1,1,0,0,0,0
Taylor Leier,PHI,L,2016-12-08,false,EDM,0,0,0,2,0,0,0,0,0,0,1,733,19,1,0,0,0,1,0,0
Scott Laughton,PHI,C,2016-11-25,false,NYR,0,0,0,0,0,0,0,0,0,0,4,1229,33,3,0,0,0,1,11,9
Brian Lashoff,DET,D,2016-12-06,false,WPG,0,0,-1,0,0,0,0,0,0,0,1,1722,41,2,1,0,1,0,0,0
Johan Larsson,BUF,C,2016-10-16,false,EDM,0,1,0,0,0,0,0,0,0,0,1,2265,48,3,3,2,0,0,12,12
Jacob Larsson,ANA,D,2016-10-15,false,PIT,0,0,0,0,0,0,0,0,0,0,0,2008,45,0,0,2,1,0,0,0
Charles Hudon,MTL,L,2016-11-19,false,TOR,0,1,0,2,0,0,0,0,0,0,2,1514,35,9,0,0,1,0,0,0
Quinton Howden,WPG,C,2016-11-15,false,CHI,0,0,1,0,0,0,0,0,0,0,2,1031,32,2,0,0,0,0,0,2
Danton Heinen,BOS,C,2016-10-15,false,TOR,0,0,0,2,0,0,0,0,0,0,1,1521,31,3,2,1,0,1,0,0
Shane Harper,FLA,R,2016-10-15,false,DET,0,0,0,6,0,0,0,0,0,0,2,1151,32,6,0,0,1,1,0,0
Joel Hanley,MTL,D,2016-11-12,false,DET,0,0,1,4,0,0,0,0,0,0,3,1787,40,4,2,0,2,0,0,0
Brendan Guhle,BUF,D,2016-12-05,false,WSH,0,0,1,0,0,0,0,0,0,0,4,1988,48,3,6,0,0,0,0,0
Erik Gudbranson,VAN,D,2016-10-16,false,CAR,0,0,0,0,0,0,0,0,0,0,6,2159,50,1,1,0,2,0,0,0
Matt Grzelcyk,BOS,D,2016-12-15,false,ANA,0,0,0,2,0,0,0,0,0,0,4,1498,44,0,1,1,0,0,0,0
Nicklas Grossmann,CGY,D,2016-10-25,false,STL,0,0,-1,0,0,0,0,0,0,0,2,1514,42,6,1,0,0,0,0,0
A.J. Greer,COL,L,2016-11-17,false,DAL,0,1,0,0,0,0,0,0,0,0,4,1698,40,0,0,1,1,1,0,0
Tyler Gaudet,ARI,C,2016-12-03,false,CBJ,0,0,-1,0,0,0,0,0,0,0,0,1627,36,0,1,1,0,0,8,9
Ryan Garbutt,ANA,C,2016-10-15,false,PIT,0,0,-3,0,0,0,0,0,0,0,0,1034,27,3,2,3,0,0,0,0
Martin Frk,CAR,R,2016-10-25,false,DET,0,0,-3,0,0,0,0,0,0,0,1,1000,26,3,1,1,1,0,0,0
Mark Fayne,EDM,D,2016-12-03,false,ANA,0,1,1,0,0,0,0,0,0,0,2,911,25,0,0,2,1,0,0,0
Emerson Etem,ANA,L,2016-10-20,false,PHI,0,0,1,2,0,0,0,0,0,0,0,722,22,0,0,0,0,0,0,1
Derek Dorsett,VAN,R,2016-10-16,false,CAR,0,1,0,2,0,0,0,0,0,0,4,1191,34,7,0,0,0,1,0,0
Zac Dalpe,MIN,C,2016-10-15,false,WPG,0,1,0,0,0,0,0,0,0,0,1,930,23,2,2,0,0,0,7,6
Matt Carle,NSH,D,2016-10-15,false,CHI,0,0,-1,0,0,0,0,0,0,0,1,1533,34,0,1,0,0,0,0,0
Patrick Cannone,MIN,C,2016-12-22,false,MTL,0,0,0,0,0,0,0,0,0,0,2,851,26,1,1,0,1,0,8,8
Erik Burgdoerfer,BUF,D,2016-12-06,false,EDM,0,0,-1,0,0,0,0,0,0,0,2,1340,34,5,0,1,1,0,0,0
Gabriel Bourque,COL,L,2016-10-17,false,PIT,0,0,0,0,0,0,0,0,0,0,1,1344,33,5,2,0,0,0,0,0
Tyler Bertuzzi,DET,L,2016-11-10,false,VAN,0,0,0,0,0,0,0,0,0,0,1,1061,29,3,0,1,1,0,0,0
Christoph Bertschy,MIN,C,2016-11-01,false,BUF,0,1,1,2,0,0,0,0,0,0,3,1059,28,3,1,0,0,0,0,0
Cody Bass,NSH,C,2016-10-21,false,DET,0,0,0,0,0,0,0,0,0,0,0,834,24,4,0,0,0,0,0,2
Mathew Barzal,NYI,C,2016-10-26,false,MTL,0,0,-2,6,0,0,0,0,0,0,0,1170,32,1,0,0,0,0,6,7
