James van Riemsdyk,TOR,L,2016-11-11,false,PHI,4,7,-4,8,0,3,0,0,0,0,40,12817,291,16,8,8,5,5,1,3
Trevor van Riemsdyk,CHI,D,2016-12-29,false,NSH,1,3,7,6,0,0,0,0,0,0,13,15186,330,5,17,2,8,5,0,0
Calvin de Haan,NYI,D,2016-11-10,false,TBL,1,4,7,20,0,0,0,0,0,0,23,15729,300,24,34,6,14,2,0,0
Jason Zucker,MIN,L,2016-11-13,false,OTT,2,5,8,6,0,0,0,0,0,0,19,10177,247,16,4,11,3,7,1,0
Mats Zuccarello,NYR,R,2016-11-08,false,VAN,6,3,1,8,2,0,0,0,0,0,31,15738,323,18,4,7,6,14,1,1
Harry Zolnierczyk,NSH,L,2017-02-02,false,EDM,1,2,0,4,0,0,0,0,0,0,14,7318,181,18,7,1,0,2,2,3
Mika Zibanejad,NYR,C,2016-11-08,false,VAN,3,7,-2,6,0,4,0,0,0,0,38,13919,319,6,4,25,8,9,135,117
Henrik Zetterberg,DET,L,2016-11-08,false,PHI,2,6,0,0,0,2,0,0,0,0,29,16398,317,8,4,5,8,12,100,96
Travis Zajac,NJD,C,2016-11-12,false,BUF,4,6,3,6,2,1,0,0,1,0,30,16630,362,18,6,4,4,8,155,138
Nikita Zaitsev,TOR,D,2016-11-11,false,PHI,0,7,-6,2,0,2,0,0,0,0,13,18420,395,30,23,10,9,3,0,0
Nikita Zadorov,COL,D,2016-11-13,false,BOS,0,2,-5,14,0,0,0,0,0,0,11,14979,353,32,17,6,7,3,0,0
Pavel Zacha,NJD,C,2016-11-12,false,BUF,1,3,-2,6,0,1,0,0,0,0,16,12093,248,18,10,6,3,1,45,62
Keith Yandle,FLA,D,2016-11-10,false,SJS,0,7,2,12,0,3,0,0,0,0,39,19172,334,5,13,16,14,4,0,0
Nail Yakupov,STL,R,2016-11-17,false,SJS,2,2,-3,8,0,0,0,0,0,0,15,8720,218,11,1,9,1,4,0,0
Miles Wood,NJD,L,2016-12-22,false,PHI,4,0,0,10,0,0,0,0,0,0,25,10094,251,14,5,15,2,4,1,0
Luke Witkowski,TBL,D,2017-01-21,false,ARI,0,2,-2,13,0,0,0,0,0,0,11,8527,203,27,9,5,5,3,0,0
Daniel Winnik,WSH,L,2016-11-26,false,TOR,3,1,4,6,0,0,0,0,1,0,11,9243,214,5,6,5,7,5,2,3
Tommy Wingels,SJS,C,2016-11-12,false,TBL,3,1,-1,0,0,0,0,0,2,0,17,7748,196,18,6,4,4,0,25,32
Scott Wilson,PIT,L,2016-11-10,false,MIN,2,2,-3,2,0,0,0,0,0,0,25,10994,270,32,6,7,3,1,0,0
Colin Wilson,NSH,L,2016-11-12,false,ANA,2,3,-1,6,1,0,0,0,0,0,24,13233,302,9,5,7,8,5,0,1
Tom Wilson,WSH,R,2016-11-12,false,CAR,1,0,2,14,0,0,0,0,0,0,17,10993,254,31,5,0,1,7,0,2
Justin Williams,WSH,R,2016-11-12,false,CAR,1,1,-3,6,0,0,0,0,0,0,25,13104,274,3,8,12,4,7,22,7
Patrick Wiercioch,COL,D,2016-11-17,false,DAL,2,5,1,13,0,0,0,0,0,0,19,14533,347,15,20,6,3,3,0,0
Chris Wideman,OTT,D,2016-11-22,false,MTL,0,4,-3,8,0,1,0,0,0,0,21,11330,302,8,12,8,10,3,0,0
Dennis Wideman,CGY,D,2016-11-21,false,BUF,2,3,0,4,2,1,0,0,0,0,28,18374,406,14,15,9,15,6,0,0
Ryan White,ARI,C,2016-11-16,false,CGY,1,2,-5,20,0,0,0,0,1,0,13,8821,200,46,6,5,1,2,6,17
Blake Wheeler,WPG,R,2016-11-08,false,DAL,3,7,-2,12,0,2,1,0,0,0,44,17603,351,22,5,12,11,10,8,11
Zach Werenski,CBJ,D,2016-11-15,false,WSH,5,8,3,4,3,3,0,0,1,1,37,18342,399,12,14,10,8,6,0,0
Alexander Wennberg,CBJ,C,2016-11-15,false,WSH,2,13,7,2,0,8,0,0,0,0,15,14320,319,17,11,4,7,3,96,117
Dale Weise,PHI,R,2016-11-17,false,WPG,0,2,-1,4,0,0,0,0,0,0,16,10333,238,26,4,9,2,4,0,0
Yannick Weber,NSH,D,2016-11-15,false,TOR,0,3,7,15,0,0,0,0,0,0,11,9567,247,18,11,8,8,0,0,0
Shea Weber,MTL,D,2016-11-10,false,LAK,5,6,16,8,4,1,0,1,3,0,33,21587,403,33,31,15,18,2,0,0
Jordan Weal,PHI,C,2017-03-21,false,WPG,4,1,3,6,0,0,0,0,0,0,30,11814,278,4,6,10,5,8,6,7
Austin Watson,NSH,L,2016-11-21,false,TBL,0,1,3,12,0,0,0,0,0,0,10,9413,228,24,2,4,0,5,0,2
Joel Ward,SJS,R,2016-11-10,false,FLA,1,2,-4,4,0,0,0,0,0,0,17,13061,308,11,10,11,14,9,36,44
Chris Wagner,ANA,C,2016-11-09,false,CBJ,2,0,-3,6,0,0,0,0,0,0,15,9124,234,32,7,7,3,2,29,41
Radim Vrbata,ARI,R,2016-11-12,false,BOS,6,5,1,4,1,1,0,0,0,0,39,14121,298,10,3,16,6,8,3,0
Jakub Vrana,WSH,L,2017-03-02,false,NJD,2,2,3,2,2,1,0,0,2,0,26,9642,207,3,6,11,4,3,0,2
Jakub Voracek,PHI,R,2016-11-08,false,DET,6,9,-4,28,0,5,0,0,1,1,58,16280,334,3,3,10,7,4,0,4
Marc-Edouard Vlasic,SJS,D,2016-11-10,false,FLA,2,3,-1,20,0,2,0,0,2,1,19,18363,368,6,22,8,11,1,0,0
Jimmy Vesey,NYR,L,2016-11-08,false,VAN,6,4,5,2,2,1,0,0,2,0,24,12358,275,9,7,9,6,9,0,0
Kris Versteeg,CGY,R,2016-11-27,false,PHI,2,3,5,4,0,0,0,0,0,0,15,10460,237,1,7,4,5,5,9,5
Joel Vermin,TBL,R,2017-03-24,false,DET,0,3,2,4,0,0,0,0,0,0,9,9322,222,15,7,7,2,5,2,0
Antoine Vermette,ANA,C,2016-11-09,false,CBJ,2,5,4,10,1,1,0,0,0,0,16,13183,347,15,12,11,4,4,142,69
Frank Vatrano,BOS,C,2017-01-18,false,DET,5,3,-2,4,2,1,0,0,0,0,41,11923,274,21,4,15,1,4,0,0
Sami Vatanen,ANA,D,2016-11-09,false,CBJ,1,6,1,2,1,4,0,0,0,0,18,18891,386,20,31,5,4,4,0,0
Thomas Vanek,DET,L,2016-12-03,false,PIT,4,7,4,10,2,2,0,0,0,0,27,12183,253,6,1,7,5,7,0,4
Chris VandeVelde,PHI,C,2016-11-08,false,DET,2,1,-4,0,0,0,0,0,0,0,14,8767,223,19,9,6,3,3,2,5
Scottie Upshall,STL,R,2016-11-15,false,BUF,3,2,-4,11,0,0,0,0,0,0,17,8317,239,17,0,8,3,3,1,3
Fedor Tyutin,COL,D,2016-11-21,false,CBJ,0,4,-2,8,0,0,0,0,0,0,11,15684,368,28,20,3,3,2,0,0
Kyle Turris,OTT,C,2016-11-11,false,LAK,6,2,-1,2,1,0,0,0,2,2,30,16163,345,4,10,13,11,5,95,112
Nikita Tryamkin,VAN,D,2016-12-01,false,ANA,0,0,1,15,0,0,0,0,0,0,15,14042,311,45,14,12,5,0,0,0
Jacob Trouba,WPG,D,2016-12-06,false,DET,0,3,-3,12,0,0,0,0,0,0,29,20216,392,21,32,16,21,11,0,0
Vincent Trocheck,FLA,C,2016-11-10,false,SJS,6,2,-4,4,0,2,0,0,1,1,36,17420,338,31,10,21,10,12,139,149
Jordin Tootoo,CHI,R,2016-11-09,false,STL,0,0,1,9,0,0,0,0,0,0,18,5862,162,13,2,6,3,3,0,0
Tyler Toffoli,LAK,C,2016-11-10,false,MTL,4,5,7,0,2,0,0,0,0,0,50,15370,330,20,1,20,8,3,0,2
Jonathan Toews,CHI,C,2016-11-09,false,STL,4,6,5,13,1,3,0,0,2,0,42,17803,391,8,2,8,9,4,203,134
Matthew Tkachuk,CGY,L,2016-11-16,false,ARI,4,3,3,19,0,0,0,0,1,0,26,11175,253,15,4,17,4,4,1,3
Chris Tierney,SJS,C,2016-11-10,false,FLA,0,3,-3,0,0,0,0,0,0,0,13,10778,267,10,9,6,11,5,52,55
Shawn Thornton,FLA,L,2016-12-31,false,DAL,0,1,-3,7,0,0,0,0,0,0,6,5167,135,13,2,8,4,1,0,2
Joe Thornton,SJS,C,2016-11-10,false,FLA,2,9,2,4,0,4,0,0,0,0,11,15536,331,11,5,0,14,9,92,56
Chris Thorburn,WPG,R,2016-11-17,false,PHI,1,0,-3,30,0,0,0,0,0,0,10,6854,192,23,10,1,1,0,7,7
Nate Thompson,ANA,C,2017-03-05,false,VAN,0,0,0,9,0,0,0,0,0,0,9,7957,212,30,4,2,2,2,59,57
Paul Thompson,FLA,R,2017-01-09,false,NJD,0,3,-3,22,0,0,0,0,0,0,9,6651,169,28,11,5,1,2,0,1
Shea Theodore,ANA,D,2016-12-09,false,SJS,0,4,-5,10,0,0,0,1,0,0,21,15292,317,2,13,13,18,1,0,0
Chris Terry,MTL,L,2017-01-12,false,MIN,2,2,-1,4,0,0,0,0,0,0,15,8306,213,10,1,5,8,5,1,1
Teuvo Teravainen,CAR,L,2016-11-12,false,WSH,4,4,-5,0,1,2,0,0,1,0,19,12446,274,6,2,11,7,4,9,18
Matt Tennyson,CAR,D,2016-12-08,false,LAK,0,2,5,0,0,0,0,0,0,0,11,12384,279,15,16,5,7,6,0,0
John Tavares,NYI,C,2016-11-10,false,TBL,5,6,1,16,2,0,0,0,0,0,46,17017,331,8,6,18,6,12,152,135
Tomas Tatar,DET,L,2016-11-08,false,PHI,2,4,-1,6,0,1,0,0,0,0,39,14833,312,13,9,11,5,5,3,2
Vladimir Tarasenko,STL,R,2016-11-09,false,CHI,5,7,0,0,1,3,0,0,1,1,58,15675,369,3,6,20,5,9,0,1
Christopher Tanev,VAN,D,2016-12-30,false,ANA,0,3,3,6,0,0,0,0,0,0,6,17136,383,3,24,8,7,3,0,0
Brandon Tanev,WPG,L,2016-11-08,false,DAL,2,1,0,17,0,0,0,0,1,0,24,9175,246,27,8,5,3,5,0,0
Brandon Sutter,VAN,C,2016-11-08,false,NYR,1,5,-7,0,0,1,0,0,1,1,32,15969,347,10,8,11,6,6,138,127
Ryan Suter,MIN,D,2016-11-13,false,OTT,4,8,9,6,1,3,1,0,0,0,33,22984,407,15,11,8,6,11,0,0
Andrej Sustr,TBL,D,2016-11-10,false,NYI,0,2,-4,7,0,0,0,0,0,0,15,14257,315,8,20,6,6,6,0,0
P.K. Subban,NSH,D,2016-11-12,false,ANA,3,5,-4,16,2,3,0,0,1,0,31,20556,381,14,32,9,19,8,0,0
Mark Stuart,WPG,D,2017-01-18,false,ARI,1,0,3,13,0,0,0,0,0,0,10,10276,250,21,36,1,8,3,0,0
Ryan Strome,NYI,C,2016-11-10,false,TBL,2,3,-3,6,1,0,0,0,0,0,20,11110,245,12,6,5,9,5,38,39
Mark Streit,PHI,D,2016-11-08,false,DET,3,7,-3,8,1,4,0,0,0,0,25,17332,387,5,16,11,8,3,0,0
Anton Stralman,TBL,D,2016-11-10,false,NYI,0,6,1,0,0,4,0,0,0,0,20,18651,366,15,12,10,6,6,0,0
Michael Stone,ARI,D,2016-12-03,false,CBJ,0,6,-4,2,0,3,0,0,0,0,18,17456,377,25,33,12,4,0,1,0
Mark Stone,OTT,R,2016-11-13,false,MIN,2,4,-2,4,0,0,0,0,2,0,24,14608,308,15,8,5,10,12,3,3
Chris Stewart,MIN,R,2016-11-13,false,OTT,2,3,0,19,0,1,0,0,0,0,7,9834,237,21,2,4,6,4,0,1
Derek Stepan,NYR,C,2016-11-08,false,VAN,1,9,1,2,0,4,1,0,0,0,26,14662,345,3,9,7,8,10,109,138
Lee Stempniak,CAR,R,2016-11-12,false,WSH,4,4,4,10,1,0,0,0,0,0,22,14278,310,26,4,8,9,10,1,2
Alexander Steen,STL,L,2016-11-09,false,CHI,2,8,-5,23,0,3,0,0,0,0,26,17295,403,8,9,10,4,7,19,38
Troy Stecher,VAN,D,2016-11-29,false,MIN,1,4,-5,13,0,1,0,0,0,0,44,17514,357,8,13,11,5,7,0,0
Paul Stastny,STL,C,2016-11-09,false,CHI,4,5,-2,14,2,2,0,0,1,0,22,17126,392,8,7,11,3,7,160,143
Viktor Stalberg,CAR,L,2016-11-15,false,SJS,2,1,-3,13,0,0,0,0,1,0,19,9526,247,21,2,3,4,10,0,1
Matt Stajan,CGY,C,2016-11-06,false,ANA,0,4,3,4,0,0,0,0,0,0,13,10814,263,12,13,6,4,2,79,59
Drew Stafford,WPG,R,2016-12-06,false,DET,1,3,-1,6,0,0,0,0,1,0,25,12572,283,16,0,7,12,5,1,4
Eric Staal,MIN,C,2016-11-13,false,OTT,5,8,6,4,1,2,0,1,2,0,42,16247,363,10,4,9,4,8,135,115
Jordan Staal,CAR,C,2016-11-12,false,WSH,5,4,-1,6,2,0,0,0,0,0,34,16436,383,27,4,12,5,12,152,99
Marc Staal,NYR,D,2016-11-08,false,VAN,1,2,7,2,0,0,0,1,0,0,13,16520,378,15,17,7,8,8,0,0
Jared Spurgeon,MIN,D,2016-11-21,false,DAL,1,4,4,2,0,1,0,1,0,0,29,19334,380,8,34,6,4,4,0,0
Ryan Sproul,DET,D,2016-12-03,false,PIT,1,4,-7,4,1,2,0,0,0,0,29,13518,299,6,5,11,3,2,0,0
Ryan Spooner,BOS,C,2016-11-12,false,ARI,3,3,-3,6,2,1,0,0,0,0,32,13188,277,6,3,9,8,9,2,5
Jason Spezza,DAL,C,2016-11-23,false,NSH,4,4,-10,2,1,2,0,0,1,0,33,14220,344,4,6,19,9,7,80,69
Nikita Soshnikov,TOR,R,2016-11-30,false,CGY,1,3,0,4,0,1,0,0,0,0,22,8545,218,29,7,6,2,4,1,3
Marcus Sorensen,SJS,R,2017-03-25,false,NSH,1,2,-1,4,0,0,0,0,1,0,20,8867,229,12,5,4,9,8,1,1
Carl Soderberg,COL,C,2016-11-13,false,BOS,2,1,-3,8,0,0,0,0,0,0,24,14139,321,4,11,6,4,11,77,84
Devante Smith-Pelly,NJD,R,2016-11-17,false,ANA,2,2,-3,2,0,1,0,0,0,0,28,11433,247,22,4,7,4,3,4,7
Craig Smith,NSH,R,2016-11-15,false,TOR,5,0,-2,12,2,0,0,0,0,0,32,12465,282,16,4,24,7,6,17,14
Brendan Smith,DET,D,2016-11-08,false,PHI,1,2,-3,13,1,2,0,0,0,0,22,14855,337,18,16,8,13,0,0,0
Ben Smith,TOR,R,2016-11-15,false,NSH,1,1,-3,0,0,0,0,0,0,0,11,10054,253,8,11,3,3,3,94,83
Reilly Smith,FLA,R,2016-11-10,false,SJS,3,3,-1,2,2,0,0,0,1,0,32,16279,341,11,5,14,5,18,1,0
Gemel Smith,DAL,C,2017-04-02,false,TBL,3,1,0,21,0,0,1,0,0,0,17,11107,284,5,5,6,4,3,21,30
Zack Smith,OTT,C,2016-11-11,false,LAK,3,1,1,21,0,0,1,0,0,0,31,13875,315,28,4,7,11,4,60,51
Anton Slepyshev,EDM,L,2016-12-04,false,MIN,2,2,5,2,0,0,0,0,0,0,22,9720,223,18,3,4,4,3,0,0
Jaccob Slavin,CAR,D,2016-11-12,false,WSH,1,4,0,2,0,1,0,0,0,0,21,18947,386,6,27,7,7,8,0,0
Brady Skjei,NYR,D,2016-11-08,false,VAN,0,9,3,2,0,2,0,0,0,0,13,13594,305,27,11,10,9,3,0,0
Jeff Skinner,CAR,L,2016-11-15,false,SJS,6,7,0,8,1,3,0,0,0,0,50,15778,324,9,5,18,7,15,3,8
Jack Skille,VAN,R,2016-11-25,false,DAL,0,1,-6,4,0,0,0,0,0,0,19,8141,198,23,4,3,3,2,0,0
Colton Sissons,NSH,C,2016-11-15,false,TOR,1,1,0,0,0,0,1,0,0,0,7,8715,233,30,6,2,5,4,68,74
Wayne Simmonds,PHI,R,2016-11-08,false,DET,6,6,-5,17,4,2,0,0,0,0,39,17140,371,34,14,23,4,3,0,1
Jakob Silfverberg,ANA,R,2016-11-09,false,CBJ,3,2,3,2,1,0,1,0,1,0,35,15598,364,5,8,10,7,7,1,2
Nick Shore,LAK,C,2016-11-11,false,OTT,0,2,-3,8,0,0,0,0,0,0,19,9710,233,10,8,7,4,2,65,73
Devin Shore,DAL,C,2016-11-10,false,CGY,1,6,-3,4,0,2,0,0,0,0,20,12471,297,6,10,7,1,8,72,79
Drew Shore,VAN,C,2017-04-09,false,EDM,0,2,-3,4,0,0,0,0,0,0,11,10051,235,22,3,5,5,4,38,33
Conor Sheary,PIT,L,2016-11-25,false,MIN,4,5,8,4,0,0,0,0,1,0,25,12220,274,7,6,7,7,6,0,0
Riley Sheahan,DET,C,2016-11-08,false,PHI,0,3,-6,6,0,1,0,0,0,0,19,11434,276,4,8,7,3,3,10,8
Logan Shaw,ANA,C,2016-12-20,false,MTL,1,0,-3,0,0,0,0,0,0,0,20,7432,206,10,6,6,0,3,12,28
Andrew Shaw,MTL,C,2016-11-10,false,LAK,1,2,7,18,0,0,0,0,0,0,21,11970,270,29,6,9,5,5,56,39
Kevin Shattenkirk,STL,D,2016-11-09,false,CHI,3,7,0,21,2,4,0,0,0,0,29,17257,372,12,11,9,6,5,0,0
Patrick Sharp,DAL,L,2017-01-07,false,STL,1,2,-6,17,0,0,1,0,0,0,34,13868,313,15,7,16,5,1,9,9
Michael Sgarbossa,FLA,C,2017-01-07,false,BOS,0,2,-3,2,0,1,0,0,0,0,13,8939,225,12,6,4,6,1,51,70
Damon Severson,NJD,D,2016-11-12,false,BUF,2,9,-1,10,0,5,0,0,1,0,24,17226,364,16,11,7,17,5,0,0
Devin Setoguchi,LAK,R,2016-11-10,false,MTL,2,2,2,4,0,0,0,0,0,0,20,11132,255,19,2,8,8,4,1,1
Andrej Sekera,EDM,D,2016-11-08,false,PIT,0,4,2,4,0,1,0,0,0,0,17,17206,362,12,26,13,7,5,0,0
Dennis Seidenberg,NYI,D,2016-11-10,false,TBL,4,4,10,12,0,0,0,0,0,0,18,16386,309,17,35,4,10,2,0,0
Tyler Seguin,DAL,C,2016-11-10,false,CGY,7,8,-7,4,4,4,0,0,1,0,56,15847,356,11,3,21,6,9,96,91
Lukas Sedlak,CBJ,C,2016-11-20,false,WSH,0,4,5,2,0,0,0,0,0,0,11,8351,208,13,8,8,4,6,42,43
Daniel Sedin,VAN,L,2016-11-08,false,NYR,4,3,-2,2,1,1,0,0,1,0,39,15462,322,5,5,12,2,4,0,1
Henrik Sedin,VAN,C,2016-11-08,false,NYR,5,3,-3,4,1,1,0,0,1,1,20,15911,320,3,2,8,11,2,127,116
Brent Seabrook,CHI,D,2016-11-09,false,STL,1,9,10,2,1,2,0,0,0,0,19,19505,415,23,18,9,18,1,0,0
Jaden Schwartz,STL,L,2016-11-17,false,SJS,6,2,0,4,1,0,0,0,2,0,33,16236,377,13,12,12,5,10,27,25
Justin Schultz,PIT,D,2016-11-10,false,MIN,0,3,3,4,0,2,0,0,0,0,22,13975,325,12,11,7,7,2,0,0
Nick Schultz,PHI,D,2017-02-02,false,MTL,0,4,0,6,0,0,0,0,0,0,14,13405,334,22,30,6,5,1,0,0
Jordan Schroeder,MIN,C,2017-01-19,false,ARI,3,4,2,0,0,0,0,0,0,0,16,8004,184,12,5,5,1,2,0,0
Nate Schmidt,WSH,D,2016-11-16,false,PIT,0,5,1,2,0,0,0,0,0,0,16,12274,267,11,5,7,13,9,0,0
Nick Schmaltz,CHI,C,2016-11-09,false,STL,1,2,0,2,0,1,0,0,0,0,7,9343,222,4,7,2,3,6,29,58
David Schlemko,SJS,D,2016-11-10,false,FLA,0,3,1,2,0,2,0,0,0,0,30,14605,314,7,18,11,9,10,0,0
Luke Schenn,ARI,D,2016-11-16,false,CGY,0,1,-1,7,0,0,0,0,0,0,16,13005,302,42,24,7,5,4,0,0
Brayden Schenn,PHI,C,2016-11-15,false,OTT,3,7,-7,13,3,3,0,0,1,0,32,14944,321,38,11,19,8,2,17,16
Mark Scheifele,WPG,C,2016-11-08,false,DAL,9,9,8,12,2,2,0,0,1,1,39,17573,342,15,8,9,5,10,128,166
Tim Schaller,BOS,C,2016-11-17,false,MIN,2,2,0,13,0,0,0,0,1,0,19,9893,238,15,7,11,6,5,10,8
Colton Sceviour,FLA,C,2016-11-10,false,SJS,5,3,0,8,1,2,2,0,1,0,27,13001,269,14,14,10,4,6,4,5
Marco Scandella,MIN,D,2016-12-07,false,TOR,0,2,-5,6,0,0,0,0,0,0,20,13746,313,9,12,6,8,4,0,0
Luca Sbisa,VAN,D,2016-11-08,false,NYR,0,1,0,6,0,0,0,0,0,0,5,13717,307,20,22,4,13,4,0,0
David Savard,CBJ,D,2016-11-15,false,WSH,1,3,1,8,0,0,0,0,0,0,15,17470,387,29,23,16,4,2,0,0
Steven Santini,NJD,D,2017-01-31,false,DET,2,3,3,2,0,0,0,0,0,0,11,12813,288,35,10,5,4,0,0,0
Zach Sanford,WSH,L,2016-11-16,false,PIT,0,1,0,2,0,0,0,0,0,0,10,8546,192,8,3,3,8,6,5,2
Brandon Saad,CBJ,L,2016-11-15,false,WSH,4,8,5,2,0,0,0,0,0,0,33,14158,334,3,4,16,4,7,1,1
Bobby Ryan,OTT,R,2016-11-11,false,LAK,3,3,1,4,1,1,0,0,0,0,31,13541,293,12,9,7,9,3,0,0
Derek Ryan,CAR,C,2016-12-08,false,LAK,3,4,-2,2,1,2,1,0,2,0,12,10668,241,11,6,5,6,3,75,58
Bryan Rust,PIT,R,2016-11-18,false,NYI,2,2,-3,2,0,0,0,0,0,0,29,10651,267,27,8,6,4,3,1,0
Robbie Russo,DET,D,2017-03-30,false,TBL,0,0,2,2,0,0,0,0,0,0,12,13447,279,13,12,9,11,0,0,0
Kris Russell,EDM,D,2016-11-23,false,COL,0,3,8,0,0,0,0,0,0,0,17,17427,376,13,37,4,10,7,0,0
Chad Ruhwedel,PIT,D,2017-02-21,false,CAR,1,2,5,2,0,0,0,0,0,0,20,14041,321,15,10,6,5,4,0,0
Michal Rozsival,CHI,D,2017-01-15,false,MIN,0,1,-2,6,0,0,0,0,0,0,9,12767,297,34,20,3,5,2,0,0
Carter Rowney,PIT,R,2017-03-15,false,PHI,0,1,0,0,0,0,0,0,0,0,8,8300,205,26,9,6,2,4,45,38
Antoine Roussel,DAL,L,2016-11-10,false,CGY,2,6,2,54,0,3,0,0,1,0,20,12456,327,16,10,13,11,2,1,0
Evan Rodrigues,BUF,L,2017-03-05,false,PIT,2,2,0,2,0,0,0,0,0,0,23,10469,223,4,2,7,4,7,40,58
Brett Ritchie,DAL,R,2016-11-10,false,CGY,3,1,2,11,0,0,0,0,0,0,26,10456,252,26,3,8,2,1,0,0
Nick Ritchie,ANA,L,2016-11-12,false,NSH,3,1,1,8,1,0,0,0,1,0,32,12311,295,52,4,15,1,2,2,1
Rasmus Ristolainen,BUF,D,2016-11-11,false,NJD,0,8,-1,12,0,6,0,0,0,0,26,21278,429,33,24,15,9,6,0,0
Morgan Rielly,TOR,D,2016-11-11,false,PHI,1,9,-1,7,1,1,0,0,0,0,22,19185,446,4,32,17,17,5,0,0
Tobias Rieder,ARI,R,2016-11-16,false,CGY,4,3,2,0,0,0,0,1,0,0,24,13439,302,4,11,12,5,4,0,2
Mike Ribeiro,NSH,C,2016-11-12,false,ANA,1,6,1,10,1,1,0,0,0,0,13,13346,280,10,2,5,8,1,60,67
Sam Reinhart,BUF,C,2016-11-11,false,NJD,2,4,0,2,1,2,0,0,1,0,34,14064,289,4,5,6,7,5,24,37
Mike Reilly,MIN,D,2017-01-31,false,EDM,0,0,2,2,0,0,0,0,0,0,16,10756,228,2,7,11,5,0,0,0
Zach Redmond,MTL,D,2017-01-21,false,BUF,0,5,5,2,0,0,0,0,0,0,12,10398,228,23,12,5,6,4,0,0
Ryan Reaves,STL,R,2016-11-10,false,NSH,0,1,-2,7,0,0,0,0,0,0,9,5273,149,32,0,5,2,2,0,0
Matt Read,PHI,R,2016-11-08,false,DET,6,1,-2,0,2,0,0,0,0,0,27,12485,294,29,10,5,5,5,0,4
Dennis Rasmussen,CHI,C,2016-11-13,false,MTL,1,0,0,2,0,0,0,0,0,0,15,9627,262,14,13,3,5,6,20,32
Victor Rask,CAR,C,2016-11-12,false,WSH,6,6,3,2,2,1,0,0,0,0,33,16276,347,5,3,3,6,8,100,118
Mikko Rantanen,COL,R,2016-11-23,false,EDM,2,6,-2,6,1,2,0,0,0,0,24,14936,318,2,9,8,2,6,13,4
Rickard Rakell,ANA,C,2016-11-29,false,MTL,9,4,2,0,2,2,0,0,2,0,42,14750,328,24,7,13,4,3,10,9
Michael Raffl,PHI,L,2016-11-27,false,CGY,4,1,4,0,0,0,0,0,0,0,16,10753,265,20,5,12,3,4,2,1
Alexander Radulov,MTL,R,2016-11-10,false,LAK,3,9,6,18,1,2,0,0,0,0,24,13219,304,20,9,11,11,9,1,0
Alan Quine,NYI,C,2016-12-01,false,WSH,1,2,1,2,0,0,0,0,1,0,13,9082,210,25,8,2,4,3,40,30
Kyle Quincey,NJD,D,2016-11-12,false,BUF,1,1,6,10,0,0,0,0,0,0,14,13755,326,23,18,2,5,3,0,0
Mark Pysyk,FLA,D,2016-11-10,false,SJS,1,2,5,2,0,0,0,0,0,0,14,14032,266,7,12,9,3,5,0,1
Tom Pyatt,OTT,L,2016-11-11,false,LAK,2,3,2,2,0,0,0,1,0,0,21,13590,324,8,18,6,3,7,6,9
Jesse Puljujarvi,EDM,R,2016-11-17,false,LAK,1,2,0,0,1,0,0,0,0,0,30,10084,223,6,3,11,9,8,0,0
Matt Puempel,NYR,L,2016-11-25,false,PHI,1,0,-4,7,0,0,0,0,0,0,14,7436,187,11,6,5,0,2,0,1
Ivan Provorov,PHI,D,2016-11-08,false,DET,0,6,-8,8,0,2,0,0,0,0,19,16597,382,20,19,15,15,2,0,0
Dalton Prout,CBJ,D,2017-01-31,false,NYR,0,3,5,14,0,0,0,0,0,0,6,11403,276,24,16,2,7,2,0,0
Nate Prosser,MIN,D,2016-12-11,false,STL,0,2,-1,4,0,0,0,0,0,0,10,11115,268,12,23,8,5,0,0,0
Shane Prince,NYI,L,2016-11-28,false,CGY,3,4,-4,4,1,0,0,0,0,0,24,10461,232,17,1,3,3,4,3,1
Benoit Pouliot,EDM,L,2016-11-08,false,PIT,3,1,0,16,0,0,0,0,1,0,15,12785,315,7,12,12,5,3,1,4
Paul Postma,WPG,D,2016-11-15,false,CHI,0,3,2,2,0,0,0,0,0,0,15,10544,239,7,11,5,5,1,0,0
Jason Pominville,MIN,R,2016-11-13,false,OTT,3,3,1,0,0,2,0,0,0,0,26,12786,303,10,10,9,1,5,3,4
Roman Polak,TOR,D,2016-11-19,false,MTL,1,1,-3,17,0,0,0,0,0,0,11,15038,348,49,27,5,7,2,0,0
Brayden Point,TBL,C,2016-11-10,false,NYI,1,4,1,0,1,0,0,0,0,0,32,13415,263,7,5,10,5,5,3,3
Tomas Plekanec,MTL,C,2016-11-10,false,LAK,1,4,1,2,0,3,1,0,1,0,28,14660,354,9,15,6,4,3,129,137
Brandon Pirri,NYR,R,2016-11-08,false,VAN,4,5,7,2,2,1,0,0,2,0,21,10218,231,7,5,13,7,5,32,23
Alex Pietrangelo,STL,D,2016-11-09,false,CHI,3,4,-5,10,1,2,0,0,1,0,31,21719,429,9,24,13,6,12,0,0
Dion Phaneuf,OTT,D,2016-11-11,false,LAK,1,3,-6,19,0,1,0,0,0,0,34,18633,454,29,34,9,6,2,0,0
Jeff Petry,MTL,D,2016-11-12,false,DET,2,5,4,8,1,2,0,0,0,0,22,18055,385,29,35,11,14,2,0,0
Alex Petrovic,FLA,D,2016-11-10,false,SJS,0,4,4,4,0,0,0,0,0,0,11,14957,273,25,15,13,9,5,0,0
Nic Petan,WPG,L,2016-12-20,false,VAN,1,6,-2,2,0,4,0,0,0,0,21,12803,287,4,4,9,3,8,60,67
Brett Pesce,CAR,D,2016-11-12,false,WSH,0,3,1,4,0,1,0,0,0,0,16,17063,368,10,27,14,9,9,0,0
Corey Perry,ANA,R,2016-11-09,false,CBJ,4,9,-3,14,0,6,0,0,0,0,40,16043,342,12,3,13,2,5,0,3
David Perron,STL,L,2016-11-09,false,CHI,4,1,-6,4,1,0,0,0,1,0,31,15091,366,14,6,14,2,5,11,17
Mathieu Perreault,WPG,C,2016-12-04,false,CHI,1,2,-7,8,0,1,0,0,0,0,30,13570,280,21,3,6,4,8,86,80
Brendan Perlini,ARI,L,2017-01-06,false,ANA,3,1,-4,6,0,0,0,0,0,0,21,11441,251,13,3,8,1,2,1,0
Adam Pelech,NYI,D,2017-01-19,false,DAL,1,3,1,0,0,0,0,0,0,0,15,13504,273,22,14,10,8,6,0,0
Tanner Pearson,LAK,L,2016-11-13,false,WPG,6,3,4,0,1,0,0,0,0,0,31,13062,304,19,2,19,5,6,0,4
Joe Pavelski,SJS,C,2016-11-10,false,FLA,5,9,3,10,2,3,0,0,2,0,39,16217,345,26,17,23,17,7,77,69
Greg Pateryn,MTL,D,2016-11-24,false,CAR,1,2,-1,0,0,0,0,0,0,0,15,11962,257,22,31,5,8,4,0,0
David Pastrnak,BOS,R,2016-11-13,false,COL,10,4,11,2,3,1,0,0,2,0,48,13753,285,10,4,17,6,7,0,1
Zach Parise,MIN,L,2016-11-26,false,STL,4,5,0,12,1,1,0,0,0,0,44,15345,338,14,16,11,4,9,1,1
PA Parenteau,NJD,R,2016-11-12,false,BUF,5,1,0,6,1,0,0,0,0,0,30,12461,277,14,0,4,6,6,0,4
Colton Parayko,STL,D,2016-11-09,false,CHI,0,4,-3,8,0,1,0,0,0,0,35,17978,419,8,25,10,8,4,0,0
Cedric Paquette,TBL,C,2016-11-12,false,SJS,1,3,0,12,0,0,0,0,0,0,15,7737,193,29,7,5,2,5,19,26
Richard Panik,CHI,R,2016-11-09,false,STL,6,4,2,4,2,1,0,0,1,0,17,12919,297,34,6,6,7,7,0,2
Artemi Panarin,CHI,L,2016-11-09,false,STL,6,9,11,13,2,2,0,0,1,1,38,16587,332,6,0,18,8,10,1,0
Kyle Palmieri,NJD,R,2016-11-12,false,BUF,3,3,5,8,1,2,0,0,1,0,33,13482,297,32,7,15,11,4,2,5
Ondrej Palat,TBL,L,2016-11-10,false,NYI,2,4,-7,11,0,3,0,0,0,0,25,14588,300,31,6,9,8,19,1,1
Iiro Pakarinen,EDM,R,2017-04-09,false,VAN,2,2,2,2,0,0,0,0,1,0,15,7496,205,30,6,7,2,4,0,1
Jean-Gabriel Pageau,OTT,C,2016-11-11,false,LAK,1,3,3,2,0,0,0,0,0,0,23,13408,315,23,13,6,6,5,77,59
Max Pacioretty,MTL,L,2016-11-10,false,LAK,2,8,6,10,0,1,0,1,2,0,38,14734,335,18,6,26,6,8,0,0
Magnus Paajarvi,STL,L,2017-03-05,false,COL,4,1,3,4,0,0,0,0,2,0,23,9952,248,7,11,3,0,5,1,1
Alex Ovechkin,WSH,L,2016-11-12,false,CAR,7,4,-1,10,2,1,0,0,3,1,59,15769,299,37,4,28,10,9,0,1
Xavier Ouellet,DET,D,2016-12-11,false,PHI,0,2,6,22,0,0,0,0,0,0,13,13880,304,8,17,4,3,3,0,1
Steve Ott,DET,C,2016-11-15,false,TBL,1,1,1,24,0,0,0,0,0,0,12,8131,210,35,5,2,0,3,31,22
T.J. Oshie,WSH,R,2016-11-12,false,CAR,6,2,5,10,1,1,0,1,1,0,31,15169,311,14,10,13,8,10,22,20
Brooks Orpik,WSH,D,2016-11-12,false,CAR,0,3,5,2,0,0,0,0,0,0,13,14037,294,27,26,7,9,3,0,0
Dmitry Orlov,WSH,D,2016-11-12,false,CAR,0,4,6,8,0,1,0,0,0,0,22,16301,319,23,20,10,11,8,0,0
Jamie Oleksiak,DAL,D,2016-12-23,false,LAK,3,1,1,16,0,0,0,1,0,0,14,13337,306,20,18,3,5,0,0,0
Kyle Okposo,BUF,R,2016-11-12,false,NJD,5,4,4,4,1,4,0,0,0,0,32,16100,310,13,6,14,7,3,14,12
Johnny Oduya,DAL,D,2016-11-10,false,CGY,0,4,3,6,0,0,0,0,0,0,14,15669,361,6,33,9,10,2,0,0
Ryan O'Reilly,BUF,C,2016-11-23,false,DET,4,5,-1,4,2,3,0,0,1,0,48,18352,354,2,6,15,7,16,191,130
Gustav Nyquist,DET,R,2016-11-08,false,PHI,3,6,0,4,0,1,0,0,2,0,27,14351,305,6,2,6,4,7,1,0
William Nylander,TOR,C,2016-11-11,false,PHI,4,8,-1,6,3,4,0,0,0,0,38,13414,299,3,7,18,6,11,31,38
Markus Nutivaara,CBJ,D,2016-11-15,false,WSH,1,1,2,2,0,0,0,0,0,0,12,10868,253,7,8,3,2,2,0,0
Darnell Nurse,EDM,D,2016-11-08,false,PIT,2,2,0,10,0,0,0,0,0,0,23,14874,329,36,13,7,8,3,0,0
Ryan Nugent-Hopkins,EDM,C,2016-11-08,false,PIT,2,5,-1,4,2,0,0,0,1,0,34,14693,335,7,2,12,2,8,93,99
Joakim Nordstrom,CAR,L,2016-11-12,false,WSH,0,2,-5,2,0,0,0,0,0,0,20,12382,306,15,11,8,4,7,1,1
Jordan Nolan,LAK,C,2016-12-01,false,ARI,2,1,-2,29,0,0,0,0,0,0,10,8130,188,14,1,6,2,1,1,1
Stefan Noesen,NJD,R,2017-01-31,false,DET,4,0,3,4,0,0,0,0,0,0,17,6136,163,14,2,2,2,3,21,34
Matt Niskanen,WSH,D,2016-11-12,false,CAR,0,7,1,6,0,0,0,1,0,0,24,18777,385,18,19,11,16,7,0,0
Matt Nieto,SJS,L,2016-12-10,false,CAR,0,2,-3,2,0,0,0,0,0,0,22,10303,260,20,6,8,3,7,0,2
Frans Nielsen,DET,C,2016-11-08,false,PHI,2,5,-6,0,0,5,1,0,0,0,24,14393,353,11,8,5,5,4,100,109
Nino Niederreiter,MIN,R,2016-11-13,false,OTT,4,4,8,4,0,0,0,0,0,0,23,11837,280,22,1,6,5,3,0,1
Andrej Nestrasil,CAR,C,2016-12-07,false,ANA,1,3,-2,2,0,0,0,0,0,0,24,9334,214,10,4,5,7,9,3,3
Nikita Nesterov,TBL,D,2016-11-19,false,PHI,2,1,3,10,1,0,0,0,0,0,19,14326,289,21,13,6,6,0,0,0
Patrik Nemeth,DAL,D,2016-11-28,false,STL,0,0,-5,4,0,0,0,0,0,0,15,13891,314,16,18,5,3,4,0,0
Brock Nelson,NYI,C,2016-11-10,false,TBL,3,7,5,2,0,2,0,1,0,0,28,12969,320,11,15,8,6,6,76,106
Chris Neil,OTT,R,2016-11-13,false,MIN,1,1,-2,18,0,0,0,0,0,0,18,7026,179,29,9,3,4,2,0,0
James Neal,NSH,L,2016-11-12,false,ANA,6,4,0,11,1,1,0,0,1,0,53,16548,338,12,8,10,8,5,1,0
Rick Nash,NYR,R,2016-11-08,false,VAN,7,3,-2,8,2,1,0,0,1,0,42,13633,331,5,9,9,14,13,0,0
Riley Nash,BOS,C,2016-11-10,false,CBJ,1,2,1,4,0,0,0,0,0,0,17,11346,261,6,7,8,3,7,74,60
Vladislav Namestnikov,TBL,C,2016-11-10,false,NYI,2,3,-1,4,2,2,0,0,0,0,24,12322,252,6,6,9,5,4,21,27
Jake Muzzin,LAK,D,2016-11-10,false,MTL,1,1,-2,12,1,0,0,0,0,0,33,19384,447,34,23,12,11,3,0,0
Ryan Murray,CBJ,D,2016-11-25,false,TBL,0,2,0,8,0,0,0,1,0,0,8,15797,363,5,20,4,3,2,0,0
Ryan Murphy,CAR,D,2017-02-28,false,FLA,0,2,-7,6,0,0,0,0,0,0,3,12023,262,2,14,5,6,6,0,0
Connor Murphy,ARI,D,2016-11-12,false,BOS,0,4,-3,10,0,0,0,0,0,0,18,18093,397,32,29,6,3,4,0,0
Matt Moulson,BUF,L,2016-11-11,false,NJD,5,1,0,2,5,1,0,0,0,0,40,12528,257,10,7,7,1,5,0,0
Tyler Motte,CHI,L,2016-11-19,false,VAN,3,3,4,10,0,0,0,0,0,0,22,10491,274,11,12,8,1,9,2,2
Joe Morrow,BOS,D,2017-01-16,false,NYI,0,1,-4,6,0,0,0,0,0,0,17,13396,291,23,17,10,7,1,0,0
Josh Morrissey,WPG,D,2016-11-08,false,DAL,0,2,0,4,0,0,0,0,0,0,20,15364,331,18,17,6,4,1,0,0
Dominic Moore,BOS,C,2016-11-10,false,CBJ,3,2,1,12,0,0,1,0,1,0,17,11311,268,4,8,3,4,5,62,53
John Moore,NJD,D,2016-11-12,false,BUF,2,3,4,10,0,0,0,0,0,0,22,15882,366,9,13,11,12,0,0,0
Brandon Montour,ANA,D,2017-03-05,false,VAN,1,1,0,6,0,1,0,0,0,0,30,14345,274,7,11,11,8,2,0,0
Sean Monahan,CGY,C,2016-11-06,false,ANA,4,1,-10,6,1,0,0,0,1,1,25,15830,343,7,5,13,10,6,133,130
Torrey Mitchell,MTL,C,2016-11-10,false,LAK,5,2,6,8,0,0,0,0,1,0,9,10760,288,2,8,6,6,10,89,64
John Mitchell,COL,C,2016-11-23,false,EDM,0,0,1,10,0,0,0,0,0,0,9,9941,236,13,9,5,0,6,71,54
Drew Miller,DET,L,2016-11-15,false,TBL,2,0,-5,2,0,0,0,0,1,0,11,8876,223,17,11,1,0,3,1,0
Kevan Miller,BOS,D,2016-12-20,false,NYI,0,0,-5,11,0,0,0,0,0,0,16,14691,323,34,18,5,5,1,0,0
J.T. Miller,NYR,L,2016-11-08,false,VAN,5,8,12,8,1,1,0,0,1,0,30,12912,312,22,11,12,10,9,22,26
Colin Miller,BOS,D,2016-11-10,false,CBJ,1,1,-6,4,0,0,0,0,0,0,23,13348,308,16,8,13,7,4,0,0
Marc Methot,OTT,D,2016-11-11,false,LAK,0,2,4,4,0,0,0,0,0,0,22,17960,426,30,18,1,9,2,0,0
Jon Merrill,NJD,D,2016-12-31,false,WSH,0,1,-5,8,0,0,0,0,0,0,10,13501,311,12,16,5,5,1,0,0
Julian Melchiori,WPG,D,2017-03-30,false,ANA,0,1,-3,8,0,0,0,0,0,0,12,14974,316,21,25,6,13,4,0,0
Timo Meier,SJS,R,2017-01-16,false,WPG,2,2,0,4,0,0,0,0,1,0,38,11349,276,37,2,9,14,10,0,1
Jayson Megna,VAN,C,2016-12-13,false,CAR,3,0,0,4,0,0,0,0,0,0,17,8012,195,16,6,1,0,3,0,1
Adam McQuaid,BOS,D,2016-11-22,false,STL,0,0,1,11,0,0,0,0,0,0,18,15262,366,30,26,9,4,1,0,0
Brayden McNabb,LAK,D,2017-01-09,false,DAL,2,0,1,13,0,0,0,0,0,0,16,14789,342,28,15,12,14,3,0,0
Cody McLeod,COL,L,2016-11-29,false,NSH,0,0,-2,33,0,0,0,0,0,0,7,5097,130,22,0,1,0,1,0,0
Curtis McKenzie,DAL,L,2016-11-15,false,NJD,1,2,1,24,0,0,0,0,0,0,18,8212,211,30,10,3,0,0,1,1
Greg McKegg,FLA,C,2016-11-10,false,SJS,0,2,-3,6,0,0,0,0,0,0,10,8992,211,13,2,4,4,3,8,9
Jamie McGinn,ARI,L,2016-11-25,false,EDM,3,3,-2,8,0,0,0,0,1,0,30,12196,281,28,8,4,5,0,0,1
Brock McGinn,CAR,L,2016-12-16,false,WSH,1,2,-1,2,0,0,0,1,0,0,12,8471,210,16,8,4,2,5,1,2
Ryan McDonagh,NYR,D,2016-11-08,false,VAN,0,9,7,4,0,2,0,0,0,0,25,20448,402,16,22,11,12,9,0,0
Connor McDavid,EDM,C,2016-11-08,false,PIT,5,12,5,6,0,5,0,0,2,0,37,17722,361,2,6,13,11,9,84,101
Jay McClement,CAR,C,2016-11-12,false,WSH,0,0,-8,0,0,0,0,0,0,0,8,8783,229,12,3,5,0,5,54,52
Michael McCarron,MTL,R,2017-01-12,false,MIN,1,3,1,16,0,0,0,0,0,0,18,8722,216,36,4,7,2,5,37,55
Jared McCann,FLA,C,2016-11-10,false,SJS,1,1,1,2,0,0,0,0,0,0,19,8414,194,11,3,5,5,5,18,21
Jake McCabe,BUF,D,2016-11-11,false,NJD,0,3,2,10,0,0,0,0,0,0,9,16229,363,11,13,9,5,1,0,0
Scott Mayfield,NYI,D,2017-02-25,false,CBJ,1,3,3,26,0,0,0,0,0,0,21,11334,234,13,20,7,9,5,0,0
Shawn Matthias,WPG,L,2016-12-31,false,NYI,4,1,2,4,0,0,1,0,1,0,21,10454,258,14,8,8,3,2,2,4
Auston Matthews,TOR,C,2016-11-11,false,PHI,6,6,-5,0,1,3,0,0,0,0,57,14455,302,3,8,20,9,11,61,65
Michael Matheson,FLA,D,2016-11-12,false,NYI,2,4,-1,4,0,1,0,0,0,0,33,16206,284,9,17,9,11,12,1,0
Andreas Martinsen,COL,L,2016-11-13,false,BOS,1,0,0,11,0,0,0,0,0,0,16,9585,251,42,8,5,2,7,1,0
Jordan Martinook,ARI,L,2016-11-12,false,BOS,5,3,1,8,1,0,0,1,0,0,22,12678,308,12,11,11,2,6,62,84
Alec Martinez,LAK,D,2016-11-10,false,MTL,2,7,-1,2,0,2,0,0,2,2,36,19541,450,32,26,20,7,0,0,0
Paul Martin,SJS,D,2016-11-10,false,FLA,0,3,-2,6,0,0,0,0,0,0,8,15296,333,5,23,2,9,2,0,0
Matt Martin,TOR,L,2016-11-11,false,PHI,0,1,-2,37,0,0,0,0,0,0,15,8743,220,65,2,4,2,6,0,5
Patrick Maroon,EDM,L,2016-11-08,false,PIT,5,2,3,10,0,1,0,0,0,0,30,13233,290,35,2,9,5,1,1,3
Mitchell Marner,TOR,C,2016-11-11,false,PHI,5,7,-6,12,1,2,0,0,3,0,38,13982,304,6,9,15,12,10,5,4
Patrick Marleau,SJS,L,2016-11-10,false,FLA,3,1,-2,4,1,1,0,0,1,0,32,13623,284,16,4,7,7,5,6,9
Andrei Markov,MTL,D,2016-11-10,false,LAK,1,7,0,4,0,3,0,1,0,0,21,17471,376,5,14,9,13,7,0,0
Martin Marincin,TOR,D,2016-11-23,false,NJD,1,3,-2,4,0,0,0,0,0,0,13,15943,365,15,16,12,9,4,0,0
Jonathan Marchessault,FLA,C,2016-11-10,false,SJS,7,6,4,2,2,3,0,0,2,0,43,15128,284,17,2,13,7,12,37,32
Alexey Marchenko,DET,D,2016-11-08,false,PHI,0,3,2,8,0,0,0,1,0,0,16,15850,371,2,23,10,9,2,0,0
Brad Marchand,BOS,L,2016-11-10,false,CBJ,5,10,7,16,1,2,0,0,2,0,30,15492,326,10,7,13,9,13,9,6
Anthony Mantha,DET,R,2016-12-11,false,PHI,4,3,2,2,1,1,0,0,1,0,34,13978,307,7,9,12,7,4,1,1
Josh Manson,ANA,D,2016-11-09,false,CBJ,0,4,4,13,0,0,0,0,0,0,13,16082,339,29,14,5,12,2,0,0
Brandon Manning,PHI,D,2016-11-08,false,DET,2,5,2,13,0,0,1,0,1,0,24,15667,365,33,15,4,15,1,0,0
Evgeni Malkin,PIT,C,2016-11-10,false,MIN,7,7,0,18,0,5,0,0,1,0,36,15762,349,8,7,10,15,8,99,137
Denis Malgin,FLA,C,2016-11-10,false,SJS,2,3,2,4,1,0,0,0,0,0,17,9336,212,11,4,5,3,6,29,48
Nathan MacKinnon,COL,C,2016-11-13,false,BOS,2,6,-5,0,0,4,0,0,0,0,42,16615,359,10,1,18,6,9,123,107
Derek MacKenzie,FLA,C,2016-11-10,false,SJS,1,2,4,9,0,0,0,1,0,0,14,10834,247,31,5,5,2,4,74,78
Andrew MacDonald,PHI,D,2016-11-25,false,NYR,1,4,-2,4,0,0,0,0,0,0,11,16251,373,10,28,2,12,2,0,0
Olli Maatta,PIT,D,2016-11-10,false,MIN,0,1,5,6,0,0,0,0,0,0,15,14948,355,12,25,5,10,2,0,0
Roman Lyubimov,PHI,L,2016-11-29,false,BOS,2,1,-2,0,0,0,0,0,0,0,20,8024,199,15,5,6,2,4,0,2
Milan Lucic,EDM,L,2016-11-08,false,PIT,5,4,-2,9,2,1,0,0,1,0,27,15261,322,38,5,9,12,6,1,1
Adam Lowry,WPG,C,2016-11-08,false,DAL,3,1,0,13,0,1,0,0,0,0,22,13316,316,29,11,6,4,5,108,121
Ben Lovejoy,NJD,D,2016-11-12,false,BUF,0,2,0,4,0,0,0,0,0,0,19,17345,357,21,23,5,4,5,0,0
Bryan Little,WPG,C,2016-12-27,false,CHI,5,6,4,4,1,1,0,0,1,1,34,14089,345,4,3,14,4,8,151,113
Hampus Lindholm,ANA,D,2016-12-07,false,CAR,0,2,0,6,0,1,0,0,0,0,20,18256,366,16,18,10,14,6,0,0
Elias Lindholm,CAR,C,2016-11-12,false,WSH,0,3,-8,2,0,2,0,1,0,0,29,15401,338,19,12,14,4,11,92,80
Esa Lindell,DAL,D,2016-11-28,false,STL,1,2,-5,2,0,1,0,0,1,0,17,15973,354,18,24,7,3,4,0,1
Oscar Lindberg,NYR,C,2016-12-09,false,CHI,0,1,-2,10,0,1,0,0,0,0,19,8857,219,13,8,3,0,2,46,42
John-Michael Liles,BOS,D,2016-11-10,false,CBJ,0,4,-4,2,0,3,0,0,0,0,11,13743,310,10,22,5,2,5,1,0
Trevor Lewis,LAK,C,2016-11-10,false,MTL,2,1,-6,0,0,0,0,0,0,0,24,10609,247,29,4,9,1,3,6,7
Mark Letestu,EDM,C,2016-11-08,false,PIT,2,4,-1,0,0,0,2,0,2,0,9,11341,307,10,8,5,1,4,85,87
Kris Letang,PIT,D,2016-11-21,false,NYR,2,9,-7,12,1,5,0,0,1,1,45,21789,421,27,24,14,18,10,0,0
Jori Lehtera,STL,C,2016-11-17,false,SJS,1,2,0,8,0,1,0,0,1,0,18,12985,344,9,8,0,3,1,103,72
Artturi Lehkonen,MTL,L,2016-11-29,false,ANA,2,1,0,6,0,0,0,0,0,0,31,11390,286,14,5,8,5,5,0,0
Anders Lee,NYI,L,2016-11-10,false,TBL,1,1,1,8,0,0,0,0,0,0,18,10303,251,41,6,9,2,7,1,1
Nick Leddy,NYI,D,2016-11-12,false,FLA,3,4,-7,4,1,0,0,0,0,0,29,18828,330,16,19,8,4,3,0,0
Curtis Lazar,OTT,C,2016-12-22,false,ANA,0,0,-2,4,0,0,0,0,0,0,17,8269,202,24,6,2,3,4,8,17
Adam Larsson,EDM,D,2016-11-08,false,PIT,1,2,-1,6,0,0,0,0,0,0,14,17304,376,39,27,4,15,4,0,0
Philip Larsen,VAN,D,2016-11-29,false,MIN,0,4,-8,4,0,2,0,0,0,0,22,15053,310,4,12,14,3,1,0,0
Dylan Larkin,DET,C,2016-11-08,false,PHI,4,1,-9,15,1,0,0,0,1,0,48,14172,305,8,5,11,12,17,32,42
Nick Lappin,NJD,R,2016-11-25,false,DET,3,2,-1,2,0,0,0,0,0,0,22,10646,238,13,2,7,1,6,2,3
Gabriel Landeskog,COL,L,2016-11-13,false,BOS,3,4,-2,9,2,0,0,0,2,1,30,15483,333,31,5,10,3,17,8,12
Anton Lander,EDM,C,2016-11-11,false,DAL,1,2,4,6,0,0,0,0,0,0,7,8836,244,17,7,2,2,4,69,50
Patrik Laine,WPG,R,2016-11-08,false,DAL,11,4,2,4,5,2,0,0,2,1,44,15714,310,17,6,13,17,6,0,2
Andrew Ladd,NYI,L,2016-11-10,false,TBL,2,1,-2,8,0,0,0,0,0,0,29,14625,292,11,4,11,7,9,0,0
Kevin Labanc,SJS,R,2016-12-09,false,ANA,3,2,4,8,0,0,0,0,0,0,20,10260,236,5,2,5,6,2,0,0
Paul LaDue,LAK,D,2017-03-19,false,CGY,0,5,-3,2,0,2,0,0,0,0,19,13945,326,10,9,3,9,2,0,0
Evgeny Kuznetsov,WSH,C,2016-11-12,false,CAR,2,5,4,6,0,0,0,0,0,0,20,14435,300,6,3,9,9,6,88,119
Chris Kunitz,PIT,L,2016-11-10,false,MIN,1,6,4,16,0,0,0,0,1,0,20,13880,329,46,5,8,9,5,2,3
Dmitry Kulikov,BUF,D,2016-12-13,false,LAK,0,0,-5,12,0,0,0,0,0,0,8,18788,415,16,19,9,8,3,0,0
Nikolay Kulemin,NYI,L,2016-11-14,false,TBL,1,3,3,6,0,0,0,0,0,0,14,11617,299,12,10,11,2,5,5,2
Brett Kulak,CGY,D,2016-11-25,false,BOS,0,3,2,10,0,0,0,0,0,0,15,12536,296,6,8,7,5,3,0,0
Tom Kuhnhackl,PIT,R,2016-11-23,false,NYR,0,2,1,4,0,0,0,0,0,0,8,7552,195,20,7,6,1,1,0,1
Nikita Kucherov,TBL,R,2016-11-12,false,SJS,5,11,4,2,2,5,0,0,2,0,38,14729,298,2,6,18,8,15,0,0
Marcus Kruger,CHI,C,2016-11-09,false,STL,1,2,4,12,0,0,0,0,0,0,10,11141,311,7,6,5,2,6,87,89
Torey Krug,BOS,D,2016-11-10,false,CBJ,1,2,-6,6,0,2,0,0,0,0,47,17815,375,16,13,11,11,4,0,0
Niklas Kronwall,DET,D,2016-12-06,false,WPG,0,2,-2,8,0,1,0,0,0,0,12,15800,356,17,25,4,4,0,0,0
David Krejci,BOS,C,2016-11-10,false,CBJ,1,6,-5,6,1,2,0,0,0,0,28,14732,295,10,12,10,12,9,98,94
Chris Kreider,NYR,L,2016-11-21,false,PIT,4,8,1,6,1,2,0,0,0,0,44,13872,304,28,8,17,9,4,2,1
Lauri Korpikoski,DAL,L,2016-11-10,false,CGY,2,2,1,2,0,0,0,0,0,0,24,11972,311,10,8,6,3,5,0,3
Anze Kopitar,LAK,C,2016-11-10,false,MTL,2,6,1,2,0,2,0,1,0,0,34,18038,353,19,11,21,8,7,181,168
Travis Konecny,PHI,C,2016-11-08,false,DET,3,6,-2,8,2,0,0,0,0,0,31,13213,296,21,5,20,5,7,0,0
Leo Komarov,TOR,C,2016-11-11,false,PHI,1,3,2,7,0,1,1,0,0,0,18,14389,349,47,9,7,1,5,17,15
Mikko Koivu,MIN,C,2016-11-13,false,OTT,2,4,1,6,0,1,0,1,1,0,20,16919,375,5,17,11,5,9,174,156
Slater Koekkoek,TBL,D,2016-11-27,false,BOS,0,4,3,6,0,0,0,0,0,0,15,11061,257,13,12,8,2,1,0,0
John Klingberg,DAL,D,2016-11-10,false,CGY,2,7,-8,6,0,4,0,0,0,0,23,19528,394,6,21,11,16,3,0,0
Kevin Klein,NYR,D,2016-11-15,false,VAN,0,6,5,0,0,1,0,1,0,0,14,15896,358,23,36,4,5,4,0,0
Oscar Klefbom,EDM,D,2016-11-08,false,PIT,0,3,0,0,0,1,0,0,0,0,30,18338,380,10,30,11,10,3,0,0
Dwight King,LAK,L,2016-11-10,false,MTL,1,3,4,4,0,0,0,0,0,0,19,12933,276,24,3,12,5,4,2,3
Jakub Kindl,FLA,D,2016-12-22,false,BOS,0,1,-8,10,0,0,0,0,0,0,8,12383,257,26,17,5,7,2,0,0
Alex Killorn,TBL,L,2016-11-10,false,NYI,6,2,0,12,1,2,0,0,1,0,31,14833,297,27,6,7,11,3,0,3
Phil Kessel,PIT,R,2016-11-10,false,MIN,3,10,-2,6,3,6,0,0,1,0,31,15452,344,2,3,15,8,1,0,3
Ryan Kesler,ANA,C,2016-11-09,false,CBJ,4,6,4,22,4,2,0,0,1,0,31,17525,372,21,10,17,7,2,189,112
Tanner Kero,CHI,C,2017-01-22,false,VAN,3,3,6,0,0,0,0,0,0,0,15,11621,276,19,16,4,4,4,65,93
Michal Kempny,CHI,D,2016-11-13,false,MTL,0,0,5,8,0,0,0,0,0,0,13,13625,307,27,18,14,7,1,0,0
Adrian Kempe,LAK,L,2017-03-16,false,BUF,2,4,-1,6,0,2,0,1,1,0,23,10685,247,14,3,8,3,2,42,42
Chris Kelly,OTT,C,2016-11-11,false,LAK,1,2,-1,4,0,0,0,0,0,0,18,11336,283,10,9,7,5,4,57,70
Duncan Keith,CHI,D,2016-11-09,false,STL,0,11,7,4,0,2,0,0,0,0,35,21538,411,3,14,10,9,4,0,0
Zack Kassian,EDM,R,2016-11-15,false,ANA,2,2,0,23,0,0,0,0,0,0,25,10432,264,39,2,6,5,6,1,0
Ondrej Kase,ANA,R,2016-12-13,false,DAL,1,4,0,4,0,0,0,0,1,0,20,11351,288,11,6,8,11,4,1,3
Melker Karlsson,SJS,C,2016-11-10,false,FLA,2,1,2,4,0,0,0,0,0,0,12,10477,260,10,10,8,3,4,0,2
William Karlsson,CBJ,C,2016-11-15,false,WSH,2,4,3,2,0,0,0,0,1,0,21,12253,306,6,3,11,4,7,82,106
Erik Karlsson,OTT,D,2016-11-11,false,LAK,3,9,5,6,1,2,0,1,0,0,34,22650,458,10,36,27,19,12,0,0
Evander Kane,BUF,L,2016-12-05,false,WSH,1,4,-5,14,0,2,0,0,0,0,33,15903,314,27,7,16,8,9,23,19
Patrick Kane,CHI,R,2016-11-09,false,STL,5,12,9,12,1,3,0,0,1,0,47,18980,342,5,1,14,3,6,3,12
Sergey Kalinin,NJD,C,2016-11-23,false,TOR,0,1,-6,7,0,0,0,0,0,0,13,10502,252,20,7,4,3,2,5,4
Nazem Kadri,TOR,C,2016-11-11,false,PHI,7,4,0,39,2,2,0,0,1,1,29,12858,311,21,7,13,8,12,95,113
Tomas Jurco,DET,L,2017-02-04,false,NSH,0,0,-6,2,0,0,0,0,0,0,11,8640,219,6,2,12,4,1,0,1
Roman Josi,NSH,D,2016-11-12,false,ANA,2,6,-5,4,1,4,0,0,0,0,42,20922,400,8,24,9,8,3,0,0
Jacob Josefson,NJD,C,2016-12-17,false,OTT,0,2,0,6,0,1,0,0,0,0,13,9547,216,11,4,10,4,2,42,31
Josh Jooris,ARI,R,2016-12-13,false,DET,1,1,0,6,0,0,0,0,0,0,12,7801,209,21,6,4,1,3,36,38
Seth Jones,CBJ,D,2016-11-26,false,FLA,3,3,-1,2,0,0,0,0,1,1,27,20150,432,18,24,5,10,5,0,0
Jyrki Jokipakka,CGY,D,2016-11-28,false,NYI,1,3,-2,4,0,0,0,0,0,0,6,12244,314,7,12,4,6,1,0,0
Jussi Jokinen,FLA,L,2016-12-01,false,DET,1,3,0,8,0,0,0,0,1,0,25,15633,317,3,5,8,15,6,7,7
Erik Johnson,COL,D,2016-11-13,false,BOS,0,6,-5,2,0,4,0,0,0,0,31,19029,437,34,38,9,9,8,0,0
Tyler Johnson,TBL,C,2016-11-10,false,NYI,5,3,-6,4,3,2,0,0,0,0,21,15178,308,16,8,9,3,8,124,98
Jack Johnson,CBJ,D,2016-11-15,false,WSH,0,2,5,8,0,0,0,0,0,0,17,18448,398,23,26,7,1,2,0,0
Stephen Johns,DAL,D,2016-11-15,false,NJD,2,2,-1,8,0,0,0,0,1,0,16,16102,371,42,26,10,11,4,0,0
Marcus Johansson,WSH,L,2016-11-12,false,CAR,7,5,2,2,2,2,0,0,3,1,27,14605,282,6,0,4,5,6,2,3
Ryan Johansen,NSH,C,2016-11-12,false,ANA,1,6,3,8,1,4,0,0,0,0,28,15183,326,16,5,16,7,6,119,108
Nick Jensen,DET,D,2017-01-22,false,NYR,0,4,4,2,0,0,0,0,0,0,22,13039,311,12,13,8,7,1,0,0
Boone Jenner,CBJ,C,2016-11-15,false,WSH,1,4,-6,6,0,1,0,0,0,0,28,12125,275,30,14,7,4,5,24,18
Dmitrij Jaskin,STL,R,2016-11-12,false,CBJ,0,3,1,4,0,0,0,0,0,0,12,9176,215,19,5,7,3,3,3,4
Calle Jarnkrok,NSH,C,2016-11-12,false,ANA,3,1,1,2,0,0,0,0,0,0,18,11991,306,6,3,7,4,4,53,72
Jaromir Jagr,FLA,R,2016-11-10,false,SJS,1,5,-1,6,1,1,0,0,0,0,32,13615,267,3,2,12,9,9,0,0
Matt Irwin,NSH,D,2016-11-25,false,WPG,3,2,5,0,0,0,0,0,1,0,14,10736,254,31,21,8,10,1,0,0
Jarome Iginla,COL,R,2016-11-13,false,BOS,2,0,-5,27,1,0,0,0,0,0,22,12471,280,20,2,5,8,7,4,4
Zach Hyman,TOR,C,2016-11-11,false,PHI,1,1,-4,6,0,0,0,0,1,0,31,13799,322,25,10,13,3,8,7,11
Ben Hutton,VAN,D,2016-11-08,false,NYR,1,1,-6,12,0,1,0,0,0,0,26,17767,365,14,17,11,10,8,0,0
Matt Hunwick,TOR,D,2016-11-29,false,EDM,0,4,3,2,0,0,0,0,0,0,16,14823,350,27,22,4,12,7,0,0
Jiri Hudler,DAL,R,2017-01-04,false,MTL,0,2,-2,4,0,0,0,0,0,0,7,10657,264,6,2,7,2,4,1,2
Jonathan Huberdeau,FLA,L,2017-03-07,false,NYR,5,7,3,2,1,3,0,0,2,1,39,15366,329,15,2,13,13,8,2,4
Marek Hrivik,NYR,L,2017-01-03,false,BUF,0,2,-1,0,0,1,0,0,0,0,14,8961,212,18,4,9,2,5,26,40
Marian Hossa,CHI,R,2016-11-11,false,WSH,8,6,6,4,3,3,0,0,1,1,36,14392,335,4,9,13,2,11,3,1
Bo Horvat,VAN,C,2016-11-08,false,NYR,4,3,-6,10,0,1,1,0,0,0,19,13841,329,17,3,16,2,7,109,115
Patric Hornqvist,PIT,R,2016-11-10,false,MIN,5,7,4,2,4,2,0,0,1,0,57,13220,318,38,18,11,1,6,1,4
Julius Honka,DAL,D,2017-04-04,false,ARI,1,4,-3,2,0,1,0,0,1,1,28,14156,301,6,11,6,6,2,0,0
Korbinian Holzer,ANA,D,2017-01-01,false,PHI,0,4,-4,6,0,0,0,0,0,0,9,11699,263,32,14,5,5,1,0,0
Peter Holland,ARI,C,2016-12-23,false,TOR,0,4,-3,4,0,0,0,0,0,0,24,10649,231,9,2,11,3,2,56,77
Nick Holden,NYR,D,2016-11-08,false,VAN,1,6,11,6,0,0,0,0,0,0,8,16672,370,23,18,9,13,6,0,0
Mike Hoffman,OTT,L,2016-11-11,false,LAK,3,4,-5,6,1,2,0,0,2,0,50,14623,293,5,8,15,5,11,1,2
Joshua Ho-Sang,NYI,R,2017-03-27,false,NSH,3,5,-4,6,1,1,0,0,0,0,16,13874,267,3,2,7,11,4,0,2
Niklas Hjalmarsson,CHI,D,2016-11-11,false,WSH,2,1,6,2,0,0,0,0,0,0,11,17662,397,6,29,0,9,3,0,0
Vinnie Hinostroza,CHI,L,2016-11-26,false,LAK,1,2,-1,2,0,0,0,0,0,0,17,8952,210,8,6,9,5,6,19,38
Thomas Hickey,NYI,D,2016-11-10,false,TBL,1,3,3,2,0,1,0,0,0,0,19,15710,308,14,32,9,4,2,0,0
Tomas Hertl,SJS,C,2016-11-10,false,FLA,4,4,0,10,1,0,0,0,1,0,35,14097,323,24,4,12,5,7,70,53
Adam Henrique,NJD,C,2016-11-12,false,BUF,2,4,6,8,0,0,0,0,0,0,23,15648,328,18,13,5,7,7,103,103
Matt Hendricks,EDM,L,2016-12-31,false,VAN,1,2,-6,15,0,0,0,0,1,0,14,10094,250,24,20,4,3,2,48,41
Ales Hemsky,DAL,R,2017-03-28,false,MTL,4,3,-1,0,1,1,0,0,0,0,29,12533,321,1,4,10,6,9,0,0
Darren Helm,DET,C,2016-11-08,false,PHI,4,3,8,8,2,0,0,1,1,0,23,13040,315,16,6,5,6,7,88,71
Victor Hedman,TBL,D,2016-11-10,false,NYI,3,8,4,8,1,4,0,0,2,0,21,20196,390,17,23,16,9,8,0,0
Kevin Hayes,NYR,C,2016-11-08,false,VAN,6,7,11,2,0,1,1,0,1,0,21,13573,319,10,9,7,17,11,78,89
Jimmy Hayes,BOS,R,2016-11-13,false,COL,0,0,-9,7,0,0,0,0,0,0,22,9045,207,17,1,6,3,4,1,2
Erik Haula,MIN,L,2016-11-26,false,STL,3,2,1,6,0,0,0,0,0,0,32,12190,291,6,6,5,6,5,79,75
Garnet Hathaway,CGY,R,2016-12-10,false,WPG,1,3,2,33,0,0,0,0,0,0,10,7782,194,33,7,4,2,2,9,7
Scott Hartnell,CBJ,L,2016-11-15,false,WSH,4,6,7,2,1,0,0,0,0,0,15,10448,257,14,5,7,8,3,0,0
Ryan Hartman,CHI,L,2016-11-19,false,VAN,4,1,2,2,0,0,0,0,0,0,26,8641,202,19,7,7,3,4,1,3
Scott Harrington,CBJ,D,2017-02-28,false,MTL,1,2,2,6,0,0,0,0,0,0,8,9901,241,15,14,6,4,2,0,0
Martin Hanzal,ARI,C,2016-11-25,false,EDM,3,4,-6,2,0,2,0,0,1,1,37,15697,340,28,13,11,10,4,171,134
Jannik Hansen,VAN,R,2016-12-13,false,CAR,2,4,-4,21,0,0,0,0,0,0,22,14124,313,14,2,11,6,8,0,0
Noah Hanifin,CAR,D,2016-11-12,false,WSH,0,7,-8,6,0,3,0,0,0,0,28,14879,312,8,9,11,11,4,0,0
Travis Hamonic,NYI,D,2016-11-18,false,PIT,2,3,-8,23,0,1,0,0,0,0,18,16990,318,21,32,13,6,6,0,0
Dougie Hamilton,CGY,D,2016-11-06,false,ANA,2,4,-4,18,0,1,0,0,1,0,38,15993,380,27,14,10,11,3,0,0
Freddie Hamilton,CGY,C,2016-11-27,false,PHI,0,0,-2,4,0,0,0,0,0,0,14,8146,195,23,0,7,1,3,43,31
Dan Hamhuis,DAL,D,2016-11-11,false,EDM,0,4,-2,8,0,0,0,1,0,0,18,17376,387,21,20,8,5,2,0,0
Taylor Hall,NJD,L,2016-11-12,false,BUF,5,7,3,4,3,1,0,0,2,1,60,17380,340,14,7,15,6,9,1,2
Micheal Haley,SJS,C,2016-11-30,false,LAK,0,2,0,32,0,0,0,0,0,0,11,6649,171,46,6,4,6,5,1,2
Ron Hainsey,CAR,D,2016-11-12,false,WSH,1,2,-2,6,0,0,1,0,0,0,16,18196,377,19,12,9,10,3,0,0
Carl Hagelin,PIT,L,2016-11-10,false,MIN,2,4,0,2,0,0,0,1,0,0,24,13775,338,12,8,8,10,4,0,1
Carl Gunnarsson,STL,D,2016-11-17,false,SJS,0,1,0,4,0,0,0,0,0,0,8,11722,292,9,18,4,1,0,0,0
Jake Guentzel,PIT,C,2017-02-04,false,STL,4,4,4,4,0,0,0,0,0,0,14,12005,265,38,7,5,3,3,8,7
Radko Gudas,PHI,D,2016-11-22,false,FLA,1,6,0,9,0,1,0,0,0,0,23,17193,360,58,44,22,8,3,0,0
Eric Gryba,EDM,D,2016-11-17,false,LAK,0,0,-2,14,0,0,0,0,0,0,16,14546,313,53,12,5,4,3,0,0
Mikhail Grigorenko,COL,C,2016-11-13,false,BOS,0,5,-3,8,0,3,0,0,0,0,20,11700,259,7,4,4,3,9,26,30
Seth Griffith,FLA,C,2016-12-13,false,MIN,0,2,2,0,0,0,0,0,0,0,13,9089,204,19,3,10,4,0,1,3
Andy Greene,NJD,D,2016-11-12,false,BUF,2,2,1,0,0,0,1,0,1,1,16,18591,388,18,28,12,9,4,0,0
Matt Greene,LAK,D,2016-12-04,false,MTL,1,1,1,8,0,0,0,0,0,0,8,10900,291,49,17,7,11,1,0,0
Mike Green,DET,D,2016-11-08,false,PHI,3,7,0,14,1,1,0,0,0,0,23,20280,403,14,18,12,11,8,0,0
Kevin Gravel,LAK,D,2016-12-01,false,ARI,0,1,5,4,0,0,0,0,0,0,9,12017,289,21,21,8,6,0,0,0
Tyler Graovac,MIN,C,2016-11-29,false,VAN,2,0,1,2,0,0,0,0,0,0,11,8106,200,19,1,9,0,4,42,42
Derek Grant,BUF,C,2016-11-11,false,NJD,0,1,-2,13,0,0,0,0,0,0,11,9967,245,14,9,7,3,3,80,57
Mikael Granlund,MIN,C,2016-11-13,false,OTT,3,5,3,2,1,1,1,0,1,0,26,16378,354,12,9,16,5,5,3,4
Markus Granlund,VAN,C,2016-11-08,false,NYR,3,1,-4,6,1,0,0,0,0,0,22,13689,312,8,2,9,3,10,12,18
Michael Grabner,NYR,R,2016-11-08,false,VAN,7,3,12,0,0,0,0,1,1,0,30,10663,282,9,10,7,7,15,2,1
Yanni Gourde,TBL,C,2017-03-30,false,DET,3,1,-4,4,0,0,1,0,1,1,19,12887,283,8,3,7,4,11,37,58
Shayne Gostisbehere,PHI,D,2016-11-08,false,DET,3,6,-5,6,1,3,0,0,1,0,45,18017,371,7,19,28,16,4,0,0
Josh Gorges,BUF,D,2016-11-11,false,NJD,0,0,0,14,0,0,0,0,0,0,4,16135,382,35,27,5,5,0,0,0
Cody Goloubef,COL,D,2017-01-19,false,ANA,0,2,-8,15,0,0,0,0,0,0,6,13905,328,10,18,1,2,2,0,0
Alex Goligoski,ARI,D,2016-11-12,false,BOS,0,6,-7,4,0,2,0,0,0,0,20,19589,386,13,22,8,9,1,0,0
Nikolay Goldobin,VAN,R,2017-04-09,false,EDM,3,0,0,0,0,0,0,0,1,0,14,9551,226,1,4,9,8,3,0,0
Luke Glendening,DET,C,2016-11-08,false,PHI,1,4,0,4,0,1,0,0,0,0,16,10585,262,37,15,9,0,4,68,66
Claude Giroux,PHI,C,2016-11-08,false,DET,4,11,-7,4,3,6,0,0,0,0,36,17062,361,12,1,14,2,5,162,147
Zemgus Girgensons,BUF,C,2016-11-11,false,NJD,1,3,-3,4,0,0,0,0,0,0,27,10598,255,17,7,7,1,2,62,62
Dan Girardi,NYR,D,2016-11-18,false,CBJ,3,3,10,4,0,0,0,1,3,0,15,15103,349,25,37,6,11,1,0,0
Mark Giordano,CGY,D,2016-11-06,false,ANA,1,4,-2,18,0,1,0,1,0,0,28,21005,439,11,41,13,5,11,0,0
Brian Gionta,BUF,R,2016-11-11,false,NJD,3,3,0,4,0,0,0,0,1,0,34,14396,306,10,5,12,4,5,7,7
Stephen Gionta,NYI,R,2017-03-11,false,STL,0,4,3,0,0,0,0,0,0,0,9,8874,223,28,3,2,4,1,6,8
Tom Gilbert,LAK,D,2016-12-15,false,DET,1,4,-2,6,0,1,0,0,0,0,9,13152,309,7,19,7,5,1,0,0
Ryan Getzlaf,ANA,C,2016-11-15,false,EDM,1,13,-2,8,0,5,0,0,0,0,31,16099,342,12,10,16,10,8,103,92
Eric Gelinas,COL,D,2016-12-23,false,CHI,0,1,-3,10,0,0,0,0,0,0,19,10172,243,14,9,9,5,1,0,1
Frederik Gauthier,TOR,C,2017-01-21,false,OTT,2,1,3,21,0,0,0,0,0,0,9,7747,234,10,9,4,2,3,86,76
Brendan Gaunce,VAN,C,2016-11-08,false,NYR,0,2,-2,16,0,0,0,0,0,0,12,7966,210,17,3,4,2,2,45,42
Johnny Gaudreau,CGY,L,2016-11-06,false,ANA,2,6,-11,0,0,1,0,0,0,0,33,16189,337,3,4,13,18,2,0,0
Jason Garrison,TBL,D,2016-11-10,false,NYI,0,2,-8,4,0,0,0,0,0,0,24,15099,338,17,22,12,10,4,0,0
Jake Gardiner,TOR,D,2016-11-11,false,PHI,2,5,-1,2,1,1,0,0,0,0,19,15869,340,13,14,8,17,5,0,0
Brendan Gallagher,MTL,R,2016-11-10,false,LAK,4,5,6,18,1,0,0,0,1,0,39,12675,299,17,3,10,4,5,18,23
Alex Galchenyuk,MTL,C,2016-11-10,false,LAK,6,8,11,8,1,2,0,0,0,0,26,13133,299,6,8,9,8,5,60,98
Sam Gagner,CBJ,C,2016-11-18,false,NYR,7,3,5,0,2,2,0,0,1,0,31,11553,250,2,2,14,2,3,29,39
Marian Gaborik,LAK,R,2016-12-29,false,EDM,1,3,0,2,1,1,0,0,0,0,30,12354,274,10,2,15,5,1,0,1
Michael Frolik,CGY,R,2016-11-06,false,ANA,5,4,1,4,0,0,2,0,0,0,33,12873,300,10,11,8,4,8,5,4
Cody Franson,BUF,D,2016-11-11,false,NJD,0,3,3,2,0,0,0,0,0,0,23,14053,309,8,9,5,7,0,0,0
Cam Fowler,ANA,D,2016-11-09,false,CBJ,4,5,3,2,3,3,0,0,0,0,30,20353,398,9,19,8,11,3,0,0
Gustav Forsling,CHI,D,2016-11-13,false,MTL,1,3,3,2,0,1,0,0,0,0,19,13602,289,9,5,5,8,0,0,0
Filip Forsberg,NSH,L,2016-11-12,false,ANA,1,10,-1,4,0,3,0,0,0,0,29,16045,355,22,5,18,6,15,5,6
Derek Forbort,LAK,D,2016-11-10,false,MTL,0,3,0,28,0,0,0,0,0,0,10,12207,296,31,24,4,9,2,0,0
Christian Folin,MIN,D,2016-11-15,false,CGY,0,1,7,10,0,0,0,0,0,0,16,14687,334,21,17,3,3,6,0,0
Marcus Foligno,BUF,L,2016-11-11,false,NJD,2,2,2,6,0,0,0,0,0,0,23,13712,314,47,11,9,9,8,0,1
Nick Foligno,CBJ,L,2016-11-15,false,WSH,6,10,5,16,2,5,0,0,0,0,23,14678,335,21,8,12,5,4,12,12
Brian Flynn,MTL,C,2016-12-04,false,LAK,0,2,1,2,0,0,0,0,0,0,14,10127,268,9,8,9,6,4,9,16
Mike Fisher,NSH,C,2016-11-21,false,TBL,3,5,-6,27,3,3,0,0,1,0,28,13392,307,38,12,6,0,3,128,106
Valtteri Filppula,TBL,C,2016-11-12,false,SJS,4,5,2,4,0,2,0,0,1,0,16,14903,304,5,6,2,6,6,111,155
Vernon Fiddler,NJD,C,2016-11-12,false,BUF,0,1,-2,13,0,0,0,0,0,0,12,10768,266,10,5,3,9,3,96,83
Kevin Fiala,NSH,L,2016-12-04,false,PHI,5,0,0,4,0,0,0,0,1,0,35,10801,257,12,3,2,7,10,0,0
Micheal Ferland,CGY,L,2016-11-06,false,ANA,2,4,1,0,0,1,0,0,0,0,22,9358,231,30,2,6,8,5,0,0
Eric Fehr,PIT,C,2016-11-10,false,MIN,2,1,-2,2,0,0,0,0,1,0,14,9399,238,15,14,5,2,7,22,19
Taylor Fedun,BUF,D,2017-01-13,false,CAR,0,6,4,6,0,3,0,0,0,0,17,11822,279,3,9,3,7,1,0,0
Justin Faulk,CAR,D,2016-11-20,false,WPG,3,4,-3,8,1,3,0,0,0,0,35,20298,384,26,15,22,13,9,0,0
Jesper Fast,NYR,R,2016-11-08,false,VAN,2,5,6,10,0,0,0,0,0,0,9,11025,274,24,5,7,2,9,6,4
Justin Falk,BUF,D,2016-12-09,false,WSH,0,0,-1,2,0,0,0,0,0,0,11,10933,272,26,7,5,4,2,0,0
Radek Faksa,DAL,C,2016-11-10,false,CGY,1,3,1,15,0,0,0,0,0,0,22,13467,352,14,12,11,4,7,110,118
Robby Fabbri,STL,C,2016-11-09,false,CHI,1,3,-3,6,0,1,0,0,0,0,20,13644,300,20,7,7,5,7,2,1
Adam Erne,TBL,L,2017-03-16,false,TOR,1,0,-4,4,0,0,0,0,0,0,24,10400,242,38,5,12,3,2,0,2
Joel Eriksson Ek,MIN,C,2017-04-06,false,COL,3,4,2,4,0,0,0,0,1,0,12,8821,226,22,8,7,2,3,43,58
Loui Eriksson,VAN,L,2016-11-08,false,NYR,1,4,-3,0,0,1,0,1,0,0,22,15995,336,1,6,10,2,5,0,0
Jonathan Ericsson,DET,D,2016-11-08,false,PHI,0,3,2,33,0,0,0,0,0,0,10,14773,350,20,13,6,8,1,0,0
Toby Enstrom,WPG,D,2016-11-08,false,DAL,1,2,3,10,0,1,1,0,0,0,15,18553,396,3,18,8,9,3,0,0
Tyler Ennis,BUF,L,2017-01-20,false,DET,2,1,-4,0,0,0,0,0,0,0,31,11608,255,6,4,6,3,6,0,3
Deryk Engelland,CGY,D,2016-11-06,false,ANA,1,3,7,14,0,0,0,0,1,0,18,16059,377,22,32,9,11,2,0,0
Alexei Emelin,MTL,D,2016-11-10,false,LAK,1,3,7,14,0,0,0,0,0,0,9,17722,360,46,26,4,14,2,0,0
Ryan Ellis,NSH,D,2016-11-12,false,ANA,2,3,0,4,0,2,0,0,1,0,20,19895,391,21,26,13,5,4,0,0
Lars Eller,WSH,C,2016-11-12,false,CAR,2,0,-1,14,0,0,0,0,0,0,21,12423,276,9,2,10,4,8,80,90
Remi Elie,DAL,L,2017-04-01,false,CAR,1,5,4,6,0,0,0,0,0,0,15,13079,308,28,11,7,12,9,1,0
Oliver Ekman-Larsson,ARI,D,2016-11-12,false,BOS,5,3,0,6,2,1,0,0,1,1,37,21063,386,24,13,18,9,3,0,0
Mattias Ekholm,NSH,D,2016-11-12,false,ANA,0,3,1,6,0,1,0,1,0,0,21,19618,384,9,27,14,17,6,0,0
Aaron Ekblad,FLA,D,2016-11-10,false,SJS,2,0,-7,16,2,0,0,0,0,0,35,19520,328,28,14,16,7,7,0,0
Jack Eichel,BUF,C,2016-12-29,false,BOS,6,5,1,2,2,3,0,0,2,0,56,15928,302,10,9,17,10,7,63,90
Nikolaj Ehlers,WPG,L,2016-11-08,false,DAL,3,8,5,8,0,1,0,0,0,0,36,15122,305,7,6,19,6,5,0,1
Joel Edmundson,STL,D,2016-12-06,false,MTL,0,1,-3,19,0,0,0,0,0,0,12,12867,335,25,17,8,2,2,0,0
Alexander Edler,VAN,D,2016-11-10,false,DET,1,0,-4,4,1,0,0,0,0,0,30,20644,408,26,38,7,7,3,2,1
Jordan Eberle,EDM,C,2016-11-08,false,PIT,5,6,-4,2,1,2,0,0,0,0,44,15390,335,2,6,9,3,6,0,1
Patrick Eaves,DAL,R,2016-11-11,false,EDM,4,6,-5,4,3,3,0,0,0,0,33,14214,340,20,10,20,1,0,0,1
Cody Eakin,DAL,C,2016-12-15,false,NYR,0,1,-7,17,0,0,0,0,0,0,12,12002,303,17,6,7,5,1,81,94
Ryan Dzingel,OTT,L,2016-11-11,false,LAK,5,4,4,0,0,1,1,0,1,0,21,10604,248,9,9,5,4,4,1,2
Christian Dvorak,ARI,C,2016-11-23,false,VAN,2,4,2,2,0,1,0,0,0,0,12,12298,254,11,14,5,3,0,77,94
Brian Dumoulin,PIT,D,2016-11-10,false,MIN,0,1,-1,4,0,0,0,0,0,0,19,17380,401,26,16,7,9,2,0,0
Gabriel Dumont,TBL,C,2017-02-11,false,WPG,1,1,-1,11,0,0,0,0,0,0,18,8243,210,29,5,3,3,1,43,32
Matt Dumba,MIN,D,2016-11-13,false,OTT,2,3,4,6,1,1,0,0,1,1,28,18487,356,24,15,10,4,5,0,0
Anthony Duclair,ARI,L,2016-11-12,false,BOS,1,2,0,2,0,0,0,0,0,0,18,11640,260,3,2,6,5,7,0,0
Matt Duchene,COL,C,2016-11-21,false,CBJ,7,5,1,2,0,2,0,0,3,1,32,15294,330,4,14,9,7,10,89,62
Brandon Dubinsky,CBJ,C,2016-11-20,false,WSH,2,3,-3,15,0,1,0,0,1,0,18,14581,345,43,9,12,5,6,136,124
Jonathan Drouin,TBL,L,2016-11-23,false,PHI,3,4,-1,4,2,1,0,0,0,0,42,13898,273,8,7,10,14,9,23,28
Leon Draisaitl,EDM,C,2016-11-08,false,PIT,3,5,-6,2,2,1,0,0,0,0,25,13773,293,6,6,10,11,9,89,95
Nic Dowd,LAK,C,2016-11-13,false,WPG,2,5,1,2,1,1,0,0,1,1,15,11874,280,34,10,6,6,3,79,89
Drew Doughty,LAK,D,2016-11-10,false,MTL,2,4,2,14,0,1,0,0,0,0,36,22794,467,25,25,13,16,1,1,0
Jake Dotchin,TBL,D,2017-02-27,false,OTT,0,3,4,21,0,0,0,0,0,0,14,14787,318,38,7,14,6,2,0,0
Joonas Donskoi,SJS,R,2016-11-10,false,FLA,2,3,-2,6,1,1,0,0,0,0,23,12336,292,7,5,16,8,10,0,0
Max Domi,ARI,L,2016-11-12,false,BOS,1,10,1,11,0,2,0,0,1,0,29,14729,294,10,7,11,10,5,3,2
Shane Doan,ARI,R,2016-11-12,false,BOS,1,3,-5,2,1,1,0,0,0,0,27,13299,271,22,7,7,5,1,20,22
Brenden Dillon,SJS,D,2016-11-10,false,FLA,0,1,1,10,0,0,0,0,0,0,18,13242,303,31,11,6,2,0,0,0
Phillip Di Giuseppe,CAR,L,2016-12-03,false,NYR,0,0,-8,13,0,0,0,0,0,0,21,10162,232,22,7,11,4,5,0,1
Nicolas Deslauriers,BUF,L,2016-12-29,false,BOS,0,0,-4,4,0,0,0,0,0,0,9,6887,158,36,2,5,0,1,0,0
Andrew Desjardins,CHI,L,2016-12-13,false,NYR,0,0,-2,4,0,0,0,0,0,0,17,8474,195,20,3,4,2,3,16,9
David Desharnais,MTL,C,2016-11-12,false,DET,2,2,1,2,0,0,0,0,0,0,12,10802,252,0,2,4,3,4,34,44
Jason Demers,FLA,D,2016-11-10,false,SJS,2,5,-2,6,0,3,0,1,0,0,15,16471,319,9,11,16,8,9,0,0
Michael Del Zotto,PHI,D,2016-12-11,false,DET,3,5,-2,4,0,0,0,0,0,0,27,15759,352,58,30,10,5,2,0,0
Dylan DeMelo,SJS,D,2017-01-10,false,EDM,1,3,0,8,0,0,0,0,0,0,17,12653,295,18,14,9,5,1,0,0
Danny DeKeyser,DET,D,2016-11-08,false,PHI,1,2,0,10,0,0,0,0,0,0,8,18818,407,18,31,7,8,2,0,0
Anthony DeAngelo,ARI,D,2016-12-13,false,DET,3,5,-2,4,2,3,0,0,0,0,24,16070,332,6,20,8,7,1,0,0
Brandon Davidson,EDM,D,2017-01-20,false,NSH,0,1,-1,6,0,0,0,0,0,0,20,12177,286,15,28,6,10,1,0,0
Laurent Dauphin,ARI,C,2016-11-23,false,VAN,1,1,-1,4,0,0,1,0,0,0,16,9283,225,21,6,2,1,7,17,22
Marko Dano,WPG,C,2016-11-27,false,NSH,3,3,0,2,2,0,0,0,0,0,16,10529,247,30,6,10,7,7,1,3
Phillip Danault,MTL,L,2016-11-10,false,LAK,4,3,4,2,0,0,0,0,0,0,19,10941,274,13,13,7,6,2,36,35
Trevor Daley,PIT,D,2016-11-10,false,MIN,1,4,3,10,1,1,0,1,0,0,18,18043,421,4,26,16,2,11,0,0
Klas Dahlbeck,CAR,D,2017-02-03,false,EDM,1,2,-2,14,0,0,0,0,0,0,10,10493,255,19,7,4,5,4,0,0
Austin Czarnik,BOS,C,2016-11-19,false,WPG,2,3,0,4,0,1,0,0,1,0,20,12001,283,3,8,4,5,3,5,17
Matt Cullen,PIT,C,2016-11-10,false,MIN,3,6,3,4,0,1,0,0,1,0,17,12163,311,8,3,11,5,2,111,86
Lawson Crouse,ARI,L,2016-11-23,false,VAN,1,0,-6,8,0,0,0,0,0,0,14,8898,215,25,9,4,1,4,0,0
Sidney Crosby,PIT,C,2016-11-23,false,NYR,14,5,2,8,5,1,0,0,2,0,51,15746,349,17,3,14,15,7,149,176
Joseph Cramarossa,ANA,C,2016-12-04,false,CGY,1,2,-1,25,0,0,0,0,0,0,7,9300,232,31,10,6,7,5,1,0
Adam Cracknell,DAL,R,2016-11-10,false,CGY,2,1,3,0,0,0,0,0,0,0,18,8933,226,20,9,11,4,2,24,19
Charlie Coyle,MIN,C,2016-11-13,false,OTT,4,6,4,18,2,0,0,0,1,0,32,15081,331,17,13,10,10,8,10,8
Sean Couturier,PHI,C,2016-11-08,false,DET,4,2,-3,10,0,1,0,0,1,0,24,15700,364,11,10,13,7,7,121,121
Logan Couture,SJS,C,2016-11-10,false,FLA,3,5,-3,2,2,0,0,0,0,0,46,15389,348,2,11,10,15,4,54,107
Nick Cousins,PHI,C,2016-11-17,false,WPG,2,3,1,2,0,1,0,0,0,0,19,8965,200,16,7,1,1,6,4,25
Andrew Copp,WPG,C,2016-11-27,false,NSH,2,2,-1,2,0,0,1,0,0,0,12,10631,266,20,10,6,4,7,24,39
Kyle Connor,WPG,L,2016-11-10,false,ARI,1,3,-6,4,0,2,0,0,1,0,18,12004,253,1,4,12,5,9,1,1
Brett Connolly,WSH,R,2016-12-01,false,NYI,2,1,-1,12,1,0,0,0,0,0,19,9244,212,28,1,5,2,5,2,3
Kevin Connauton,ARI,D,2017-02-13,false,CGY,0,1,-3,8,0,0,0,0,0,0,14,10785,260,32,10,9,3,2,0,0
J.T. Compher,COL,L,2017-03-27,false,CGY,2,0,-2,2,0,0,0,0,1,0,15,11190,259,9,11,6,2,3,53,55
Blake Comeau,COL,L,2016-11-21,false,CBJ,2,1,0,18,1,0,0,0,0,0,21,12699,299,33,6,7,2,8,36,34
Blake Coleman,NJD,C,2017-03-21,false,NYR,0,1,-5,9,0,0,0,0,0,0,17,10371,234,27,9,4,7,7,49,66
Ian Cole,PIT,D,2016-11-10,false,MIN,1,1,-1,17,0,0,0,0,0,0,11,15529,355,32,31,15,9,3,0,0
Joe Colborne,COL,C,2016-11-13,false,BOS,3,1,-5,4,2,0,0,0,0,0,16,10677,245,10,5,2,3,3,18,32
Andrew Cogliano,ANA,L,2016-11-09,false,CBJ,5,1,2,4,0,0,2,0,0,0,30,12802,328,15,6,2,3,5,1,5
Braydon Coburn,TBL,D,2016-11-10,false,NYI,0,2,-2,8,0,0,0,0,0,0,19,13666,296,19,5,7,4,0,0,0
Cal Clutterbuck,NYI,R,2016-11-10,false,TBL,2,5,2,8,0,0,0,0,1,0,26,13461,331,53,7,10,7,5,1,2
Kyle Clifford,LAK,L,2016-11-11,false,OTT,2,1,1,21,0,0,0,0,0,0,27,8524,197,34,1,8,1,7,0,1
Adam Clendening,NYR,D,2017-01-17,false,DAL,1,6,3,8,1,1,0,0,0,0,16,13469,312,7,11,8,6,5,0,0
Fredrik Claesson,OTT,D,2017-01-31,false,FLA,0,4,-1,0,0,0,0,1,0,0,8,9344,231,15,4,3,8,0,0,0
Casey Cizikas,NYI,C,2016-11-10,false,TBL,2,4,2,10,0,1,0,0,1,0,18,12527,325,36,17,3,4,6,109,121
Jakob Chychrun,ARI,D,2016-11-17,false,VAN,1,3,-2,23,0,0,0,0,0,0,17,14907,322,22,17,17,9,2,0,0
Taylor Chorney,WSH,D,2017-01-26,false,NJD,1,2,5,11,0,0,0,0,1,0,13,11468,260,22,22,8,6,3,0,0
Jason Chimera,NYI,L,2016-11-10,false,TBL,1,3,-4,10,0,0,0,0,0,0,21,11636,285,25,6,3,5,2,2,5
Alex Chiasson,CGY,R,2016-11-06,false,ANA,2,2,1,10,0,0,0,0,0,0,19,10409,267,18,2,5,4,4,0,7
Ben Chiarot,WPG,D,2016-11-10,false,ARI,0,3,-4,4,0,0,0,0,0,0,9,11690,248,18,19,1,8,2,0,0
Zdeno Chara,BOS,D,2016-11-10,false,CBJ,1,2,10,17,0,0,0,0,0,0,23,19674,376,24,33,10,12,10,0,0
Michael Chaput,VAN,C,2016-12-06,false,NJD,0,2,-6,11,0,0,0,0,0,0,10,9329,230,21,5,0,3,2,64,58
Cody Ceci,OTT,D,2016-11-11,false,LAK,0,2,-5,6,0,0,0,1,0,0,23,19164,443,28,31,12,10,5,0,0
Jeff Carter,LAK,C,2016-11-10,false,MTL,5,5,1,4,0,1,0,0,2,1,40,15035,325,14,6,16,9,4,114,103
William Carrier,BUF,L,2016-12-03,false,BOS,1,0,2,4,0,0,0,0,0,0,22,7268,187,49,2,5,3,2,1,1
Connor Carrick,TOR,D,2016-11-11,false,PHI,1,1,0,18,0,0,0,0,0,0,27,15193,359,17,16,10,11,4,0,0
Daniel Carr,MTL,L,2016-12-10,false,COL,1,2,3,6,0,0,0,0,1,0,23,8768,211,12,5,7,3,3,1,1
John Carlson,WSH,D,2016-11-12,false,CAR,0,6,3,0,0,1,0,0,0,0,39,19785,361,11,17,21,12,5,0,0
Brandon Carlo,BOS,D,2016-11-10,false,CBJ,2,2,10,8,0,0,0,0,0,0,16,18853,376,13,31,11,3,3,0,0
Brian Campbell,CHI,D,2016-11-09,false,STL,1,5,7,4,0,2,0,0,0,0,14,15614,323,12,12,7,11,0,0,0
Michael Cammalleri,NJD,L,2016-11-25,false,DET,5,7,4,12,0,3,0,0,1,0,41,13994,300,9,3,14,10,7,3,3
Matt Calvert,CBJ,L,2016-11-15,false,WSH,1,1,-3,12,0,0,0,0,0,0,20,13300,314,18,7,8,8,8,2,11
Ryan Callahan,TBL,R,2016-11-25,false,CBJ,2,2,3,21,0,0,0,0,1,0,19,12077,277,35,11,8,6,6,3,3
Drake Caggiula,EDM,L,2016-12-13,false,CBJ,1,4,-2,2,1,1,0,0,0,0,14,11877,271,24,2,8,5,5,21,32
Paul Byron,MTL,L,2016-11-10,false,LAK,4,5,6,4,0,0,1,0,2,0,16,11485,301,17,5,1,5,8,2,0
Dustin Byfuglien,WPG,D,2016-11-08,false,DAL,0,8,0,17,0,1,0,0,0,0,39,24005,406,41,23,24,21,9,0,0
Alexandre Burrows,VAN,L,2016-11-17,false,ARI,2,2,-1,23,0,0,0,0,0,0,30,10835,283,10,2,6,4,9,0,3
Brent Burns,SJS,D,2016-11-10,false,FLA,6,7,0,4,1,2,0,0,1,0,73,19945,377,16,30,29,27,6,0,0
Alexander Burmistrov,WPG,C,2016-11-10,false,ARI,0,2,-4,0,0,0,0,1,0,0,11,9761,212,13,2,5,4,2,32,55
Andre Burakovsky,WSH,L,2016-11-12,false,CAR,2,4,-3,0,0,0,0,0,0,0,31,12957,259,6,3,8,9,9,0,0
Pavel Buchnevich,NYR,R,2017-01-19,false,TOR,6,8,5,4,1,2,0,0,0,0,24,12732,294,4,3,12,11,6,1,1
Dustin Brown,LAK,R,2016-11-10,false,MTL,2,6,-2,10,0,2,1,0,1,0,26,13845,310,36,3,10,5,5,0,1
Connor Brown,TOR,R,2016-11-11,false,PHI,1,1,-2,4,0,0,0,0,0,0,16,11163,288,16,12,6,1,3,0,0
J.T. Brown,TBL,R,2016-11-12,false,SJS,1,1,-4,12,0,0,1,0,0,0,15,8568,209,16,3,7,3,3,0,1
Patrick Brown,CAR,C,2017-03-25,false,NJD,0,0,-6,0,0,0,0,0,0,0,12,8160,189,30,5,6,3,2,9,6
Troy Brouwer,CGY,R,2016-11-06,false,ANA,4,3,-2,6,0,2,1,0,0,0,23,14440,329,39,9,7,2,5,9,18
Kyle Brodziak,STL,C,2016-11-10,false,NSH,0,1,-2,15,0,0,0,0,0,0,12,7687,221,14,5,3,0,3,27,50
Jonas Brodin,MIN,D,2016-11-13,false,OTT,1,3,6,6,0,0,0,0,1,0,17,16532,360,4,17,14,7,2,0,0
TJ Brodie,CGY,D,2016-11-06,false,ANA,0,2,-10,4,0,1,0,0,0,0,19,19880,433,10,15,10,11,9,0,0
Justin Braun,SJS,D,2016-11-10,false,FLA,0,1,-6,2,0,0,0,0,0,0,16,16880,349,17,32,8,9,9,0,0
Derick Brassard,OTT,C,2016-11-11,false,LAK,1,5,2,4,0,1,0,0,0,0,32,15364,320,18,1,14,7,10,128,127
Tyler Bozak,TOR,C,2016-11-11,false,PHI,5,5,-4,2,1,1,0,0,1,0,26,13348,312,12,5,9,7,8,135,86
Brian Boyle,TBL,C,2016-11-10,false,NYI,4,0,1,12,0,0,0,0,0,0,21,9467,225,21,12,2,3,5,52,49
Johnny Boychuk,NYI,D,2016-11-10,false,TBL,2,4,0,2,0,1,1,0,1,0,39,17023,322,32,38,16,7,3,0,0
Jay Bouwmeester,STL,D,2016-11-09,false,CHI,1,1,-2,6,0,0,0,0,0,0,16,19166,423,16,22,9,8,4,0,0
Rene Bourque,COL,R,2016-11-17,false,DAL,5,1,-4,13,2,0,0,0,2,1,25,12370,291,25,8,10,2,6,0,3
Michael Bournival,TBL,L,2017-01-17,false,ANA,1,0,-5,2,0,0,0,0,0,0,18,7978,203,19,6,10,2,5,1,2
Lance Bouma,CGY,C,2016-12-08,false,ARI,0,1,-2,11,0,0,0,0,0,0,8,9601,246,34,13,3,2,3,0,1
Reid Boucher,VAN,C,2017-02-09,false,CBJ,1,2,1,2,0,0,0,0,0,0,17,8978,195,13,7,4,1,6,0,0
Robert Bortuzzo,STL,D,2017-01-15,false,ANA,1,1,6,2,0,0,0,0,0,0,18,11833,312,35,25,8,9,2,0,0
Mark Borowiecki,OTT,D,2016-11-11,false,LAK,0,0,3,21,0,0,0,0,0,0,5,10130,275,37,18,4,3,1,0,0
Nick Bonino,PIT,C,2016-11-10,false,MIN,1,3,-3,4,0,1,1,0,0,0,21,14941,356,15,19,5,5,9,123,133
Jared Boll,ANA,R,2016-11-12,false,NSH,0,1,-5,26,0,0,0,0,0,0,6,5709,148,12,2,1,2,1,0,1
Zach Bogosian,BUF,D,2016-12-27,false,DET,0,2,-6,13,0,0,0,0,0,0,15,16599,358,23,25,4,6,5,0,0
Mikkel Boedker,SJS,L,2016-11-10,false,FLA,2,0,-5,2,0,0,0,0,0,0,15,12736,304,9,3,12,10,6,2,6
Anton Blidh,BOS,L,2017-01-05,false,EDM,1,1,0,0,0,0,0,0,0,0,24,7837,182,31,3,8,4,3,0,0
Joseph Blandisi,NJD,L,2017-03-07,false,CBJ,1,2,-7,14,0,1,0,0,0,0,12,9724,233,21,2,8,1,1,19,22
Nick Bjugstad,FLA,C,2016-12-20,false,BUF,1,1,-6,6,0,1,0,0,0,0,20,11209,249,22,2,6,5,6,38,43
Oliver Bjorkstrand,CBJ,R,2017-03-05,false,NJD,3,4,4,6,0,0,0,0,1,0,24,11681,272,8,4,10,4,5,1,0
Anthony Bitetto,NSH,D,2017-01-22,false,MIN,0,3,-1,13,0,0,0,0,0,0,10,10029,250,20,13,7,2,0,0,0
Kevin Bieksa,ANA,D,2016-11-09,false,CBJ,1,0,-2,17,1,0,0,0,0,0,29,16981,337,28,10,11,5,2,0,0
Alex Biega,VAN,D,2017-01-15,false,NJD,0,2,0,8,0,0,0,0,0,0,16,13142,309,33,14,16,1,3,0,0
Patrik Berglund,STL,C,2016-11-09,false,CHI,1,3,-1,8,0,0,0,0,0,0,24,12899,322,27,6,13,3,3,97,79
Patrice Bergeron,BOS,C,2016-11-17,false,MIN,2,2,-1,4,0,0,0,0,1,0,53,15445,335,11,11,18,3,5,189,138
Matt Benning,EDM,D,2016-11-27,false,ARI,0,4,6,6,0,1,0,0,0,0,18,13494,304,33,13,10,9,0,0,0
Sam Bennett,CGY,C,2016-11-06,false,ANA,3,4,0,26,1,0,0,0,0,0,17,12313,291,29,2,9,5,7,72,78
Beau Bennett,NJD,R,2016-11-15,false,DAL,0,4,3,2,0,0,0,0,0,0,25,10931,236,8,2,7,3,6,1,2
Jamie Benn,DAL,L,2016-11-10,false,CGY,4,7,-6,21,3,1,0,0,1,0,33,16658,397,23,5,18,8,11,84,64
Jordie Benn,DAL,D,2016-11-13,false,VAN,1,3,3,10,0,1,0,0,0,0,17,15826,363,9,23,10,7,2,0,0
Pierre-Edouard Bellemare,PHI,L,2016-11-08,false,DET,0,2,1,0,0,0,0,1,0,0,14,11382,275,10,14,8,2,2,80,86
Matt Beleskey,BOS,L,2016-11-12,false,ARI,1,2,-4,13,0,1,0,0,0,0,24,12739,272,34,7,13,3,3,18,22
Anthony Beauvillier,NYI,C,2016-11-22,false,ANA,2,4,4,4,0,0,0,0,0,0,13,9638,218,19,3,4,2,3,9,9
Nathan Beaulieu,MTL,D,2016-11-10,false,LAK,1,4,10,9,0,1,0,0,1,0,13,14862,317,16,27,5,19,5,0,0
Francois Beauchemin,COL,D,2016-11-13,false,BOS,0,3,0,4,0,1,0,0,0,0,21,16823,376,15,23,8,8,6,0,0
Jay Beagle,WSH,C,2016-11-12,false,CAR,3,3,5,2,0,0,1,0,1,0,21,10077,248,7,5,4,4,1,89,65
Matt Bartkowski,CGY,D,2017-03-19,false,LAK,0,1,2,9,0,0,0,0,0,0,9,12638,308,22,9,4,8,2,0,0
Tyson Barrie,COL,D,2016-11-13,false,BOS,1,5,-10,2,0,3,0,0,1,0,35,18930,387,11,13,20,6,3,0,0
Aleksander Barkov,FLA,C,2016-11-10,false,SJS,2,5,0,0,0,2,0,0,1,1,26,16029,318,4,6,10,2,12,95,98
Mark Barberio,MTL,D,2017-01-03,false,NSH,0,2,2,6,0,0,0,0,0,0,20,12380,275,4,12,5,9,2,0,0
Ivan Barbashev,STL,C,2017-03-03,false,WPG,2,1,3,2,0,0,0,0,1,0,8,8952,207,22,7,4,1,2,34,45
Nicholas Baptiste,BUF,R,2017-02-19,false,CHI,3,1,1,6,0,0,0,0,0,0,16,7761,190,12,1,4,1,1,1,2
Justin Bailey,BUF,R,2017-02-11,false,TOR,1,1,3,2,0,0,0,0,0,0,17,8425,202,16,8,5,3,4,0,0
Josh Bailey,NYI,R,2016-11-10,false,TBL,2,5,5,0,0,0,0,0,1,1,25,15934,336,4,14,9,4,7,0,2
Sven Baertschi,VAN,L,2016-11-08,false,NYR,1,3,-4,0,0,0,0,0,1,0,21,11809,272,8,7,3,4,2,1,0
Nicklas Backstrom,WSH,C,2016-11-12,false,CAR,1,8,-2,6,0,4,0,0,0,0,26,15329,322,10,3,3,8,6,116,94
Mikael Backlund,CGY,C,2016-11-06,false,ANA,1,6,0,6,0,1,0,2,0,0,27,14147,333,7,14,6,9,4,115,115
David Backes,BOS,R,2016-11-22,false,STL,4,4,7,21,1,1,0,0,0,0,35,15027,307,42,10,11,7,3,34,40
Yohann Auvitu,NJD,D,2016-11-12,false,BUF,1,2,3,0,0,1,0,0,0,0,34,14283,301,11,4,8,7,6,0,0
Cam Atkinson,CBJ,R,2016-11-15,false,WSH,5,8,-4,4,4,4,0,0,2,1,42,14505,345,7,8,13,1,5,2,0
Andreas Athanasiou,DET,C,2016-12-09,false,CBJ,4,1,0,0,0,0,0,0,0,0,21,10305,234,5,5,11,4,3,3,4
Viktor Arvidsson,NSH,L,2016-11-12,false,ANA,4,5,-2,2,1,1,1,1,0,0,40,12201,304,6,7,11,4,5,2,1
Joel Armia,WPG,R,2016-12-31,false,NYI,1,3,-1,4,0,0,0,0,0,0,25,12082,282,12,5,5,10,12,2,3
Artem Anisimov,CHI,C,2016-11-09,false,STL,8,9,12,12,1,3,0,0,3,1,24,15016,326,8,3,9,0,8,86,115
Sven Andrighetto,MTL,R,2017-01-16,false,DET,1,4,4,2,0,1,0,0,0,0,15,8809,216,16,8,8,1,3,0,0
Andy Andreoff,LAK,L,2016-12-22,false,NSH,0,0,-1,22,0,0,0,0,0,0,8,8829,200,27,4,7,5,1,18,13
Josh Anderson,CBJ,R,2016-11-15,false,WSH,5,1,8,17,0,0,0,0,1,0,19,10269,266,20,10,5,5,2,1,4
Karl Alzner,WSH,D,2016-11-12,false,CAR,2,2,4,6,0,0,0,0,0,0,16,16958,367,15,22,4,7,3,0,0
Sebastian Aho,CAR,R,2016-11-12,false,WSH,2,7,0,2,0,3,0,0,0,0,28,12247,274,6,2,14,7,4,0,1
Noel Acciari,BOS,C,2016-12-12,false,MTL,0,2,1,4,0,0,0,0,0,0,11,8462,203,31,2,3,2,6,8,12
Pontus Aberg,NSH,L,2017-02-11,false,FLA,1,1,-2,4,0,0,0,0,0,0,12,10384,240,8,2,3,2,4,1,0
Justin Abdelkader,DET,L,2016-11-12,false,MTL,3,1,-2,9,2,0,0,0,0,0,18,14016,293,36,5,8,3,5,0,3
Clayton Stoner,ANA,D,2016-11-15,false,EDM,1,2,0,28,0,0,0,0,0,0,16,14743,325,35,17,3,3,2,0,0
Steven Stamkos,TBL,C,2016-11-10,false,NYI,8,9,-1,14,3,4,0,0,1,0,53,15912,318,18,2,15,3,12,97,85
Brad Richardson,ARI,R,2016-11-12,false,BOS,4,4,-1,13,0,0,2,1,0,0,23,13174,303,18,7,6,3,10,107,104
Kyle Rau,FLA,C,2016-11-27,false,CAR,2,1,-1,4,0,0,0,0,0,0,14,9127,203,12,2,2,1,4,2,1
Tyler Pitlick,EDM,R,2016-11-08,false,PIT,4,1,-1,4,0,0,0,0,1,0,21,7945,198,33,4,3,3,1,1,0
Johan Larsson,BUF,C,2016-11-11,false,NJD,2,4,-3,6,0,0,0,0,2,0,14,14443,314,15,12,10,8,6,101,102
Shane Harper,FLA,R,2016-11-10,false,SJS,2,1,-1,18,0,0,0,0,0,0,13,8652,193,19,0,5,3,4,0,0
Erik Gudbranson,VAN,D,2016-11-08,false,NYR,0,3,-6,7,0,0,0,0,0,0,20,16733,359,25,18,3,10,3,0,0
Ryan Garbutt,ANA,C,2016-11-09,false,CBJ,1,1,-2,10,0,0,0,1,1,0,16,9060,238,25,8,11,1,1,5,3
Derek Dorsett,VAN,R,2016-11-17,false,ARI,1,3,-6,33,0,0,0,0,0,0,24,8343,221,35,6,2,1,2,1,0
