James van Riemsdyk,TOR,L,2016-10-20,false,MIN,1,1,-1,0,0,0,0,0,0,0,10,3734,84,5,0,5,1,1,0,2
Trevor van Riemsdyk,CHI,D,2016-12-06,false,ARI,0,1,0,4,0,0,0,0,0,0,1,3813,77,3,6,1,1,2,0,0
Calvin de Haan,NYI,D,2016-10-18,false,SJS,0,0,3,4,0,0,0,0,0,0,8,4231,89,4,7,1,4,0,0,0
Jason Zucker,MIN,L,2016-10-20,false,TOR,0,1,2,2,0,0,0,0,0,0,6,2281,56,4,0,4,1,4,1,0
Mats Zuccarello,NYR,R,2016-10-19,false,DET,2,2,4,2,0,0,0,0,0,0,6,4614,97,7,0,3,2,4,1,1
Harry Zolnierczyk,NSH,L,2017-01-08,false,CHI,0,0,0,4,0,0,0,0,0,0,1,2576,59,6,3,1,0,1,0,0
Mika Zibanejad,NYR,C,2016-10-19,false,DET,2,3,0,2,0,1,0,0,0,0,15,4346,103,2,0,11,0,4,59,36
Henrik Zetterberg,DET,L,2016-10-19,false,NYR,0,2,-3,0,0,1,0,0,0,0,4,4165,81,3,1,1,4,3,8,6
Travis Zajac,NJD,C,2016-10-20,false,BOS,1,1,-2,4,0,1,0,0,0,0,7,4837,102,3,1,1,2,6,41,38
Nikita Zaitsev,TOR,D,2016-10-20,false,MIN,0,2,-1,0,0,1,0,0,0,0,3,5407,106,3,7,3,6,1,0,0
Nikita Zadorov,COL,D,2016-10-20,false,TBL,0,2,1,4,0,0,0,0,0,0,5,4051,96,12,4,3,2,0,0,0
Pavel Zacha,NJD,C,2016-10-20,false,BOS,0,1,0,0,0,0,0,0,0,0,4,3118,69,6,4,1,1,1,18,17
Keith Yandle,FLA,D,2016-10-20,false,WSH,0,1,1,8,0,0,0,0,0,0,8,5770,104,5,5,5,4,2,0,0
Nail Yakupov,STL,R,2016-10-18,false,VAN,1,1,1,2,0,0,0,0,0,0,7,2687,69,2,0,2,0,2,0,0
Tyler Wotherspoon,CGY,D,2017-01-06,false,VAN,0,0,-2,0,0,0,0,0,0,0,4,2616,62,3,2,1,4,1,0,0
Miles Wood,NJD,L,2016-12-01,false,CHI,1,0,0,6,0,0,0,0,0,0,6,2697,65,4,2,8,1,0,0,0
Luke Witkowski,TBL,D,2016-11-29,false,CBJ,0,0,-2,2,0,0,0,0,0,0,3,2055,44,4,2,1,1,0,0,0
Daniel Winnik,WSH,L,2016-10-20,false,FLA,2,0,2,0,0,0,0,0,1,0,5,2555,64,2,3,0,3,1,1,1
Tommy Wingels,SJS,C,2016-10-18,false,NYI,0,1,0,0,0,0,0,0,0,0,2,2321,56,7,1,0,1,0,12,19
Scott Wilson,PIT,L,2016-10-18,false,MTL,0,0,-2,0,0,0,0,0,0,0,3,3101,73,9,2,3,0,1,0,0
Colin Wilson,NSH,L,2016-10-21,false,DET,1,0,-2,4,0,0,0,0,0,0,5,3805,93,4,1,1,3,1,0,1
Tom Wilson,WSH,R,2016-10-20,false,FLA,0,0,3,10,0,0,0,0,0,0,3,2562,68,7,1,0,0,0,0,1
Justin Williams,WSH,R,2016-10-20,false,FLA,1,0,1,2,0,0,0,0,0,0,5,3739,79,2,4,4,0,0,3,1
Patrick Wiercioch,COL,D,2016-10-20,false,TBL,1,3,2,4,0,0,0,0,0,0,3,3676,90,5,7,1,1,0,0,0
Chris Wideman,OTT,D,2016-10-18,false,ARI,0,2,0,2,0,0,0,0,0,0,4,3303,85,2,4,2,2,2,0,0
Dennis Wideman,CGY,D,2016-10-24,false,CHI,1,2,2,2,1,0,0,0,0,0,11,5109,126,5,7,3,5,0,0,0
Ryan White,ARI,C,2016-10-23,false,NYR,0,0,-3,6,0,0,0,0,0,0,4,2556,53,13,2,2,1,0,1,6
Blake Wheeler,WPG,R,2016-10-19,false,TOR,3,2,2,8,0,0,1,0,0,0,15,5034,106,3,0,1,5,2,1,2
Zach Werenski,CBJ,D,2016-10-22,false,DAL,2,3,1,2,2,1,0,0,0,0,16,5175,105,6,2,2,2,0,0,0
Alexander Wennberg,CBJ,C,2016-10-22,false,DAL,1,3,-1,2,0,3,0,0,0,0,8,3811,85,3,4,2,1,1,24,34
Dale Weise,PHI,R,2016-10-20,false,ANA,0,0,0,2,0,0,0,0,0,0,1,3458,77,5,0,4,0,2,0,0
Yannick Weber,NSH,D,2016-10-22,false,PIT,0,1,0,7,0,0,0,0,0,0,1,2662,68,11,3,2,4,0,0,0
Shea Weber,MTL,D,2016-10-20,false,ARI,1,3,6,4,1,0,0,0,1,0,9,6428,125,13,7,6,8,1,0,0
Jordan Weal,PHI,C,2017-02-25,false,PIT,0,0,-1,0,0,0,0,0,0,0,10,3073,70,2,1,3,1,1,1,3
Austin Watson,NSH,L,2016-10-29,false,SJS,0,0,1,5,0,0,0,0,0,0,2,2717,64,10,0,2,0,0,0,1
David Warsofsky,PIT,D,2016-10-29,false,PHI,0,0,1,2,0,0,0,0,0,0,6,3677,91,3,6,6,2,2,0,0
Joel Ward,SJS,R,2016-10-18,false,NYI,1,0,-3,2,0,0,0,0,0,0,7,3650,86,3,3,4,1,2,13,16
Lucas Wallmark,CAR,C,2017-03-27,false,DET,0,1,0,2,0,0,0,0,0,0,4,2742,64,7,1,2,0,0,20,11
Chris Wagner,ANA,C,2016-10-18,false,NJD,0,0,-1,0,0,0,0,0,0,0,3,1811,47,7,1,2,0,0,4,8
Radim Vrbata,ARI,R,2016-10-21,false,NYI,1,2,1,2,0,0,0,0,0,0,13,4088,85,4,2,4,1,1,2,0
Jakub Vrana,WSH,L,2016-12-07,false,BOS,0,0,0,0,0,0,0,0,0,0,9,3227,66,3,2,4,2,1,0,0
Jakub Voracek,PHI,R,2016-10-20,false,ANA,0,4,-4,24,0,3,0,0,0,0,10,4456,94,0,0,4,2,0,0,1
Marc-Edouard Vlasic,SJS,D,2016-10-18,false,NYI,0,1,-1,0,0,1,0,0,0,0,5,5464,109,0,4,3,1,0,0,0
Jimmy Vesey,NYR,L,2016-10-19,false,DET,1,0,2,0,0,0,0,0,1,0,7,3433,77,2,1,3,0,1,0,0
Kris Versteeg,CGY,R,2016-10-18,false,BUF,0,1,1,0,0,0,0,0,0,0,4,3351,76,0,0,2,1,1,2,2
Joel Vermin,TBL,R,2016-12-08,false,VAN,0,2,2,0,0,0,0,0,0,0,7,3331,75,8,2,5,1,4,1,0
Antoine Vermette,ANA,C,2016-10-18,false,NJD,0,0,-2,2,0,0,0,0,0,0,7,3664,98,4,4,3,1,2,41,21
Frank Vatrano,BOS,C,2016-12-29,false,BUF,1,2,2,0,0,1,0,0,0,0,9,3361,81,5,2,2,0,1,0,0
Sami Vatanen,ANA,D,2016-10-18,false,NJD,1,1,-1,0,1,0,0,0,0,0,7,5719,112,4,5,0,0,0,0,0
Phil Varone,OTT,C,2016-12-11,false,ANA,0,0,-2,2,0,0,0,0,0,0,0,1987,48,2,0,3,3,1,9,10
Thomas Vanek,DET,L,2016-10-19,false,NYR,3,3,2,2,2,2,0,0,0,0,6,3131,66,2,1,1,1,2,0,1
Chris VandeVelde,PHI,C,2016-10-20,false,ANA,0,0,-2,0,0,0,0,0,0,0,4,2421,61,7,2,1,1,0,1,1
Scottie Upshall,STL,R,2016-10-18,false,VAN,1,0,-2,4,0,0,0,0,0,0,6,2751,80,8,0,2,1,0,0,0
Fedor Tyutin,COL,D,2016-10-20,false,TBL,0,2,0,0,0,0,0,0,0,0,0,4447,98,9,5,2,3,1,0,0
Kyle Turris,OTT,C,2016-10-18,false,ARI,3,1,2,0,0,0,0,0,1,1,11,4834,108,0,2,5,2,1,32,32
Alex Tuch,MIN,R,2017-02-14,false,ANA,0,0,-2,0,0,0,0,0,0,0,7,2756,60,3,4,2,0,1,0,0
Nikita Tryamkin,VAN,D,2016-11-08,false,NYR,0,0,0,9,0,0,0,0,0,0,3,4144,92,14,5,2,2,0,0,0
Jacob Trouba,WPG,D,2016-11-17,false,PHI,0,0,-3,0,0,0,0,0,0,0,7,5931,119,4,12,5,9,2,0,0
Vincent Trocheck,FLA,C,2016-10-20,false,WSH,2,0,-4,2,0,0,0,0,0,0,13,5291,102,7,2,7,2,4,40,30
Jordin Tootoo,CHI,R,2016-10-18,false,PHI,0,0,1,7,0,0,0,0,0,0,3,1745,50,3,1,2,1,0,0,0
Tyler Toffoli,LAK,C,2016-10-20,false,DAL,1,2,2,0,1,0,0,0,0,0,14,4782,103,5,1,6,1,2,0,0
Jonathan Toews,CHI,C,2016-10-18,false,PHI,0,1,0,9,0,1,0,0,0,0,9,4702,106,4,0,2,1,1,50,40
Matthew Tkachuk,CGY,L,2016-10-18,false,BUF,1,0,-1,4,0,0,0,0,0,0,8,2904,69,4,2,4,1,2,0,0
Chris Tierney,SJS,C,2016-10-18,false,NYI,0,1,-1,0,0,0,0,0,0,0,3,3667,82,0,3,1,5,1,10,22
Shawn Thornton,FLA,L,2016-11-26,false,CBJ,0,1,0,0,0,0,0,0,0,0,1,2059,50,2,0,2,2,0,0,1
Joe Thornton,SJS,C,2016-10-18,false,NYI,0,5,0,2,0,2,0,0,0,0,2,4525,99,4,0,0,4,3,20,15
Chris Thorburn,WPG,R,2016-10-28,false,COL,0,0,-1,9,0,0,0,0,0,0,1,1913,51,6,2,0,0,0,4,2
Nate Thompson,ANA,C,2017-02-07,false,NYR,0,0,1,2,0,0,0,0,0,0,4,2310,61,5,2,0,0,0,15,25
Paul Thompson,FLA,R,2016-12-10,false,VAN,0,1,-1,4,0,0,0,0,0,0,4,2301,55,16,6,2,1,1,0,0
Shea Theodore,ANA,D,2016-10-28,false,CBJ,0,1,1,4,0,0,0,1,0,0,5,4466,94,0,4,7,11,0,0,0
Chris Terry,MTL,L,2016-11-22,false,OTT,0,1,-1,2,0,0,0,0,0,0,6,2931,74,8,1,3,3,2,0,0
Teuvo Teravainen,CAR,L,2016-10-20,false,CGY,2,0,0,0,1,0,0,0,0,0,4,3051,73,2,1,2,3,0,0,0
Matt Tennyson,CAR,D,2016-11-20,false,WPG,0,0,2,0,0,0,0,0,0,0,6,3309,82,3,1,1,4,2,0,0
John Tavares,NYI,C,2016-10-18,false,SJS,1,1,-1,6,0,0,0,0,0,0,12,4764,102,1,1,8,2,5,35,40
Tomas Tatar,DET,L,2016-10-19,false,NYR,0,1,-4,0,0,1,0,0,0,0,12,3810,80,4,2,3,1,1,1,0
Vladimir Tarasenko,STL,R,2016-10-18,false,VAN,4,2,1,0,1,2,0,0,0,0,19,4807,112,2,4,3,0,2,0,1
Christopher Tanev,VAN,D,2016-10-20,false,BUF,0,1,2,4,0,0,0,0,0,0,3,4915,116,0,5,4,1,1,0,0
Brandon Tanev,WPG,L,2016-10-19,false,TOR,0,0,-2,0,0,0,0,0,0,0,5,2360,63,5,1,0,1,0,0,0
Brandon Sutter,VAN,C,2016-10-20,false,BUF,1,3,3,0,0,1,0,0,1,1,15,4470,104,3,3,6,1,1,35,34
Ryan Suter,MIN,D,2016-10-20,false,TOR,1,4,2,0,0,1,0,0,0,0,7,6340,119,3,3,1,3,5,0,0
Andrej Sustr,TBL,D,2016-10-20,false,COL,0,0,-1,7,0,0,0,0,0,0,4,3970,93,2,3,3,2,2,0,0
Oskar Sundqvist,PIT,C,2017-03-15,false,PHI,0,0,0,0,0,0,0,0,0,0,6,2017,50,7,0,0,1,0,2,5
P.K. Subban,NSH,D,2016-10-21,false,DET,2,1,-4,8,2,1,0,0,0,0,12,6050,113,6,11,3,5,2,0,0
Mark Stuart,WPG,D,2016-10-28,false,COL,0,0,1,0,0,0,0,0,0,0,3,2786,74,4,10,1,1,1,0,0
Ryan Strome,NYI,C,2016-10-18,false,SJS,1,0,-5,0,1,0,0,0,0,0,6,3021,67,2,3,2,0,1,5,7
Mark Streit,PHI,D,2016-10-20,false,ANA,1,1,-3,2,0,0,0,0,0,0,7,4947,115,5,3,0,3,0,0,0
Ben Street,DET,C,2017-04-04,false,OTT,0,1,1,0,0,0,0,0,0,0,4,1954,52,0,0,2,1,0,0,0
Anton Stralman,TBL,D,2016-10-20,false,COL,0,0,-1,0,0,0,0,0,0,0,4,5564,110,4,2,5,0,2,0,0
Brian Strait,WPG,D,2017-03-24,false,ANA,0,2,0,0,0,0,0,0,0,0,2,3741,92,3,7,4,0,0,0,0
Michael Stone,ARI,D,2016-10-27,false,PHI,0,3,-1,0,0,1,0,0,0,0,5,5034,102,6,6,3,1,0,0,0
Mark Stone,OTT,R,2016-10-18,false,ARI,1,3,1,2,0,0,0,0,1,0,8,4274,92,6,1,1,1,5,1,1
Karl Stollery,NJD,D,2017-01-17,false,MIN,0,2,-1,4,0,2,0,0,0,0,2,3796,89,7,4,1,1,2,0,0
Chris Stewart,MIN,R,2016-10-20,false,TOR,1,2,1,19,0,1,0,0,0,0,3,3171,74,1,0,1,1,0,0,1
Chandler Stephenson,WSH,C,2017-04-09,false,FLA,0,0,0,0,0,0,0,0,0,0,3,2131,46,0,0,0,0,1,12,13
Derek Stepan,NYR,C,2016-10-19,false,DET,0,2,2,0,0,0,0,0,0,0,14,4297,107,1,7,3,1,5,40,35
Lee Stempniak,CAR,R,2016-10-20,false,CGY,3,2,1,8,1,0,0,0,0,0,6,4120,94,3,0,3,2,2,0,0
Alexander Steen,STL,L,2016-10-18,false,VAN,1,4,3,2,0,1,0,0,0,0,8,5253,126,5,4,2,0,3,14,16
Troy Stecher,VAN,D,2016-11-05,false,TOR,0,1,-3,7,0,0,0,0,0,0,8,4778,101,3,4,6,2,1,0,0
Paul Stastny,STL,C,2016-10-18,false,VAN,2,4,1,4,1,2,0,0,1,0,6,5131,120,2,3,3,0,1,50,38
Viktor Stalberg,CAR,L,2016-10-22,false,PHI,1,0,-1,2,0,0,0,0,1,0,5,2770,72,7,1,0,0,4,0,1
Matt Stajan,CGY,C,2016-10-18,false,BUF,0,2,3,2,0,0,0,0,0,0,3,2767,73,1,2,1,0,0,24,16
Drew Stafford,WPG,R,2016-10-19,false,TOR,0,1,2,2,0,0,0,0,0,0,3,3626,76,1,0,0,5,1,0,3
Eric Staal,MIN,C,2016-10-20,false,TOR,3,0,0,0,0,0,0,0,1,0,12,4407,106,5,1,3,0,3,38,31
Jordan Staal,CAR,C,2016-10-20,false,CGY,1,0,0,4,0,0,0,0,0,0,7,4615,116,6,1,1,1,4,51,24
Marc Staal,NYR,D,2016-10-19,false,DET,1,0,1,0,0,0,0,0,0,0,6,4942,120,3,5,2,2,4,0,0
Jared Spurgeon,MIN,D,2016-10-20,false,TOR,1,1,2,0,0,0,0,0,0,0,4,5554,112,2,7,1,0,0,0,0
Ryan Sproul,DET,D,2016-10-27,false,STL,0,2,1,0,0,1,0,0,0,0,10,3580,81,2,3,2,0,0,0,0
Ryan Spooner,BOS,C,2016-10-22,false,MTL,1,1,-3,2,1,0,0,0,0,0,11,3606,73,2,0,2,2,4,0,0
Jason Spezza,DAL,C,2016-10-20,false,LAK,2,1,-3,0,0,0,0,0,1,0,8,4378,109,2,1,6,1,5,18,21
Nikita Soshnikov,TOR,R,2016-11-08,false,LAK,1,1,0,4,0,0,0,0,0,0,9,2306,64,11,0,1,1,1,0,1
Marcus Sorensen,SJS,R,2017-03-02,false,VAN,1,1,2,0,0,0,0,0,1,0,7,2188,56,3,2,1,2,2,0,0
Carl Soderberg,COL,C,2016-10-20,false,TBL,2,0,3,2,0,0,0,0,0,0,6,4377,96,2,6,1,1,3,26,20
Devante Smith-Pelly,NJD,R,2016-10-20,false,BOS,0,0,-3,2,0,0,0,0,0,0,9,3671,82,4,2,3,2,1,3,5
Craig Smith,NSH,R,2016-10-21,false,DET,1,0,0,2,1,0,0,0,0,0,7,2886,71,3,0,7,0,0,5,7
Brendan Smith,DET,D,2016-10-19,false,NYR,0,0,-1,7,0,0,0,0,0,0,8,4159,99,5,6,2,3,0,0,0
Ben Smith,COL,R,2016-10-22,false,FLA,0,0,-2,0,0,0,0,0,0,0,1,2585,66,1,0,1,1,0,21,19
Reilly Smith,FLA,R,2016-10-20,false,WSH,0,1,-2,0,0,0,0,0,0,0,10,4773,105,1,1,3,2,4,0,0
Gemel Smith,DAL,C,2016-11-01,false,CBJ,0,0,-1,4,0,0,0,0,0,0,4,2657,71,1,2,1,1,0,6,5
Zack Smith,OTT,C,2016-10-18,false,ARI,2,1,1,6,0,0,1,0,0,0,7,4023,95,14,1,2,5,2,15,9
Anton Slepyshev,EDM,L,2016-11-06,false,DET,1,0,1,2,0,0,0,0,0,0,7,2583,60,4,1,1,1,1,0,0
Jaccob Slavin,CAR,D,2016-10-20,false,CGY,0,1,0,2,0,0,0,0,0,0,4,5325,112,3,10,0,2,3,0,0
Brady Skjei,NYR,D,2016-10-19,false,DET,0,1,0,2,0,0,0,0,0,0,4,3675,87,8,4,4,3,0,0,0
Jeff Skinner,CAR,L,2016-10-20,false,CGY,2,3,-2,0,1,2,0,0,0,0,18,4304,94,3,1,4,1,2,2,3
Jack Skille,VAN,R,2016-10-25,false,OTT,0,0,-2,0,0,0,0,0,0,0,8,2674,60,6,2,0,2,0,0,0
Colton Sissons,NSH,C,2016-10-21,false,DET,0,0,-1,0,0,0,0,0,0,0,3,2644,70,6,2,0,0,2,17,26
Wayne Simmonds,PHI,R,2016-10-20,false,ANA,3,0,0,4,2,0,0,0,0,0,11,4952,108,16,4,7,2,0,0,0
Jakob Silfverberg,ANA,R,2016-10-18,false,NJD,0,1,0,0,0,0,0,0,0,0,7,4668,111,3,2,2,0,2,1,1
Nick Shore,LAK,C,2016-10-20,false,DAL,0,0,-5,4,0,0,0,0,0,0,6,3083,80,2,0,2,1,1,23,26
Devin Shore,DAL,C,2016-10-20,false,LAK,1,3,3,0,0,0,0,0,0,0,5,3540,89,2,6,2,0,4,25,32
Drew Shore,VAN,C,2017-03-21,false,CHI,0,1,0,2,0,0,0,0,0,0,3,2764,67,6,1,1,0,2,7,1
Conor Sheary,PIT,L,2016-10-18,false,MTL,1,2,3,0,0,0,0,0,0,0,5,2923,66,4,3,2,1,0,0,0
Riley Sheahan,DET,C,2016-10-19,false,NYR,0,1,-4,4,0,0,0,0,0,0,8,3418,85,1,2,1,0,0,4,4
Logan Shaw,ANA,C,2016-12-01,false,VAN,0,0,1,0,0,0,0,0,0,0,5,1597,46,4,2,2,0,1,7,15
Andrew Shaw,MTL,C,2016-10-20,false,ARI,1,0,4,10,0,0,0,0,0,0,7,3252,78,6,0,2,2,0,14,13
Kevin Shattenkirk,STL,D,2016-10-18,false,VAN,1,2,0,2,1,2,0,0,0,0,6,4631,105,4,4,1,2,2,0,0
Patrick Sharp,DAL,L,2016-10-20,false,LAK,0,1,-2,8,0,0,0,0,0,0,10,3563,86,3,3,4,1,0,0,3
Michael Sgarbossa,ANA,C,2016-10-28,false,CBJ,0,1,-1,0,0,1,0,0,0,0,2,2372,57,2,1,4,0,0,14,18
Damon Severson,NJD,D,2016-10-20,false,BOS,0,2,-3,2,0,2,0,0,0,0,4,4612,96,3,5,2,6,2,0,0
Devin Setoguchi,LAK,R,2016-10-20,false,DAL,0,2,3,0,0,0,0,0,0,0,4,3234,76,3,0,3,2,1,0,0
Tom Sestito,PIT,L,2016-10-20,false,SJS,0,0,0,5,0,0,0,0,0,0,2,1174,31,8,0,0,0,0,0,0
Mikhail Sergachev,MTL,D,2017-04-08,false,DET,0,0,1,0,0,0,0,0,0,0,2,2910,68,10,3,1,3,1,0,0
Andrej Sekera,EDM,D,2016-10-18,false,CAR,0,1,1,2,0,0,0,0,0,0,3,5231,114,3,7,5,2,3,0,0
Dennis Seidenberg,NYI,D,2016-10-18,false,SJS,0,0,4,2,0,0,0,0,0,0,5,4330,91,5,8,3,3,0,0,0
Tyler Seguin,DAL,C,2016-10-20,false,LAK,2,3,0,0,1,2,0,0,0,0,10,4408,99,2,0,10,4,0,26,27
Lukas Sedlak,CBJ,C,2016-10-27,false,SJS,0,1,1,0,0,0,0,0,0,0,7,2495,62,5,3,1,2,2,7,10
Daniel Sedin,VAN,L,2016-10-20,false,BUF,2,1,0,2,1,0,0,0,1,0,12,4659,97,2,2,4,0,0,0,0
Henrik Sedin,VAN,C,2016-10-20,false,BUF,1,1,-1,2,0,0,0,0,1,1,4,4612,94,1,1,4,4,0,34,28
Brent Seabrook,CHI,D,2016-10-18,false,PHI,1,4,2,2,1,1,0,0,0,0,6,5618,120,8,5,1,7,0,0,0
Jaden Schwartz,STL,L,2016-10-27,false,DET,0,1,-1,0,0,0,0,0,0,0,9,4832,109,3,3,5,1,3,18,10
Justin Schultz,PIT,D,2016-10-18,false,MTL,0,1,-1,4,0,1,0,0,0,0,10,3892,96,3,2,1,1,0,0,0
Nick Schultz,PHI,D,2016-10-20,false,ANA,0,2,3,0,0,0,0,0,0,0,1,4085,104,7,8,1,2,1,0,0
Jordan Schroeder,MIN,C,2016-12-23,false,NYR,1,0,0,0,0,0,0,0,0,0,7,1908,51,4,3,1,0,0,0,0
Nate Schmidt,WSH,D,2016-10-20,false,FLA,0,1,1,2,0,0,0,0,0,0,4,3273,71,4,0,1,3,2,0,0
Nick Schmaltz,CHI,C,2016-10-18,false,PHI,1,0,0,2,0,0,0,0,0,0,2,2689,66,3,1,0,3,2,12,23
Jordan Schmaltz,STL,D,2017-03-31,false,COL,0,1,1,2,0,0,0,0,0,0,3,3443,87,2,2,1,2,0,0,0
David Schlemko,SJS,D,2016-10-18,false,NYI,0,0,1,0,0,0,0,0,0,0,7,3957,87,4,2,2,3,2,0,0
Luke Schenn,ARI,D,2016-10-21,false,NYI,0,0,-1,0,0,0,0,0,0,0,3,3949,91,14,4,0,2,0,0,0
Brayden Schenn,PHI,C,2016-10-25,false,BUF,1,1,-2,2,1,1,0,0,0,0,6,4431,96,10,1,5,2,0,1,1
Mark Scheifele,WPG,C,2016-10-19,false,TOR,3,3,4,4,0,0,0,0,1,1,12,5162,105,2,4,1,1,5,42,46
Tim Schaller,BOS,C,2016-10-25,false,MIN,0,2,1,5,0,0,0,0,0,0,4,2556,62,4,2,6,4,1,6,2
Colton Sceviour,FLA,C,2016-10-20,false,WSH,2,0,-1,0,0,0,1,0,1,0,9,2920,67,1,1,2,0,1,1,0
Marco Scandella,MIN,D,2016-10-22,false,NJD,0,0,-4,0,0,0,0,0,0,0,6,4502,106,3,4,3,2,0,0,0
Luca Sbisa,VAN,D,2016-10-20,false,BUF,0,1,1,2,0,0,0,0,0,0,1,3954,89,7,6,1,4,0,0,0
David Savard,CBJ,D,2016-10-22,false,DAL,0,1,-2,4,0,0,0,0,0,0,5,5562,114,6,11,9,1,0,0,0
Steven Santini,NJD,D,2017-01-07,false,EDM,0,2,5,0,0,0,0,0,0,0,2,3553,81,11,2,2,0,0,0,0
Zach Sanford,WSH,L,2016-10-26,false,EDM,0,0,0,2,0,0,0,0,0,0,5,2836,63,3,0,2,3,1,4,0
Miikka Salomaki,NSH,R,2017-04-06,false,DAL,0,0,-1,2,0,0,0,0,0,0,3,2958,66,12,8,1,0,1,0,0
Brandon Saad,CBJ,L,2016-10-22,false,DAL,0,1,1,0,0,0,0,0,0,0,14,4037,91,2,1,3,0,2,1,1
Bobby Ryan,OTT,R,2016-10-18,false,ARI,2,1,0,2,1,0,0,0,0,0,8,3768,83,5,3,1,6,1,0,0
Derek Ryan,CAR,C,2016-11-20,false,WPG,0,0,-1,2,0,0,0,0,0,0,3,3328,76,3,0,4,3,2,25,17
Bryan Rust,PIT,R,2016-10-25,false,FLA,0,0,-4,0,0,0,0,0,0,0,6,2871,78,6,1,0,0,1,0,0
Robbie Russo,DET,D,2017-03-12,false,NYR,0,0,-2,0,0,0,0,0,0,0,2,3709,82,5,2,2,5,0,0,0
Kris Russell,EDM,D,2016-10-18,false,CAR,0,3,4,0,0,0,0,0,0,0,5,5133,118,3,14,1,1,2,0,0
Chad Ruhwedel,PIT,D,2016-12-28,false,CAR,1,1,3,0,0,0,0,0,0,0,6,4366,101,3,2,3,2,0,0,0
Michal Rozsival,CHI,D,2016-11-01,false,CGY,0,1,0,0,0,0,0,0,0,0,3,3973,90,14,7,3,1,0,0,0
Carter Rowney,PIT,R,2017-02-07,false,CGY,0,1,0,0,0,0,0,0,0,0,3,2599,57,8,3,3,1,2,19,16
Antoine Roussel,DAL,L,2016-10-20,false,LAK,1,2,3,18,0,0,0,0,1,0,6,3279,90,3,3,2,2,1,0,0
Kevin Rooney,NJD,C,2017-03-11,false,ARI,0,0,-3,4,0,0,0,0,0,0,2,2445,56,4,1,2,1,0,10,17
Evan Rodrigues,BUF,L,2017-02-12,false,VAN,0,1,0,0,0,0,0,0,0,0,5,2758,62,2,0,0,1,0,6,8
Brett Ritchie,DAL,R,2016-10-20,false,LAK,1,1,3,2,0,0,0,0,0,0,7,3357,84,5,1,1,0,1,0,0
Nick Ritchie,ANA,L,2016-10-18,false,NJD,0,1,0,6,0,0,0,0,0,0,7,4174,94,19,1,10,0,0,1,1
Rasmus Ristolainen,BUF,D,2016-10-20,false,VAN,0,5,-2,2,0,4,0,0,0,0,7,5972,125,6,9,5,2,1,0,0
Morgan Rielly,TOR,D,2016-10-20,false,MIN,0,3,1,2,0,0,0,0,0,0,3,5550,133,2,11,5,5,0,0,0
Tobias Rieder,ARI,R,2016-10-21,false,NYI,1,1,-1,0,0,0,0,0,0,0,8,3606,83,2,2,2,2,1,0,0
Mike Ribeiro,NSH,C,2016-10-21,false,DET,1,1,-2,4,1,1,0,0,0,0,3,3585,80,3,1,0,3,0,17,14
Sam Reinhart,BUF,C,2016-10-20,false,VAN,0,2,0,0,0,1,0,0,0,0,9,4653,96,1,0,4,3,0,12,7
Mike Reilly,MIN,D,2016-11-12,false,PHI,0,0,-1,0,0,0,0,0,0,0,5,2792,59,0,1,6,2,0,0,0
Zach Redmond,MTL,D,2016-12-16,false,SJS,0,4,5,2,0,0,0,0,0,0,3,3586,77,11,8,1,5,2,0,0
Ryan Reaves,STL,R,2016-10-18,false,VAN,0,0,-2,0,0,0,0,0,0,0,2,1543,43,8,0,1,0,1,0,0
Matt Read,PHI,R,2016-10-20,false,ANA,4,0,-1,0,1,0,0,0,0,0,14,3308,81,4,3,0,1,2,0,0
Ty Rattie,STL,R,2016-11-28,false,DAL,0,0,0,0,0,0,0,0,0,0,1,1760,43,1,2,0,0,0,0,0
Dennis Rasmussen,CHI,C,2016-10-22,false,TOR,1,0,0,0,0,0,0,0,0,0,6,2563,70,2,6,2,1,3,1,2
Victor Rask,CAR,C,2016-10-20,false,CGY,3,2,1,0,2,0,0,0,0,0,11,4547,108,2,1,1,2,2,34,37
Mikko Rantanen,COL,R,2016-11-03,false,CHI,0,0,-5,0,0,0,0,0,0,0,10,4074,88,0,2,2,0,2,6,1
Rickard Rakell,ANA,C,2016-11-06,false,CGY,3,3,1,0,0,2,0,0,2,0,14,4199,89,8,2,3,2,0,8,6
Michael Raffl,PHI,L,2016-11-03,false,NYI,1,0,1,0,0,0,0,0,0,0,4,2844,68,7,1,5,1,0,0,0
Alexander Radulov,MTL,R,2016-10-20,false,ARI,1,0,0,12,1,0,0,0,0,0,8,4124,91,2,3,3,3,4,0,0
Alan Quine,NYI,C,2016-10-23,false,MIN,1,0,3,0,0,0,0,0,1,0,4,2138,53,9,2,0,2,2,7,3
Kyle Quincey,NJD,D,2016-10-20,false,BOS,0,0,0,0,0,0,0,0,0,0,3,4181,97,8,4,1,2,1,0,0
John Quenneville,NJD,C,2017-03-17,false,PIT,0,1,0,2,0,0,0,0,0,0,5,2693,65,4,1,2,1,1,0,0
Mark Pysyk,FLA,D,2016-10-20,false,WSH,0,0,0,2,0,0,0,0,0,0,2,3483,69,1,3,4,1,2,0,0
Tom Pyatt,OTT,L,2016-10-18,false,ARI,2,1,4,0,0,0,0,1,0,0,7,3771,99,2,3,3,1,1,2,2
Teemu Pulkkinen,MIN,L,2016-10-20,false,TOR,1,0,0,0,0,0,0,0,0,0,2,2000,53,0,0,2,0,1,0,0
Jesse Puljujarvi,EDM,R,2016-10-23,false,WPG,1,0,0,0,1,0,0,0,0,0,9,2733,59,1,0,3,3,4,0,0
Matt Puempel,OTT,L,2016-10-30,false,EDM,0,0,-1,0,0,0,0,0,0,0,4,2108,51,1,2,1,0,2,0,1
Ivan Provorov,PHI,D,2016-10-20,false,ANA,0,1,-5,2,0,0,0,0,0,0,2,4836,110,7,6,3,5,0,0,0
Dalton Prout,CBJ,D,2016-10-27,false,SJS,0,0,0,2,0,0,0,0,0,0,1,3334,82,8,5,2,2,1,0,0
Nate Prosser,MIN,D,2016-10-27,false,BUF,0,1,0,0,0,0,0,0,0,0,5,3600,81,3,6,2,2,0,0,0
Shane Prince,NYI,L,2016-10-30,false,TOR,2,2,-1,2,1,0,0,0,0,0,8,2834,71,7,0,2,0,0,1,1
Benoit Pouliot,EDM,L,2016-10-18,false,CAR,1,0,-1,12,0,0,0,0,0,0,5,2912,82,0,3,6,4,1,0,1
Derrick Pouliot,PIT,D,2016-12-20,false,NYR,0,0,-1,4,0,0,0,0,0,0,5,3652,82,7,3,0,1,0,0,0
Paul Postma,WPG,D,2016-10-19,false,TOR,0,0,-2,0,0,0,0,0,0,0,2,2137,48,1,3,0,0,0,0,0
Jason Pominville,MIN,R,2016-10-20,false,TOR,1,1,1,0,0,0,0,0,0,0,7,3630,87,1,3,2,1,2,2,1
Roman Polak,TOR,D,2016-10-27,false,FLA,1,0,1,2,0,0,0,0,0,0,4,4354,103,11,12,3,2,0,0,0
Brayden Point,TBL,C,2016-10-20,false,COL,0,1,0,0,0,0,0,0,0,0,12,3697,72,3,0,0,1,1,2,0
Tomas Plekanec,MTL,C,2016-10-20,false,ARI,0,3,0,2,0,2,0,0,0,0,10,4295,106,1,2,3,2,2,35,50
Brandon Pirri,NYR,R,2016-10-19,false,DET,1,1,1,0,1,0,0,0,1,0,3,2544,55,0,2,4,2,2,5,7
Alex Pietrangelo,STL,D,2016-10-18,false,VAN,1,1,3,0,1,1,0,0,1,0,8,6608,129,2,7,2,3,4,0,0
Blake Pietila,NJD,L,2017-03-16,false,PHI,0,0,-4,4,0,0,0,0,0,0,1,2915,63,7,2,0,0,1,11,9
Dion Phaneuf,OTT,D,2016-10-18,false,ARI,0,0,-4,15,0,0,0,0,0,0,11,5011,129,13,12,3,2,0,0,0
Jeff Petry,MTL,D,2016-10-22,false,BOS,2,2,2,2,1,0,0,0,0,0,7,5109,110,9,8,2,2,0,0,0
Alex Petrovic,FLA,D,2016-10-20,false,WSH,0,1,1,0,0,0,0,0,0,0,5,3772,76,8,1,3,1,3,0,0
Nic Petan,WPG,L,2016-11-10,false,ARI,0,3,-2,0,0,2,0,0,0,0,8,3929,82,1,0,3,1,1,20,12
Brett Pesce,CAR,D,2016-10-20,false,CGY,0,0,0,2,0,0,0,0,0,0,5,4827,106,1,10,2,1,2,0,0
Corey Perry,ANA,R,2016-10-18,false,NJD,1,1,-1,6,0,1,0,0,0,0,16,5174,105,6,1,3,0,1,0,0
David Perron,STL,L,2016-10-18,false,VAN,0,0,-1,2,0,0,0,0,0,0,8,4456,113,5,1,2,0,1,0,3
Mathieu Perreault,WPG,C,2016-10-19,false,TOR,1,1,-2,0,0,0,0,0,0,0,10,4108,83,9,0,4,2,4,35,28
Brendan Perlini,ARI,L,2016-12-10,false,NSH,1,0,-1,4,0,0,0,0,0,0,4,3534,79,3,0,5,0,2,1,0
Adam Pelech,NYI,D,2016-11-14,false,TBL,0,1,-2,0,0,0,0,0,0,0,3,3607,75,3,7,4,3,2,0,0
Matthew Peca,TBL,C,2017-01-03,false,WPG,1,1,1,0,0,0,0,0,0,0,5,3153,69,6,1,5,1,0,20,21
Tanner Pearson,LAK,L,2016-10-25,false,CBJ,4,2,4,0,1,0,0,0,0,0,11,3942,89,4,0,7,2,2,0,1
Joe Pavelski,SJS,C,2016-10-18,false,NYI,2,4,2,4,0,2,0,0,1,0,16,4532,101,7,8,7,2,3,21,24
Greg Pateryn,MTL,D,2016-10-24,false,PHI,0,1,1,0,0,0,0,0,0,0,4,3842,90,2,7,1,2,3,0,0
David Pastrnak,BOS,R,2016-10-20,false,NJD,4,3,9,0,1,0,0,0,1,0,18,3870,81,4,2,4,2,0,0,1
Zach Parise,MIN,L,2016-10-20,false,TOR,0,3,-2,6,0,1,0,0,0,0,13,4158,103,3,6,6,2,5,0,0
PA Parenteau,NJD,R,2016-10-20,false,BOS,1,1,0,2,0,0,0,0,0,0,8,3289,70,5,0,0,3,3,0,0
Colton Parayko,STL,D,2016-10-18,false,VAN,0,2,-1,6,0,0,0,0,0,0,7,4952,119,2,10,3,3,2,0,0
Cedric Paquette,TBL,C,2016-10-20,false,COL,1,1,1,2,0,0,0,0,0,0,5,2211,55,8,1,1,0,2,0,2
Richard Panik,CHI,R,2016-10-18,false,PHI,4,1,0,0,2,0,0,0,1,0,6,3595,80,12,0,2,2,1,0,1
Artemi Panarin,CHI,L,2016-10-18,false,PHI,2,1,1,0,1,0,0,0,0,0,8,4892,96,2,0,4,3,3,0,0
Kyle Palmieri,NJD,R,2016-10-20,false,BOS,2,1,-1,4,1,1,0,0,0,0,11,3861,86,5,0,4,4,2,1,2
Ondrej Palat,TBL,L,2016-10-20,false,COL,1,2,-3,7,0,1,0,0,0,0,8,4174,88,8,0,3,1,5,0,0
Iiro Pakarinen,EDM,R,2017-02-21,false,TBL,1,2,2,0,0,0,0,0,0,0,5,1883,52,13,4,1,0,0,0,0
Jean-Gabriel Pageau,OTT,C,2016-10-18,false,ARI,0,1,2,0,0,0,0,0,0,0,10,3703,95,9,5,1,3,2,27,20
Max Pacioretty,MTL,L,2016-10-20,false,ARI,1,3,5,6,0,0,0,0,1,0,11,4224,98,7,1,8,0,1,0,0
Magnus Paajarvi,STL,L,2017-02-07,false,OTT,2,0,1,0,0,0,0,0,2,0,5,2450,68,2,4,1,0,2,1,1
Alex Ovechkin,WSH,L,2016-10-20,false,FLA,2,1,2,6,1,0,0,0,2,0,15,4588,86,8,0,5,5,5,0,0
Xavier Ouellet,DET,D,2016-10-19,false,NYR,0,1,2,0,0,0,0,0,0,0,5,3549,82,2,3,0,0,1,0,0
Steve Ott,DET,C,2016-10-25,false,CAR,0,1,2,10,0,0,0,0,0,0,5,2300,61,8,0,0,0,0,11,7
T.J. Oshie,WSH,R,2016-10-20,false,FLA,2,0,2,2,1,0,0,0,0,0,11,4232,90,5,2,3,3,4,5,4
Brooks Orpik,WSH,D,2016-10-20,false,FLA,0,1,4,0,0,0,0,0,0,0,2,3884,80,6,10,2,2,1,0,0
Dmitry Orlov,WSH,D,2016-10-20,false,FLA,0,1,0,0,0,1,0,0,0,0,5,4699,89,6,3,1,4,3,0,0
Gustav Olofsson,MIN,D,2017-02-12,false,DET,0,2,0,0,0,1,0,0,0,0,0,3321,68,4,6,2,0,1,0,0
Steve Oleksy,PIT,D,2016-12-23,false,NJD,0,1,-1,16,0,0,0,0,0,0,5,3231,80,9,3,2,0,0,0,0
Jamie Oleksiak,DAL,D,2016-11-11,false,EDM,0,0,0,7,0,0,0,0,0,0,1,3212,79,4,2,0,1,0,0,0
Kyle Okposo,BUF,R,2016-10-25,false,PHI,1,3,2,0,0,3,0,0,0,0,9,4628,95,3,0,6,1,0,1,3
Johnny Oduya,DAL,D,2016-10-20,false,LAK,0,1,0,2,0,0,0,0,0,0,4,4584,107,2,8,0,3,0,0,0
Ryan O'Reilly,BUF,C,2016-10-20,false,VAN,3,2,0,0,2,1,0,0,1,0,12,5575,106,1,1,4,5,3,50,32
Cal O'Reilly,BUF,C,2016-11-25,false,WSH,0,0,-1,0,0,0,0,0,0,0,1,2621,56,0,0,0,1,2,15,20
Gustav Nyquist,DET,R,2016-10-19,false,NYR,0,3,2,0,0,0,0,0,0,0,2,3533,76,5,0,3,2,3,1,0
William Nylander,TOR,C,2016-10-20,false,MIN,1,4,2,2,1,2,0,0,0,0,12,3812,85,0,3,3,0,4,7,12
Alexander Nylander,BUF,R,2017-04-09,false,TBL,0,1,-2,0,0,0,0,0,0,0,4,2959,62,1,2,1,3,3,0,2
Markus Nutivaara,CBJ,D,2016-10-22,false,DAL,0,0,-2,0,0,0,0,0,0,0,0,3006,69,3,1,0,1,0,0,0
Darnell Nurse,EDM,D,2016-10-18,false,CAR,0,2,-2,2,0,0,0,0,0,0,4,4307,98,9,5,2,3,1,0,0
Ryan Nugent-Hopkins,EDM,C,2016-10-18,false,CAR,0,1,-2,2,0,0,0,0,0,0,10,4232,99,4,0,3,0,3,21,39
Tomas Nosek,DET,L,2017-03-26,false,MIN,0,0,1,2,0,0,0,0,0,0,10,2333,57,6,1,0,0,2,12,9
Joakim Nordstrom,CAR,L,2016-10-20,false,CGY,0,1,-2,2,0,0,0,0,0,0,7,3514,92,4,4,2,2,2,0,1
Jordan Nolan,LAK,C,2016-10-30,false,CHI,0,0,-3,2,0,0,0,0,0,0,3,2104,51,4,0,1,1,0,0,0
Nelson Nogier,WPG,D,2017-03-26,false,VAN,0,0,-1,0,0,0,0,0,0,0,6,2916,67,8,2,0,2,0,0,0
Stefan Noesen,ANA,R,2016-12-13,false,DAL,1,0,2,2,0,0,0,0,0,0,6,1796,50,6,0,1,1,0,9,14
Matt Niskanen,WSH,D,2016-10-20,false,FLA,0,3,3,0,0,0,0,0,0,0,8,5466,111,8,8,3,5,4,0,0
Matt Nieto,SJS,L,2016-10-20,false,PIT,0,0,0,0,0,0,0,0,0,0,7,2928,69,1,3,4,0,2,0,1
Frans Nielsen,DET,C,2016-10-19,false,NYR,1,2,-1,0,0,2,0,0,0,0,8,3984,96,3,2,2,1,0,28,36
Nino Niederreiter,MIN,R,2016-10-20,false,TOR,0,2,3,0,0,0,0,0,0,0,4,3027,73,13,1,2,2,0,0,1
Andrej Nestrasil,CAR,C,2016-11-01,false,OTT,0,1,-3,0,0,0,0,0,0,0,6,2847,67,6,2,1,2,0,0,2
Nikita Nesterov,TBL,D,2016-10-20,false,COL,0,0,-1,4,0,0,0,0,0,0,7,3939,85,7,2,3,1,0,0,0
Patrik Nemeth,DAL,D,2016-10-25,false,WPG,0,0,2,2,0,0,0,0,0,0,1,4494,96,7,7,1,2,1,0,0
Brock Nelson,NYI,C,2016-10-18,false,SJS,2,2,0,2,0,1,0,0,0,0,8,3992,103,3,6,3,0,4,27,33
Casey Nelson,BUF,D,2016-11-07,false,BOS,0,0,-2,0,0,0,0,0,0,0,4,3225,79,6,0,1,1,0,0,0
Chris Neil,OTT,R,2016-10-18,false,ARI,0,0,-3,11,0,0,0,0,0,0,6,1698,51,4,4,1,2,0,0,0
James Neal,NSH,L,2016-10-21,false,DET,0,1,-4,7,0,0,0,0,0,0,18,4932,99,4,0,5,3,0,1,0
Rick Nash,NYR,R,2016-10-19,false,DET,1,0,-3,0,0,0,0,0,0,0,13,3991,98,3,4,1,3,3,0,0
Riley Nash,BOS,C,2016-10-20,false,NJD,0,0,-1,0,0,0,0,0,0,0,6,3461,80,1,2,4,0,2,26,21
Vladislav Namestnikov,TBL,C,2016-10-20,false,COL,0,0,-2,0,0,0,0,0,0,0,3,3623,70,2,1,2,1,2,3,2
Jake Muzzin,LAK,D,2016-10-20,false,DAL,0,0,-3,4,0,0,0,0,0,0,5,5774,129,8,7,3,2,2,0,0
Ryan Murray,CBJ,D,2016-11-04,false,MTL,0,0,-1,2,0,0,0,0,0,0,4,3781,94,2,7,0,0,0,0,0
Ryan Murphy,CAR,D,2016-11-10,false,ANA,0,1,-6,0,0,0,0,0,0,0,1,3145,75,0,5,2,2,2,0,0
Connor Murphy,ARI,D,2016-10-21,false,NYI,0,2,-2,4,0,0,0,0,0,0,2,5184,113,7,9,1,0,0,0,0
Mirco Mueller,SJS,D,2017-01-11,false,CGY,1,1,2,0,0,0,0,0,0,0,3,2302,56,2,3,0,2,2,0,0
Matt Moulson,BUF,L,2016-10-20,false,VAN,2,0,-1,0,2,0,0,0,0,0,11,3049,71,4,1,2,0,1,0,0
Tyler Motte,CHI,L,2016-10-18,false,PHI,0,2,0,4,0,0,0,0,0,0,7,3307,87,6,6,3,0,5,0,1
Joe Morrow,BOS,D,2016-11-17,false,MIN,0,0,-1,4,0,0,0,0,0,0,6,3565,80,5,3,4,1,0,0,0
Josh Morrissey,WPG,D,2016-10-19,false,TOR,0,1,2,0,0,0,0,0,0,0,9,4280,97,8,2,1,2,0,0,0
Dominic Moore,BOS,C,2016-10-20,false,NJD,1,0,1,0,0,0,0,0,0,0,6,2915,75,1,2,0,1,0,11,9
John Moore,NJD,D,2016-10-20,false,BOS,0,1,0,8,0,0,0,0,0,0,5,4404,98,3,6,2,0,0,0,0
Brandon Montour,ANA,D,2017-01-06,false,ARI,0,0,1,2,0,0,0,0,0,0,6,3593,70,0,1,2,2,0,0,0
Sean Monahan,CGY,C,2016-10-18,false,BUF,2,0,-2,2,0,0,0,0,1,1,9,4812,99,1,2,3,5,4,43,45
Griffen Molino,VAN,C,2017-04-06,false,ARI,0,0,-2,0,0,0,0,0,0,0,3,2541,61,1,1,3,0,0,0,0
Torrey Mitchell,MTL,C,2016-10-20,false,ARI,2,0,2,2,0,0,0,0,1,0,3,2911,77,0,1,2,0,1,25,18
John Mitchell,COL,C,2016-11-03,false,CHI,0,0,0,2,0,0,0,0,0,0,3,2238,57,2,1,1,0,1,13,10
Zack Mitchell,MIN,R,2016-11-17,false,BOS,0,0,0,0,0,0,0,0,0,0,5,2073,53,7,2,4,1,0,0,1
Drew Miller,DET,L,2016-10-19,false,NYR,1,0,1,0,0,0,0,0,1,0,3,3261,80,4,4,1,0,1,1,0
Kevan Miller,BOS,D,2016-11-29,false,PHI,0,0,-2,0,0,0,0,0,0,0,4,4782,105,13,3,3,1,0,0,0
J.T. Miller,NYR,L,2016-10-19,false,DET,1,1,1,6,0,0,0,0,0,0,9,3430,84,8,3,1,2,1,7,7
Colin Miller,BOS,D,2016-10-20,false,NJD,0,1,-4,2,0,0,0,0,0,0,5,4002,94,3,4,6,3,0,0,0
Sonny Milano,CBJ,L,2017-04-09,false,TOR,0,0,-3,0,0,0,0,0,0,0,2,2804,63,3,2,2,3,1,0,0
Marc Methot,OTT,D,2016-10-18,false,ARI,0,1,7,4,0,0,0,0,0,0,7,4777,123,11,7,0,3,0,0,0
Jon Merrill,NJD,D,2016-11-26,false,PIT,0,0,-3,0,0,0,0,0,0,0,1,3485,80,4,2,2,2,0,0,0
Julian Melchiori,WPG,D,2016-11-06,false,NYR,0,0,-3,0,0,0,0,0,0,0,1,3307,73,5,4,2,3,0,0,0
Timo Meier,SJS,R,2016-12-23,false,EDM,1,0,-1,4,0,0,0,0,1,0,15,2861,76,10,0,3,5,4,0,0
Jayson Megna,VAN,C,2016-11-23,false,ARI,0,0,-1,2,0,0,0,0,0,0,0,1899,48,8,0,0,0,1,0,0
Adam McQuaid,BOS,D,2016-11-01,false,FLA,0,0,-4,9,0,0,0,0,0,0,6,4234,101,6,6,2,1,0,0,0
Brayden McNabb,LAK,D,2016-10-20,false,DAL,1,0,1,7,0,0,0,0,0,0,2,4645,110,4,3,2,2,0,0,0
Cody McLeod,COL,L,2016-11-06,false,STL,0,0,0,5,0,0,0,0,0,0,1,1691,39,5,0,0,0,0,0,0
Curtis McKenzie,DAL,L,2016-10-25,false,WPG,0,2,1,0,0,0,0,0,0,0,4,2124,54,3,1,1,0,0,1,1
Greg McKegg,FLA,C,2016-10-20,false,WSH,0,1,0,2,0,0,0,0,0,0,2,2453,62,6,0,2,1,1,2,2
Dylan McIlrath,FLA,D,2016-12-13,false,MIN,1,0,-2,14,0,0,0,0,0,0,2,2528,54,12,2,3,2,1,0,0
Jamie McGinn,ARI,L,2016-11-01,false,SJS,2,1,0,4,0,0,0,0,1,0,8,3259,84,7,4,1,2,0,0,0
Brock McGinn,CAR,L,2016-11-20,false,WPG,0,0,-1,0,0,0,0,0,0,0,2,2325,58,6,2,0,2,2,0,1
Ryan McDonagh,NYR,D,2016-10-19,false,DET,0,3,1,2,0,1,0,0,0,0,10,6227,131,6,6,3,2,1,0,0
Connor McDavid,EDM,C,2016-10-18,false,CAR,3,3,3,4,0,2,0,0,1,0,11,5068,110,1,0,6,5,2,22,31
Max McCormick,OTT,R,2016-11-22,false,MTL,0,0,-2,0,0,0,0,0,0,0,5,1782,48,9,0,1,0,1,11,9
Jay McClement,CAR,C,2016-10-20,false,CGY,0,0,-3,0,0,0,0,0,0,0,4,3079,79,2,1,3,0,4,18,12
Michael McCarron,MTL,R,2016-12-22,false,MIN,0,2,1,2,0,0,0,0,0,0,6,2645,64,13,1,2,2,2,10,14
Jared McCann,FLA,C,2016-10-20,false,WSH,0,0,-2,0,0,0,0,0,0,0,3,2166,52,3,0,2,1,4,4,6
Jake McCabe,BUF,D,2016-10-20,false,VAN,0,1,-1,4,0,0,0,0,0,0,0,4883,110,5,4,2,1,0,0,0
Scott Mayfield,NYI,D,2017-01-14,false,CAR,1,3,3,17,0,0,0,0,0,0,5,3197,64,3,5,1,2,1,0,0
Shawn Matthias,WPG,L,2016-10-19,false,TOR,1,1,1,4,0,0,0,0,0,0,4,2969,72,3,2,2,2,0,0,0
Auston Matthews,TOR,C,2016-10-20,false,MIN,5,1,1,0,1,1,0,0,0,0,18,4205,86,0,2,2,4,3,14,21
Michael Matheson,FLA,D,2016-10-20,false,WSH,2,1,2,0,0,0,0,0,0,0,12,4805,85,3,4,2,4,4,0,0
Andreas Martinsen,COL,L,2016-10-20,false,TBL,1,0,1,0,0,0,0,0,0,0,4,2921,76,10,3,2,0,4,1,0
Jordan Martinook,ARI,L,2016-10-21,false,NYI,2,2,0,4,0,0,0,1,0,0,7,3514,85,3,3,3,1,2,0,3
Alec Martinez,LAK,D,2016-10-20,false,DAL,1,2,1,0,0,0,0,0,1,1,9,5380,129,8,11,8,2,0,0,0
Paul Martin,SJS,D,2016-10-18,false,NYI,0,1,1,0,0,0,0,0,0,0,1,4508,98,3,9,1,1,1,0,0
Matt Martin,TOR,L,2016-10-20,false,MIN,0,0,-1,12,0,0,0,0,0,0,6,2600,67,16,1,3,0,1,0,2
Patrick Maroon,EDM,L,2016-10-18,false,CAR,1,0,1,6,0,0,0,0,0,0,9,3714,87,7,0,1,1,0,0,0
Mitchell Marner,TOR,C,2016-10-20,false,MIN,1,1,-3,4,0,0,0,0,1,0,13,3916,86,1,6,2,1,4,0,0
Patrick Marleau,SJS,L,2016-10-18,false,NYI,1,0,-2,0,1,0,0,0,1,0,12,4143,86,5,1,1,0,0,1,2
Andrei Markov,MTL,D,2016-10-20,false,ARI,0,2,1,0,0,1,0,0,0,0,8,5156,106,2,6,4,1,2,0,0
Martin Marincin,TOR,D,2016-10-27,false,FLA,0,1,-3,0,0,0,0,0,0,0,8,4942,108,2,6,6,1,2,0,0
Jonathan Marchessault,FLA,C,2016-10-20,false,WSH,2,3,4,0,0,1,0,0,0,0,11,4535,93,5,1,7,4,3,14,13
Alexey Marchenko,DET,D,2016-10-19,false,NYR,0,0,-3,4,0,0,0,0,0,0,4,4548,108,1,6,2,4,0,0,0
Brad Marchand,BOS,L,2016-10-20,false,NJD,3,6,9,6,0,1,0,0,1,0,11,4388,92,2,2,4,2,5,3,1
Anthony Mantha,DET,R,2016-11-20,false,CGY,1,1,0,0,0,1,0,0,0,0,6,3793,82,4,3,3,3,2,1,0
Josh Manson,ANA,D,2016-10-18,false,NJD,0,0,-1,4,0,0,0,0,0,0,3,4285,96,11,2,1,2,2,0,0
Brandon Manning,PHI,D,2016-10-20,false,ANA,0,3,3,4,0,0,0,0,0,0,5,4125,99,16,3,1,2,0,0,0
Evgeni Malkin,PIT,C,2016-10-18,false,MTL,1,2,-1,6,0,1,0,0,0,0,10,4785,112,3,3,3,4,3,37,44
Denis Malgin,FLA,C,2016-10-20,false,WSH,0,1,-1,0,0,0,0,0,0,0,8,2562,59,2,1,1,0,4,6,13
Nathan MacKinnon,COL,C,2016-10-20,false,TBL,1,4,3,0,0,2,0,0,0,0,10,4518,102,3,0,6,3,2,32,37
Derek MacKenzie,FLA,C,2016-10-20,false,WSH,0,1,3,0,0,0,0,1,0,0,2,2953,77,5,1,1,1,3,23,20
Andrew MacDonald,PHI,D,2016-10-20,false,ANA,0,0,0,2,0,0,0,0,0,0,3,4551,112,3,6,0,2,0,0,0
Clarke MacArthur,OTT,L,2017-04-09,false,NYI,0,0,-1,0,0,0,0,0,0,0,5,3237,69,4,1,4,1,1,0,1
Olli Maatta,PIT,D,2016-10-18,false,MTL,0,0,-1,4,0,0,0,0,0,0,7,3551,94,2,7,2,1,0,0,0
Roman Lyubimov,PHI,L,2016-10-25,false,BUF,0,0,-1,0,0,0,0,0,0,0,5,1849,51,5,1,0,0,1,0,0
Milan Lucic,EDM,L,2016-10-18,false,CAR,1,2,1,5,0,1,0,0,0,0,7,4493,97,14,1,3,6,2,0,1
Adam Lowry,WPG,C,2016-10-19,false,TOR,0,0,-1,2,0,0,0,0,0,0,2,3409,82,6,6,1,2,1,24,33
Ben Lovejoy,NJD,D,2016-10-20,false,BOS,0,0,-3,0,0,0,0,0,0,0,3,4943,102,10,10,2,1,0,0,0
Bryan Little,WPG,C,2016-12-03,false,STL,2,2,4,0,0,0,0,0,1,1,8,3387,85,1,2,3,1,1,31,29
Anton Lindholm,COL,D,2017-03-21,false,STL,0,0,-3,0,0,0,0,0,0,0,1,3608,82,11,2,1,1,0,0,0
Hampus Lindholm,ANA,D,2016-11-15,false,EDM,0,0,3,0,0,0,0,0,0,0,6,4815,99,2,2,3,2,4,0,0
Elias Lindholm,CAR,C,2016-10-20,false,CGY,0,1,-2,0,0,1,0,0,0,0,9,4334,97,8,6,4,1,1,26,17
Esa Lindell,DAL,D,2016-10-27,false,WPG,0,0,0,0,0,0,0,0,0,0,3,4280,89,3,4,1,0,2,0,0
Petteri Lindbohm,STL,D,2016-11-15,false,BUF,0,0,-3,4,0,0,0,0,0,0,8,3190,78,7,3,2,0,1,0,0
Oscar Lindberg,NYR,C,2016-10-30,false,TBL,0,0,1,2,0,0,0,0,0,0,3,2458,61,3,3,1,0,0,19,13
John-Michael Liles,BOS,D,2016-10-20,false,NJD,0,2,-2,0,0,1,0,0,0,0,4,4123,93,2,10,1,0,0,0,0
Trevor Lewis,LAK,C,2016-10-20,false,DAL,0,0,-7,0,0,0,0,0,0,0,6,3231,74,10,2,5,0,3,1,1
Mark Letestu,EDM,C,2016-10-18,false,CAR,1,1,-2,0,0,0,1,0,1,0,5,3297,93,5,1,1,0,1,25,31
Kris Letang,PIT,D,2016-10-18,false,MTL,0,2,-2,4,0,2,0,0,0,0,16,6277,121,9,6,7,2,1,0,0
Josh Leivo,TOR,L,2017-02-11,false,BUF,0,0,1,2,0,0,0,0,0,0,3,2339,60,1,0,2,0,1,1,0
Jori Lehtera,STL,C,2016-10-27,false,DET,0,0,1,0,0,0,0,0,0,0,7,3774,99,2,1,0,1,0,21,18
Artturi Lehkonen,MTL,L,2016-10-20,false,ARI,2,0,1,0,0,0,0,0,0,0,13,3356,84,5,1,2,2,1,0,0
Anders Lee,NYI,L,2016-10-18,false,SJS,1,0,-1,0,0,0,0,0,0,0,5,3015,78,10,3,5,0,1,0,1
Nick Leddy,NYI,D,2016-10-18,false,SJS,1,1,-7,0,0,0,0,0,0,0,6,5729,100,4,9,0,1,0,0,0
Curtis Lazar,OTT,C,2016-11-26,false,CAR,0,0,0,0,0,0,0,0,0,0,5,2724,65,9,1,1,1,1,1,8
Adam Larsson,EDM,D,2016-10-18,false,CAR,0,1,0,2,0,0,0,0,0,0,4,4991,115,9,5,1,6,2,0,0
Philip Larsen,VAN,D,2016-10-20,false,BUF,0,0,-1,0,0,0,0,0,0,0,8,4427,89,0,2,6,0,1,0,0
Dylan Larkin,DET,C,2016-10-19,false,NYR,0,1,-5,4,0,0,0,0,0,0,8,3819,78,3,2,3,2,3,28,35
Nick Lappin,NJD,R,2016-11-05,false,TBL,0,2,1,0,0,0,0,0,0,0,4,2558,58,2,0,0,0,2,0,1
Gabriel Landeskog,COL,L,2016-10-20,false,TBL,2,1,2,2,1,0,0,0,1,1,7,4350,100,9,0,4,0,3,6,7
Anton Lander,EDM,C,2016-10-20,false,STL,0,1,2,2,0,0,0,0,0,0,1,2543,75,4,5,1,1,2,22,16
Patrik Laine,WPG,R,2016-10-19,false,TOR,4,1,3,0,2,0,0,0,1,1,10,4606,94,5,3,6,4,1,0,1
Andrew Ladd,NYI,L,2016-10-18,false,SJS,0,0,-2,0,0,0,0,0,0,0,8,4695,99,3,2,3,2,2,0,0
Kevin Labanc,SJS,R,2016-11-15,false,CAR,0,0,2,2,0,0,0,0,0,0,5,3094,67,3,1,2,1,1,0,0
Paul LaDue,LAK,D,2017-02-18,false,FLA,0,2,2,0,0,0,0,0,0,0,4,3483,87,2,2,1,2,0,0,0
Joseph LaBate,VAN,C,2017-02-25,false,SJS,0,0,1,12,0,0,0,0,0,0,0,1494,43,6,0,2,0,0,0,0
Evgeny Kuznetsov,WSH,C,2016-10-20,false,FLA,1,1,3,0,0,0,0,0,0,0,10,4154,89,0,2,2,0,1,23,35
Sean Kuraly,BOS,C,2016-11-19,false,WPG,0,0,-1,2,0,0,0,0,0,0,6,1955,53,1,0,0,0,0,1,2
Chris Kunitz,PIT,L,2016-10-18,false,MTL,0,2,1,6,0,0,0,0,0,0,9,3709,90,18,0,2,2,4,1,3
Dmitry Kulikov,BUF,D,2016-10-25,false,PHI,0,0,0,4,0,0,0,0,0,0,1,5129,123,6,0,5,1,2,0,0
Nikolay Kulemin,NYI,L,2016-10-18,false,SJS,0,1,-1,0,0,0,0,0,0,0,4,3420,92,4,3,2,0,2,4,1
Brett Kulak,CGY,D,2016-11-03,false,SJS,0,1,5,6,0,0,0,0,0,0,2,3458,90,0,5,2,1,0,0,0
Tom Kuhnhackl,PIT,R,2016-10-18,false,MTL,0,0,-1,2,0,0,0,0,0,0,3,2162,56,9,3,0,0,0,0,1
Nikita Kucherov,TBL,R,2016-10-20,false,COL,0,2,0,0,0,0,0,0,0,0,9,4264,86,0,2,8,1,3,0,0
Marcus Kruger,CHI,C,2016-10-18,false,PHI,1,1,4,0,0,0,0,0,0,0,1,3087,83,3,1,2,2,3,25,22
Torey Krug,BOS,D,2016-10-20,false,NJD,0,0,1,0,0,0,0,0,0,0,13,5211,100,6,7,2,5,2,0,0
Niklas Kronwall,DET,D,2016-11-10,false,VAN,0,1,-2,0,0,0,0,0,0,0,6,4808,103,7,3,3,0,0,0,0
David Krejci,BOS,C,2016-10-20,false,NJD,0,1,0,2,0,0,0,0,0,0,4,4259,82,3,3,4,3,2,29,25
Chris Kreider,NYR,L,2016-10-19,false,DET,3,4,-1,4,1,1,0,0,0,0,20,4205,97,16,2,6,0,2,0,0
Lauri Korpikoski,DAL,L,2016-10-20,false,LAK,1,0,3,2,0,0,0,0,0,0,8,2898,79,2,2,0,1,1,0,1
Anze Kopitar,LAK,C,2016-10-20,false,DAL,1,2,0,2,0,1,0,0,0,0,12,5209,105,2,4,7,3,2,52,54
Travis Konecny,PHI,C,2016-10-20,false,ANA,0,4,0,2,0,0,0,0,0,0,10,3629,80,4,0,3,1,3,0,0
Leo Komarov,TOR,C,2016-10-20,false,MIN,0,2,1,2,0,1,0,0,0,0,7,4270,101,18,1,4,0,0,3,1
Mikko Koivu,MIN,C,2016-10-20,false,TOR,1,1,0,2,0,1,0,0,1,0,7,4821,108,1,11,0,4,1,49,38
Slater Koekkoek,TBL,D,2016-11-07,false,FLA,0,3,2,2,0,0,0,0,0,0,4,3139,70,9,4,3,0,0,0,0
John Klingberg,DAL,D,2016-10-20,false,LAK,0,2,1,2,0,2,0,0,0,0,4,5654,116,2,8,3,1,0,0,0
Kevin Klein,NYR,D,2016-10-26,false,BOS,0,0,-1,0,0,0,0,0,0,0,7,4940,107,5,9,1,1,2,0,0
Oscar Klefbom,EDM,D,2016-10-18,false,CAR,0,1,1,0,0,0,0,0,0,0,6,5187,110,1,6,2,4,1,0,0
Dwight King,LAK,L,2016-10-20,false,DAL,0,1,1,2,0,0,0,0,0,0,5,4058,90,8,1,2,3,2,1,2
Jakub Kindl,FLA,D,2016-11-26,false,CBJ,0,1,-1,2,0,0,0,0,0,0,2,3826,74,8,3,2,2,2,0,0
Alex Killorn,TBL,L,2016-10-20,false,COL,3,1,-1,0,1,1,0,0,1,0,8,4291,90,10,1,2,6,2,0,0
Jujhar Khaira,EDM,L,2017-02-22,false,FLA,1,0,1,2,0,0,0,0,1,0,5,1762,46,5,0,1,0,1,6,10
Phil Kessel,PIT,R,2016-10-18,false,MTL,2,0,-2,2,2,0,0,0,1,0,12,4562,105,1,1,3,0,0,0,0
Ryan Kesler,ANA,C,2016-10-18,false,NJD,0,2,1,7,0,1,0,0,0,0,6,5092,113,8,4,4,0,0,56,32
Tanner Kero,CHI,C,2016-12-30,false,CAR,0,0,1,0,0,0,0,0,0,0,3,2840,72,2,7,0,0,1,14,20
Michal Kempny,CHI,D,2016-10-18,false,PHI,0,0,2,2,0,0,0,0,0,0,2,4397,102,9,5,1,3,0,0,0
Adrian Kempe,LAK,L,2017-02-21,false,COL,0,1,-1,2,0,0,0,0,0,0,4,2822,62,6,0,3,0,0,1,1
Chris Kelly,OTT,C,2016-10-18,false,ARI,1,1,1,2,0,0,0,0,0,0,7,3512,89,1,3,2,0,1,13,16
Duncan Keith,CHI,D,2016-10-18,false,PHI,0,4,1,2,0,2,0,0,0,0,8,5977,117,2,5,4,2,1,0,0
Zack Kassian,EDM,R,2016-10-18,false,CAR,1,1,-1,2,0,0,0,0,0,0,5,3060,83,7,1,1,0,5,0,0
Ondrej Kase,ANA,R,2016-11-22,false,NYI,0,1,-1,0,0,0,0,0,0,0,4,2894,74,7,1,3,4,0,0,1
Melker Karlsson,SJS,C,2016-10-18,false,NYI,1,0,1,0,0,0,0,0,0,0,4,2705,65,3,4,2,1,2,0,1
William Karlsson,CBJ,C,2016-10-22,false,DAL,1,1,2,0,0,0,0,0,1,0,7,3307,83,3,2,5,2,1,28,27
Erik Karlsson,OTT,D,2016-10-18,false,ARI,2,5,7,0,0,1,0,1,0,0,12,6509,144,4,8,7,6,3,0,0
Michael Kapla,NJD,D,2017-04-08,false,NYI,0,0,-1,0,0,0,0,0,0,0,4,4183,89,5,4,1,3,1,0,0
Kasperi Kapanen,TOR,R,2017-04-03,false,BUF,0,0,-2,0,0,0,0,0,0,0,5,2685,71,2,1,0,0,0,0,0
Evander Kane,BUF,L,2016-11-12,false,NJD,0,0,-3,10,0,0,0,0,0,0,8,3874,79,9,2,3,2,2,7,6
Patrick Kane,CHI,R,2016-10-18,false,PHI,1,5,2,4,0,1,0,0,0,0,16,5070,94,3,0,4,1,1,1,5
Steven Kampfer,NYR,D,2017-03-07,false,FLA,0,1,-2,4,0,0,0,0,0,0,4,3282,77,5,7,2,3,1,0,0
Sergey Kalinin,NJD,C,2016-10-29,false,TBL,0,0,0,7,0,0,0,0,0,0,2,3090,75,5,3,0,0,1,1,2
Nazem Kadri,TOR,C,2016-10-20,false,MIN,2,1,1,5,1,1,0,0,0,0,5,3770,88,3,4,1,3,2,36,28
Tomas Jurco,DET,L,2016-12-04,false,NYI,0,0,-1,2,0,0,0,0,0,0,5,2758,68,2,0,5,1,0,0,0
Tyson Jost,COL,C,2017-04-06,false,MIN,1,0,-3,0,0,0,0,0,0,0,8,3781,81,2,3,1,0,2,19,31
Roman Josi,NSH,D,2016-10-21,false,DET,1,3,-4,2,1,3,0,0,0,0,14,5991,114,3,3,2,0,0,0,0
Jacob Josefson,NJD,C,2016-11-06,false,CAR,0,2,3,2,0,1,0,0,0,0,4,3046,72,4,1,1,1,1,9,6
Josh Jooris,NYR,R,2016-10-23,false,ARI,1,0,1,0,0,0,0,0,0,0,3,2222,56,6,2,1,1,1,12,7
Seth Jones,CBJ,D,2016-10-22,false,DAL,1,2,1,0,0,0,0,0,0,0,5,5829,120,1,8,1,2,4,0,0
Connor Jones,NYI,C,2017-04-09,false,OTT,0,0,1,2,0,0,0,0,0,0,2,2843,65,13,3,1,1,2,8,5
Jyrki Jokipakka,CGY,D,2016-10-20,false,CAR,1,1,0,2,0,0,0,0,0,0,4,3628,94,1,0,1,1,0,0,0
Jussi Jokinen,FLA,L,2016-10-20,false,WSH,0,2,-2,4,0,0,0,0,0,0,4,4504,94,2,2,2,4,1,6,5
Ryan Johnston,MTL,D,2017-01-04,false,DAL,0,0,-1,2,0,0,0,0,0,0,2,2417,63,0,1,1,2,0,0,0
Erik Johnson,COL,D,2016-10-20,false,TBL,0,3,2,0,0,2,0,0,0,0,12,5358,127,13,8,3,2,4,0,0
Tyler Johnson,TBL,C,2016-10-20,false,COL,1,1,-4,0,1,0,0,0,0,0,5,4334,92,4,3,4,0,3,41,29
Jack Johnson,CBJ,D,2016-10-22,false,DAL,0,0,-2,0,0,0,0,0,0,0,5,5536,111,11,7,3,0,1,0,0
Stephen Johns,DAL,D,2016-10-20,false,LAK,1,0,-1,2,0,0,0,0,0,0,6,4761,111,8,7,5,3,1,0,0
Marcus Johansson,WSH,L,2016-10-20,false,FLA,1,3,2,0,0,2,0,0,0,0,8,4206,84,2,0,1,2,2,1,1
Ryan Johansen,NSH,C,2016-10-21,false,DET,0,4,-2,4,0,4,0,0,0,0,7,3497,79,4,2,2,2,1,29,23
Nick Jensen,DET,D,2016-12-29,false,OTT,0,2,2,0,0,0,0,0,0,0,6,3823,90,4,2,5,2,1,0,0
Nicklas Jensen,NYR,R,2016-12-13,false,CHI,0,0,0,0,0,0,0,0,0,0,2,2252,55,5,1,2,1,1,0,0
Boone Jenner,CBJ,C,2016-10-22,false,DAL,0,1,-5,2,0,0,0,0,0,0,8,3180,73,9,6,1,1,1,6,3
Dmitrij Jaskin,STL,R,2016-10-22,false,CGY,0,1,0,0,0,0,0,0,0,0,3,2546,61,5,2,2,2,2,3,4
Calle Jarnkrok,NSH,C,2016-10-21,false,DET,0,0,-1,2,0,0,0,0,0,0,3,3252,80,2,2,1,2,3,9,9
Jaromir Jagr,FLA,R,2016-10-20,false,WSH,1,1,2,2,1,0,0,0,0,0,12,4540,94,0,1,3,6,3,0,0
Matt Irwin,NSH,D,2016-11-03,false,ARI,2,0,1,0,0,0,0,0,1,0,4,2898,73,7,4,1,1,0,0,0
Jarome Iginla,COL,R,2016-10-20,false,TBL,1,0,1,23,1,0,0,0,0,0,7,3653,84,12,1,1,4,2,0,1
Zach Hyman,TOR,C,2016-10-20,false,MIN,0,1,3,4,0,0,0,0,0,0,7,3862,89,2,6,3,0,2,4,6
Ben Hutton,VAN,D,2016-10-20,false,BUF,1,0,2,2,0,0,0,0,0,0,6,4877,105,5,3,3,5,1,0,0
Matt Hunwick,TOR,D,2016-10-20,false,MIN,0,1,1,0,0,0,0,0,0,0,3,3623,80,8,6,0,1,1,0,0
Brad Hunt,STL,D,2016-12-15,false,NJD,1,3,0,0,1,1,0,0,0,0,5,3320,87,0,1,2,0,1,0,0
Jiri Hudler,DAL,R,2016-11-01,false,CBJ,0,0,-3,0,0,0,0,0,0,0,0,3579,87,0,1,3,1,3,1,1
Jonathan Huberdeau,FLA,L,2017-02-15,false,SJS,3,4,3,2,0,1,0,0,2,1,15,3959,95,3,0,2,3,2,1,1
Marek Hrivik,NYR,L,2016-12-11,false,NJD,0,0,-1,0,0,0,0,0,0,0,5,3160,72,5,3,3,2,0,1,4
Marian Hossa,CHI,R,2016-10-18,false,PHI,1,3,1,0,1,2,0,0,0,0,9,3741,92,0,3,3,0,1,0,0
Bo Horvat,VAN,C,2016-10-20,false,BUF,2,0,0,0,0,0,0,0,0,0,5,4020,96,3,0,3,0,2,28,40
Patric Hornqvist,PIT,R,2016-10-18,false,MTL,1,1,-1,0,1,1,0,0,0,0,12,3660,89,17,4,3,0,2,0,2
Julius Honka,DAL,D,2016-11-28,false,STL,0,3,-2,2,0,1,0,0,0,0,14,4378,93,2,2,2,2,1,0,0
Korbinian Holzer,ANA,D,2016-11-04,false,ARI,0,1,1,2,0,0,0,0,0,0,4,3500,78,5,5,2,1,0,0,0
Peter Holland,TOR,C,2016-10-20,false,MIN,0,1,-1,2,0,0,0,0,0,0,7,2907,64,1,1,1,1,1,18,23
Nick Holden,NYR,D,2016-10-19,false,DET,0,2,3,0,0,0,0,0,0,0,2,5162,127,7,6,3,5,1,0,0
Mike Hoffman,OTT,L,2016-10-18,false,ARI,0,3,0,4,0,1,0,0,0,0,20,4031,86,4,0,6,1,3,1,1
Joshua Ho-Sang,NYI,R,2017-03-07,false,EDM,1,0,-4,2,1,0,0,0,0,0,4,3632,79,0,2,1,1,1,0,0
Niklas Hjalmarsson,CHI,D,2016-10-21,false,CBJ,1,1,3,0,0,0,0,0,0,0,4,4860,110,2,5,0,6,1,0,0
Vinnie Hinostroza,CHI,L,2016-10-18,false,PHI,0,0,0,0,0,0,0,0,0,0,1,2514,58,2,2,0,1,4,1,1
Thomas Hickey,NYI,D,2016-10-18,false,SJS,0,1,1,2,0,0,0,0,0,0,3,3947,84,4,5,2,1,0,0,0
Tomas Hertl,SJS,C,2016-10-18,false,NYI,1,1,0,4,0,0,0,0,0,0,9,4045,92,10,0,3,2,2,8,7
Adam Henrique,NJD,C,2016-10-20,false,BOS,0,0,0,2,0,0,0,0,0,0,5,4636,90,3,4,2,2,3,26,31
Matt Hendricks,EDM,L,2016-11-27,false,ARI,0,1,0,2,0,0,0,0,0,0,2,2716,72,5,7,3,0,0,7,3
Ales Hemsky,DAL,R,2017-03-06,false,WSH,0,0,-2,0,0,0,0,0,0,0,5,3330,89,0,2,3,1,1,0,0
Darren Helm,DET,C,2016-10-19,false,NYR,3,1,3,0,1,0,0,0,1,0,7,3650,92,3,1,1,2,3,21,22
Seth Helgeson,NJD,D,2017-01-09,false,FLA,0,0,0,5,0,0,0,0,0,0,1,3207,76,7,4,4,0,0,0,0
Victor Hedman,TBL,D,2016-10-20,false,COL,0,3,2,0,0,2,0,0,0,0,7,5972,115,7,9,5,4,2,0,0
Kevin Hayes,NYR,C,2016-10-19,false,DET,1,1,1,0,0,0,0,0,0,0,6,3747,89,4,3,2,1,2,16,16
Jimmy Hayes,BOS,R,2016-10-20,false,NJD,0,0,-4,0,0,0,0,0,0,0,8,2671,63,6,1,3,0,2,1,1
John Hayden,CHI,L,2017-03-21,false,VAN,1,2,5,0,0,0,0,0,0,0,8,3263,79,18,1,3,1,3,0,0
Erik Haula,MIN,L,2016-10-20,false,TOR,1,1,2,2,0,0,0,0,0,0,6,3612,86,0,1,1,2,2,23,28
Garnet Hathaway,CGY,R,2016-11-20,false,DET,1,0,1,2,0,0,0,0,0,0,3,2064,50,4,2,1,0,0,5,1
Scott Hartnell,CBJ,L,2016-10-22,false,DAL,1,2,1,2,0,0,0,0,0,0,3,2940,74,3,0,1,2,1,0,0
Ryan Hartman,CHI,L,2016-10-22,false,TOR,1,1,-1,0,0,0,0,0,0,0,5,2066,47,5,3,2,0,1,0,1
Scott Harrington,CBJ,D,2017-01-17,false,CAR,0,0,1,0,0,0,0,0,0,0,1,3141,74,1,6,2,1,1,0,0
Ben Harpur,OTT,D,2017-04-06,false,BOS,0,0,-1,0,0,0,0,0,0,0,2,3855,97,2,3,1,3,1,0,0
Martin Hanzal,ARI,C,2016-10-21,false,NYI,1,1,-3,0,0,0,0,0,0,0,12,4746,97,11,4,5,4,3,59,31
Jannik Hansen,VAN,R,2016-10-20,false,BUF,1,1,2,2,0,0,0,0,0,0,8,3881,90,1,0,2,1,3,0,0
Markus Hannikainen,CBJ,L,2016-11-29,false,TBL,0,0,-1,0,0,0,0,0,0,0,2,2102,52,8,3,1,0,0,0,0
Noah Hanifin,CAR,D,2016-10-20,false,CGY,0,4,-4,0,0,3,0,0,0,0,7,3761,83,2,1,3,4,1,0,0
Travis Hamonic,NYI,D,2016-10-18,false,SJS,0,2,-7,0,0,0,0,0,0,0,2,5144,99,6,5,4,1,1,0,0
Dougie Hamilton,CGY,D,2016-10-18,false,BUF,0,0,-2,10,0,0,0,0,0,0,14,4820,115,5,2,1,2,2,0,0
Freddie Hamilton,CGY,C,2016-11-06,false,ANA,0,0,0,0,0,0,0,0,0,0,2,2497,57,11,0,3,0,1,14,10
Dan Hamhuis,DAL,D,2016-10-20,false,LAK,0,2,2,4,0,0,0,0,0,0,3,5500,118,5,6,0,0,0,0,0
Taylor Hall,NJD,L,2016-10-20,false,BOS,2,0,-3,2,2,0,0,0,1,0,15,4729,94,7,1,4,1,1,1,0
Micheal Haley,SJS,C,2016-10-29,false,NSH,0,2,2,17,0,0,0,0,0,0,2,1900,50,13,1,1,2,1,0,0
Ron Hainsey,CAR,D,2016-10-20,false,CGY,0,0,-2,4,0,0,0,0,0,0,2,4970,105,4,1,3,0,0,0,0
Carl Hagelin,PIT,L,2016-10-18,false,MTL,0,0,-1,0,0,0,0,0,0,0,5,4185,101,4,1,2,3,2,0,1
Carl Gunnarsson,STL,D,2016-10-25,false,CGY,0,0,-2,0,0,0,0,0,0,0,4,2674,65,1,4,3,0,0,0,0
Jake Guentzel,PIT,C,2016-11-26,false,NJD,3,1,3,2,0,0,0,0,0,0,6,3398,75,11,1,3,0,2,2,2
Radko Gudas,PHI,D,2016-10-30,false,CAR,1,2,2,0,0,1,0,0,0,0,7,4803,105,14,5,13,1,1,0,0
Eric Gryba,EDM,D,2016-10-23,false,WPG,0,0,0,8,0,0,0,0,0,0,2,4000,91,14,4,0,1,1,0,0
Rocco Grimaldi,COL,C,2017-04-08,false,DAL,0,1,-3,2,0,0,0,0,0,0,11,2640,57,1,4,2,0,3,0,0
Mikhail Grigorenko,COL,C,2016-10-20,false,TBL,0,3,2,2,0,2,0,0,0,0,8,3472,73,1,1,3,1,3,5,3
Seth Griffith,FLA,C,2016-11-15,false,MTL,0,1,1,0,0,0,0,0,0,0,5,2416,56,5,1,4,1,0,0,0
Andy Greene,NJD,D,2016-10-20,false,BOS,0,0,-2,0,0,0,0,0,0,0,6,5166,100,7,11,0,1,1,0,0
Matt Greene,LAK,D,2016-11-01,false,ANA,0,0,-3,2,0,0,0,0,0,0,2,3166,85,11,3,1,3,1,0,0
Mike Green,DET,D,2016-10-19,false,NYR,3,3,2,6,1,1,0,0,0,0,7,5816,117,5,6,2,2,3,0,0
Kevin Gravel,LAK,D,2016-11-10,false,MTL,0,1,3,0,0,0,0,0,0,0,5,4010,94,11,7,4,4,0,0,0
Tyler Graovac,MIN,C,2016-11-10,false,PIT,1,0,1,0,0,0,0,0,0,0,2,2108,61,3,0,1,0,1,16,11
Derek Grant,BUF,C,2016-10-20,false,VAN,0,0,-2,2,0,0,0,0,0,0,2,3020,78,6,2,2,0,2,29,24
Mikael Granlund,MIN,C,2016-10-20,false,TOR,0,1,0,0,0,0,0,0,0,0,5,4408,91,6,2,6,1,2,1,3
Markus Granlund,VAN,C,2016-10-20,false,BUF,1,1,3,4,0,0,0,0,0,0,6,3822,91,1,0,3,1,3,8,7
Petter Granberg,NSH,D,2016-12-10,false,ARI,0,0,-3,4,0,0,0,0,0,0,0,2089,44,6,3,0,0,0,0,0
Michael Grabner,NYR,R,2016-10-19,false,DET,2,0,1,0,0,0,0,0,0,0,7,2535,72,4,0,1,4,3,1,1
Yanni Gourde,TBL,C,2017-03-09,false,MIN,0,1,0,0,0,0,0,0,0,0,1,2685,64,0,0,3,0,2,5,3
Shayne Gostisbehere,PHI,D,2016-10-20,false,ANA,0,2,-2,2,0,0,0,0,0,0,14,5440,110,4,6,3,5,2,0,0
Josh Gorges,BUF,D,2016-10-20,false,VAN,0,0,-3,8,0,0,0,0,0,0,3,4143,106,8,9,2,2,0,0,0
Boyd Gordon,PHI,C,2016-10-20,false,ANA,1,0,-1,2,0,0,0,0,0,0,2,2070,61,2,1,0,0,1,11,16
Cody Goloubef,COL,D,2016-12-20,false,MIN,0,0,-5,4,0,0,0,0,0,0,1,4192,88,5,9,0,1,1,0,0
Alex Goligoski,ARI,D,2016-10-21,false,NYI,0,3,-5,0,0,2,0,0,0,0,6,5684,112,3,10,2,3,0,0,0
Nikolay Goldobin,VAN,R,2017-03-05,false,ANA,1,0,1,0,0,0,0,0,1,0,7,2291,55,1,1,1,0,3,0,0
Luke Glendening,DET,C,2016-10-19,false,NYR,0,2,2,2,0,0,0,0,0,0,2,3539,87,7,6,3,0,4,26,25
Tanner Glass,NYR,L,2017-03-12,false,DET,1,1,1,5,0,0,0,0,0,0,5,2473,66,12,2,4,0,1,0,0
Claude Giroux,PHI,C,2016-10-20,false,ANA,0,5,-3,0,0,3,0,0,0,0,7,5065,105,5,1,4,0,0,43,47
Zemgus Girgensons,BUF,C,2016-10-20,false,VAN,1,0,-3,0,0,0,0,0,0,0,6,2833,75,5,1,2,0,0,24,22
Dan Girardi,NYR,D,2016-10-26,false,BOS,1,1,2,2,0,0,0,0,1,0,3,3635,88,7,8,0,5,1,0,0
Mark Giordano,CGY,D,2016-10-18,false,BUF,0,3,-1,10,0,0,0,1,0,0,9,6300,129,3,11,3,0,3,0,0
Brian Gionta,BUF,R,2016-10-20,false,VAN,2,1,1,0,0,0,0,0,0,0,8,4035,86,4,0,0,1,1,3,3
Stephen Gionta,NYI,R,2017-01-24,false,CBJ,0,1,1,0,0,0,0,0,0,0,2,2823,69,8,2,0,1,0,1,1
Tom Gilbert,LAK,D,2016-10-25,false,CBJ,0,3,0,0,0,1,0,0,0,0,1,3898,87,1,3,2,1,1,0,0
Ryan Getzlaf,ANA,C,2016-10-18,false,NJD,1,3,0,2,0,1,0,0,0,0,19,5236,110,3,3,3,1,2,41,35
Eric Gelinas,COL,D,2016-11-01,false,NSH,0,1,-1,4,0,0,0,0,0,0,3,3158,71,2,2,3,1,0,0,0
Luke Gazdic,NJD,L,2016-12-23,false,PIT,0,0,0,7,0,0,0,0,0,0,2,1752,44,7,4,0,0,0,0,0
Frederik Gauthier,TOR,C,2016-12-28,false,FLA,1,1,2,4,0,0,0,0,0,0,4,2407,74,5,6,1,0,1,23,25
Brendan Gaunce,VAN,C,2016-10-20,false,BUF,0,1,1,2,0,0,0,0,0,0,3,2389,63,3,0,0,1,1,9,12
Cameron Gaunce,PIT,D,2017-02-19,false,DET,0,2,2,4,0,0,0,0,0,0,3,2955,69,5,3,2,0,2,0,0
Johnny Gaudreau,CGY,L,2016-10-18,false,BUF,0,2,-3,0,0,0,0,0,0,0,12,4683,98,1,2,4,6,0,0,0
Frederick Gaudreau,NSH,C,2016-12-03,false,NJD,0,1,0,0,0,0,0,0,0,0,1,2153,54,0,4,1,1,0,4,7
Jason Garrison,TBL,D,2016-10-20,false,COL,0,1,-2,2,0,0,0,0,0,0,3,4259,95,5,5,6,5,1,0,0
Jake Gardiner,TOR,D,2016-10-20,false,MIN,0,3,0,2,0,0,0,0,0,0,7,4333,93,4,2,3,2,0,0,0
Brendan Gallagher,MTL,R,2016-10-20,false,ARI,2,2,4,0,0,0,0,0,0,0,16,3800,93,5,1,3,1,1,7,8
Alex Galchenyuk,MTL,C,2016-10-20,false,ARI,1,3,4,6,0,1,0,0,0,0,8,4152,95,1,2,3,4,2,15,30
Sam Gagner,CBJ,C,2016-10-25,false,LAK,0,1,1,0,0,1,0,0,0,0,4,2895,64,0,1,3,0,0,11,13
Kurtis Gabriel,MIN,R,2016-12-09,false,EDM,0,1,0,12,0,0,0,0,0,0,2,1452,44,10,1,1,1,0,0,0
Marian Gaborik,LAK,R,2016-12-04,false,MTL,0,2,-1,2,0,1,0,0,0,0,14,3590,77,0,2,8,2,1,0,1
Michael Frolik,CGY,R,2016-10-18,false,BUF,3,0,0,0,0,0,1,0,0,0,9,3656,85,2,4,2,3,1,1,0
Byron Froese,TBL,C,2017-03-14,false,OTT,0,0,-2,5,0,0,0,0,0,0,4,2146,60,0,3,1,1,2,14,23
Cody Franson,BUF,D,2016-10-20,false,VAN,0,1,0,2,0,0,0,0,0,0,5,3888,93,2,0,0,2,0,0,0
Cam Fowler,ANA,D,2016-10-18,false,NJD,2,2,-1,0,1,1,0,0,0,0,11,5946,114,4,5,2,0,2,0,0
Gustav Forsling,CHI,D,2016-10-18,false,PHI,0,0,1,0,0,0,0,0,0,0,4,3964,80,5,1,0,4,0,0,0
Filip Forsberg,NSH,L,2016-10-21,false,DET,0,3,-4,4,0,3,0,0,0,0,6,4810,107,11,0,1,0,6,1,3
Derek Forbort,LAK,D,2016-10-20,false,DAL,0,0,-3,0,0,0,0,0,0,0,1,3000,71,8,7,1,2,1,0,0
Christian Folin,MIN,D,2016-10-22,false,NJD,0,0,6,8,0,0,0,0,0,0,2,3943,97,10,4,0,1,2,0,0
Marcus Foligno,BUF,L,2016-10-20,false,VAN,1,1,0,4,0,0,0,0,0,0,8,3836,92,8,4,2,3,1,0,0
Nick Foligno,CBJ,L,2016-10-22,false,DAL,1,3,-1,2,1,2,0,0,0,0,3,4277,95,7,3,8,2,3,7,5
Brian Flynn,MTL,C,2016-10-24,false,PHI,0,0,-1,2,0,0,0,0,0,0,5,3073,84,4,1,4,1,1,3,8
Mike Fisher,NSH,C,2016-10-21,false,DET,3,1,-3,2,3,1,0,0,1,0,9,4448,96,14,5,3,0,1,45,30
Christian Fischer,ARI,R,2017-03-21,false,TBL,3,0,1,0,0,0,0,0,1,0,6,2910,64,6,0,0,2,0,0,0
Valtteri Filppula,TBL,C,2016-10-20,false,COL,2,1,1,2,0,0,0,0,1,0,3,3993,85,3,0,1,2,3,28,35
Vernon Fiddler,NJD,C,2016-10-20,false,BOS,0,0,-1,7,0,0,0,0,0,0,1,3135,76,2,1,2,4,1,27,29
Kevin Fiala,NSH,L,2016-10-21,false,DET,0,0,-2,0,0,0,0,0,0,0,5,3120,77,1,0,0,2,3,0,0
Micheal Ferland,CGY,L,2016-10-18,false,BUF,1,0,0,0,0,0,0,0,0,0,8,2574,64,6,0,3,2,1,0,0
Eric Fehr,PIT,C,2016-10-18,false,MTL,0,0,-2,2,0,0,0,0,0,0,8,2848,72,6,3,1,0,4,10,13
Taylor Fedun,BUF,D,2016-11-23,false,DET,0,4,-1,0,0,3,0,0,0,0,3,3772,84,1,1,2,0,1,0,0
Justin Faulk,CAR,D,2016-10-20,false,CGY,1,3,-2,4,0,2,0,0,0,0,6,5749,111,4,5,8,5,3,0,0
Jesper Fast,NYR,R,2016-10-19,false,DET,0,2,3,4,0,0,0,0,0,0,2,2904,81,8,1,2,1,3,1,2
Hudson Fasching,BUF,R,2016-10-27,false,MIN,0,0,-2,2,0,0,0,0,0,0,3,2296,59,9,0,0,0,0,0,0
Justin Falk,BUF,D,2016-11-17,false,TBL,0,0,-3,0,0,0,0,0,0,0,3,3232,88,7,1,1,0,1,0,0
Radek Faksa,DAL,C,2016-10-20,false,LAK,1,1,2,0,0,0,0,0,0,0,4,3841,103,3,4,6,2,1,23,27
Robby Fabbri,STL,C,2016-10-18,false,VAN,0,2,1,4,0,0,0,0,0,0,5,3846,88,4,2,1,2,1,1,0
Adam Erne,TBL,L,2017-01-08,false,PIT,0,0,-3,0,0,0,0,0,0,0,7,2817,67,15,1,2,1,0,0,1
Joel Eriksson Ek,MIN,C,2016-10-27,false,BUF,2,3,3,0,0,0,0,0,1,0,7,2481,69,7,1,2,1,1,15,17
Loui Eriksson,VAN,L,2016-10-20,false,BUF,0,2,-2,0,0,1,0,0,0,0,4,4557,98,0,1,4,0,0,0,0
Jonathan Ericsson,DET,D,2016-10-19,false,NYR,0,0,-2,24,0,0,0,0,0,0,5,4029,93,2,7,1,0,0,0,0
Toby Enstrom,WPG,D,2016-10-19,false,TOR,0,2,1,2,0,1,0,0,0,0,6,5432,120,0,5,2,2,0,0,0
Tyler Ennis,BUF,L,2016-10-20,false,VAN,0,1,-4,0,0,0,0,0,0,0,8,3377,74,0,1,2,0,0,0,0
Andreas Englund,OTT,D,2016-12-11,false,ANA,0,0,0,2,0,0,0,0,0,0,1,2389,64,16,0,2,2,0,0,0
Deryk Engelland,CGY,D,2016-10-18,false,BUF,0,1,3,7,0,0,0,0,0,0,6,4455,108,2,11,2,3,1,0,0
Alexei Emelin,MTL,D,2016-10-20,false,ARI,1,0,0,2,0,0,0,0,0,0,3,4587,103,15,4,1,3,0,0,0
Ryan Ellis,NSH,D,2016-10-21,false,DET,0,1,-1,2,0,1,0,0,0,0,7,5679,115,8,9,0,0,0,0,0
Lars Eller,WSH,C,2016-10-20,false,FLA,0,0,1,4,0,0,0,0,0,0,6,3749,80,1,0,1,1,3,20,27
Remi Elie,DAL,L,2017-03-12,false,SJS,1,1,0,2,0,0,0,0,0,0,6,3744,88,13,2,2,4,3,1,0
Oliver Ekman-Larsson,ARI,D,2016-10-21,false,NYI,2,0,-3,4,1,0,0,0,1,1,12,6474,111,8,3,5,5,1,0,0
Mattias Ekholm,NSH,D,2016-10-21,false,DET,0,1,-1,0,0,0,0,0,0,0,8,5767,116,3,6,3,2,2,0,0
Aaron Ekblad,FLA,D,2016-10-20,false,WSH,0,0,-1,2,0,0,0,0,0,0,13,5802,103,5,5,5,0,4,0,0
Jack Eichel,BUF,C,2016-12-05,false,WSH,3,1,2,2,2,1,0,0,1,0,12,4490,82,2,5,5,0,1,14,24
Nikolaj Ehlers,WPG,L,2016-10-19,false,TOR,1,1,-1,0,0,1,0,0,0,0,6,4183,80,2,0,7,1,0,0,0
Joel Edmundson,STL,D,2016-10-18,false,VAN,0,0,0,0,0,0,0,0,0,0,4,3831,106,9,3,1,1,1,0,0
Alexander Edler,VAN,D,2016-10-20,false,BUF,0,0,0,2,0,0,0,0,0,0,8,5979,120,1,13,2,2,1,0,0
Jordan Eberle,EDM,C,2016-10-18,false,CAR,3,2,0,2,1,0,0,0,0,0,13,4435,99,1,1,3,0,1,0,1
Patrick Eaves,DAL,R,2016-10-20,false,LAK,0,3,-1,0,0,1,0,0,0,0,2,3507,87,7,1,3,0,0,0,0
Cody Eakin,DAL,C,2016-11-23,false,NSH,0,0,-3,0,0,0,0,0,0,0,5,3870,100,2,2,2,1,1,37,33
Ryan Dzingel,OTT,L,2016-10-18,false,ARI,2,2,2,0,0,0,1,0,0,0,5,2513,67,3,3,1,0,0,0,0
Christian Dvorak,ARI,C,2016-10-23,false,NYR,0,2,1,2,0,1,0,0,0,0,1,4145,78,5,6,2,1,0,21,30
Brian Dumoulin,PIT,D,2016-10-18,false,MTL,0,0,-2,0,0,0,0,0,0,0,5,5362,115,7,5,1,4,0,0,0
Gabriel Dumont,TBL,C,2017-01-17,false,ANA,0,0,-3,0,0,0,0,0,0,0,9,2233,59,6,1,0,2,0,9,7
Matt Dumba,MIN,D,2016-10-20,false,TOR,1,1,-1,2,1,0,0,0,0,0,5,4679,99,7,7,2,1,1,0,0
Anthony Duclair,ARI,L,2016-10-21,false,NYI,0,0,-4,0,0,0,0,0,0,0,6,3315,71,1,0,3,3,0,0,0
Matt Duchene,COL,C,2016-10-20,false,TBL,2,1,2,2,0,0,0,0,1,0,9,4182,91,2,4,1,3,0,13,12
Brandon Dubinsky,CBJ,C,2016-10-22,false,DAL,0,1,-5,11,0,0,0,0,0,0,5,4082,97,13,4,6,1,0,36,37
Jonathan Drouin,TBL,L,2016-10-20,false,COL,1,3,-1,2,1,1,0,0,0,0,12,4579,90,4,3,2,4,3,9,11
Leon Draisaitl,EDM,C,2016-10-18,false,CAR,2,4,0,0,1,1,0,0,0,0,13,3920,88,2,2,3,3,3,27,24
Justin Dowling,DAL,C,2016-11-11,false,EDM,0,2,0,2,0,1,0,0,0,0,8,2747,76,1,0,1,0,1,18,17
Nic Dowd,LAK,C,2016-10-25,false,CBJ,1,1,-1,0,1,0,0,0,0,0,6,2799,68,15,0,5,0,0,21,20
Drew Doughty,LAK,D,2016-10-20,false,DAL,1,1,-1,4,0,1,0,0,0,0,12,6516,132,7,8,4,7,0,0,0
Jake Dotchin,TBL,D,2017-01-31,false,BOS,0,1,0,6,0,0,0,0,0,0,5,3872,88,12,2,2,3,0,0,0
Joonas Donskoi,SJS,R,2016-10-18,false,NYI,0,1,0,2,0,0,0,0,0,0,8,3431,78,0,0,4,1,3,0,0
Max Domi,ARI,L,2016-10-21,false,NYI,0,1,-4,4,0,0,0,0,0,0,12,4605,88,5,3,3,3,3,1,1
Shane Doan,ARI,R,2016-10-21,false,NYI,1,2,-1,2,1,1,0,0,0,0,12,3826,83,12,1,4,0,0,4,1
Brenden Dillon,SJS,D,2016-10-18,false,NYI,0,1,1,2,0,0,0,0,0,0,4,3741,84,6,1,2,0,0,0,0
Jason Dickinson,DAL,C,2017-03-28,false,MTL,0,0,-3,0,0,0,0,0,0,0,2,2695,70,1,1,1,0,1,4,9
Phillip Di Giuseppe,CAR,L,2016-10-25,false,DET,0,0,-3,0,0,0,0,0,0,0,8,3255,73,4,1,4,1,1,0,0
Nicolas Deslauriers,BUF,L,2016-10-20,false,VAN,0,0,-2,4,0,0,0,0,0,0,4,2303,53,13,0,2,0,1,0,0
Andrew Desjardins,CHI,L,2016-11-15,false,WPG,0,0,0,2,0,0,0,0,0,0,9,2766,66,4,2,2,0,0,3,3
David Desharnais,MTL,C,2016-10-20,false,ARI,2,2,2,0,0,0,0,0,0,0,4,3008,73,0,1,0,1,1,13,10
Jason Demers,FLA,D,2016-10-20,false,WSH,0,1,-2,2,0,0,0,0,0,0,4,4785,91,3,2,7,3,6,0,0
Michael Del Zotto,PHI,D,2016-11-12,false,MIN,1,2,-1,4,0,0,0,0,0,0,8,4561,100,20,7,4,1,2,0,0
Dylan DeMelo,SJS,D,2016-12-09,false,ANA,1,0,-1,2,0,0,0,0,0,0,6,3398,87,8,6,2,2,0,0,0
Danny DeKeyser,DET,D,2016-10-19,false,NYR,1,0,3,2,0,0,0,0,0,0,2,5602,118,3,11,1,3,0,0,0
Anthony DeAngelo,ARI,D,2016-11-16,false,CGY,1,1,1,0,0,1,0,0,0,0,7,4899,94,0,3,3,1,0,0,0
Jacob De La Rose,MTL,L,2017-01-21,false,BUF,0,0,-2,2,0,0,0,0,0,0,3,2472,69,12,1,2,0,2,7,2
Brandon Davidson,EDM,D,2016-12-19,false,STL,0,1,-1,2,0,0,0,0,0,0,6,3158,73,5,4,1,1,1,0,0
Laurent Dauphin,ARI,C,2016-10-21,false,NYI,1,1,-1,0,0,0,1,0,0,0,5,2556,62,11,2,0,1,3,5,7
Marko Dano,WPG,C,2016-11-08,false,DAL,2,1,0,2,1,0,0,0,0,0,2,2502,59,4,0,1,1,0,0,0
Phillip Danault,MTL,L,2016-10-20,false,ARI,0,2,1,0,0,0,0,0,0,0,1,2790,72,1,4,1,2,0,8,15
Trevor Daley,PIT,D,2016-10-18,false,MTL,1,1,-1,0,1,0,0,0,0,0,7,4873,119,2,3,1,0,3,0,0
Klas Dahlbeck,CAR,D,2016-10-22,false,PHI,0,1,0,6,0,0,0,0,0,0,1,2875,75,3,0,1,1,2,0,0
Austin Czarnik,BOS,C,2016-10-29,false,DET,1,0,-2,4,0,0,0,0,0,0,5,3331,77,1,2,1,1,2,3,8
Matt Cullen,PIT,C,2016-10-18,false,MTL,1,2,0,0,0,1,0,0,0,0,11,4311,109,2,1,4,2,0,43,36
Lawson Crouse,ARI,L,2016-10-23,false,NYR,0,0,-3,2,0,0,0,0,0,0,5,1851,42,6,0,0,0,0,0,0
Sidney Crosby,PIT,C,2016-11-02,false,ANA,4,2,2,0,2,1,0,0,1,0,15,4250,104,4,0,6,2,2,36,42
Joseph Cramarossa,ANA,C,2016-10-28,false,CBJ,0,0,-1,0,0,0,0,0,0,0,3,2274,56,13,2,2,1,2,1,0
Adam Cracknell,DAL,R,2016-10-20,false,LAK,2,1,2,0,0,0,0,0,0,0,11,2412,65,9,3,4,1,0,7,2
Charlie Coyle,MIN,C,2016-10-20,false,TOR,2,2,1,4,1,0,0,0,0,0,9,3877,90,7,6,3,1,2,2,4
Sean Couturier,PHI,C,2016-10-20,false,ANA,3,0,0,0,0,0,0,0,1,0,8,4421,100,3,2,2,0,3,21,34
Logan Couture,SJS,C,2016-10-18,false,NYI,2,2,0,2,2,0,0,0,0,0,11,4032,99,0,3,2,3,1,20,32
Nick Cousins,PHI,C,2016-10-22,false,CAR,0,2,1,2,0,0,0,0,0,0,3,2623,58,1,2,0,0,0,0,1
Frank Corrado,PIT,D,2017-03-23,false,OTT,0,0,-1,8,0,0,0,0,0,0,3,2585,67,4,2,6,2,0,0,0
Andrew Copp,WPG,C,2016-11-08,false,DAL,1,2,1,0,0,0,1,0,0,0,3,2592,67,6,2,2,2,1,8,24
Kyle Connor,WPG,L,2016-10-19,false,TOR,0,1,-4,2,0,1,0,0,0,0,6,3707,74,1,2,4,0,2,0,0
Brett Connolly,WSH,R,2016-10-30,false,CGY,1,0,1,0,0,0,0,0,0,0,9,2314,56,7,1,1,0,0,0,0
Kevin Connauton,ARI,D,2016-11-03,false,NSH,0,1,0,6,0,0,0,0,0,0,4,2899,69,8,1,2,0,0,0,0
Erik Condra,TBL,R,2016-12-17,false,EDM,0,0,-1,2,0,0,0,0,0,0,1,2639,58,2,5,2,2,2,1,0
Cory Conacher,TBL,C,2016-12-17,false,EDM,1,1,0,2,1,0,0,0,0,0,7,3185,76,0,0,2,4,0,1,1
J.T. Compher,COL,L,2017-03-07,false,CAR,0,0,-2,2,0,0,0,0,0,0,6,3104,74,3,3,1,1,1,14,18
Blake Comeau,COL,L,2016-10-20,false,TBL,0,1,1,6,0,0,0,0,0,0,5,3644,89,7,2,2,0,1,11,14
Blake Coleman,NJD,C,2017-01-17,false,MIN,0,1,0,2,0,0,0,0,0,0,5,2829,66,7,4,1,3,2,15,20
Ian Cole,PIT,D,2016-10-18,false,MTL,1,0,0,4,0,0,0,0,0,0,5,4065,94,6,6,3,3,1,0,0
Joe Colborne,COL,C,2016-10-20,false,TBL,3,1,0,2,2,0,0,0,0,0,7,3466,81,5,3,0,0,0,9,20
Andrew Cogliano,ANA,L,2016-10-18,false,NJD,2,0,1,2,0,0,1,0,0,0,9,3509,96,5,2,0,0,1,1,3
Braydon Coburn,TBL,D,2016-10-20,false,COL,0,0,-1,6,0,0,0,0,0,0,6,3749,85,7,1,2,2,0,0,0
Cal Clutterbuck,NYI,R,2016-10-18,false,SJS,1,2,2,4,0,0,0,0,0,0,7,3809,109,16,3,2,3,1,0,0
Kyle Clifford,LAK,L,2016-10-22,false,VAN,0,0,0,7,0,0,0,0,0,0,5,2257,53,12,1,3,1,1,0,0
Adam Clendening,NYR,D,2016-10-19,false,DET,0,0,3,2,0,0,0,0,0,0,4,4325,92,1,2,5,1,2,0,0
Fredrik Claesson,OTT,D,2016-11-09,false,BUF,0,0,-1,0,0,0,0,0,0,0,1,2666,71,5,3,0,1,0,0,0
Casey Cizikas,NYI,C,2016-10-18,false,SJS,0,2,1,0,0,0,0,0,0,0,4,3344,98,9,6,1,0,2,41,31
Jakob Chychrun,ARI,D,2016-10-23,false,NYR,1,2,0,2,0,0,0,0,0,0,6,3908,82,9,3,7,4,1,0,0
Taylor Chorney,WSH,D,2016-12-05,false,BUF,0,1,1,0,0,0,0,0,0,0,6,2980,69,7,3,1,1,0,0,0
Jason Chimera,NYI,L,2016-10-18,false,SJS,0,2,-1,2,0,0,0,0,0,0,5,3481,94,4,0,3,3,1,0,1
Alex Chiasson,CGY,R,2016-10-18,false,BUF,1,0,2,2,0,0,0,0,0,0,9,2273,62,6,0,3,3,2,0,1
Ben Chiarot,WPG,D,2016-10-23,false,EDM,0,0,-3,2,0,0,0,0,0,0,1,3032,65,4,3,0,5,0,0,0
Zdeno Chara,BOS,D,2016-10-20,false,NJD,1,1,6,9,0,0,0,0,0,0,4,5522,110,8,7,1,3,3,0,0
Michael Chaput,VAN,C,2016-11-13,false,DAL,0,1,0,0,0,0,0,0,0,0,1,2049,52,7,0,0,1,0,10,8
Peter Cehlarik,BOS,L,2017-02-22,false,ANA,0,2,0,0,0,1,0,0,0,0,2,3279,77,3,1,2,6,4,1,0
Cody Ceci,OTT,D,2016-10-18,false,ARI,0,1,-3,2,0,0,0,1,0,0,5,5495,125,6,10,4,3,2,0,0
Jeff Carter,LAK,C,2016-10-20,false,DAL,1,3,1,2,0,0,0,0,0,0,8,4275,97,3,3,5,2,1,40,28
William Carrier,BUF,L,2016-11-11,false,NJD,0,0,1,0,0,0,0,0,0,0,7,1883,48,17,1,1,3,0,0,0
Connor Carrick,TOR,D,2016-10-20,false,MIN,1,0,1,0,0,0,0,0,0,0,11,4382,106,6,3,1,3,1,0,0
Daniel Carr,MTL,L,2016-11-10,false,LAK,1,1,2,2,0,0,0,0,1,0,5,2570,64,4,0,2,0,0,0,0
Ryan Carpenter,SJS,C,2017-01-18,false,LAK,1,0,2,2,0,0,0,0,0,0,5,2316,65,9,1,1,1,1,12,11
John Carlson,WSH,D,2016-10-20,false,FLA,0,1,2,0,0,0,0,0,0,0,14,5702,99,2,7,8,3,3,0,0
Brandon Carlo,BOS,D,2016-10-20,false,NJD,1,1,7,2,0,0,0,0,0,0,6,5257,110,2,12,5,2,0,0,0
Paul Carey,WSH,C,2017-03-02,false,NJD,0,0,-2,0,0,0,0,0,0,0,3,2248,52,4,1,2,1,0,0,0
Brian Campbell,CHI,D,2016-10-18,false,PHI,0,1,2,2,0,1,0,0,0,0,1,4092,81,8,1,1,6,0,0,0
Michael Cammalleri,NJD,L,2016-10-20,false,BOS,0,1,1,4,0,1,0,0,0,0,9,3924,80,3,1,6,4,1,1,0
Matt Calvert,CBJ,L,2016-10-22,false,DAL,1,0,-2,2,0,0,0,0,0,0,7,3965,88,3,1,1,2,4,1,2
Mitch Callahan,DET,R,2017-03-16,false,ARI,0,0,0,0,0,0,0,0,0,0,2,1635,42,3,2,1,0,1,0,0
Ryan Callahan,TBL,R,2016-11-05,false,NJD,0,1,1,17,0,0,0,0,0,0,6,3176,86,9,2,4,2,3,2,1
Drake Caggiula,EDM,L,2016-11-25,false,ARI,0,2,1,0,0,0,0,0,0,0,2,3393,80,3,0,2,0,1,7,10
Paul Byron,MTL,L,2016-10-20,false,ARI,0,3,0,2,0,0,0,0,0,0,5,3032,85,2,1,0,0,2,1,0
Dustin Byfuglien,WPG,D,2016-10-19,false,TOR,0,4,2,2,0,0,0,0,0,0,7,6983,125,14,4,8,6,2,0,0
Alexandre Burrows,VAN,L,2016-10-20,false,BUF,0,0,-1,0,0,0,0,0,0,0,2,2716,77,4,0,0,1,4,0,1
Brent Burns,SJS,D,2016-10-18,false,NYI,3,5,1,2,0,1,0,0,1,0,20,5527,109,3,9,5,7,2,0,0
Alexander Burmistrov,WPG,C,2016-10-23,false,EDM,0,1,-1,0,0,0,0,0,0,0,1,2832,59,7,0,2,3,1,11,26
Andre Burakovsky,WSH,L,2016-10-20,false,FLA,2,0,1,0,0,0,0,0,0,0,11,3992,80,2,1,2,1,1,0,0
Pavel Buchnevich,NYR,R,2016-10-30,false,TBL,0,2,1,2,0,1,0,0,0,0,6,3857,90,2,2,6,2,2,0,1
Dustin Brown,LAK,R,2016-10-20,false,DAL,0,1,-5,0,0,1,0,0,0,0,7,3807,87,8,1,3,0,2,0,0
Connor Brown,TOR,R,2016-10-20,false,MIN,1,0,-1,4,0,0,0,0,0,0,4,2967,76,1,2,3,1,0,0,0
J.T. Brown,TBL,R,2016-10-20,false,COL,0,0,0,4,0,0,0,0,0,0,4,2346,58,6,0,2,1,0,0,0
Patrick Brown,CAR,C,2017-03-07,false,COL,0,0,-4,0,0,0,0,0,0,0,4,2543,61,6,2,2,1,0,0,0
Troy Brouwer,CGY,R,2016-10-18,false,BUF,2,0,-1,2,0,0,1,0,0,0,7,4289,98,12,3,2,2,2,3,6
Jonny Brodzinski,LAK,C,2017-04-04,false,EDM,0,2,2,0,0,0,0,0,0,0,11,3082,68,5,3,5,1,1,0,0
Kyle Brodziak,STL,C,2016-10-20,false,EDM,0,0,0,4,0,0,0,0,0,0,2,1849,57,3,1,1,0,1,5,12
Jonas Brodin,MIN,D,2016-10-20,false,TOR,1,2,2,2,0,0,0,0,1,0,3,4179,95,1,7,4,2,0,0,0
TJ Brodie,CGY,D,2016-10-18,false,BUF,0,1,-4,0,0,1,0,0,0,0,8,5862,130,0,4,1,4,3,0,0
Justin Braun,SJS,D,2016-10-18,false,NYI,0,0,-2,0,0,0,0,0,0,0,5,4826,104,5,5,4,2,2,0,0
Derick Brassard,OTT,C,2016-10-18,false,ARI,1,2,-1,0,0,0,0,0,0,0,11,4308,95,6,0,3,1,1,35,33
Tyler Bozak,TOR,C,2016-10-20,false,MIN,0,2,-2,0,0,0,0,0,0,0,4,3679,89,2,1,3,2,2,32,25
Brian Boyle,TBL,C,2016-10-20,false,COL,1,0,1,5,0,0,0,0,0,0,9,2584,59,6,1,0,1,3,19,15
Johnny Boychuk,NYI,D,2016-10-18,false,SJS,0,1,-1,0,0,1,0,0,0,0,6,4474,88,6,9,6,1,2,0,0
Jay Bouwmeester,STL,D,2016-10-18,false,VAN,0,0,2,2,0,0,0,0,0,0,3,5638,129,4,10,2,2,0,0,0
Rene Bourque,COL,R,2016-10-28,false,WPG,0,1,0,4,0,0,0,0,0,0,7,3314,72,11,3,2,1,2,0,2
Michael Bournival,TBL,L,2016-12-22,false,STL,1,0,1,0,0,0,0,0,0,0,6,1992,50,4,1,4,0,2,0,1
Lance Bouma,CGY,C,2016-10-18,false,BUF,0,1,2,0,0,0,0,0,0,0,1,2721,71,5,5,1,0,0,0,0
Reid Boucher,NJD,C,2016-11-06,false,CAR,0,1,0,2,0,0,0,0,0,0,3,2603,60,2,2,3,0,3,0,0
Robert Bortuzzo,STL,D,2016-10-27,false,DET,0,0,1,2,0,0,0,0,0,0,4,2839,80,13,6,1,4,0,0,0
Mark Borowiecki,OTT,D,2016-10-18,false,ARI,0,0,-1,7,0,0,0,0,0,0,1,3050,77,9,7,2,0,0,0,0
Nick Bonino,PIT,C,2016-10-18,false,MTL,0,1,-3,4,0,1,0,0,0,0,10,4918,112,5,6,0,1,3,45,49
Jared Boll,ANA,R,2016-10-20,false,PHI,0,1,-1,6,0,0,0,0,0,0,0,1206,36,5,0,0,0,0,0,1
Zach Bogosian,BUF,D,2016-10-20,false,VAN,0,0,0,2,0,0,0,0,0,0,4,4809,110,2,8,1,2,1,0,0
Brock Boeser,VAN,R,2017-03-31,false,LAK,2,0,2,0,0,0,0,0,1,0,14,3982,86,5,0,2,2,1,0,0
Mikkel Boedker,SJS,L,2016-10-18,false,NYI,1,0,-1,0,0,0,0,0,0,0,4,3355,83,2,2,3,2,1,2,1
Anton Blidh,BOS,L,2016-12-08,false,COL,0,1,0,0,0,0,0,0,0,0,7,2499,51,13,0,2,0,1,0,0
Joseph Blandisi,NJD,L,2017-02-12,false,SJS,0,0,-2,7,0,0,0,0,0,0,5,2454,67,8,0,0,0,1,1,0
Nick Bjugstad,FLA,C,2016-11-29,false,CHI,0,0,-1,2,0,0,0,0,0,0,3,3147,63,6,1,1,1,0,0,1
Oliver Bjorkstrand,CBJ,R,2016-12-09,false,DET,0,0,-2,6,0,0,0,0,0,0,4,2758,68,3,1,2,1,0,1,0
Anthony Bitetto,NSH,D,2016-11-29,false,COL,0,1,-1,5,0,0,0,0,0,0,1,2077,52,7,3,2,1,0,0,0
Kevin Bieksa,ANA,D,2016-10-18,false,NJD,0,0,-2,2,0,0,0,0,0,0,11,5074,99,10,6,5,2,1,0,0
Alex Biega,VAN,D,2016-12-11,false,WSH,0,1,0,4,0,0,0,0,0,0,4,3409,84,9,5,7,0,1,0,0
Bryan Bickell,CAR,L,2016-10-20,false,CGY,0,0,-1,0,0,0,0,0,0,0,4,2471,57,5,1,2,0,2,0,1
Patrik Berglund,STL,C,2016-10-18,false,VAN,0,2,1,2,0,0,0,0,0,0,4,3728,97,6,4,4,1,2,21,22
Patrice Bergeron,BOS,C,2016-10-26,false,NYR,1,0,0,2,0,0,0,0,1,0,9,4437,95,2,4,5,1,2,57,39
Matt Benning,EDM,D,2016-11-06,false,DET,0,2,-1,0,0,1,0,0,0,0,3,3540,87,1,5,2,0,0,0,0
Sam Bennett,CGY,C,2016-10-18,false,BUF,0,0,-2,12,0,0,0,0,0,0,7,3759,93,8,0,7,3,0,27,20
Beau Bennett,NJD,R,2016-10-22,false,MIN,0,0,-2,0,0,0,0,0,0,0,6,2718,60,4,0,1,0,3,0,0
Jamie Benn,DAL,L,2016-10-20,false,LAK,2,2,-1,2,2,1,0,0,0,0,11,4825,118,8,1,4,4,2,21,20
Jordie Benn,DAL,D,2016-10-25,false,WPG,0,2,-1,4,0,0,0,0,0,0,5,4211,100,7,10,2,1,0,0,0
Pierre-Edouard Bellemare,PHI,L,2016-10-20,false,ANA,0,1,1,0,0,0,0,0,0,0,3,3363,81,3,6,0,0,0,24,20
Matt Beleskey,BOS,L,2016-10-20,false,NJD,0,0,-4,0,0,0,0,0,0,0,6,3919,85,7,1,7,1,1,7,9
Taylor Beck,NYR,L,2017-04-08,false,OTT,0,0,-2,4,0,0,0,0,0,0,1,1810,49,3,0,0,1,0,0,1
Anthony Beauvillier,NYI,C,2016-10-21,false,ARI,1,2,2,2,0,0,0,0,0,0,3,2188,53,8,0,1,2,1,1,1
Nathan Beaulieu,MTL,D,2016-10-20,false,ARI,0,2,6,4,0,1,0,0,0,0,3,4907,108,6,5,2,7,2,0,0
Francois Beauchemin,COL,D,2016-10-20,false,TBL,0,2,3,0,0,1,0,0,0,0,3,5093,112,4,7,2,4,4,0,0
Jay Beagle,WSH,C,2016-10-20,false,FLA,0,1,2,0,0,0,0,0,0,0,7,2861,73,0,4,2,0,1,26,17
Matt Bartkowski,CGY,D,2017-02-24,false,FLA,0,0,2,0,0,0,0,0,0,0,1,3406,87,4,3,1,2,0,0,0
Tyson Barrie,COL,D,2016-10-20,false,TBL,1,2,1,2,0,1,0,0,1,0,5,5266,104,6,2,6,2,0,0,0
Aleksander Barkov,FLA,C,2016-10-20,false,WSH,2,3,4,0,0,1,0,0,1,1,10,4992,106,1,4,3,1,3,30,29
Mark Barberio,MTL,D,2016-12-02,false,SJS,0,0,0,4,0,0,0,0,0,0,4,3242,75,2,5,0,3,0,0,0
Ivan Barbashev,STL,C,2017-02-04,false,PIT,0,0,1,0,0,0,0,0,0,0,3,2151,50,8,2,0,0,1,8,6
Nicholas Baptiste,BUF,R,2016-11-01,false,MIN,1,0,1,2,0,0,0,0,0,0,6,1921,49,3,1,0,0,0,0,1
Justin Bailey,BUF,R,2017-01-03,false,NYR,1,0,1,0,0,0,0,0,0,0,2,2333,60,4,1,2,0,1,0,0
Josh Bailey,NYI,R,2016-10-18,false,SJS,1,2,0,0,0,0,0,0,1,1,9,4718,107,2,5,3,2,2,0,2
Casey Bailey,OTT,R,2017-01-01,false,WSH,0,0,-1,0,0,0,0,0,0,0,2,1850,48,3,0,0,0,1,0,0
Sven Baertschi,VAN,L,2016-10-20,false,BUF,0,1,1,0,0,0,0,0,0,0,4,3439,78,2,1,0,3,0,1,0
Nicklas Backstrom,WSH,C,2016-10-20,false,FLA,0,3,1,2,0,1,0,0,0,0,11,4319,94,4,0,0,3,2,41,28
Mikael Backlund,CGY,C,2016-10-18,false,BUF,0,4,-3,0,0,1,0,1,0,0,10,4117,99,2,2,3,5,4,32,30
David Backes,BOS,R,2016-10-20,false,NJD,2,1,7,9,0,0,0,0,0,0,10,4561,94,16,3,2,1,1,28,36
Yohann Auvitu,NJD,D,2016-10-20,false,BOS,0,1,1,0,0,0,0,0,0,0,13,4068,85,1,1,1,1,4,0,0
Brady Austin,BUF,D,2017-03-27,false,FLA,0,0,0,2,0,0,0,0,0,0,7,3969,102,5,0,0,2,1,0,0
Cam Atkinson,CBJ,R,2016-10-22,false,DAL,1,2,-3,2,1,2,0,0,0,0,10,4274,97,2,0,8,0,2,1,0
Andreas Athanasiou,DET,C,2016-10-22,false,SJS,1,0,2,0,0,0,0,0,0,0,6,2580,61,2,0,1,2,1,0,1
Viktor Arvidsson,NSH,L,2016-10-21,false,DET,1,1,-2,2,0,1,0,0,0,0,13,3055,81,1,1,0,1,1,0,0
Joel Armia,WPG,R,2016-10-23,false,EDM,0,0,0,0,0,0,0,0,0,0,7,2924,64,3,2,1,3,3,1,0
Josh Archibald,PIT,R,2017-03-23,false,OTT,2,0,1,0,0,0,1,0,0,0,3,2208,58,8,0,2,0,0,0,1
Artem Anisimov,CHI,C,2016-10-18,false,PHI,2,3,1,8,0,2,0,0,1,0,7,4507,94,2,0,2,0,2,18,36
Sven Andrighetto,MTL,R,2016-11-15,false,FLA,0,0,0,0,0,0,0,0,0,0,7,2700,61,5,3,1,1,1,0,0
Andy Andreoff,LAK,L,2016-10-20,false,DAL,0,0,-2,4,0,0,0,0,0,0,3,2272,55,8,3,2,3,0,7,6
Josh Anderson,CBJ,R,2016-10-22,false,DAL,2,0,3,2,0,0,0,0,1,0,7,2658,73,2,1,0,1,1,1,2
Karl Alzner,WSH,D,2016-10-20,false,FLA,0,2,4,2,0,0,0,0,0,0,6,4846,101,4,6,2,2,1,0,0
Sebastian Aho,CAR,R,2016-10-20,false,CGY,0,3,-1,2,0,2,0,0,0,0,5,3283,73,2,0,5,3,1,0,0
Kenny Agostino,STL,L,2017-02-11,false,MTL,1,1,-1,0,0,1,0,0,0,0,12,3118,69,5,2,3,4,1,0,0
Noel Acciari,BOS,C,2016-10-20,false,NJD,0,1,0,2,0,0,0,0,0,0,3,2632,60,9,1,2,1,2,2,2
Pontus Aberg,NSH,L,2016-11-19,false,STL,1,1,2,2,0,0,0,0,0,0,4,3052,68,2,0,1,1,1,1,0
Justin Abdelkader,DET,L,2016-10-19,false,NYR,0,0,-2,5,0,0,0,0,0,0,3,3563,78,13,3,3,2,3,0,0
Jake Virtanen,VAN,R,2016-10-23,false,ANA,0,0,0,0,0,0,0,0,0,0,7,2474,65,7,3,3,0,3,1,0
Linden Vey,CGY,R,2016-11-18,false,CHI,0,0,-2,0,0,0,0,0,0,0,1,2644,60,1,0,2,2,0,9,15
Dylan Strome,ARI,C,2016-11-01,false,SJS,0,1,-3,0,0,0,0,0,0,0,4,3306,78,3,1,4,0,3,16,27
Clayton Stoner,ANA,D,2016-10-23,false,VAN,0,1,-2,2,0,0,0,0,0,0,3,4308,100,5,6,0,1,0,0,0
Steven Stamkos,TBL,C,2016-10-20,false,COL,2,2,-2,6,0,1,0,0,0,0,16,4625,89,7,0,4,0,4,27,27
Nick Sorensen,ANA,R,2016-10-18,false,NJD,0,0,-2,2,0,0,0,0,0,0,6,2849,72,1,3,1,0,0,1,0
Hunter Shinkaruk,CGY,C,2016-11-20,false,DET,0,1,-3,0,0,0,0,0,0,0,3,2598,57,2,2,2,0,2,0,0
Cole Schneider,BUF,L,2016-11-21,false,CGY,0,1,2,0,0,0,0,0,0,0,6,1714,45,3,2,0,0,0,0,0
Buddy Robinson,OTT,R,2016-12-10,false,LAK,0,0,0,2,0,0,0,0,0,0,4,1667,49,9,0,1,1,1,0,0
Brad Richardson,ARI,R,2016-10-21,false,NYI,2,2,1,0,0,0,1,1,0,0,8,3303,82,4,2,3,1,2,31,30
Mason Raymond,ANA,L,2016-10-18,false,NJD,0,0,-2,0,0,0,0,0,0,0,3,2138,53,3,0,1,1,0,0,1
Kyle Rau,FLA,C,2016-10-30,false,DET,0,1,-1,0,0,0,0,0,0,0,2,3103,68,6,1,1,0,0,1,1
Teddy Purcell,LAK,L,2016-11-05,false,CGY,0,0,-2,0,0,0,0,0,0,0,3,3271,70,3,0,1,2,0,1,0
Tyler Pitlick,EDM,R,2016-10-18,false,CAR,2,0,0,0,0,0,0,0,1,0,6,2082,57,7,0,0,1,1,0,0
Adam Pardy,NSH,D,2016-12-22,false,LAK,0,0,-1,6,0,0,0,0,0,0,4,2638,64,3,3,1,0,1,0,0
Tyler Myers,WPG,D,2016-10-19,false,TOR,1,0,0,2,0,0,0,0,0,0,6,5597,113,5,10,2,5,1,0,0
Milan Michalek,TOR,L,2016-10-20,false,MIN,1,1,0,2,0,0,0,0,0,0,5,3449,81,4,7,2,1,2,0,1
Taylor Leier,PHI,L,2016-12-14,false,COL,0,1,0,2,0,0,0,0,0,0,1,1788,45,1,0,1,0,1,0,0
Brian Lashoff,DET,D,2016-12-11,false,PHI,0,0,-1,0,0,0,0,0,0,0,1,2972,74,6,1,1,1,0,0,0
Johan Larsson,BUF,C,2016-10-20,false,VAN,0,2,-2,4,0,0,0,0,0,0,2,4095,92,3,4,2,2,0,20,23
Jacob Larsson,ANA,D,2016-10-18,false,NJD,0,0,-1,2,0,0,0,0,0,0,2,3943,85,1,1,3,1,0,0,0
Quinton Howden,WPG,C,2016-11-19,false,BOS,0,0,1,0,0,0,0,0,0,0,4,2345,62,4,0,0,0,1,0,2
Danton Heinen,BOS,C,2016-10-20,false,NJD,0,0,0,2,0,0,0,0,0,0,2,3157,63,4,2,2,2,2,0,0
Shane Harper,FLA,R,2016-10-20,false,WSH,0,0,0,6,0,0,0,0,0,0,3,2324,58,9,0,0,2,1,0,0
Joel Hanley,MTL,D,2016-11-19,false,TOR,0,0,0,4,0,0,0,0,0,0,3,2856,68,7,3,0,3,0,0,0
Erik Gudbranson,VAN,D,2016-10-20,false,BUF,0,1,0,2,0,0,0,0,0,0,8,4310,97,3,1,0,3,1,0,0
A.J. Greer,COL,L,2016-11-21,false,CBJ,0,1,0,2,0,0,0,0,0,0,8,3386,81,4,2,2,2,1,0,0
Tyler Gaudet,ARI,C,2016-12-10,false,NSH,0,1,0,0,0,0,0,0,0,0,3,3117,71,3,1,3,0,0,14,21
Ryan Garbutt,ANA,C,2016-10-18,false,NJD,0,0,-3,0,0,0,0,0,0,0,1,2111,59,4,2,3,0,0,2,1
Mark Fayne,EDM,D,2016-12-06,false,BUF,0,2,1,0,0,0,0,0,0,0,4,1900,56,1,2,3,2,0,0,0
Derek Dorsett,VAN,R,2016-10-20,false,BUF,0,1,0,2,0,0,0,0,0,0,5,2296,64,12,3,0,0,1,0,0
Zac Dalpe,MIN,C,2016-10-20,false,TOR,1,2,1,0,0,0,0,0,0,0,5,1843,50,3,3,0,0,1,16,11
Matt Carle,NSH,D,2016-10-21,false,DET,0,0,-3,0,0,0,0,0,0,0,1,2919,67,3,4,0,1,0,0,0
Gabriel Bourque,COL,L,2016-10-20,false,TBL,0,0,0,0,0,0,0,0,0,0,2,2559,67,12,5,1,0,0,0,0
Tyler Bertuzzi,DET,L,2016-11-18,false,WSH,0,0,-1,0,0,0,0,0,0,0,2,2331,57,6,0,2,1,1,1,0
Christoph Bertschy,MIN,C,2016-11-12,false,PHI,0,1,1,4,0,0,0,0,0,0,5,1962,53,7,1,0,0,0,0,0
Cody Bass,NSH,C,2016-11-03,false,ARI,0,0,0,2,0,0,0,0,0,0,0,1805,50,7,1,0,0,2,0,2
