James van Riemsdyk,TOR,L,2016-11-17,false,FLA,8,9,0,8,0,3,0,0,1,0,50,15578,352,19,10,9,6,6,1,3
Trevor van Riemsdyk,CHI,D,2017-01-05,false,BUF,1,3,7,6,0,0,0,0,0,0,22,18660,403,6,20,7,11,5,0,0
Calvin de Haan,NYI,D,2016-11-18,false,PIT,1,5,3,20,0,0,0,0,0,0,31,18852,366,29,41,9,15,5,0,0
Jason Zucker,MIN,L,2016-11-19,false,COL,2,5,8,6,0,0,0,0,0,0,23,12501,302,17,5,14,4,9,1,1
Mats Zuccarello,NYR,R,2016-11-15,false,VAN,7,6,6,8,2,0,0,0,0,0,39,19131,398,18,6,9,7,15,1,1
Harry Zolnierczyk,NSH,L,2017-02-18,false,MIN,1,2,0,8,0,0,0,0,0,0,14,8605,213,22,7,2,1,2,2,3
Mika Zibanejad,NYR,C,2016-11-15,false,VAN,3,10,3,6,0,5,0,0,0,0,42,16928,388,6,7,27,8,10,159,141
Henrik Zetterberg,DET,L,2016-11-15,false,TBL,3,8,0,0,1,2,0,0,0,0,33,19842,386,12,6,8,9,13,123,123
Travis Zajac,NJD,C,2016-11-19,false,LAK,4,6,0,8,2,1,0,0,1,0,37,20069,436,23,6,5,5,8,179,169
Nikita Zaitsev,TOR,D,2016-11-17,false,FLA,0,7,-3,4,0,2,0,0,0,0,17,22165,483,41,30,12,12,6,0,0
Nikita Zadorov,COL,D,2016-11-21,false,CBJ,0,2,-6,20,0,0,0,0,0,0,13,17585,417,34,22,8,7,3,0,0
Pavel Zacha,NJD,C,2016-11-19,false,LAK,1,4,-3,6,0,1,0,0,0,0,19,14757,305,21,11,6,5,2,47,64
Keith Yandle,FLA,D,2016-11-17,false,TOR,0,8,0,14,0,3,0,0,0,0,44,23165,412,7,19,20,17,5,0,0
Nail Yakupov,STL,R,2016-12-03,false,WPG,2,3,-1,10,0,0,0,0,0,0,15,10215,255,13,2,9,2,6,0,0
Miles Wood,NJD,L,2016-12-29,false,WSH,4,0,-1,15,0,0,0,0,0,0,29,12242,303,23,5,15,3,6,1,0
Luke Witkowski,TBL,D,2017-03-04,false,BUF,0,3,-1,13,0,0,0,0,0,0,12,10281,244,35,10,5,5,3,0,0
Daniel Winnik,WSH,L,2016-12-07,false,BOS,4,2,6,8,0,0,0,0,1,0,13,11571,270,8,6,6,8,6,3,3
Tommy Wingels,SJS,C,2016-11-19,false,ARI,4,1,0,0,0,0,0,0,2,0,20,9531,247,22,7,6,5,0,27,35
Scott Wilson,PIT,L,2016-11-21,false,NYR,2,2,-5,2,0,0,0,0,0,0,31,13178,321,40,9,10,3,2,1,0
Colin Wilson,NSH,L,2016-11-21,false,TBL,2,5,0,6,1,0,0,0,0,0,29,15570,355,12,8,7,8,6,0,2
Tom Wilson,WSH,R,2016-11-18,false,DET,1,0,3,16,0,0,0,0,0,0,20,13656,307,34,5,2,2,9,0,3
Justin Williams,WSH,R,2016-11-18,false,DET,2,1,-3,12,1,0,0,0,0,0,33,16073,335,4,9,18,8,9,23,10
Patrick Wiercioch,COL,D,2016-11-23,false,EDM,2,6,2,13,0,0,0,0,0,0,21,17805,420,16,22,9,4,3,0,0
Chris Wideman,OTT,D,2016-11-27,false,NYR,1,4,-1,10,0,1,0,0,1,0,27,13599,363,11,12,9,12,3,0,0
Dennis Wideman,CGY,D,2016-11-27,false,PHI,2,4,1,16,2,2,0,0,0,0,32,22056,490,19,19,10,17,8,0,0
Ryan White,ARI,C,2016-11-23,false,VAN,1,2,-5,25,0,0,0,0,1,0,14,10713,249,56,7,6,1,2,9,20
Blake Wheeler,WPG,R,2016-11-13,false,LAK,5,8,-2,12,0,3,1,0,0,0,51,21347,436,25,7,15,13,10,13,15
Zach Werenski,CBJ,D,2016-11-21,false,COL,5,10,6,4,3,4,0,0,1,1,44,22780,489,12,18,15,9,6,0,0
Alexander Wennberg,CBJ,C,2016-11-21,false,COL,3,14,5,4,1,9,0,0,1,0,19,17668,395,18,14,4,7,4,113,141
Dale Weise,PHI,R,2016-11-23,false,TBL,2,2,0,4,1,0,0,0,1,0,24,12245,285,30,5,11,2,5,0,0
Yannick Weber,NSH,D,2016-11-21,false,TBL,0,3,7,15,0,0,0,0,0,0,16,11670,293,20,13,9,9,0,0,0
Shea Weber,MTL,D,2016-11-15,false,FLA,7,6,16,8,6,1,0,1,3,0,42,26080,482,43,36,18,22,2,0,0
Jordan Weal,PHI,C,2017-03-26,false,PIT,5,2,3,6,0,0,0,0,0,0,36,14138,331,4,6,12,6,8,8,9
Austin Watson,NSH,L,2016-11-27,false,WPG,0,1,3,14,0,0,0,0,0,0,13,11483,279,26,4,4,0,5,0,3
Joel Ward,SJS,R,2016-11-17,false,STL,1,3,-3,4,0,0,0,0,0,0,17,16013,375,15,11,11,14,9,38,47
Chris Wagner,ANA,C,2016-11-20,false,LAK,2,0,-4,6,0,0,0,0,0,0,17,10837,273,39,7,10,4,2,31,47
Radim Vrbata,ARI,R,2016-11-19,false,SJS,6,6,-1,4,1,1,0,0,0,0,54,17476,377,11,4,18,6,10,3,4
Jakub Vrana,WSH,L,2017-03-09,false,SJS,2,2,2,2,2,1,0,0,2,0,31,11806,248,4,7,15,6,3,0,3
Jakub Voracek,PHI,R,2016-11-15,false,OTT,7,10,-6,30,0,6,0,0,1,1,64,19738,408,4,4,13,11,4,0,4
Marc-Edouard Vlasic,SJS,D,2016-11-17,false,STL,3,3,1,22,1,2,0,0,2,1,28,22265,448,7,27,11,12,3,0,0
Jimmy Vesey,NYR,L,2016-11-15,false,VAN,7,4,7,2,2,1,0,0,2,0,29,15193,333,11,7,10,7,10,0,0
Kris Versteeg,CGY,R,2016-12-02,false,MIN,4,4,7,6,0,0,0,0,0,0,23,13325,298,2,8,6,9,9,9,5
Joel Vermin,TBL,R,2017-04-01,false,MTL,0,3,2,4,0,0,0,0,0,0,11,11185,266,17,7,8,2,5,2,0
Antoine Vermette,ANA,C,2016-11-15,false,EDM,3,5,1,16,1,1,0,0,0,0,23,16003,422,17,13,14,4,4,169,87
Frank Vatrano,BOS,C,2017-01-24,false,DET,5,3,-6,4,2,1,0,0,0,0,48,14895,337,25,4,21,1,4,0,0
Sami Vatanen,ANA,D,2016-11-15,false,EDM,1,7,2,2,1,5,0,0,0,0,25,22942,464,23,35,7,6,6,0,0
Thomas Vanek,DET,L,2016-12-09,false,CBJ,5,9,1,10,2,3,0,0,0,0,39,14852,323,6,1,8,6,11,2,4
Chris VandeVelde,PHI,C,2016-11-15,false,OTT,2,1,-5,2,0,0,0,0,0,0,14,10911,275,26,12,6,4,5,7,7
Scottie Upshall,STL,R,2016-11-22,false,BOS,3,3,-3,11,0,0,0,0,0,0,22,10583,300,18,0,10,3,3,1,3
Fedor Tyutin,COL,D,2016-11-29,false,NSH,0,7,-2,8,0,0,0,0,0,0,12,19135,454,31,23,4,4,4,0,0
Kyle Turris,OTT,C,2016-11-17,false,NSH,8,2,-1,4,1,0,0,0,2,2,36,20023,427,4,14,16,14,5,115,142
Nikita Tryamkin,VAN,D,2016-12-08,false,TBL,0,2,4,15,0,0,0,0,0,0,17,17207,382,51,18,13,5,0,0,0
Jacob Trouba,WPG,D,2016-12-11,false,EDM,1,4,-4,14,0,0,0,0,0,0,32,24095,472,24,39,18,23,12,0,0
Vincent Trocheck,FLA,C,2016-11-17,false,TOR,6,4,-5,6,0,2,0,0,1,1,42,21078,406,39,10,27,15,14,174,169
Jordin Tootoo,CHI,R,2016-11-18,false,CGY,0,0,0,11,0,0,0,0,0,0,20,7286,194,16,2,8,4,3,1,0
Tyler Toffoli,LAK,C,2016-11-15,false,COL,4,5,6,0,2,0,0,0,0,0,56,18665,407,20,1,21,9,4,0,2
Jonathan Toews,CHI,C,2016-11-15,false,WPG,4,8,5,13,1,3,0,0,2,0,44,21697,468,12,6,10,10,7,247,160
Matthew Tkachuk,CGY,L,2016-11-21,false,BUF,5,4,4,23,0,0,0,0,1,0,33,14431,316,19,4,18,5,5,1,5
Chris Tierney,SJS,C,2016-11-17,false,STL,0,4,-3,0,0,0,0,0,0,0,15,12779,318,11,12,6,11,5,57,75
Shawn Thornton,FLA,L,2017-01-11,false,NYI,0,1,-3,9,0,0,0,0,0,0,6,6706,173,17,2,8,5,1,0,2
Joe Thornton,SJS,C,2016-11-17,false,STL,2,10,2,4,0,4,0,0,0,0,14,19060,405,13,7,2,14,11,103,76
Chris Thorburn,WPG,R,2016-11-23,false,MIN,1,0,-3,34,0,0,0,0,0,0,12,8486,239,30,12,1,1,0,8,9
Nate Thompson,ANA,C,2017-03-10,false,STL,0,0,0,9,0,0,0,0,0,0,10,10824,278,44,5,2,3,5,76,80
Paul Thompson,FLA,R,2017-01-14,false,CBJ,0,3,-3,22,0,0,0,0,0,0,14,8094,204,32,13,5,1,3,0,1
Shea Theodore,ANA,D,2016-12-15,false,BOS,0,5,-6,12,0,0,0,1,0,0,26,18219,380,5,14,18,18,1,0,0
Teuvo Teravainen,CAR,L,2016-11-20,false,WPG,5,5,-3,2,1,3,0,0,1,0,29,15642,337,6,3,15,8,7,9,18
Matt Tennyson,CAR,D,2016-12-16,false,WSH,0,2,1,0,0,0,0,0,0,0,14,14889,337,18,20,6,9,7,0,0
John Tavares,NYI,C,2016-11-18,false,PIT,5,8,-2,18,2,2,0,0,0,0,54,20818,404,8,6,20,8,14,183,169
Tomas Tatar,DET,L,2016-11-15,false,TBL,2,4,-3,6,0,1,0,0,0,0,41,17892,379,15,9,15,6,7,3,2
Vladimir Tarasenko,STL,R,2016-11-15,false,BUF,6,12,0,0,2,7,0,0,1,1,66,18915,452,4,6,24,5,11,0,1
Christopher Tanev,VAN,D,2017-01-04,false,ARI,0,4,3,6,0,0,0,0,0,0,9,20954,465,4,31,8,11,6,0,0
Brandon Tanev,WPG,L,2016-11-13,false,LAK,2,1,-1,19,0,0,0,0,1,0,26,11613,318,34,13,7,4,5,0,0
Brandon Sutter,VAN,C,2016-11-15,false,NYR,3,6,-9,0,1,1,0,0,1,1,43,19267,426,12,9,16,8,7,165,146
Ryan Suter,MIN,D,2016-11-19,false,COL,4,9,9,8,1,4,1,0,0,0,39,27853,493,16,15,11,8,12,0,0
Andrej Sustr,TBL,D,2016-11-15,false,DET,0,3,-4,7,0,0,0,0,0,0,17,17964,394,11,26,7,8,8,0,0
P.K. Subban,NSH,D,2016-11-19,false,STL,3,8,-8,16,2,4,0,0,1,0,40,24938,463,18,35,13,23,10,0,0
Mark Stuart,WPG,D,2017-01-24,false,SJS,1,0,2,15,0,0,0,0,0,0,11,12491,302,25,41,2,9,3,0,0
Ryan Strome,NYI,C,2016-11-18,false,PIT,2,4,-3,14,1,1,0,0,0,0,26,13972,305,14,6,7,10,7,40,46
Mark Streit,PHI,D,2016-11-15,false,OTT,3,7,-6,12,1,4,0,0,0,0,34,20877,466,10,20,13,8,3,0,0
Anton Stralman,TBL,D,2016-12-03,false,WSH,1,6,3,0,0,4,0,0,0,0,24,22925,448,23,16,11,6,7,0,0
Michael Stone,ARI,D,2016-12-08,false,CGY,0,6,-5,2,0,3,0,0,0,0,25,20790,449,32,38,14,6,0,1,0
Mark Stone,OTT,R,2016-11-19,false,FLA,3,5,-5,6,0,1,0,0,2,0,28,18307,382,16,12,8,16,17,3,3
Chris Stewart,MIN,R,2016-11-19,false,COL,2,3,0,24,0,1,0,0,0,0,11,11659,281,25,4,4,6,4,0,1
Derek Stepan,NYR,C,2016-11-15,false,VAN,2,9,3,6,0,4,1,0,1,0,31,17311,415,3,15,7,8,13,135,164
Lee Stempniak,CAR,R,2016-11-20,false,WPG,4,5,3,12,1,1,0,0,0,0,26,16901,374,29,4,12,9,12,1,2
Alexander Steen,STL,L,2016-11-15,false,BUF,2,8,-8,27,0,3,0,0,0,0,30,20090,473,8,11,13,4,7,20,40
Troy Stecher,VAN,D,2016-12-06,false,NJD,1,5,-5,15,0,2,0,0,0,0,49,21535,432,12,16,16,6,7,0,0
Paul Stastny,STL,C,2016-11-15,false,BUF,4,5,-3,14,2,2,0,0,1,0,28,20709,472,10,8,12,3,8,191,170
Viktor Stalberg,CAR,L,2016-11-22,false,TOR,3,1,-2,17,0,0,1,0,2,0,22,11721,309,34,3,5,6,13,0,2
Matt Stajan,CGY,C,2016-11-15,false,MIN,0,4,2,8,0,0,0,0,0,0,15,13416,325,14,13,7,4,5,88,66
Drew Stafford,WPG,R,2016-12-11,false,EDM,1,3,0,8,0,0,0,0,1,0,27,15275,342,20,0,7,12,5,1,4
Eric Staal,MIN,C,2016-11-19,false,COL,5,8,6,6,1,2,0,1,2,0,50,19561,431,12,5,14,4,14,158,141
Jordan Staal,CAR,C,2016-11-20,false,WPG,5,4,-1,6,2,0,0,0,0,0,38,19874,459,37,6,15,8,14,189,114
Marc Staal,NYR,D,2016-11-15,false,VAN,1,2,9,4,0,0,0,1,0,0,16,19817,459,16,21,9,10,8,0,0
Jared Spurgeon,MIN,D,2016-11-26,false,STL,1,4,9,4,0,1,0,1,0,0,37,24147,473,8,38,6,4,6,0,0
Ryan Sproul,DET,D,2016-12-20,false,TBL,1,5,-7,4,1,2,0,0,0,0,34,16369,365,8,6,12,4,3,0,0
Ryan Spooner,BOS,C,2016-11-19,false,WPG,3,4,-2,6,2,1,0,0,0,0,40,16023,339,6,4,9,10,11,7,7
Jason Spezza,DAL,C,2016-11-29,false,DET,4,5,-12,6,1,3,0,0,1,0,42,16766,404,5,6,20,12,7,105,85
Nikita Soshnikov,TOR,R,2016-12-10,false,BOS,1,3,0,4,0,1,0,0,0,0,24,10751,270,38,9,9,4,4,1,6
Marcus Sorensen,SJS,R,2017-04-04,false,VAN,1,3,-1,4,0,0,0,0,1,0,23,10770,277,13,6,5,11,8,3,1
Carl Soderberg,COL,C,2016-11-19,false,MIN,3,2,-2,12,1,0,0,0,0,0,36,17231,402,7,13,8,5,11,106,105
Devante Smith-Pelly,NJD,R,2016-11-23,false,TOR,2,4,-3,2,0,2,0,0,0,0,34,13920,300,27,8,11,4,5,6,7
Craig Smith,NSH,R,2016-11-21,false,TBL,5,2,-1,12,2,1,0,0,0,0,37,14964,336,21,5,26,8,6,20,19
Brendan Smith,DET,D,2016-11-15,false,TBL,2,2,-5,15,1,2,0,0,1,0,25,18609,415,24,16,9,16,0,0,0
Ben Smith,TOR,R,2016-11-22,false,CAR,1,1,-3,0,0,0,0,0,0,0,12,12035,305,11,11,4,4,4,111,99
Reilly Smith,FLA,R,2016-11-17,false,TOR,3,3,-4,2,2,0,0,0,1,0,38,19693,409,16,5,18,6,21,1,0
Gemel Smith,DAL,C,2017-04-08,false,COL,3,3,-1,21,0,0,1,0,0,0,19,13857,342,6,6,8,6,4,25,34
Zack Smith,OTT,C,2016-11-17,false,NSH,3,1,0,27,0,0,1,0,0,0,34,16697,380,35,5,13,15,4,68,61
Anton Slepyshev,EDM,L,2017-01-14,false,CGY,2,2,4,2,0,0,0,0,0,0,27,11522,268,23,3,6,7,5,0,0
Jaccob Slavin,CAR,D,2016-11-20,false,WPG,1,4,0,2,0,1,0,0,0,0,23,22874,462,7,32,7,7,10,0,0
Brady Skjei,NYR,D,2016-11-15,false,VAN,0,10,4,2,0,2,0,0,0,0,17,16820,384,30,14,11,10,3,0,0
Jeff Skinner,CAR,L,2016-11-22,false,TOR,8,8,0,8,2,4,0,0,0,0,62,19146,388,10,6,24,10,20,4,9
Jack Skille,VAN,R,2016-12-01,false,ANA,0,1,-6,4,0,0,0,0,0,0,21,9426,229,29,6,3,3,2,0,0
Colton Sissons,NSH,C,2016-11-21,false,TBL,2,1,-1,0,0,0,1,0,0,0,8,10528,280,35,8,2,5,4,75,76
Wayne Simmonds,PHI,R,2016-11-15,false,OTT,8,7,-6,17,5,3,1,0,0,0,47,20416,453,37,16,24,7,5,1,1
Jakob Silfverberg,ANA,R,2016-11-15,false,EDM,5,5,6,2,1,0,1,0,2,0,41,18959,443,9,10,13,10,9,1,2
Nick Shore,LAK,C,2016-11-17,false,EDM,0,3,-2,8,0,0,0,0,0,0,21,12011,285,14,8,8,4,2,74,92
Devin Shore,DAL,C,2016-11-15,false,NJD,1,6,-4,4,0,2,0,0,0,0,22,14733,353,9,15,10,1,8,82,91
Conor Sheary,PIT,L,2016-12-01,false,DAL,6,6,9,6,0,0,0,0,1,0,36,15125,344,8,7,9,8,9,0,0
Riley Sheahan,DET,C,2016-11-15,false,TBL,0,3,-9,8,0,1,0,0,0,0,24,13751,335,9,9,8,4,3,17,10
Logan Shaw,ANA,C,2016-12-29,false,CGY,1,0,-4,0,0,0,0,0,0,0,24,8892,248,12,8,7,0,4,16,42
Andrew Shaw,MTL,C,2016-11-15,false,FLA,2,4,6,20,1,0,0,0,0,0,32,14903,336,40,7,10,7,8,69,51
Kevin Shattenkirk,STL,D,2016-11-15,false,BUF,4,10,1,21,3,6,0,0,0,0,33,20986,459,16,14,12,9,6,0,0
Patrick Sharp,DAL,L,2017-01-12,false,DET,2,5,-4,17,0,0,1,0,0,0,44,16566,378,17,8,19,5,2,9,10
Michael Sgarbossa,FLA,C,2017-01-13,false,NYI,0,2,-3,2,0,1,0,0,0,0,19,11161,279,18,8,5,7,1,61,84
Damon Severson,NJD,D,2016-11-19,false,LAK,3,9,-3,10,0,5,0,0,1,0,29,21251,450,18,15,8,21,5,0,0
Devin Setoguchi,LAK,R,2016-11-15,false,COL,2,3,-2,6,0,1,0,0,0,0,27,13874,318,21,3,11,9,4,2,1
Andrej Sekera,EDM,D,2016-11-15,false,ANA,1,4,4,4,0,1,0,0,0,0,18,20624,431,13,29,15,9,6,0,0
Dennis Seidenberg,NYI,D,2016-12-04,false,DET,4,5,12,12,0,0,0,0,0,0,19,19905,376,21,44,5,12,2,0,0
Tyler Seguin,DAL,C,2016-11-15,false,NJD,7,13,-6,4,4,5,0,0,1,0,63,18983,433,16,3,23,7,9,123,110
Lukas Sedlak,CBJ,C,2016-11-25,false,TBL,0,4,4,4,0,0,0,0,0,0,14,9858,242,15,8,10,4,6,46,53
Daniel Sedin,VAN,L,2016-11-15,false,NYR,5,5,-5,2,1,2,0,0,1,0,49,18895,392,6,5,13,2,4,0,1
Henrik Sedin,VAN,C,2016-11-15,false,NYR,5,5,-5,4,1,2,0,0,1,1,22,19484,391,5,2,9,14,3,145,141
Brent Seabrook,CHI,D,2016-11-15,false,WPG,1,9,8,2,1,2,0,0,0,0,29,23543,490,27,27,11,21,2,0,0
Jaden Schwartz,STL,L,2016-11-23,false,WSH,6,5,4,4,1,0,0,0,2,0,37,19783,461,18,13,18,5,12,27,25
Justin Schultz,PIT,D,2016-11-18,false,NYI,0,4,5,4,0,2,0,0,0,0,26,17022,390,15,14,11,9,4,0,0
Nick Schultz,PHI,D,2017-03-02,false,FLA,0,4,-1,6,0,0,0,0,0,0,16,15802,392,32,32,9,7,1,0,0
Jordan Schroeder,MIN,C,2017-01-24,false,DAL,3,5,3,0,0,0,0,0,0,0,18,9697,221,13,6,6,1,4,4,5
Nate Schmidt,WSH,D,2016-11-23,false,STL,0,5,1,4,0,0,0,0,0,0,17,15123,327,14,9,7,16,10,0,0
Nick Schmaltz,CHI,C,2016-11-15,false,WPG,1,3,0,2,0,1,0,0,0,0,8,11738,274,7,8,2,3,9,32,63
David Schlemko,SJS,D,2016-11-17,false,STL,0,3,-1,4,0,2,0,0,0,0,32,17742,383,10,20,11,10,10,0,0
Luke Schenn,ARI,D,2016-11-27,false,EDM,0,1,-1,7,0,0,0,0,0,0,16,15214,361,52,26,8,5,4,0,0
Brayden Schenn,PHI,C,2016-11-22,false,FLA,3,10,-6,13,3,5,0,0,1,0,35,18024,393,40,11,20,8,3,18,17
Mark Scheifele,WPG,C,2016-11-13,false,LAK,10,10,8,16,3,2,0,0,1,1,43,21367,422,17,9,11,8,12,153,198
Tim Schaller,BOS,C,2016-11-24,false,OTT,3,2,-3,13,0,0,0,0,1,0,22,12081,287,18,8,12,7,5,16,9
Colton Sceviour,FLA,C,2016-11-17,false,TOR,5,4,-2,8,1,2,2,0,1,0,30,15067,314,16,16,12,4,7,7,7
Marco Scandella,MIN,D,2016-12-13,false,FLA,0,2,-4,10,0,0,0,0,0,0,25,17209,388,12,18,8,8,5,0,0
Luca Sbisa,VAN,D,2016-11-15,false,NYR,0,3,0,8,0,0,0,0,0,0,6,16679,371,27,26,5,13,4,0,0
David Savard,CBJ,D,2016-11-21,false,COL,1,3,5,10,0,0,0,0,0,0,18,21584,478,31,29,23,5,5,0,0
Steven Santini,NJD,D,2017-02-06,false,BUF,2,3,2,4,0,0,0,0,0,0,14,15710,359,36,16,8,6,0,0,0
Zach Sanford,WSH,L,2016-11-23,false,STL,0,1,0,4,0,0,0,0,0,0,15,10633,242,9,5,5,8,8,9,7
Brandon Saad,CBJ,L,2016-11-21,false,COL,4,10,6,4,0,0,0,0,0,0,39,17315,408,3,6,19,5,8,1,1
Bobby Ryan,OTT,R,2016-11-17,false,NSH,3,3,-1,6,1,1,0,0,0,0,33,16068,339,18,11,9,9,3,1,1
Derek Ryan,CAR,C,2016-12-16,false,WSH,4,8,-3,6,2,4,1,0,2,0,16,13576,312,11,8,8,11,5,88,71
Bryan Rust,PIT,R,2016-11-23,false,NYR,2,2,-5,2,0,0,0,0,0,0,33,12631,319,32,8,8,7,4,1,0
Robbie Russo,DET,D,2017-04-04,false,OTT,0,0,1,2,0,0,0,0,0,0,14,16279,338,18,12,11,12,0,0,0
Kris Russell,EDM,D,2016-11-29,false,TOR,0,4,7,2,0,0,0,0,0,0,23,21349,457,16,43,6,12,10,0,0
Chad Ruhwedel,PIT,D,2017-03-01,false,CHI,2,2,6,2,0,0,0,0,0,0,24,16903,388,16,13,8,5,5,0,0
Michal Rozsival,CHI,D,2017-03-01,false,PIT,1,1,-3,6,0,0,0,0,1,0,12,15484,356,41,23,5,8,3,0,0
Carter Rowney,PIT,R,2017-03-21,false,BUF,1,2,2,2,0,0,0,0,1,0,11,9599,244,30,9,7,3,4,54,46
Antoine Roussel,DAL,L,2016-11-15,false,NJD,4,8,3,54,0,3,0,0,2,0,26,15654,407,19,11,15,11,3,1,1
Evan Rodrigues,BUF,L,2017-03-11,false,CBJ,3,2,1,2,0,0,0,0,0,0,25,12680,274,8,4,9,5,7,49,70
Brett Ritchie,DAL,R,2016-11-15,false,NJD,3,1,0,13,0,0,0,0,0,0,32,12421,303,31,4,8,2,1,0,0
Nick Ritchie,ANA,L,2016-11-20,false,LAK,4,1,0,8,1,0,0,0,1,0,37,14708,349,57,5,16,2,3,2,1
Rasmus Ristolainen,BUF,D,2016-11-17,false,TBL,0,8,-3,12,0,6,0,0,0,0,34,26363,523,38,30,17,10,7,0,0
Morgan Rielly,TOR,D,2016-11-17,false,FLA,1,10,1,7,1,1,0,0,0,0,30,23262,536,6,35,20,20,6,0,0
Tobias Rieder,ARI,R,2016-11-25,false,EDM,5,4,3,0,0,0,0,1,0,0,32,16940,383,4,12,14,5,5,0,2
Mike Ribeiro,NSH,C,2016-11-19,false,STL,3,7,1,10,2,1,0,0,0,0,17,16178,337,10,2,6,11,2,75,82
Sam Reinhart,BUF,C,2016-11-17,false,TBL,3,4,-3,2,2,2,0,0,1,0,40,17538,356,4,6,6,9,6,33,49
Mike Reilly,MIN,D,2017-02-07,false,WPG,1,0,1,2,0,0,0,0,0,0,19,12629,270,2,8,11,6,0,0,0
Ryan Reaves,STL,R,2016-11-19,false,NSH,0,2,1,9,0,0,0,0,0,0,12,7040,195,43,1,7,2,3,0,0
Matt Read,PHI,R,2016-11-15,false,OTT,6,1,-2,0,2,0,0,0,0,0,28,15141,359,33,11,6,5,5,0,4
Dennis Rasmussen,CHI,C,2016-11-19,false,VAN,1,0,-2,2,0,0,0,0,0,0,18,12208,323,19,17,3,6,7,35,46
Victor Rask,CAR,C,2016-11-20,false,WPG,8,7,5,2,3,1,0,0,2,0,38,19694,414,5,3,6,7,12,113,125
Mikko Rantanen,COL,R,2016-12-01,false,CBJ,3,7,-3,6,1,2,0,0,0,0,30,18586,395,2,11,12,4,7,16,7
Rickard Rakell,ANA,C,2016-12-09,false,SJS,11,4,2,2,2,2,0,0,2,0,47,17876,397,26,8,15,5,4,10,9
Michael Raffl,PHI,L,2016-12-03,false,CHI,4,2,6,2,0,0,0,0,0,0,16,13334,329,22,6,15,4,4,2,2
Alexander Radulov,MTL,R,2016-11-19,false,TOR,3,13,8,18,1,4,0,0,0,0,28,15990,366,22,9,13,15,14,2,0
Alan Quine,NYI,C,2016-12-08,false,STL,1,2,0,2,0,0,0,0,1,0,22,10954,260,26,10,4,4,4,53,41
Kyle Quincey,NJD,D,2016-11-19,false,LAK,2,2,7,10,0,0,0,0,0,0,22,17126,399,24,20,3,7,3,0,0
Mark Pysyk,FLA,D,2016-11-17,false,TOR,1,2,3,2,0,0,0,0,0,0,14,17329,333,11,15,10,4,5,0,1
Tom Pyatt,OTT,L,2016-11-17,false,NSH,2,3,2,2,0,0,0,1,0,0,24,16144,392,9,19,7,3,8,7,9
Jesse Puljujarvi,EDM,R,2016-11-23,false,COL,1,5,5,4,1,0,0,0,0,0,34,12665,286,6,7,12,10,8,0,1
Matt Puempel,NYR,L,2016-12-01,false,BUF,1,0,-5,7,0,0,0,0,0,0,16,9252,228,12,6,8,0,2,0,1
Ivan Provorov,PHI,D,2016-11-15,false,OTT,0,6,-9,8,0,2,0,0,0,0,29,20375,463,24,26,20,19,5,0,0
Dalton Prout,NJD,D,2017-03-05,false,CBJ,0,3,1,14,0,0,0,0,0,0,7,13840,330,24,16,4,8,2,0,0
Nate Prosser,MIN,D,2017-01-05,false,SJS,0,2,-3,4,0,0,0,0,0,0,10,13410,318,16,26,9,6,1,0,0
Shane Prince,NYI,L,2016-12-04,false,DET,4,4,-3,4,1,0,0,0,1,0,28,13007,285,18,3,3,6,8,3,2
Benoit Pouliot,EDM,L,2016-11-15,false,ANA,3,1,-2,20,0,0,0,0,1,0,21,15604,384,9,13,13,7,3,3,5
Paul Postma,WPG,D,2016-11-25,false,NSH,0,3,0,2,0,0,0,0,0,0,16,13046,291,12,12,5,6,1,0,0
Jason Pominville,MIN,R,2016-11-19,false,COL,3,3,0,0,0,2,0,0,0,0,31,15142,361,14,10,10,3,6,5,7
Roman Polak,TOR,D,2016-11-29,false,EDM,1,1,0,17,0,0,0,0,0,0,11,18093,417,62,32,7,8,5,0,1
Brayden Point,TBL,C,2016-11-15,false,DET,1,4,0,2,1,0,0,0,0,0,36,16227,320,7,6,11,5,7,3,3
Tomas Plekanec,MTL,C,2016-11-15,false,FLA,1,4,1,4,0,3,1,0,1,0,37,17491,426,13,15,6,4,4,154,156
Brandon Pirri,NYR,R,2016-11-15,false,VAN,5,5,6,2,3,1,0,0,3,0,28,12571,288,10,6,15,7,6,46,30
Alex Pietrangelo,STL,D,2016-11-15,false,BUF,3,4,-10,12,1,2,0,0,1,0,42,25822,516,11,29,17,6,12,0,0
Dion Phaneuf,OTT,D,2016-11-17,false,NSH,1,3,-5,23,0,1,0,0,0,0,43,22940,552,34,40,12,10,2,0,0
Jeff Petry,MTL,D,2016-11-18,false,CAR,3,6,6,8,1,2,0,0,0,0,29,22041,471,35,39,12,18,3,0,0
Alex Petrovic,FLA,D,2017-01-26,false,TBL,1,4,8,10,0,0,0,0,0,0,17,18033,332,33,18,13,10,6,0,0
Nic Petan,WPG,L,2016-12-29,false,CBJ,1,8,-1,2,0,5,0,0,0,0,23,14540,331,5,5,12,5,8,66,79
Brett Pesce,CAR,D,2016-11-20,false,WPG,0,3,1,4,0,1,0,0,0,0,17,20298,434,13,30,14,10,12,0,0
Corey Perry,ANA,R,2016-11-15,false,EDM,4,11,-3,14,0,7,0,0,0,0,52,19300,411,16,4,16,3,6,0,4
David Perron,STL,L,2016-11-15,false,BUF,4,5,-7,6,1,3,0,0,1,0,32,18054,440,17,7,15,3,6,12,17
Mathieu Perreault,WPG,C,2016-12-10,false,CGY,1,2,-8,8,0,1,0,0,0,0,34,16284,339,25,4,7,4,13,94,84
Brendan Perlini,ARI,L,2017-01-14,false,ANA,6,1,-6,6,1,0,0,0,1,0,31,14243,303,13,4,9,1,2,1,0
Adam Pelech,NYI,D,2017-01-24,false,CBJ,1,4,-1,0,0,0,0,0,0,0,17,16956,341,27,20,11,15,8,0,0
Tanner Pearson,LAK,L,2016-11-19,false,NJD,7,3,6,0,1,0,0,0,0,0,36,16081,372,27,2,20,6,7,0,4
Joe Pavelski,SJS,C,2016-11-17,false,STL,5,10,3,12,2,3,0,0,2,0,46,19785,420,30,20,28,18,8,95,87
Greg Pateryn,MTL,D,2016-12-02,false,SJS,1,3,-1,0,0,0,0,0,0,0,18,14503,317,27,35,9,9,4,0,0
David Pastrnak,BOS,R,2016-11-27,false,TBL,13,4,13,2,4,1,0,0,2,0,55,17074,353,11,4,20,9,8,0,1
Zach Parise,MIN,L,2016-12-04,false,EDM,4,5,-1,12,1,1,0,0,0,0,52,18811,413,14,21,14,4,10,1,1
PA Parenteau,NJD,R,2016-11-19,false,LAK,5,3,-3,8,1,0,0,0,0,0,35,15770,348,15,0,5,6,7,0,5
Colton Parayko,STL,D,2016-11-15,false,BUF,0,7,-5,8,0,1,0,0,0,0,49,21569,504,10,31,15,9,7,0,0
Cedric Paquette,TBL,C,2016-11-17,false,BUF,1,4,1,14,0,0,0,0,0,0,18,9403,237,34,7,5,2,6,36,42
Richard Panik,CHI,R,2016-11-15,false,WPG,6,4,2,4,2,1,0,0,1,0,26,15412,348,42,7,7,9,10,0,2
Artemi Panarin,CHI,L,2016-11-15,false,WPG,6,10,9,13,2,2,0,0,1,1,44,20012,399,7,0,21,9,15,1,0
Kyle Palmieri,NJD,R,2016-11-19,false,LAK,3,4,6,8,1,2,0,0,1,0,37,16166,354,36,7,19,11,6,3,5
Ondrej Palat,TBL,L,2016-11-15,false,DET,2,4,-7,11,0,3,0,0,0,0,28,17633,360,37,7,11,10,20,1,2
Jean-Gabriel Pageau,OTT,C,2016-11-17,false,NSH,1,3,2,4,0,0,0,0,0,0,31,16297,383,34,14,9,6,5,94,71
Max Pacioretty,MTL,L,2016-11-15,false,FLA,4,9,5,10,1,1,0,1,2,0,46,17926,409,19,7,29,7,13,0,0
Magnus Paajarvi,STL,L,2017-03-11,false,NYI,4,2,3,4,0,0,0,0,2,0,27,12234,302,12,11,3,0,6,1,1
Alex Ovechkin,WSH,L,2016-11-18,false,DET,8,4,-3,10,2,1,0,0,3,1,70,18879,362,48,4,33,10,11,0,1
Xavier Ouellet,DET,D,2016-12-17,false,ANA,1,3,9,24,0,0,0,0,0,0,20,17409,383,9,21,6,4,3,0,1
Steve Ott,DET,C,2016-11-23,false,BUF,1,1,0,24,0,0,0,0,0,0,14,10241,258,38,5,2,1,3,43,29
T.J. Oshie,WSH,R,2016-11-18,false,DET,8,4,10,10,2,2,1,1,1,0,37,17535,362,18,10,15,9,12,23,24
Brooks Orpik,WSH,D,2016-11-18,false,DET,0,5,8,4,0,0,0,0,0,0,15,17136,361,35,29,7,11,5,0,0
Dmitry Orlov,WSH,D,2016-11-18,false,DET,1,5,6,8,0,1,0,0,0,0,29,19666,381,27,21,12,15,9,0,0
Jamie Oleksiak,DAL,D,2016-12-31,false,FLA,4,1,2,18,0,0,0,1,1,0,17,16149,373,25,22,6,6,0,0,0
Kyle Okposo,BUF,R,2016-11-19,false,PIT,5,5,1,6,1,5,0,0,0,0,48,19655,382,15,6,14,11,5,33,26
Johnny Oduya,DAL,D,2016-11-15,false,NJD,0,4,4,6,0,0,0,0,0,0,14,19319,448,6,37,9,11,4,0,0
Ryan O'Reilly,BUF,C,2016-12-01,false,NYR,6,6,-1,4,3,4,0,0,2,0,59,22300,434,3,7,16,9,18,223,165
Gustav Nyquist,DET,R,2016-11-15,false,TBL,3,8,1,4,0,2,0,0,2,0,36,17311,370,8,2,10,4,9,1,0
William Nylander,TOR,C,2016-11-17,false,FLA,5,8,-2,6,3,4,0,0,0,0,44,16236,361,4,8,20,7,12,31,42
Markus Nutivaara,CBJ,D,2016-11-21,false,COL,1,1,2,2,0,0,0,0,0,0,15,13005,305,8,8,6,4,2,0,0
Darnell Nurse,EDM,D,2016-11-15,false,ANA,2,2,-6,15,0,0,0,0,0,0,27,18272,392,44,15,8,10,6,0,0
Ryan Nugent-Hopkins,EDM,C,2016-11-15,false,ANA,2,5,-4,4,2,0,0,0,1,0,49,18005,405,10,3,15,2,8,112,127
Joakim Nordstrom,CAR,L,2016-11-20,false,WPG,1,2,-4,4,0,0,0,0,1,0,27,13964,350,22,16,9,4,7,1,3
Jordan Nolan,LAK,C,2016-12-10,false,OTT,2,2,-2,34,0,0,0,0,0,0,14,10315,237,19,1,6,2,1,1,1
Stefan Noesen,NJD,R,2017-02-06,false,BUF,4,0,4,4,0,0,0,0,0,0,23,8444,216,19,2,5,3,3,21,35
Matt Niskanen,WSH,D,2016-11-18,false,DET,0,8,3,6,0,0,0,1,0,0,31,23168,462,23,24,15,23,8,0,0
Matt Nieto,COL,L,2017-01-06,false,NYI,0,2,-3,4,0,0,0,0,0,0,28,12774,324,24,9,8,4,9,0,2
Frans Nielsen,DET,C,2016-11-15,false,TBL,3,5,-6,0,0,5,1,0,0,0,33,17734,430,14,11,7,5,5,128,129
Nino Niederreiter,MIN,R,2016-11-19,false,COL,4,4,8,4,0,0,0,0,0,0,29,14563,341,26,2,8,6,6,0,1
Andrej Nestrasil,CAR,C,2016-12-31,false,TBL,1,4,-3,2,0,0,0,0,0,0,25,11339,267,10,6,6,8,11,3,3
Nikita Nesterov,TBL,D,2016-11-25,false,CBJ,2,1,3,12,1,0,0,0,0,0,22,17260,346,26,13,7,7,1,0,0
Patrik Nemeth,DAL,D,2017-01-17,false,NYR,0,0,-3,8,0,0,0,0,0,0,18,16354,371,18,20,6,4,6,0,0
Brock Nelson,NYI,C,2016-11-18,false,PIT,5,7,3,6,1,2,0,1,0,0,35,15627,386,14,16,11,7,7,91,122
Chris Neil,OTT,R,2016-11-19,false,FLA,1,1,-5,18,0,0,0,0,0,0,18,8687,222,39,9,3,5,2,0,0
James Neal,NSH,L,2016-11-19,false,STL,8,4,-1,15,1,1,0,0,1,0,65,20224,407,25,9,12,10,9,1,1
Rick Nash,NYR,R,2016-11-15,false,VAN,7,4,-1,8,2,1,0,0,1,0,49,16352,406,7,14,11,15,15,0,0
Riley Nash,BOS,C,2016-11-17,false,MIN,1,2,0,4,0,0,0,0,0,0,24,14179,326,7,7,9,3,9,87,72
Vladislav Namestnikov,TBL,C,2016-11-15,false,DET,3,5,2,8,2,3,0,0,0,0,30,15460,316,8,7,10,6,5,28,36
Jake Muzzin,LAK,D,2016-11-15,false,COL,1,1,-4,14,1,0,0,0,0,0,42,23434,540,40,29,14,11,4,0,0
Ryan Murray,CBJ,D,2016-12-01,false,COL,0,3,3,10,0,0,0,1,0,0,11,19015,433,6,25,6,3,3,0,0
Ryan Murphy,CAR,D,2017-03-05,false,ARI,0,2,-9,6,0,0,0,0,0,0,9,14062,311,2,16,7,6,7,0,0
Connor Murphy,ARI,D,2016-11-23,false,VAN,0,4,-6,10,0,0,0,0,0,0,19,22098,490,39,31,6,5,5,0,0
Matt Moulson,BUF,L,2016-11-17,false,TBL,6,2,-2,2,5,2,0,0,0,0,45,15008,305,11,8,9,1,5,0,0
Tyler Motte,CHI,L,2016-11-25,false,ANA,3,3,3,14,0,0,0,0,0,0,28,12854,335,15,13,8,1,10,3,2
Joe Morrow,BOS,D,2017-01-22,false,PIT,0,1,-4,8,0,0,0,0,0,0,19,15836,340,29,19,11,7,1,0,0
Josh Morrissey,WPG,D,2016-11-13,false,LAK,0,2,0,6,0,0,0,0,0,0,21,18596,401,23,25,6,6,2,0,0
Dominic Moore,BOS,C,2016-11-17,false,MIN,4,2,2,12,0,0,1,0,1,0,19,13675,323,5,12,3,4,5,82,63
John Moore,NJD,D,2016-11-19,false,LAK,3,4,5,10,0,0,0,0,0,0,27,19573,448,12,16,14,16,0,0,0
Brandon Montour,ANA,D,2017-03-12,false,WSH,1,1,2,8,0,1,0,0,0,0,37,17628,333,13,16,13,13,2,0,0
Sean Monahan,CGY,C,2016-11-15,false,MIN,4,2,-10,8,1,0,0,0,1,1,32,18991,418,7,6,16,11,8,154,159
Torrey Mitchell,MTL,C,2016-11-15,false,FLA,5,2,6,8,0,0,0,0,1,0,9,13100,343,3,12,7,6,10,100,82
John Mitchell,COL,C,2016-12-01,false,CBJ,0,0,1,12,0,0,0,0,0,0,14,12740,302,20,15,8,0,6,91,65
Drew Miller,DET,L,2016-11-26,false,MTL,2,0,-6,2,0,0,0,0,1,0,12,10295,257,19,13,2,1,3,1,0
Kevan Miller,BOS,D,2016-12-27,false,CBJ,0,0,-6,11,0,0,0,0,0,0,18,17675,388,38,23,5,6,3,0,0
J.T. Miller,NYR,L,2016-11-15,false,VAN,7,10,16,8,1,1,0,0,1,0,39,15762,381,25,15,14,13,11,24,32
Colin Miller,BOS,D,2016-11-29,false,PHI,1,2,-6,6,0,0,0,0,0,0,25,16670,377,18,9,16,7,4,0,0
Marc Methot,OTT,D,2016-11-17,false,NSH,0,3,2,4,0,0,0,0,0,0,29,20411,496,35,18,2,11,2,0,0
Jon Merrill,NJD,D,2017-01-06,false,TOR,1,2,-2,12,0,0,0,0,0,0,14,16793,387,14,23,6,6,3,0,0
Julian Melchiori,WPG,D,2017-04-06,false,CBJ,0,2,-1,8,0,0,0,0,0,0,14,18845,390,30,28,7,15,4,0,0
Timo Meier,SJS,R,2017-01-24,false,WPG,2,2,-2,4,0,0,0,0,1,0,44,13577,334,42,4,12,15,10,0,2
Jayson Megna,VAN,C,2016-12-20,false,WPG,3,0,0,4,0,0,0,0,0,0,17,9686,231,20,7,1,0,4,0,1
Adam McQuaid,BOS,D,2016-11-27,false,TBL,0,0,0,13,0,0,0,0,0,0,20,18509,437,36,29,9,4,2,0,0
Brayden McNabb,LAK,D,2017-01-18,false,SJS,2,0,1,13,0,0,0,0,0,0,17,17071,396,34,18,13,18,4,0,0
Cody McLeod,COL,L,2016-12-11,false,TOR,0,0,-2,33,0,0,0,0,0,0,9,6064,154,31,0,3,0,2,0,0
Curtis McKenzie,DAL,L,2016-12-03,false,COL,2,2,2,26,0,0,0,0,1,0,25,9688,249,32,11,5,0,0,2,2
Greg McKegg,FLA,C,2016-11-17,false,TOR,0,2,-2,6,0,0,0,0,0,0,13,11099,257,16,5,4,5,3,12,15
Jamie McGinn,ARI,L,2016-12-01,false,LAK,4,3,-3,10,0,0,0,0,2,0,36,14522,336,30,9,6,7,0,0,1
Brock McGinn,CAR,L,2016-12-23,false,BOS,1,2,-1,2,0,0,0,1,0,0,17,11180,270,22,11,4,3,7,1,2
Ryan McDonagh,NYR,D,2016-11-15,false,VAN,0,11,11,4,0,3,0,0,0,0,28,24518,491,16,27,11,13,9,0,0
Connor McDavid,EDM,C,2016-11-15,false,ANA,5,14,4,6,0,5,0,0,2,0,46,21786,431,3,8,16,13,10,111,126
Jay McClement,CAR,C,2016-11-20,false,WPG,0,0,-7,0,0,0,0,0,0,0,11,10581,280,14,6,6,0,5,68,62
Michael McCarron,MTL,R,2017-02-11,false,STL,1,4,1,21,0,0,0,0,0,0,23,10270,256,43,5,9,2,5,48,61
Jared McCann,FLA,C,2016-11-19,false,OTT,1,2,0,2,0,0,0,0,0,0,21,10316,233,14,4,8,5,5,19,25
Jake McCabe,BUF,D,2016-11-17,false,TBL,0,3,0,10,0,0,0,0,0,0,11,20608,451,15,20,13,5,2,0,0
Scott Mayfield,NYI,D,2017-03-11,false,STL,1,5,0,26,0,0,0,0,0,0,26,14282,291,25,23,8,9,5,0,0
Shawn Matthias,WPG,L,2017-01-07,false,BUF,5,1,3,4,0,0,1,0,1,0,26,12962,320,16,8,9,3,3,3,5
Auston Matthews,TOR,C,2016-11-17,false,FLA,6,6,-4,0,1,3,0,0,0,0,65,17559,365,3,8,26,10,11,81,81
Michael Matheson,FLA,D,2016-11-19,false,OTT,2,5,0,4,0,1,0,0,0,0,38,19844,351,15,22,12,13,13,1,0
Andreas Martinsen,COL,L,2016-11-19,false,MIN,1,2,1,11,0,0,0,1,0,0,21,11888,314,56,11,6,3,11,1,0
Jordan Martinook,ARI,L,2016-11-19,false,SJS,5,5,3,10,1,0,0,1,0,0,25,15885,391,14,16,11,2,8,88,117
Alec Martinez,LAK,D,2016-11-15,false,COL,2,7,-4,4,0,2,0,0,2,2,38,23528,543,35,30,26,10,0,0,0
Paul Martin,SJS,D,2016-11-17,false,STL,0,4,-2,6,0,0,0,0,0,0,8,18535,405,7,26,2,11,3,0,0
Matt Martin,TOR,L,2016-11-17,false,FLA,0,2,-1,37,0,0,0,0,0,0,17,10485,262,76,2,6,2,6,0,5
Patrick Maroon,EDM,L,2016-11-15,false,ANA,6,3,2,12,0,1,0,0,0,0,41,16573,358,40,3,11,7,2,1,4
Mitchell Marner,TOR,C,2016-11-17,false,FLA,7,9,-2,14,1,2,0,0,3,0,46,17023,367,8,10,19,14,15,5,4
Patrick Marleau,SJS,L,2016-11-17,false,STL,4,1,-3,4,1,1,0,0,1,0,38,16563,347,18,5,11,7,7,7,11
Andrei Markov,MTL,D,2016-11-15,false,FLA,2,10,1,6,0,5,0,1,0,0,24,21607,461,9,16,12,15,8,0,0
Martin Marincin,TOR,D,2017-01-21,false,OTT,1,4,0,6,0,0,0,0,0,0,16,18599,426,19,20,13,11,5,0,0
Jonathan Marchessault,FLA,C,2016-11-17,false,TOR,8,6,2,4,2,3,0,0,2,0,53,18295,343,24,2,14,7,13,42,37
Alexey Marchenko,DET,D,2016-11-15,false,TBL,0,4,0,10,0,0,0,1,0,0,18,18936,443,2,25,13,11,2,0,0
Brad Marchand,BOS,L,2016-11-17,false,MIN,5,11,7,16,1,2,0,0,2,0,40,18849,400,10,7,15,11,14,9,6
Anthony Mantha,DET,R,2016-12-17,false,ANA,4,5,4,7,1,1,0,0,1,0,36,16768,364,10,10,15,9,5,1,1
Josh Manson,ANA,D,2016-11-15,false,EDM,0,4,2,32,0,0,0,0,0,0,19,19083,405,36,17,5,15,3,0,0
Brandon Manning,PHI,D,2016-11-17,false,WPG,3,6,4,13,0,0,1,0,1,0,27,19314,444,41,22,7,17,1,0,0
Evgeni Malkin,PIT,C,2016-11-18,false,NYI,8,7,1,30,1,5,0,0,1,0,45,18861,414,8,9,13,18,10,113,154
Denis Malgin,FLA,C,2016-11-17,false,TOR,4,4,4,6,1,0,0,0,1,1,23,11699,262,12,4,5,3,6,33,59
Nathan MacKinnon,COL,C,2016-11-19,false,MIN,4,8,-1,0,0,4,1,0,1,0,63,20495,449,12,3,24,7,11,161,152
Derek MacKenzie,FLA,C,2016-11-17,false,TOR,1,3,5,9,0,0,0,1,0,0,18,13057,297,39,10,7,3,6,91,88
Andrew MacDonald,PHI,D,2016-12-01,false,OTT,1,5,-3,4,0,0,0,0,0,0,12,19375,445,11,33,9,15,2,0,0
Olli Maatta,PIT,D,2016-11-18,false,NYI,0,1,5,6,0,0,0,0,0,0,18,18416,431,16,29,7,12,3,0,0
Roman Lyubimov,PHI,L,2016-12-04,false,NSH,2,1,-1,0,0,0,0,0,0,0,20,9711,244,19,5,9,2,4,0,2
Milan Lucic,EDM,L,2016-11-15,false,ANA,5,4,-3,9,2,1,0,0,1,0,35,18593,387,45,5,13,13,6,1,1
Adam Lowry,WPG,C,2016-11-13,false,LAK,4,2,-1,17,1,2,0,0,0,0,26,16388,397,39,11,9,5,6,123,142
Ben Lovejoy,NJD,D,2016-11-19,false,LAK,0,2,-2,4,0,0,0,0,0,0,23,20573,433,25,29,8,5,5,0,0
Bryan Little,WPG,C,2017-01-03,false,TBL,6,6,2,4,2,1,0,0,1,1,42,17370,425,6,4,17,5,8,191,133
Hampus Lindholm,ANA,D,2016-12-13,false,DAL,1,2,1,6,0,1,0,0,1,0,23,22008,447,22,23,14,16,6,0,0
Elias Lindholm,CAR,C,2016-11-20,false,WPG,1,4,-5,2,0,2,0,1,0,0,34,18816,408,21,17,16,7,14,106,97
Esa Lindell,DAL,D,2016-12-03,false,COL,2,2,-4,2,0,1,0,0,1,0,18,19489,428,21,30,8,4,6,0,1
Oscar Lindberg,NYR,C,2016-12-15,false,DAL,0,3,0,12,0,1,0,0,0,0,28,11299,277,20,12,7,2,2,72,59
John-Michael Liles,BOS,D,2016-11-17,false,MIN,0,4,-4,2,0,3,0,0,0,0,15,16659,379,10,25,8,2,6,1,0
Trevor Lewis,LAK,C,2016-11-15,false,COL,2,2,-5,4,0,0,0,0,0,0,27,13107,307,34,4,9,3,3,12,22
Mark Letestu,EDM,C,2016-11-15,false,ANA,2,4,-1,0,0,0,2,0,2,0,11,13166,354,16,9,5,4,4,100,93
Kris Letang,PIT,D,2016-11-26,false,NJD,2,10,-5,12,1,5,0,0,1,1,57,26619,516,34,33,18,21,14,0,0
Jori Lehtera,STL,C,2016-11-23,false,WSH,3,2,3,8,0,1,0,0,1,0,24,15966,417,12,10,0,4,3,122,98
Artturi Lehkonen,MTL,L,2016-12-06,false,STL,3,1,1,6,1,0,0,0,0,0,39,13974,353,16,6,9,6,6,0,0
Anders Lee,NYI,L,2016-11-18,false,PIT,1,1,1,10,0,0,0,0,0,0,28,12573,307,47,9,11,3,8,1,3
Nick Leddy,NYI,D,2016-11-22,false,ANA,3,5,-9,4,1,1,0,0,0,0,34,23451,408,21,27,11,5,4,0,0
Curtis Lazar,OTT,C,2017-01-01,false,WSH,0,0,-4,4,0,0,0,0,0,0,19,9438,235,31,6,4,4,4,13,20
Adam Larsson,EDM,D,2016-11-15,false,ANA,1,2,-2,8,0,0,0,0,0,0,18,20723,449,47,29,8,17,4,0,0
Philip Larsen,VAN,D,2016-12-06,false,NJD,0,4,-9,4,0,2,0,0,0,0,25,17452,363,5,15,14,4,2,0,0
Dylan Larkin,DET,C,2016-11-15,false,TBL,5,1,-6,17,1,0,0,0,1,0,52,17298,371,9,6,14,14,18,32,43
Nick Lappin,NJD,R,2016-12-01,false,CHI,4,2,0,4,0,0,0,0,0,0,25,12891,290,19,2,9,1,6,2,4
Gabriel Landeskog,COL,L,2016-12-11,false,TOR,4,4,-3,15,2,0,0,0,2,1,34,18653,407,40,7,11,7,22,10,15
Anton Lander,EDM,C,2017-01-05,false,BOS,1,2,3,6,0,0,0,0,0,0,7,10222,280,20,7,3,3,4,73,56
Patrik Laine,WPG,R,2016-11-13,false,LAK,11,5,2,6,5,2,0,0,2,1,48,19344,385,19,8,15,20,7,0,2
Andrew Ladd,NYI,L,2016-11-18,false,PIT,2,1,-4,12,0,0,0,0,0,0,29,17364,355,17,6,12,10,10,0,1
Kevin Labanc,SJS,R,2016-12-14,false,OTT,4,2,6,8,0,0,0,0,1,0,24,12852,297,6,2,8,8,4,0,1
Paul LaDue,LAK,D,2017-03-25,false,NYR,0,5,-4,4,0,2,0,0,0,0,23,16561,389,11,11,5,9,2,0,0
Evgeny Kuznetsov,WSH,C,2016-11-18,false,DET,2,5,3,8,0,0,0,0,0,0,24,17576,367,9,5,13,12,8,104,149
Chris Kunitz,PIT,L,2016-11-18,false,NYI,2,8,5,16,0,1,0,0,2,0,33,16470,388,56,5,8,9,7,3,4
Dmitry Kulikov,BUF,D,2016-12-20,false,FLA,0,0,-8,12,0,0,0,0,0,0,15,22910,499,17,23,13,8,5,0,0
Nikolay Kulemin,NYI,L,2016-11-23,false,LAK,1,3,3,6,0,0,0,0,0,0,15,14141,364,19,13,13,4,6,5,2
Brett Kulak,CGY,D,2017-01-24,false,MTL,0,3,0,12,0,0,0,0,0,0,18,14844,347,10,12,7,9,4,0,0
Tom Kuhnhackl,PIT,R,2016-11-30,false,NYI,1,2,3,4,0,0,0,0,0,0,9,9493,242,21,11,6,2,1,0,1
Nikita Kucherov,TBL,R,2016-11-17,false,BUF,9,13,10,4,2,5,0,0,3,0,45,18316,368,2,7,23,12,17,0,0
Marcus Kruger,CHI,C,2016-11-15,false,WPG,1,3,5,12,0,0,0,0,0,0,17,13627,367,9,9,8,2,8,105,105
Torey Krug,BOS,D,2016-11-17,false,MIN,1,3,-5,6,0,2,0,0,0,0,54,21449,459,17,15,14,11,4,0,0
Niklas Kronwall,DET,D,2016-12-13,false,ARI,0,2,-2,10,0,1,0,0,0,0,15,19704,449,20,30,6,4,0,0,0
David Krejci,BOS,C,2016-11-17,false,MIN,2,8,-2,8,1,2,0,0,1,0,33,17796,363,13,16,12,12,10,120,120
Chris Kreider,NYR,L,2016-11-27,false,OTT,4,9,-1,13,1,3,0,0,0,0,47,16956,369,36,10,21,10,5,2,1
Lauri Korpikoski,DAL,L,2016-11-15,false,NJD,4,2,1,4,0,0,0,0,0,0,27,15302,393,11,11,9,3,5,0,3
Anze Kopitar,LAK,C,2016-11-26,false,CHI,2,7,4,4,0,2,0,1,0,0,41,21621,426,20,12,21,9,7,216,197
Travis Konecny,PHI,C,2016-11-15,false,OTT,4,6,-3,8,2,0,0,0,0,0,42,16071,359,30,6,21,6,9,0,0
Leo Komarov,TOR,C,2016-11-17,false,FLA,3,4,3,9,0,1,1,0,0,0,21,17404,422,59,13,9,1,6,21,21
Mikko Koivu,MIN,C,2016-11-19,false,COL,2,4,1,6,0,1,0,1,1,0,23,20811,456,6,22,14,8,10,225,191
Slater Koekkoek,TBL,D,2016-12-04,false,CAR,0,4,2,6,0,0,0,0,0,0,17,13579,312,18,14,9,2,1,0,0
John Klingberg,DAL,D,2016-11-15,false,NJD,2,7,-8,8,0,4,0,0,0,0,25,23405,481,11,25,12,18,3,0,0
Kevin Klein,NYR,D,2016-11-21,false,PIT,0,6,5,0,0,1,0,1,0,0,16,18863,423,30,41,4,6,8,0,0
Oscar Klefbom,EDM,D,2016-11-15,false,ANA,0,3,-2,0,0,1,0,0,0,0,37,22526,455,13,30,20,14,3,0,0
Dwight King,LAK,L,2016-11-15,false,COL,2,3,4,4,0,0,0,0,0,0,25,15781,341,26,5,12,6,5,3,4
Jakub Kindl,FLA,D,2016-12-29,false,MTL,0,2,-7,12,0,0,0,0,0,0,14,14972,313,28,19,10,11,2,0,0
Alex Killorn,TBL,L,2016-11-15,false,DET,6,2,0,12,1,2,0,0,1,0,39,18034,357,29,6,8,11,4,1,4
Phil Kessel,PIT,R,2016-11-18,false,NYI,4,12,-3,8,3,6,0,0,1,0,36,18451,407,6,4,17,8,3,0,4
Ryan Kesler,ANA,C,2016-11-15,false,EDM,7,6,7,22,5,2,0,0,1,0,37,21569,455,28,16,19,8,2,220,146
Tanner Kero,CHI,C,2017-01-31,false,SJS,4,3,6,2,0,0,0,0,0,0,17,14005,336,19,23,4,4,5,76,107
Michal Kempny,CHI,D,2016-11-19,false,VAN,0,2,4,10,0,0,0,0,0,0,21,16587,375,33,22,17,9,1,0,0
Adrian Kempe,LAK,L,2017-03-23,false,WPG,2,4,-2,6,0,2,0,1,1,0,26,12585,295,18,3,9,5,3,46,51
Chris Kelly,OTT,C,2016-11-17,false,NSH,1,2,-1,4,0,0,0,0,0,0,22,13682,343,12,14,9,6,4,71,89
Duncan Keith,CHI,D,2016-11-15,false,WPG,0,12,5,6,0,2,0,0,0,0,41,25944,493,5,18,12,14,5,0,0
Zack Kassian,EDM,R,2016-11-21,false,CHI,2,2,1,27,0,0,0,0,0,0,29,12488,310,39,4,7,5,6,1,0
Ondrej Kase,ANA,R,2016-12-19,false,TOR,1,5,0,10,0,0,0,0,1,0,28,13083,336,12,7,9,12,6,1,3
Melker Karlsson,SJS,C,2016-11-30,false,LAK,2,2,5,4,0,0,0,0,0,0,14,12357,308,13,13,10,3,4,0,2
William Karlsson,CBJ,C,2016-11-21,false,COL,3,5,4,2,0,0,0,1,1,0,25,14776,364,8,3,13,6,8,100,120
Erik Karlsson,OTT,D,2016-11-17,false,NSH,3,11,1,8,1,2,0,1,0,0,41,27701,564,12,46,33,24,15,0,0
Evander Kane,BUF,L,2016-12-13,false,LAK,4,4,-4,18,1,2,0,0,0,0,44,18753,375,31,8,17,10,9,24,25
Patrick Kane,CHI,R,2016-11-15,false,WPG,6,12,7,12,1,3,0,0,2,0,57,22936,416,6,2,15,3,6,3,14
Sergey Kalinin,NJD,C,2016-11-29,false,WPG,0,1,-6,9,0,0,0,0,0,0,17,12755,311,23,8,6,3,2,6,8
Nazem Kadri,TOR,C,2016-11-17,false,FLA,7,6,1,43,2,2,0,0,1,1,42,15748,379,27,8,16,9,15,111,135
Tomas Jurco,CHI,L,2017-02-26,false,STL,0,0,-8,2,0,0,0,0,0,0,14,10396,258,7,3,13,4,1,0,1
Roman Josi,NSH,D,2016-11-19,false,STL,2,6,-4,4,1,4,0,0,0,0,50,25394,490,11,30,16,8,3,0,0
Jacob Josefson,NJD,C,2017-01-13,false,CGY,0,2,-2,8,0,1,0,0,0,0,21,12085,275,13,7,12,7,2,56,47
Josh Jooris,ARI,R,2016-12-23,false,TOR,1,2,2,6,0,0,0,0,0,0,13,9829,256,22,9,6,1,4,47,46
Seth Jones,CBJ,D,2016-12-03,false,ARI,3,5,1,2,0,0,0,0,1,1,32,24371,522,20,32,8,10,5,0,0
Jyrki Jokipakka,CGY,D,2016-12-04,false,ANA,1,4,1,4,0,0,0,0,0,0,7,15285,380,9,14,4,8,2,0,0
Jussi Jokinen,FLA,L,2016-12-06,false,PHI,2,3,-2,10,0,0,0,0,1,0,33,18965,396,5,6,10,16,6,9,8
Erik Johnson,COL,D,2016-11-19,false,MIN,0,8,-2,2,0,4,0,0,0,0,36,23310,532,35,46,11,9,9,0,0
Tyler Johnson,TBL,C,2016-11-15,false,DET,5,4,-6,6,3,2,0,0,0,0,28,18456,373,17,8,9,5,8,147,124
Jack Johnson,CBJ,D,2016-11-21,false,COL,0,2,4,10,0,0,0,0,0,0,23,22433,482,27,29,11,6,3,0,0
Stephen Johns,DAL,D,2016-11-29,false,DET,2,2,-4,10,0,0,0,0,1,0,18,19419,448,49,34,12,12,4,0,0
Marcus Johansson,WSH,L,2016-11-18,false,DET,7,6,6,4,2,2,0,0,3,1,33,17835,340,9,0,6,8,11,4,5
Ryan Johansen,NSH,C,2016-11-19,false,STL,1,8,2,14,1,4,0,0,0,0,37,18678,393,19,5,20,9,8,139,136
Nick Jensen,DET,D,2017-01-31,false,NJD,1,4,2,2,0,0,0,0,0,0,26,15881,375,15,16,8,9,1,0,0
Boone Jenner,CBJ,C,2016-11-21,false,COL,2,4,-6,6,0,1,0,0,0,0,36,14642,334,35,15,12,5,7,26,19
Dmitrij Jaskin,STL,R,2016-11-19,false,NSH,0,4,3,6,0,0,0,0,0,0,16,11383,269,29,5,8,4,3,3,4
Calle Jarnkrok,NSH,C,2016-11-19,false,STL,3,1,0,2,0,0,0,0,0,0,21,14555,367,8,3,9,6,5,66,83
Jaromir Jagr,FLA,R,2016-11-17,false,TOR,1,5,-2,10,1,1,0,0,0,0,38,16485,323,3,2,13,9,10,0,0
Matt Irwin,NSH,D,2016-12-03,false,NJD,3,3,7,2,0,0,0,0,1,0,21,14296,335,39,28,9,10,3,0,0
Jarome Iginla,COL,R,2016-11-19,false,MIN,2,2,-2,27,1,1,0,0,0,0,31,15126,343,20,3,6,8,7,4,4
Zach Hyman,TOR,C,2016-11-17,false,FLA,2,1,-4,6,0,0,0,0,1,0,39,16893,389,28,10,14,3,12,7,12
Ben Hutton,VAN,D,2016-11-15,false,NYR,1,1,-9,12,0,1,0,0,0,0,31,21282,438,16,21,12,13,9,0,0
Matt Hunwick,TOR,D,2016-12-07,false,MIN,0,4,3,2,0,0,0,0,0,0,17,17963,425,31,23,11,14,9,0,0
Jiri Hudler,DAL,R,2017-01-10,false,ANA,1,3,0,4,0,0,0,0,1,0,12,12705,314,6,2,7,3,5,1,2
Jonathan Huberdeau,FLA,L,2017-03-14,false,TOR,5,9,3,4,1,3,0,0,2,1,41,18326,393,17,2,14,17,10,2,4
Marian Hossa,CHI,R,2016-11-18,false,CGY,10,6,6,6,3,3,0,0,2,1,42,17639,409,5,10,14,3,13,4,3
Bo Horvat,VAN,C,2016-11-15,false,NYR,5,4,-6,10,0,1,1,0,0,0,26,16885,397,22,3,18,3,8,133,141
Patric Hornqvist,PIT,R,2016-11-30,false,NYI,5,9,1,2,4,3,0,0,1,0,64,16345,384,44,21,14,1,9,1,4
Korbinian Holzer,ANA,D,2017-01-17,false,TBL,0,5,-3,6,0,0,0,0,0,0,9,14145,311,42,19,5,6,1,0,0
Peter Holland,ARI,C,2016-12-31,false,CGY,0,4,-5,8,0,0,0,0,0,0,28,13125,287,14,2,17,4,3,63,91
Nick Holden,NYR,D,2016-11-15,false,VAN,2,7,14,6,1,0,0,0,0,0,9,20044,449,29,21,9,14,8,0,0
Mike Hoffman,OTT,L,2016-11-22,false,MTL,4,6,-5,10,2,2,0,0,2,0,57,17619,351,7,8,17,7,11,1,2
Joshua Ho-Sang,NYI,R,2017-04-02,false,BUF,4,6,-2,10,1,1,0,0,0,0,20,16734,321,4,2,8,18,5,0,2
Niklas Hjalmarsson,CHI,D,2016-11-18,false,CGY,2,2,5,2,0,0,0,0,0,0,11,21640,480,6,37,2,11,4,0,0
Vinnie Hinostroza,CHI,L,2016-12-03,false,PHI,1,2,-3,4,0,0,0,0,0,0,21,11518,257,10,7,11,7,8,29,57
Thomas Hickey,NYI,D,2016-11-18,false,PIT,1,3,3,2,0,1,0,0,0,0,22,19230,380,21,40,11,8,2,0,0
Tomas Hertl,SJS,C,2016-11-17,false,STL,4,5,0,10,1,1,0,0,1,0,39,16794,383,26,5,15,5,8,88,69
Adam Henrique,NJD,C,2016-11-19,false,LAK,3,5,7,10,0,0,0,0,1,1,27,18754,396,22,16,8,9,7,128,135
Matt Hendricks,EDM,L,2017-01-08,false,OTT,1,2,-6,15,0,0,0,0,1,0,18,12047,294,28,21,4,3,2,53,45
Darren Helm,DET,C,2016-11-15,false,TBL,4,3,6,8,2,0,0,1,1,0,28,15535,375,21,6,7,7,9,106,83
Victor Hedman,TBL,D,2016-11-15,false,DET,3,10,5,10,1,4,0,0,2,0,32,24892,480,20,26,18,12,8,0,0
Kevin Hayes,NYR,C,2016-11-15,false,VAN,8,8,15,4,0,1,1,0,1,0,23,16583,386,10,14,8,18,15,97,108
Jimmy Hayes,BOS,R,2016-11-22,false,STL,0,0,-10,9,0,0,0,0,0,0,32,11014,255,25,1,6,4,6,1,3
Erik Haula,MIN,L,2016-12-04,false,EDM,4,3,2,8,0,0,0,0,0,0,37,15068,359,7,8,6,6,6,98,93
Garnet Hathaway,CGY,R,2016-12-27,false,COL,1,3,0,35,0,0,0,0,0,0,12,9357,233,39,13,6,3,4,10,8
Scott Hartnell,CBJ,L,2016-11-21,false,COL,4,6,5,4,1,0,0,0,0,0,18,12740,318,16,8,7,9,3,0,0
Ryan Hartman,CHI,L,2016-11-25,false,ANA,5,1,2,2,0,0,0,0,1,0,34,10946,256,22,8,8,4,4,2,3
Scott Harrington,CBJ,D,2017-03-25,false,PHI,1,2,4,6,0,0,0,0,0,0,8,12561,299,17,20,7,4,2,0,0
Martin Hanzal,ARI,C,2016-12-01,false,LAK,5,4,-8,10,2,2,0,0,1,1,46,19014,414,34,14,13,12,4,198,164
Jannik Hansen,VAN,R,2016-12-20,false,WPG,5,4,0,23,0,0,0,0,1,0,27,17008,381,16,3,16,6,9,0,0
Noah Hanifin,CAR,D,2016-11-20,false,WPG,1,7,-8,10,1,3,0,0,0,0,32,17979,374,11,9,11,12,6,0,0
Travis Hamonic,NYI,D,2016-11-25,false,SJS,2,4,-9,23,0,1,0,0,0,0,23,20703,388,25,34,15,9,7,0,0
Dougie Hamilton,CGY,D,2016-11-15,false,MIN,2,4,-9,20,0,1,0,0,1,0,45,18812,451,28,17,12,11,3,0,0
Freddie Hamilton,CGY,C,2017-01-04,false,COL,1,0,-1,6,0,0,0,0,1,0,18,9906,235,27,1,8,1,3,53,38
Dan Hamhuis,DAL,D,2016-11-17,false,COL,0,5,-4,8,0,0,0,1,0,0,22,21153,470,23,26,11,8,2,0,0
Taylor Hall,NJD,L,2016-12-06,false,VAN,7,10,0,6,3,3,0,0,2,1,65,21022,413,19,11,19,7,11,1,3
Micheal Haley,SJS,C,2016-12-09,false,ANA,0,2,0,32,0,0,0,0,0,0,12,8056,207,52,6,5,7,6,2,4
Ron Hainsey,CAR,D,2016-11-20,false,WPG,1,5,0,6,0,0,1,0,0,0,21,22289,455,27,18,10,13,4,0,0
Carl Hagelin,PIT,L,2016-11-18,false,NYI,2,4,-1,2,0,0,0,1,0,0,30,16664,405,17,9,12,10,6,0,1
Carl Gunnarsson,STL,D,2016-11-23,false,WSH,0,1,0,4,0,0,0,0,0,0,9,14412,364,13,21,6,1,0,0,0
Jake Guentzel,PIT,C,2017-02-11,false,ARI,5,5,3,6,0,0,0,0,0,0,21,15282,336,41,8,6,3,5,8,8
Radko Gudas,PHI,D,2016-11-27,false,CGY,1,6,0,19,0,1,0,0,0,0,28,20715,440,74,45,22,12,5,0,0
Eric Gryba,EDM,D,2016-12-23,false,SJS,0,1,2,34,0,0,0,0,0,0,16,17369,374,66,13,5,5,3,0,0
Mikhail Grigorenko,COL,C,2016-11-19,false,MIN,1,5,-2,8,0,3,0,0,0,0,22,13382,300,8,5,6,3,9,33,40
Seth Griffith,FLA,C,2016-12-20,false,BUF,0,4,3,2,0,1,0,0,0,0,15,12181,272,23,4,14,5,1,1,4
Andy Greene,NJD,D,2016-11-19,false,LAK,2,2,0,2,0,0,1,0,1,1,19,22458,477,20,35,13,12,5,0,0
Matt Greene,LAK,D,2016-12-13,false,BUF,1,1,1,15,0,0,0,0,0,0,9,13552,353,54,19,8,14,1,0,0
Mike Green,DET,D,2016-11-15,false,TBL,3,8,1,16,1,2,0,0,0,0,33,24396,483,15,21,13,13,9,0,0
Kevin Gravel,LAK,D,2016-12-10,false,OTT,0,2,4,4,0,1,0,0,0,0,12,14192,341,21,28,8,9,0,0,0
Tyler Graovac,MIN,C,2016-12-07,false,TOR,2,0,0,2,0,0,0,0,0,0,14,9479,238,19,2,9,1,6,51,53
Derek Grant,BUF,C,2016-11-17,false,TBL,0,2,-3,15,0,0,0,0,0,0,13,11787,292,14,9,7,3,4,88,81
Mikael Granlund,MIN,C,2016-11-19,false,COL,4,5,3,2,1,1,1,0,2,0,34,19788,424,13,11,18,6,8,4,4
Markus Granlund,VAN,C,2016-11-15,false,NYR,5,2,-5,6,1,0,0,0,1,1,29,16597,381,9,3,10,4,11,24,31
Michael Grabner,NYR,R,2016-11-15,false,VAN,10,3,16,2,0,0,0,1,1,0,41,13171,356,9,12,11,7,16,2,1
Yanni Gourde,TBL,C,2017-04-04,false,BOS,4,2,-5,8,0,0,1,0,1,1,26,15718,352,9,3,9,4,12,51,81
Shayne Gostisbehere,PHI,D,2016-11-15,false,OTT,3,7,-4,8,1,4,0,0,1,0,48,21457,442,7,20,33,19,5,0,0
Josh Gorges,BUF,D,2016-11-17,false,TBL,0,0,-2,19,0,0,0,0,0,0,4,19654,461,42,35,6,5,0,0,1
Cody Goloubef,COL,D,2017-01-25,false,VAN,0,3,-11,15,0,0,0,0,0,0,16,18038,420,10,22,5,3,2,0,0
Alex Goligoski,ARI,D,2016-11-19,false,SJS,0,7,-5,4,0,2,0,0,0,0,28,23637,478,18,26,8,10,1,0,0
Luke Glendening,DET,C,2016-11-15,false,TBL,1,5,2,8,0,1,0,0,0,0,22,13052,320,46,20,10,1,6,77,74
Claude Giroux,PHI,C,2016-11-15,false,OTT,4,12,-9,4,3,7,0,0,0,0,42,20116,433,12,3,17,4,7,201,175
Zemgus Girgensons,BUF,C,2016-11-17,false,TBL,1,3,-5,4,0,0,0,0,0,0,34,12958,310,20,8,7,1,2,85,78
Dan Girardi,NYR,D,2016-11-23,false,PIT,3,3,12,6,0,0,0,1,3,0,17,18734,431,33,44,6,13,2,0,0
Mark Giordano,CGY,D,2016-11-15,false,MIN,1,5,-3,18,0,2,0,1,0,0,42,25543,533,13,44,17,6,12,0,0
Brian Gionta,BUF,R,2016-11-17,false,TBL,3,4,0,4,0,0,0,0,1,0,37,17434,369,15,7,13,5,5,7,8
Stephen Gionta,NYI,R,2017-03-16,false,WPG,1,4,6,0,0,0,0,0,0,0,12,10926,276,38,3,2,4,2,20,18
Tom Gilbert,LAK,D,2016-12-22,false,NSH,1,4,-3,6,0,1,0,0,0,0,12,15913,371,10,27,9,6,1,0,0
Ryan Getzlaf,ANA,C,2016-11-22,false,NYI,1,15,-1,12,0,6,0,0,0,0,35,20161,429,18,14,20,14,10,129,119
Eric Gelinas,COL,D,2016-12-31,false,NYR,0,1,-2,10,0,0,0,0,0,0,22,12527,299,16,11,10,5,1,0,1
Frederik Gauthier,TOR,C,2017-01-26,false,PHI,2,1,3,21,0,0,0,0,0,0,10,9809,286,13,14,4,3,4,100,97
Brendan Gaunce,VAN,C,2016-11-15,false,NYR,0,2,-3,20,0,0,0,0,0,0,15,9625,251,21,3,5,2,2,48,45
Johnny Gaudreau,CGY,L,2016-11-15,false,MIN,5,6,-10,0,1,1,0,0,1,0,44,19434,405,3,4,15,24,7,0,0
Jason Garrison,TBL,D,2016-11-15,false,DET,0,2,-6,4,0,0,0,0,0,0,25,18398,409,20,27,14,10,6,0,0
Jake Gardiner,TOR,D,2016-11-17,false,FLA,3,5,3,4,1,1,0,0,0,0,24,19620,424,13,15,10,20,7,0,0
Brendan Gallagher,MTL,R,2016-11-15,false,FLA,4,6,6,18,1,0,0,0,1,0,45,15459,363,20,4,14,4,8,19,25
Alex Galchenyuk,MTL,C,2016-11-15,false,FLA,6,12,12,10,1,4,0,0,0,0,32,16136,364,9,9,10,11,6,76,119
Sam Gagner,CBJ,C,2016-11-23,false,CGY,7,5,6,0,2,3,0,0,1,0,38,14045,304,2,3,19,3,3,35,40
Marian Gaborik,LAK,R,2017-01-05,false,DET,1,3,-2,4,1,1,0,0,0,0,36,15058,337,11,2,17,5,2,0,1
Michael Frolik,CGY,R,2016-11-15,false,MIN,5,5,0,4,0,0,2,0,0,0,40,16020,370,13,13,9,7,9,6,5
Cody Franson,BUF,D,2016-11-17,false,TBL,1,4,0,6,1,0,0,0,0,0,28,18052,399,12,10,5,8,0,0,0
Cam Fowler,ANA,D,2016-11-15,false,EDM,5,6,-1,2,3,3,0,0,1,0,34,24486,480,10,21,9,14,3,0,0
Gustav Forsling,CHI,D,2016-11-21,false,EDM,1,3,0,2,0,1,0,0,0,0,21,16532,352,10,6,6,11,1,0,0
Filip Forsberg,NSH,L,2016-11-19,false,STL,1,11,-3,6,0,3,0,0,0,0,36,19174,429,28,5,22,8,18,5,6
Derek Forbort,LAK,D,2016-11-15,false,COL,0,3,0,30,0,0,0,0,0,0,14,16077,387,35,37,4,11,2,0,0
Christian Folin,MIN,D,2016-11-21,false,DAL,0,2,8,16,0,0,0,0,0,0,18,17803,403,26,24,9,4,6,0,0
Marcus Foligno,BUF,L,2016-11-17,false,TBL,3,2,1,8,0,0,0,0,0,0,31,16797,375,60,12,9,9,8,0,1
Nick Foligno,CBJ,L,2016-11-21,false,COL,7,11,3,18,3,6,0,0,0,0,30,18219,411,24,9,15,7,5,20,16
Brian Flynn,MTL,C,2016-12-10,false,COL,2,2,2,2,0,0,0,0,0,0,17,12070,325,9,8,10,6,4,26,25
Mike Fisher,NSH,C,2016-11-27,false,WPG,4,8,-7,27,3,5,0,0,1,0,33,16581,380,43,13,12,0,4,152,125
Valtteri Filppula,TBL,C,2016-11-17,false,BUF,4,8,3,4,0,4,0,0,1,0,20,18240,367,7,7,5,6,8,131,182
Vernon Fiddler,NJD,C,2016-11-19,false,LAK,0,1,-2,13,0,0,0,0,0,0,14,13222,323,15,9,4,10,3,112,95
Kevin Fiala,NSH,L,2016-12-10,false,ARI,5,1,0,6,0,0,0,0,1,0,41,13112,314,14,4,6,8,11,0,0
Micheal Ferland,CGY,L,2016-11-15,false,MIN,3,4,-1,5,1,1,0,0,0,0,25,11280,282,41,4,6,8,8,0,0
Eric Fehr,PIT,C,2016-11-18,false,NYI,2,1,-2,2,0,0,0,0,1,0,16,11441,288,18,14,5,3,13,24,20
Taylor Fedun,BUF,D,2017-01-20,false,DET,0,6,3,8,0,3,0,0,0,0,20,14317,337,5,13,3,7,2,0,0
Justin Faulk,CAR,D,2016-11-26,false,OTT,3,4,-6,8,1,3,0,0,0,0,46,24344,461,31,18,26,15,10,0,0
Jesper Fast,NYR,R,2016-11-15,false,VAN,2,8,9,10,0,0,0,0,0,0,10,13756,339,25,7,7,4,13,6,4
Justin Falk,BUF,D,2016-12-22,false,CAR,0,1,0,7,0,0,0,0,0,0,13,13176,331,30,7,7,4,2,0,0
Radek Faksa,DAL,C,2016-11-15,false,NJD,1,4,2,15,0,0,0,0,0,0,25,16839,430,19,15,15,5,10,138,148
Robby Fabbri,STL,C,2016-11-17,false,SJS,4,4,-5,15,3,2,0,0,0,0,26,16415,369,23,8,9,5,7,2,2
Adam Erne,TBL,L,2017-03-23,false,BOS,1,0,-5,4,0,0,0,0,0,0,28,12494,293,50,6,13,3,2,0,2
Loui Eriksson,VAN,L,2016-11-15,false,NYR,2,4,-5,0,0,1,0,1,0,0,29,19318,413,1,7,12,4,5,0,0
Jonathan Ericsson,DET,D,2016-11-15,false,TBL,0,4,2,35,0,0,0,0,0,0,15,17626,421,24,15,9,8,1,0,0
Toby Enstrom,WPG,D,2016-11-13,false,LAK,1,5,2,10,0,3,1,0,0,0,18,22870,486,3,23,9,10,4,0,0
Tyler Ennis,BUF,L,2017-01-26,false,DAL,2,1,-6,0,0,0,0,0,0,0,35,13883,300,10,9,7,4,8,0,3
Deryk Engelland,CGY,D,2016-11-15,false,MIN,1,3,8,19,0,0,0,0,1,0,20,19187,449,28,37,11,13,2,0,0
Alexei Emelin,MTL,D,2016-11-15,false,FLA,1,3,6,20,0,0,0,0,0,0,13,21549,435,55,34,6,20,3,0,0
Ryan Ellis,NSH,D,2016-11-19,false,STL,3,3,2,4,0,2,0,0,2,0,26,24115,482,25,35,13,7,6,0,0
Lars Eller,WSH,C,2016-11-18,false,DET,2,0,-1,16,0,0,0,0,0,0,22,14135,313,9,3,12,5,9,94,100
Remi Elie,DAL,L,2017-04-06,false,NSH,1,6,4,8,0,0,0,0,0,0,15,15836,372,30,11,8,13,11,1,0
Oliver Ekman-Larsson,ARI,D,2016-11-19,false,SJS,5,3,-2,6,2,1,0,0,1,1,42,25153,476,29,16,19,11,5,0,0
Mattias Ekholm,NSH,D,2016-11-19,false,STL,0,5,-3,10,0,1,0,1,0,0,26,23830,468,12,32,16,18,6,0,0
Aaron Ekblad,FLA,D,2016-11-17,false,TOR,4,0,-7,24,2,0,0,0,1,1,48,23747,401,36,15,21,9,8,0,0
Jack Eichel,BUF,C,2017-01-05,false,CHI,8,6,-1,4,4,3,0,0,2,0,65,19831,376,13,14,21,15,10,84,111
Nikolaj Ehlers,WPG,L,2016-11-13,false,LAK,4,10,4,8,0,2,0,0,1,0,42,18317,377,9,6,22,9,8,0,1
Joel Edmundson,STL,D,2016-12-11,false,MIN,0,2,-4,21,0,0,0,0,0,0,18,16092,407,31,20,8,2,4,0,0
Alexander Edler,VAN,D,2016-11-17,false,ARI,1,2,-6,4,1,1,0,0,0,0,41,25198,496,32,45,10,9,5,2,1
Jordan Eberle,EDM,C,2016-11-15,false,ANA,5,7,-6,4,1,2,0,0,0,0,51,18760,401,3,7,12,3,6,1,1
Patrick Eaves,DAL,R,2016-11-17,false,COL,8,6,-3,4,4,3,0,0,1,0,43,17424,417,22,13,21,2,2,0,1
Cody Eakin,DAL,C,2017-01-04,false,MTL,0,2,-7,17,0,1,0,0,0,0,14,14585,371,21,8,13,6,1,107,111
Ryan Dzingel,OTT,L,2016-11-17,false,NSH,5,4,4,0,0,1,1,0,1,0,29,13740,317,10,10,7,4,7,1,2
Christian Dvorak,ARI,C,2016-11-29,false,SJS,2,5,2,2,0,1,0,0,0,0,15,15050,314,15,16,6,3,1,90,112
Brian Dumoulin,PIT,D,2016-11-18,false,NYI,0,2,-5,6,0,0,0,0,0,0,25,20498,469,32,21,7,11,6,0,0
Gabriel Dumont,TBL,C,2017-02-21,false,EDM,1,1,-1,11,0,0,0,0,0,0,20,9853,250,34,5,5,3,2,51,40
Matt Dumba,MIN,D,2016-11-19,false,COL,2,4,4,10,1,1,0,0,1,1,36,21441,421,25,18,13,7,5,0,0
Anthony Duclair,ARI,L,2016-11-19,false,SJS,1,2,0,4,0,0,0,0,0,0,21,13825,316,6,2,7,9,7,0,0
Matt Duchene,COL,C,2016-11-29,false,NSH,7,7,-1,2,0,2,0,0,3,1,41,18814,407,4,15,12,10,15,100,71
Brandon Dubinsky,CBJ,C,2016-11-25,false,TBL,2,4,-3,15,0,1,0,0,1,0,19,18101,417,54,12,14,8,10,171,150
Jonathan Drouin,TBL,L,2016-11-29,false,CBJ,3,4,-6,6,2,1,0,0,0,0,52,17500,337,11,7,12,18,11,27,33
Leon Draisaitl,EDM,C,2016-11-15,false,ANA,4,5,-6,2,2,1,0,0,0,0,30,16845,358,6,7,13,15,10,113,112
Nic Dowd,LAK,C,2016-11-19,false,NJD,2,8,-2,2,1,2,0,0,1,1,20,14164,339,48,11,9,6,3,96,113
Drew Doughty,LAK,D,2016-11-15,false,COL,2,4,1,14,0,1,0,0,0,0,42,27793,569,32,31,18,20,2,1,0
Jake Dotchin,TBL,D,2017-03-04,false,BUF,0,4,5,21,0,0,0,0,0,0,18,18228,384,45,9,15,7,3,0,0
Joonas Donskoi,SJS,R,2016-11-17,false,STL,2,5,-1,6,1,2,0,0,0,0,30,14944,354,8,6,17,8,11,0,0
Max Domi,ARI,L,2016-11-19,false,SJS,2,11,-3,11,1,3,0,0,1,0,37,17992,371,13,8,16,13,6,3,3
Shane Doan,ARI,R,2016-11-19,false,SJS,1,4,-2,2,1,1,0,0,0,0,30,16128,332,30,11,8,6,2,21,27
Brenden Dillon,SJS,D,2016-11-17,false,STL,0,1,-1,12,0,0,0,0,0,0,19,16135,369,36,16,10,4,0,0,0
Phillip Di Giuseppe,CAR,L,2016-12-08,false,LAK,1,1,-8,13,0,0,0,0,1,1,27,12505,291,27,8,13,6,6,0,2
Nicolas Deslauriers,BUF,L,2017-01-05,false,CHI,0,0,-4,4,0,0,0,0,0,0,9,8508,197,48,2,6,0,1,0,0
Andrew Desjardins,CHI,L,2016-12-18,false,SJS,0,0,-2,4,0,0,0,0,0,0,22,10414,240,25,6,4,3,4,21,18
David Desharnais,MTL,C,2016-11-18,false,CAR,3,3,2,2,0,1,0,0,0,0,15,13429,311,0,3,6,3,8,35,48
Jason Demers,FLA,D,2016-11-17,false,TOR,2,5,-5,6,0,3,0,1,0,0,19,20331,401,14,17,21,9,11,0,0
Michael Del Zotto,PHI,D,2016-12-19,false,NSH,4,5,-3,4,0,0,0,0,0,0,31,19308,437,69,36,11,7,3,0,0
Dylan DeMelo,SJS,D,2017-03-09,false,WSH,1,3,0,10,0,0,0,0,0,0,18,15373,358,20,18,10,5,2,0,0
Danny DeKeyser,DET,D,2016-11-15,false,TBL,1,2,-1,10,0,0,0,0,0,0,8,22605,488,20,32,9,8,2,0,0
Anthony DeAngelo,ARI,D,2016-12-23,false,TOR,3,6,-2,4,2,4,0,0,0,0,29,19437,400,9,26,13,10,2,0,0
Brandon Davidson,EDM,D,2017-01-26,false,SJS,0,1,2,6,0,0,0,0,0,0,21,14722,344,16,33,7,13,1,0,0
Laurent Dauphin,ARI,C,2016-11-29,false,SJS,1,1,-1,6,0,0,1,0,0,0,23,11052,274,27,7,3,1,7,24,26
Marko Dano,WPG,C,2016-12-03,false,STL,3,3,-1,6,2,0,0,0,0,0,21,12145,292,33,6,12,7,9,1,3
Phillip Danault,MTL,L,2016-11-15,false,FLA,5,4,1,2,0,0,0,0,1,0,25,13549,338,14,17,8,7,2,52,51
Trevor Daley,PIT,D,2016-11-18,false,NYI,2,4,3,10,1,1,0,1,0,0,24,21689,502,4,31,17,4,11,0,0
Klas Dahlbeck,CAR,D,2017-02-17,false,COL,1,2,-3,16,0,0,0,0,0,0,12,13302,313,25,13,6,8,4,0,0
Austin Czarnik,BOS,C,2016-11-25,false,CGY,2,3,-2,4,0,1,0,0,1,0,23,14348,339,4,13,6,6,5,5,20
Matt Cullen,PIT,C,2016-11-18,false,NYI,3,6,3,4,0,1,0,0,1,0,18,14448,367,9,3,13,5,2,124,106
Lawson Crouse,ARI,L,2016-11-29,false,SJS,1,0,-6,8,0,0,0,0,0,0,17,10880,265,35,10,5,1,4,0,0
Sidney Crosby,PIT,C,2016-11-30,false,NYI,15,7,1,8,5,1,0,0,2,0,60,19645,424,21,5,17,20,7,191,218
Joseph Cramarossa,ANA,C,2016-12-11,false,OTT,2,3,0,30,0,0,0,0,0,0,11,11372,284,37,11,7,7,5,1,0
Adam Cracknell,DAL,R,2016-11-15,false,NJD,2,1,3,0,0,0,0,0,0,0,22,10985,275,25,12,11,4,2,27,27
Charlie Coyle,MIN,C,2016-11-19,false,COL,5,6,4,18,3,0,0,0,1,0,39,18399,399,20,16,14,10,8,11,9
Sean Couturier,PHI,C,2016-11-15,false,OTT,4,3,-5,12,0,1,0,1,1,0,27,19078,443,13,14,14,10,10,148,148
Logan Couture,SJS,C,2016-11-17,false,STL,4,5,-2,2,2,0,0,0,0,0,56,18722,417,4,11,12,15,8,68,124
Nick Cousins,PHI,C,2016-11-23,false,TBL,3,3,0,4,1,1,0,0,0,0,24,11374,262,19,8,2,1,6,20,43
Andrew Copp,WPG,C,2016-12-03,false,STL,2,3,-1,4,0,0,1,0,0,0,16,12967,329,22,11,6,4,9,26,40
Kyle Connor,WPG,L,2016-11-25,false,NSH,1,3,-8,4,0,2,0,0,1,0,20,13576,297,1,8,12,5,9,1,1
Brett Connolly,WSH,R,2016-12-16,false,CAR,3,1,-1,12,1,0,0,0,0,0,24,10911,250,33,1,5,2,5,3,3
Kevin Connauton,ARI,D,2017-02-20,false,ANA,0,1,-2,8,0,0,0,0,0,0,15,13053,314,35,12,11,3,2,0,0
J.T. Compher,COL,L,2017-04-02,false,MIN,3,1,-2,4,1,0,0,0,1,0,23,14512,324,11,14,11,3,6,61,66
Blake Comeau,COL,L,2016-11-29,false,NSH,2,2,0,18,1,0,0,0,0,0,28,15765,367,34,7,10,3,9,44,42
Blake Coleman,NJD,C,2017-03-26,false,DAL,1,1,-5,15,0,0,0,0,0,0,22,12958,287,38,11,6,8,10,65,83
Ian Cole,PIT,D,2016-11-18,false,NYI,1,2,2,17,0,0,0,0,0,0,16,18713,426,39,40,20,10,3,0,0
Joe Colborne,COL,C,2016-11-19,false,MIN,3,1,-5,4,2,0,0,0,0,0,21,13252,306,16,6,4,3,3,24,35
Andrew Cogliano,ANA,L,2016-11-15,false,EDM,5,3,4,8,0,0,2,0,0,0,37,15192,394,16,8,4,3,6,1,5
Braydon Coburn,TBL,D,2016-11-15,false,DET,0,4,2,10,0,0,0,0,0,0,20,16373,362,19,8,8,7,0,0,0
Cal Clutterbuck,NYI,R,2016-11-18,false,PIT,2,5,-1,8,0,0,0,0,1,0,28,16583,406,67,9,10,8,7,1,2
Kyle Clifford,LAK,L,2016-11-17,false,EDM,2,2,2,31,0,0,0,0,0,0,29,10350,239,36,2,9,1,7,0,1
Adam Clendening,NYR,D,2017-01-23,false,LAK,1,7,6,10,1,1,0,0,0,0,20,16380,375,8,16,9,7,5,0,0
Fredrik Claesson,OTT,D,2017-02-14,false,BUF,0,5,0,0,0,0,0,1,0,0,11,10671,271,19,5,3,10,1,0,0
Casey Cizikas,NYI,C,2016-11-18,false,PIT,2,4,0,12,0,1,0,0,1,0,20,15365,393,44,21,3,7,9,126,147
Jakob Chychrun,ARI,D,2016-12-05,false,CBJ,1,3,-4,23,0,0,0,0,0,0,20,17078,372,24,22,19,9,2,0,0
Taylor Chorney,WSH,D,2017-02-25,false,NSH,1,4,8,11,0,0,0,0,1,0,17,14329,325,27,27,9,7,3,0,0
Jason Chimera,NYI,L,2016-11-18,false,PIT,1,4,-6,16,0,0,0,0,0,0,26,14045,348,29,8,4,5,3,4,6
Alex Chiasson,CGY,R,2016-11-15,false,MIN,2,2,1,14,0,0,0,0,0,0,26,13439,340,20,3,7,6,6,0,9
Ben Chiarot,WPG,D,2016-11-15,false,CHI,0,3,-3,10,0,0,0,0,0,0,12,14040,305,21,22,1,11,2,0,0
Zdeno Chara,BOS,D,2016-11-17,false,MIN,1,3,12,17,0,0,0,0,0,0,25,23976,454,26,39,10,15,11,0,0
Michael Chaput,VAN,C,2016-12-11,false,WSH,0,3,-4,11,0,0,0,0,0,0,14,10796,270,22,5,1,3,2,76,71
Cody Ceci,OTT,D,2016-11-17,false,NSH,0,2,-5,6,0,0,0,1,0,0,29,23340,541,33,38,12,17,5,0,0
Jeff Carter,LAK,C,2016-11-15,false,COL,5,6,0,6,0,1,0,0,2,1,48,18388,399,18,9,19,9,6,149,133
William Carrier,BUF,L,2016-12-09,false,WSH,1,1,2,6,0,0,0,0,0,0,25,9253,235,55,2,6,3,2,1,1
Connor Carrick,TOR,D,2016-11-22,false,CAR,1,2,3,22,0,0,0,0,0,0,28,18124,429,19,23,11,13,6,0,0
Daniel Carr,MTL,L,2016-12-17,false,WSH,1,3,3,6,0,0,0,0,1,0,24,10408,253,15,7,11,3,3,1,1
John Carlson,WSH,D,2016-11-18,false,DET,0,7,1,0,0,2,0,0,0,0,44,23790,431,13,24,21,20,6,0,0
Brandon Carlo,BOS,D,2016-11-17,false,MIN,2,2,11,15,0,0,0,0,0,0,20,22858,454,16,36,12,4,3,0,0
Brian Campbell,CHI,D,2016-11-15,false,WPG,2,5,5,6,1,2,0,0,0,0,19,19077,393,13,15,8,14,0,0,0
Michael Cammalleri,NJD,L,2016-12-01,false,CHI,7,8,4,12,1,3,0,0,1,0,48,17650,371,12,3,18,11,8,5,4
Matt Calvert,CBJ,L,2016-11-21,false,COL,2,1,0,12,0,0,1,0,1,0,24,15666,368,22,11,11,8,10,2,11
Ryan Callahan,TBL,R,2017-01-05,false,NSH,2,2,-2,23,0,0,0,0,1,0,22,14394,332,46,12,11,9,7,5,4
Drake Caggiula,EDM,L,2016-12-21,false,ARI,1,4,-3,2,1,1,0,0,0,0,16,13519,308,32,4,9,5,5,22,34
Paul Byron,MTL,L,2016-11-15,false,FLA,6,5,7,4,0,0,1,0,2,0,21,14145,369,22,5,2,6,8,2,0
Dustin Byfuglien,WPG,D,2016-11-13,false,LAK,0,8,0,19,0,1,0,0,0,0,44,29306,497,46,30,28,24,13,0,0
Alexandre Burrows,VAN,L,2016-11-25,false,DAL,3,4,1,25,0,0,0,1,0,0,37,13713,352,12,3,8,5,10,0,3
Brent Burns,SJS,D,2016-11-17,false,STL,6,8,1,4,1,2,0,0,1,0,79,24166,456,18,35,30,29,7,0,0
Alexander Burmistrov,WPG,C,2016-11-17,false,PHI,0,2,-3,2,0,0,0,1,0,0,12,11690,259,20,4,6,5,2,38,64
Andre Burakovsky,WSH,L,2016-11-18,false,DET,2,5,-3,0,0,0,0,0,0,0,33,15073,303,7,7,12,10,11,0,0
Pavel Buchnevich,NYR,R,2017-01-25,false,PHI,6,8,4,6,1,2,0,0,0,0,28,15422,358,5,4,12,15,8,1,1
Dustin Brown,LAK,R,2016-11-15,false,COL,3,6,-7,10,1,2,1,0,1,0,37,16983,384,45,3,12,6,6,0,1
Connor Brown,TOR,R,2016-11-17,false,FLA,3,4,2,4,0,0,0,0,1,0,22,14136,357,17,16,10,1,4,0,0
J.T. Brown,TBL,R,2016-11-17,false,BUF,2,1,-3,17,0,0,1,0,1,0,18,10690,263,22,5,7,3,3,0,1
Troy Brouwer,CGY,R,2016-11-15,false,MIN,4,3,-6,10,0,2,1,0,0,0,27,17444,397,42,11,7,3,7,10,21
Kyle Brodziak,STL,C,2016-11-17,false,SJS,1,1,-3,19,0,0,0,0,0,0,14,9575,275,17,9,4,0,3,46,65
Jonas Brodin,MIN,D,2016-11-19,false,COL,1,5,6,8,0,0,0,0,1,0,26,20035,437,4,21,15,8,2,0,0
TJ Brodie,CGY,D,2016-11-15,false,MIN,0,3,-11,4,0,2,0,0,0,0,23,24304,526,10,20,11,16,11,0,0
Justin Braun,SJS,D,2016-11-17,false,STL,0,1,-5,2,0,0,0,0,0,0,18,20643,425,22,35,9,9,9,0,0
Derick Brassard,OTT,C,2016-11-17,false,NSH,2,5,-1,4,1,1,0,0,0,0,41,18501,385,21,2,19,9,14,153,149
Tyler Bozak,TOR,C,2016-11-17,false,FLA,5,9,0,2,1,1,0,0,1,0,33,16242,379,12,5,9,10,9,159,106
Brian Boyle,TBL,C,2016-11-15,false,DET,4,1,3,29,0,0,0,0,0,0,25,11438,277,22,13,3,3,6,56,53
Johnny Boychuk,NYI,D,2016-11-18,false,PIT,2,4,-1,2,0,1,1,0,1,0,44,20836,397,43,44,19,8,4,0,0
Jay Bouwmeester,STL,D,2016-11-15,false,BUF,1,1,-6,8,0,0,0,0,0,0,20,23432,513,18,25,10,9,5,0,0
Rene Bourque,COL,R,2016-11-23,false,EDM,7,1,-2,13,2,0,0,0,2,1,32,14962,343,28,9,13,2,6,0,3
Michael Bournival,TBL,L,2017-01-24,false,CHI,1,1,-4,2,0,0,0,0,0,0,21,10252,255,25,8,12,3,6,1,2
Lance Bouma,CGY,C,2016-12-16,false,CBJ,1,2,0,11,0,0,0,0,0,0,9,11545,296,44,14,3,2,3,1,2
Reid Boucher,VAN,C,2017-02-14,false,PIT,1,2,1,2,0,0,0,0,0,0,24,10582,233,13,8,5,1,8,0,0
Robert Bortuzzo,STL,D,2017-01-21,false,WPG,1,1,4,2,0,0,0,0,0,0,22,14631,390,41,32,11,9,3,0,0
Mark Borowiecki,OTT,D,2016-11-17,false,NSH,0,0,1,23,0,0,0,0,0,0,7,12754,345,58,23,4,4,1,0,0
Nick Bonino,PIT,C,2016-11-18,false,NYI,1,4,-4,4,0,1,1,0,0,0,25,18043,431,15,25,6,9,11,148,152
Jared Boll,ANA,R,2016-11-20,false,LAK,0,1,-6,31,0,0,0,0,0,0,6,6515,168,14,2,1,2,1,0,1
Zach Bogosian,BUF,D,2017-01-03,false,NYR,0,2,-8,13,0,0,0,0,0,0,17,20530,441,26,34,7,8,5,0,0
Mikkel Boedker,SJS,L,2016-11-17,false,STL,2,0,-7,4,0,0,0,0,0,0,17,15503,369,12,4,14,11,7,2,8
Anton Blidh,BOS,L,2017-01-14,false,PHI,1,1,-2,5,0,0,0,0,0,0,25,8880,210,37,4,9,4,4,0,0
Joseph Blandisi,NJD,L,2017-03-16,false,PHI,2,4,-5,18,1,2,0,0,1,0,13,12718,304,23,3,10,1,5,41,44
Nick Bjugstad,FLA,C,2016-12-28,false,TOR,1,1,-9,10,0,1,0,0,0,0,27,13954,315,27,3,8,7,6,46,52
Oliver Bjorkstrand,CBJ,R,2017-03-11,false,BUF,5,4,5,6,0,0,0,0,2,0,36,14379,324,9,5,10,5,7,1,0
Anthony Bitetto,NSH,D,2017-01-31,false,PIT,0,3,-2,15,0,0,0,0,0,0,12,11951,299,23,16,8,3,0,0,0
Kevin Bieksa,ANA,D,2016-11-15,false,EDM,1,0,-1,19,1,0,0,0,0,0,30,20697,414,37,14,12,5,3,0,0
Alex Biega,VAN,D,2017-01-22,false,CHI,0,2,-1,10,0,0,0,0,0,0,17,15376,377,39,15,17,2,3,0,0
Patrik Berglund,STL,C,2016-11-15,false,BUF,1,3,-3,8,0,0,0,0,0,0,28,15454,392,32,8,15,3,5,115,103
Patrice Bergeron,BOS,C,2016-11-24,false,OTT,3,2,-2,4,1,0,0,0,1,0,65,18756,403,12,12,23,4,6,230,163
Matt Benning,EDM,D,2016-12-03,false,ANA,0,4,4,6,0,1,0,0,0,0,23,16864,373,39,18,12,12,1,0,0
Sam Bennett,CGY,C,2016-11-15,false,MIN,3,4,-3,26,1,0,0,0,0,0,19,15220,354,33,3,11,5,10,82,92
Beau Bennett,NJD,R,2016-11-21,false,SJS,0,5,0,6,0,0,0,0,0,0,29,14212,303,14,3,14,7,6,1,3
Jamie Benn,DAL,L,2016-11-15,false,NJD,4,10,-6,23,3,2,0,0,1,0,41,20092,482,29,7,19,9,14,88,71
Jordie Benn,DAL,D,2016-11-19,false,EDM,1,4,1,10,0,2,0,0,0,0,23,19282,446,10,31,13,11,2,0,0
Pierre-Edouard Bellemare,PHI,L,2016-11-15,false,OTT,0,3,3,2,0,0,0,1,0,0,18,14079,349,14,15,9,3,3,94,108
Matt Beleskey,BOS,L,2016-11-19,false,WPG,2,2,-3,15,0,1,0,0,0,0,26,15360,332,35,8,13,5,4,19,27
Anthony Beauvillier,NYI,C,2016-11-28,false,CGY,2,4,5,4,0,0,0,0,0,0,15,12320,274,22,3,4,6,4,9,9
Nathan Beaulieu,MTL,D,2016-11-15,false,FLA,1,5,8,9,0,2,0,0,1,0,16,17937,379,20,28,8,22,5,0,0
Francois Beauchemin,COL,D,2016-11-19,false,MIN,0,4,2,4,0,1,0,0,0,0,27,20603,457,17,31,11,10,6,0,0
Jay Beagle,WSH,C,2016-11-18,false,DET,4,4,6,2,0,0,1,1,2,0,26,12820,313,10,7,4,5,2,115,78
Matt Bartkowski,CGY,D,2017-03-25,false,STL,1,1,2,9,0,0,0,0,0,0,10,15296,364,29,10,5,10,2,0,0
Tyson Barrie,COL,D,2016-11-19,false,MIN,1,6,-7,4,0,3,0,0,1,0,42,22939,473,12,17,23,8,4,0,0
Aleksander Barkov,FLA,C,2016-11-17,false,TOR,2,6,-2,0,0,2,0,0,1,1,31,19505,383,9,6,11,4,14,119,121
Mark Barberio,MTL,D,2017-01-09,false,WSH,0,2,1,6,0,0,0,0,0,0,23,15022,327,8,19,6,11,3,0,0
Ivan Barbashev,STL,C,2017-03-15,false,ANA,3,1,3,2,0,0,0,0,1,0,10,10895,254,26,8,6,1,3,43,57
Justin Bailey,BUF,R,2017-02-16,false,COL,2,1,5,2,0,0,0,0,1,0,22,10943,259,17,9,7,6,5,0,0
Josh Bailey,NYI,R,2016-11-18,false,PIT,2,6,1,0,0,1,0,0,1,1,30,19295,406,8,15,11,6,10,4,3
Sven Baertschi,VAN,L,2016-11-15,false,NYR,1,4,-4,0,0,0,0,0,1,0,24,14626,335,9,9,5,4,3,1,0
Nicklas Backstrom,WSH,C,2016-11-18,false,DET,4,11,1,6,0,6,0,0,1,0,35,18855,391,16,6,5,9,9,151,124
Mikael Backlund,CGY,C,2016-11-15,false,MIN,1,6,-2,6,0,1,0,2,0,0,36,17360,409,10,15,8,9,5,149,139
David Backes,BOS,R,2016-11-27,false,TBL,5,4,4,21,2,1,0,0,1,0,41,18323,371,49,13,14,9,5,34,41
Yohann Auvitu,NJD,D,2016-11-25,false,DET,2,2,3,2,0,1,0,0,0,0,40,16899,363,13,6,10,7,6,0,0
Cam Atkinson,CBJ,R,2016-11-21,false,COL,7,10,-2,4,4,4,0,0,2,1,53,17981,417,8,8,16,2,7,2,0
Andreas Athanasiou,DET,C,2016-12-15,false,LAK,5,1,0,2,0,0,0,0,0,0,27,12874,289,8,5,13,5,4,15,19
Viktor Arvidsson,NSH,L,2016-11-19,false,STL,5,5,-2,4,1,1,1,1,0,0,53,15367,373,6,10,15,6,5,2,1
Joel Armia,WPG,R,2017-01-07,false,BUF,2,3,0,8,0,0,0,0,0,0,36,15200,354,14,6,9,10,12,2,4
Artem Anisimov,CHI,C,2016-11-18,false,CGY,8,10,11,14,1,3,0,0,3,1,26,18049,393,9,3,13,0,8,109,144
Sven Andrighetto,MTL,R,2017-01-21,false,BUF,2,4,5,2,0,1,0,0,0,0,18,11005,268,18,8,12,1,3,0,0
Andy Andreoff,LAK,L,2017-01-21,false,NYI,0,1,-2,22,0,0,0,0,0,0,14,10834,245,35,6,8,6,2,26,16
Josh Anderson,CBJ,R,2016-11-21,false,COL,5,1,8,17,0,0,0,0,1,0,23,12271,319,26,13,6,6,2,4,6
Karl Alzner,WSH,D,2016-11-18,false,DET,2,2,6,8,0,0,0,0,0,0,21,20488,438,20,23,5,8,5,0,0
Sebastian Aho,CAR,R,2016-11-20,false,WPG,2,8,-1,2,0,3,0,0,0,0,38,15272,334,7,2,16,10,6,0,1
Noel Acciari,BOS,C,2016-12-18,false,LAK,0,2,0,4,0,0,0,0,0,0,13,10010,243,40,3,5,2,7,9,12
Justin Abdelkader,DET,L,2016-11-20,false,CGY,3,2,-3,13,2,0,0,0,0,0,27,17338,361,43,6,10,5,6,0,4
Steven Stamkos,TBL,C,2016-11-15,false,DET,9,11,3,14,3,4,0,0,1,0,58,18234,366,21,3,18,6,15,106,92
Kyle Rau,FLA,C,2016-12-05,false,BOS,2,1,-1,4,0,0,0,0,0,0,15,10556,242,19,2,2,1,5,2,1
Tyler Pitlick,EDM,R,2016-11-15,false,ANA,5,1,-1,4,0,0,0,0,1,0,30,10193,251,41,5,4,5,1,2,1
Johan Larsson,BUF,C,2016-11-17,false,TBL,2,4,-4,8,0,0,0,0,2,0,15,17767,379,20,14,12,10,7,126,125
Erik Gudbranson,VAN,D,2016-11-15,false,NYR,0,3,-9,7,0,0,0,0,0,0,23,20096,430,34,20,6,14,3,0,0
Ryan Garbutt,ANA,C,2016-11-15,false,EDM,1,1,-3,12,0,0,0,1,1,0,18,10516,281,33,9,13,1,2,5,4
