James van Riemsdyk,TOR,L,2016-11-19,false,MTL,8,9,0,8,0,3,0,0,1,0,54,16537,374,20,12,9,6,6,1,3
Trevor van Riemsdyk,CHI,D,2017-01-06,false,CAR,1,3,7,6,0,0,0,0,0,0,23,20015,428,6,24,7,12,6,0,0
Calvin de Haan,NYI,D,2016-11-22,false,ANA,1,6,3,22,0,0,0,0,0,0,32,19888,385,29,45,10,15,5,0,0
Jason Zucker,MIN,L,2016-11-21,false,DAL,2,5,8,6,0,0,0,0,0,0,23,13082,316,19,5,15,5,9,1,1
Mats Zuccarello,NYR,R,2016-11-18,false,CBJ,7,6,4,8,2,0,0,0,0,0,41,20231,420,19,6,9,7,16,1,1
Harry Zolnierczyk,NSH,L,2017-02-23,false,COL,1,2,0,8,0,0,0,0,0,0,14,9243,225,23,10,2,1,4,2,3
Mika Zibanejad,NYR,C,2016-11-18,false,CBJ,4,10,1,6,0,5,0,0,0,0,43,17900,410,6,8,28,8,10,166,151
Henrik Zetterberg,DET,L,2016-11-18,false,WSH,3,8,0,2,1,2,0,0,0,0,35,21067,407,13,6,9,9,13,131,129
Travis Zajac,NJD,C,2016-11-21,false,SJS,4,6,-1,8,2,1,0,0,1,0,38,21354,456,24,6,5,5,9,194,179
Nikita Zaitsev,TOR,D,2016-11-19,false,MTL,0,7,-4,4,0,2,0,0,0,0,20,23743,515,45,32,12,14,7,0,0
Nikita Zadorov,COL,D,2016-11-23,false,EDM,0,2,-7,20,0,0,0,0,0,0,15,18411,438,35,23,9,7,3,0,0
Pavel Zacha,NJD,C,2016-11-21,false,SJS,1,4,-4,6,0,1,0,0,0,0,21,15639,326,22,11,6,5,2,56,74
Keith Yandle,FLA,D,2016-11-19,false,OTT,0,9,2,14,0,3,0,0,0,0,47,24305,436,8,22,20,17,5,0,0
Nail Yakupov,STL,R,2016-12-13,false,NSH,2,3,-2,10,0,0,0,0,0,0,15,10972,273,14,2,9,2,6,0,0
Miles Wood,NJD,L,2016-12-31,false,WSH,4,0,-5,15,0,0,0,0,0,0,29,13083,324,25,5,17,3,6,1,0
Luke Witkowski,TBL,D,2017-03-06,false,NYR,0,3,-1,18,0,0,0,0,0,0,13,10755,255,36,10,5,5,3,0,0
Daniel Winnik,WSH,L,2016-12-09,false,BUF,4,2,6,10,0,0,0,0,1,0,15,12343,290,8,6,6,8,6,3,4
Tommy Wingels,SJS,C,2016-11-21,false,NJD,4,1,0,0,0,0,0,0,2,0,20,10428,269,24,9,6,6,0,29,36
Scott Wilson,PIT,L,2016-11-23,false,NYR,3,2,-4,2,0,0,0,0,0,0,33,13900,338,41,9,10,3,3,1,0
Colin Wilson,NSH,L,2016-11-23,false,DAL,2,5,1,6,1,0,0,0,0,0,30,16403,374,13,9,8,8,6,0,3
Tom Wilson,WSH,R,2016-11-20,false,CBJ,1,0,3,16,0,0,0,0,0,0,20,14531,326,38,5,2,3,9,0,3
Justin Williams,WSH,R,2016-11-20,false,CBJ,2,1,-3,12,1,0,0,0,0,0,36,17010,356,5,9,18,8,10,24,11
Patrick Wiercioch,COL,D,2016-11-26,false,VAN,2,6,2,13,0,0,0,0,0,0,22,19106,448,16,22,9,4,3,0,0
Chris Wideman,OTT,D,2016-11-29,false,BUF,1,4,-1,12,0,1,0,0,1,0,29,14489,387,12,12,10,12,3,0,0
Dennis Wideman,CGY,D,2016-11-28,false,NYI,2,4,1,16,2,2,0,0,0,0,34,23192,514,21,19,11,20,8,0,0
Ryan White,ARI,C,2016-11-25,false,EDM,1,2,-5,25,0,0,0,0,1,0,16,11438,267,59,7,6,1,2,12,24
Blake Wheeler,WPG,R,2016-11-15,false,CHI,5,8,-1,12,0,3,1,0,0,0,53,22225,460,29,7,17,13,11,15,16
Zach Werenski,CBJ,D,2016-11-23,false,CGY,5,10,5,4,3,4,0,0,1,1,48,24182,514,12,20,16,10,6,0,0
Alexander Wennberg,CBJ,C,2016-11-23,false,CGY,3,14,5,4,1,9,0,0,1,0,19,18883,417,18,15,5,7,4,120,148
Dale Weise,PHI,R,2016-11-25,false,NYR,2,2,0,8,1,0,0,0,1,0,27,12999,304,30,5,11,3,7,0,0
Yannick Weber,NSH,D,2016-11-23,false,DAL,0,3,7,15,0,0,0,0,0,0,16,12331,312,22,13,9,9,0,0,0
Shea Weber,MTL,D,2016-11-18,false,CAR,7,6,15,10,6,1,0,1,3,0,44,27460,507,45,37,20,22,2,0,0
Jordan Weal,PHI,C,2017-03-28,false,OTT,6,2,4,6,0,0,0,0,0,0,39,15087,351,4,7,12,6,8,8,11
Austin Watson,NSH,L,2016-11-29,false,COL,1,2,5,19,0,0,0,0,0,0,15,12243,299,28,8,4,0,5,0,3
Joel Ward,SJS,R,2016-11-19,false,ARI,1,3,-4,4,0,0,0,0,0,0,23,17118,403,15,12,12,14,9,42,51
Chris Wagner,ANA,C,2016-11-22,false,NYI,2,0,-4,6,0,0,0,0,0,0,18,11326,285,40,7,10,4,2,32,54
Radim Vrbata,ARI,R,2016-11-23,false,VAN,6,6,-3,4,1,1,0,0,0,0,57,18518,398,12,4,18,6,11,4,5
Jakub Vrana,WSH,L,2017-03-11,false,LAK,3,2,2,2,3,1,0,0,2,0,32,12289,260,5,7,16,6,3,0,3
Jakub Voracek,PHI,R,2016-11-17,false,WPG,7,10,-6,30,0,6,0,0,1,1,65,20880,430,6,4,14,11,5,0,4
Marc-Edouard Vlasic,SJS,D,2016-11-19,false,ARI,3,4,2,22,1,2,0,0,2,1,32,23580,476,7,29,14,12,3,0,0
Jimmy Vesey,NYR,L,2016-11-18,false,CBJ,7,4,6,2,2,1,0,0,2,0,30,16184,349,11,7,11,7,10,0,0
Kris Versteeg,CGY,R,2016-12-04,false,ANA,4,6,8,6,0,1,0,0,0,0,25,14428,324,2,8,8,10,10,9,5
Joel Vermin,TBL,R,2017-04-04,false,BOS,0,3,2,4,0,0,0,0,0,0,12,11801,280,17,7,8,2,5,2,1
Antoine Vermette,ANA,C,2016-11-17,false,NJD,3,5,0,16,1,1,0,0,0,0,25,17014,443,18,14,14,5,4,179,97
Frank Vatrano,BOS,C,2017-01-26,false,PIT,5,3,-6,4,2,1,0,0,0,0,50,15731,356,25,4,23,1,4,0,0
Sami Vatanen,ANA,D,2016-11-17,false,NJD,1,7,2,2,1,5,0,0,0,0,25,24267,488,26,41,9,6,6,0,0
Thomas Vanek,DET,L,2016-12-11,false,PHI,5,9,1,10,2,3,0,0,0,0,41,15882,345,8,1,8,6,11,2,4
Chris VandeVelde,PHI,C,2016-11-17,false,WPG,2,1,-5,2,0,0,0,0,0,0,14,11595,291,27,12,6,4,5,10,8
Scottie Upshall,STL,R,2016-11-23,false,WSH,3,3,-4,11,0,0,0,0,0,0,22,11211,317,20,0,10,3,3,1,3
Fedor Tyutin,COL,D,2016-12-01,false,CBJ,0,7,-5,8,0,0,0,0,0,0,13,20349,481,32,23,4,4,5,0,0
Kyle Turris,OTT,C,2016-11-19,false,FLA,8,3,-1,4,1,0,0,0,2,2,38,21087,450,4,14,16,14,5,124,146
Nikita Tryamkin,VAN,D,2016-12-10,false,FLA,0,2,4,15,0,0,0,0,0,0,17,18282,407,52,18,15,6,0,0,0
Jacob Trouba,WPG,D,2016-12-15,false,FLA,1,4,-4,16,0,0,0,0,0,0,33,25636,505,24,40,18,24,12,0,0
Vincent Trocheck,FLA,C,2016-11-19,false,OTT,6,5,-4,6,0,2,0,0,1,1,45,22358,430,41,12,27,16,15,182,181
Jordin Tootoo,CHI,R,2016-11-25,false,ANA,0,0,0,11,0,0,0,0,0,0,20,7543,200,17,2,9,4,3,1,0
Tyler Toffoli,LAK,C,2016-11-17,false,EDM,5,6,7,0,2,0,0,1,0,0,59,19798,430,22,1,22,9,5,0,2
Jonathan Toews,CHI,C,2016-11-18,false,CGY,4,8,4,13,1,3,0,0,2,0,47,22841,492,13,7,10,12,9,255,173
Matthew Tkachuk,CGY,L,2016-11-23,false,CBJ,5,4,4,27,0,0,0,0,1,0,34,15387,335,19,4,19,5,5,1,5
Chris Tierney,SJS,C,2016-11-19,false,ARI,0,4,-3,0,0,0,0,0,0,0,16,13578,343,12,13,7,11,6,65,82
Shawn Thornton,FLA,L,2017-01-13,false,NYI,0,1,-4,9,0,0,0,0,0,0,7,7155,183,17,2,8,6,1,0,3
Joe Thornton,SJS,C,2016-11-19,false,ARI,2,10,2,6,0,4,0,0,0,0,16,20255,433,15,7,3,14,11,107,80
Chris Thorburn,WPG,R,2016-11-25,false,NSH,1,0,-3,36,0,0,0,0,0,0,13,9252,259,33,14,1,1,1,8,9
Nate Thompson,ANA,C,2017-03-12,false,WSH,0,0,1,9,0,0,0,0,0,0,13,11559,296,48,6,3,3,5,84,85
Paul Thompson,FLA,R,2017-01-17,false,CGY,0,3,-3,22,0,0,0,0,0,0,17,8659,219,35,13,6,1,3,0,1
Shea Theodore,ANA,D,2016-12-17,false,DET,1,5,-9,12,1,0,0,1,0,0,28,19056,401,6,14,18,18,1,0,0
Teuvo Teravainen,CAR,L,2016-11-22,false,TOR,5,5,-4,2,1,3,0,0,1,0,31,16582,357,6,3,15,8,8,10,18
Matt Tennyson,CAR,D,2016-12-17,false,BUF,0,2,2,0,0,0,0,0,0,0,15,15797,354,19,22,6,9,7,0,0
John Tavares,NYI,C,2016-11-22,false,ANA,5,9,-1,18,2,3,0,0,0,0,56,22225,430,9,6,21,9,14,193,185
Tomas Tatar,DET,L,2016-11-18,false,WSH,2,4,-4,6,0,1,0,0,0,0,42,18879,402,16,9,16,7,7,3,2
Vladimir Tarasenko,STL,R,2016-11-17,false,SJS,6,12,-1,0,2,7,0,0,1,1,68,19851,476,4,7,25,5,11,0,1
Christopher Tanev,VAN,D,2017-01-06,false,CGY,0,4,4,6,0,0,0,0,0,0,9,21198,471,4,32,8,12,6,0,0
Brandon Tanev,WPG,L,2016-11-15,false,CHI,2,1,-1,19,0,0,0,0,1,0,29,12581,343,37,13,8,4,7,0,0
Brandon Sutter,VAN,C,2016-11-17,false,ARI,4,6,-9,0,1,1,0,0,1,1,48,20662,457,13,11,17,8,7,179,152
Ryan Suter,MIN,D,2016-11-21,false,DAL,4,9,7,8,1,4,1,0,0,0,41,29481,523,16,19,13,8,12,0,0
Andrej Sustr,TBL,D,2016-11-17,false,BUF,0,3,-4,11,0,0,0,0,0,0,19,19073,421,12,26,7,8,8,0,0
P.K. Subban,NSH,D,2016-11-21,false,TBL,5,8,-8,18,3,4,0,0,2,0,42,26339,486,18,35,13,25,11,0,0
Mark Stuart,WPG,D,2017-01-26,false,CHI,1,0,1,15,0,0,0,0,0,0,11,13030,314,25,45,2,9,3,0,0
Ryan Strome,NYI,C,2016-11-22,false,ANA,2,4,-3,14,1,1,0,0,0,0,29,15023,325,14,6,8,11,7,40,46
Mark Streit,PHI,D,2016-11-17,false,WPG,4,7,-5,12,1,4,0,0,1,0,35,21964,492,10,20,13,9,3,0,0
Anton Stralman,TBL,D,2016-12-04,false,CAR,1,6,2,0,0,4,0,0,0,0,24,24458,477,25,19,14,6,7,0,0
Michael Stone,ARI,D,2016-12-12,false,PIT,0,6,-7,2,0,3,0,0,0,0,28,22111,480,37,39,16,7,0,1,0
Mark Stone,OTT,R,2016-11-22,false,MTL,4,7,-4,6,0,2,0,0,2,0,30,19231,405,17,12,8,16,17,3,3
Chris Stewart,MIN,R,2016-11-21,false,DAL,2,3,0,29,0,1,0,0,0,0,11,12199,294,25,4,4,6,4,0,1
Derek Stepan,NYR,C,2016-11-18,false,CBJ,2,9,2,6,0,4,1,0,1,0,35,18500,438,3,16,9,10,13,145,175
Lee Stempniak,CAR,R,2016-11-22,false,TOR,4,6,3,12,1,2,0,0,0,0,27,17704,392,30,5,12,11,12,1,2
Alexander Steen,STL,L,2016-12-01,false,TBL,2,11,-9,27,0,6,0,0,0,0,32,21184,499,8,12,14,4,7,22,46
Troy Stecher,VAN,D,2016-12-08,false,TBL,1,5,-4,15,0,2,0,0,0,0,51,22746,454,13,18,16,6,7,0,0
Paul Stastny,STL,C,2016-11-17,false,SJS,4,6,-3,14,2,3,0,0,1,0,28,21976,502,10,8,12,3,8,205,178
Viktor Stalberg,CAR,L,2016-11-24,false,MTL,3,1,-2,17,0,0,1,0,2,0,23,12537,328,38,3,5,8,13,0,2
Matt Stajan,CGY,C,2016-11-16,false,ARI,0,4,2,8,0,0,0,0,0,0,16,14259,343,15,13,7,4,5,95,68
Drew Stafford,WPG,R,2016-12-15,false,FLA,1,3,0,8,0,0,0,0,1,0,28,16094,363,20,0,7,15,5,1,4
Eric Staal,MIN,C,2016-11-21,false,DAL,5,8,5,6,1,2,0,1,2,0,51,20819,459,13,6,16,4,14,170,153
Jordan Staal,CAR,C,2016-11-22,false,TOR,5,4,-2,6,2,0,0,0,0,0,40,20950,486,41,6,15,9,15,202,124
Marc Staal,NYR,D,2016-11-18,false,CBJ,1,2,8,4,0,0,0,1,0,0,16,20929,483,17,21,9,10,8,0,0
Jared Spurgeon,MIN,D,2016-11-29,false,VAN,1,5,9,4,0,1,0,1,0,0,39,25629,500,8,39,6,4,6,0,0
Ryan Sproul,DET,D,2016-12-23,false,FLA,1,5,-5,4,1,2,0,0,0,0,35,17228,387,8,8,13,6,3,0,0
Ryan Spooner,BOS,C,2016-11-22,false,STL,3,4,-3,6,2,1,0,0,0,0,43,16781,357,6,4,9,10,11,8,9
Jason Spezza,DAL,C,2016-12-01,false,PIT,4,6,-15,6,1,4,0,0,1,0,45,17750,426,5,6,20,12,7,112,93
Nikita Soshnikov,TOR,R,2016-12-11,false,COL,1,3,0,4,0,1,0,0,0,0,26,11642,290,40,9,10,4,4,1,6
Marcus Sorensen,SJS,R,2017-04-06,false,EDM,1,3,-1,4,0,0,0,0,1,0,24,11510,295,14,6,5,11,9,3,1
Carl Soderberg,COL,C,2016-11-21,false,CBJ,3,3,-1,12,1,0,0,0,0,0,37,18230,425,7,14,8,6,12,114,111
Devante Smith-Pelly,NJD,R,2016-11-25,false,DET,2,4,-3,2,0,2,0,0,0,0,36,14624,316,28,8,11,5,7,6,7
Craig Smith,NSH,R,2016-11-23,false,DAL,6,2,-1,12,2,1,0,0,0,0,38,15687,357,21,5,27,8,6,20,22
Brendan Smith,DET,D,2016-11-23,false,BUF,2,2,-5,15,1,2,0,0,1,0,25,19698,441,25,18,9,18,0,0,0
Ben Smith,TOR,R,2016-11-23,false,NJD,1,1,-2,0,0,0,0,0,0,0,12,12682,323,11,11,4,4,5,117,102
Reilly Smith,FLA,R,2016-11-19,false,OTT,3,3,-3,2,2,0,0,0,1,0,38,20869,431,17,5,21,6,21,1,0
Zack Smith,OTT,C,2016-11-19,false,FLA,3,1,-2,27,0,0,1,0,0,0,37,17751,403,36,6,14,17,6,73,62
Anton Slepyshev,EDM,L,2017-01-16,false,ARI,2,2,4,2,0,0,0,0,0,0,28,12183,282,24,3,6,8,6,0,0
Jaccob Slavin,CAR,D,2016-11-22,false,TOR,1,4,0,2,0,1,0,0,0,0,25,24280,486,9,33,7,7,13,0,0
Brady Skjei,NYR,D,2016-11-18,false,CBJ,0,11,5,2,0,2,0,0,0,0,18,17994,406,30,15,12,10,3,0,0
Jeff Skinner,CAR,L,2016-11-24,false,MTL,8,8,-1,8,2,4,0,0,0,0,66,20237,413,10,7,26,10,22,4,9
Jack Skille,VAN,R,2016-12-03,false,TOR,0,1,-6,4,0,0,0,0,0,0,21,9649,236,31,6,3,4,2,0,0
Colton Sissons,NSH,C,2016-11-23,false,DAL,2,1,0,0,0,0,1,0,0,0,8,11377,302,38,8,2,5,5,76,77
Wayne Simmonds,PHI,R,2016-11-17,false,WPG,9,7,-5,17,5,3,1,0,0,0,48,21288,479,37,17,24,9,5,1,1
Jakob Silfverberg,ANA,R,2016-11-17,false,NJD,6,6,8,2,1,0,1,0,2,0,44,20068,469,11,10,13,10,9,1,3
Nick Shore,LAK,C,2016-11-19,false,NJD,0,3,-2,8,0,0,0,0,0,0,21,12737,301,15,9,8,4,2,76,98
Devin Shore,DAL,C,2016-11-17,false,COL,1,7,-5,4,0,3,0,0,0,0,22,15673,381,9,16,10,1,8,83,92
Conor Sheary,PIT,L,2016-12-03,false,DET,6,6,7,8,0,0,0,0,1,0,39,16234,368,8,7,10,8,9,0,0
Riley Sheahan,DET,C,2016-11-18,false,WSH,0,3,-10,8,0,1,0,0,0,0,26,14571,355,9,11,9,4,3,23,19
Logan Shaw,ANA,C,2016-12-30,false,VAN,1,0,-4,0,0,0,0,0,0,0,26,9406,265,16,8,7,0,4,16,44
Andrew Shaw,MTL,C,2016-11-18,false,CAR,3,4,7,34,1,0,0,0,0,0,33,16088,358,45,8,10,7,8,74,56
Kevin Shattenkirk,STL,D,2016-11-17,false,SJS,4,10,1,21,3,6,0,0,0,0,33,22142,487,16,15,15,9,6,0,0
Patrick Sharp,DAL,L,2017-01-14,false,MIN,2,5,-5,17,0,0,1,0,0,0,47,17458,399,17,8,19,5,2,9,10
Michael Sgarbossa,FLA,C,2017-01-14,false,CBJ,0,2,-4,2,0,1,0,0,0,0,20,12118,302,19,8,5,7,1,72,90
Damon Severson,NJD,D,2016-11-21,false,SJS,3,9,-4,10,0,5,0,0,1,0,31,22621,473,19,16,8,24,5,0,0
Devin Setoguchi,LAK,R,2016-11-17,false,EDM,3,3,-1,6,0,1,0,0,0,0,29,14625,338,22,3,11,9,4,2,1
Andrej Sekera,EDM,D,2016-11-17,false,LAK,1,4,3,6,0,1,0,0,0,0,19,21817,457,13,29,15,9,6,0,0
Dennis Seidenberg,NYI,D,2016-12-06,false,NYR,4,5,12,12,0,0,0,0,0,0,20,21124,402,21,46,5,12,2,0,0
Tyler Seguin,DAL,C,2016-11-17,false,COL,7,14,-6,4,4,6,0,0,1,0,64,20212,464,16,3,25,9,9,134,117
Lukas Sedlak,CBJ,C,2016-11-26,false,FLA,0,4,3,4,0,0,0,0,0,0,14,10197,249,15,8,11,4,7,47,55
Daniel Sedin,VAN,L,2016-11-17,false,ARI,6,6,-4,4,2,2,0,0,1,0,53,20114,420,6,5,14,2,5,0,1
Henrik Sedin,VAN,C,2016-11-17,false,ARI,5,6,-5,4,1,3,0,0,1,1,24,20704,420,5,2,10,14,3,151,147
Brent Seabrook,CHI,D,2016-11-18,false,CGY,2,9,9,2,2,2,0,0,0,0,32,24665,520,28,30,12,21,2,0,0
Jaden Schwartz,STL,L,2016-11-26,false,MIN,8,5,5,4,2,0,0,0,2,0,43,20965,491,19,14,21,5,12,27,25
Justin Schultz,PIT,D,2016-11-19,false,BUF,0,4,5,4,0,2,0,0,0,0,28,17978,410,16,15,11,10,5,0,0
Nick Schultz,PHI,D,2017-03-13,false,CBJ,0,4,-1,6,0,0,0,0,0,0,16,16437,410,33,32,10,7,1,0,0
Jordan Schroeder,MIN,C,2017-01-26,false,STL,3,5,3,0,0,0,0,0,0,0,19,10408,235,14,6,7,1,5,4,5
Nate Schmidt,WSH,D,2016-11-26,false,TOR,0,5,1,4,0,0,0,0,0,0,22,16261,350,14,10,7,19,13,0,0
Nick Schmaltz,CHI,C,2016-11-18,false,CGY,1,3,0,2,0,1,0,0,0,0,8,12328,289,8,8,2,4,10,34,71
David Schlemko,SJS,D,2016-11-19,false,ARI,0,4,0,6,0,2,0,0,0,0,33,18759,409,10,20,13,10,10,0,0
Luke Schenn,ARI,D,2016-11-29,false,SJS,0,2,0,7,0,0,0,0,0,0,16,16414,388,61,27,8,5,4,0,0
Brayden Schenn,PHI,C,2016-11-23,false,TBL,3,10,-6,13,3,5,0,0,1,0,37,19101,420,43,12,20,9,3,18,18
Mark Scheifele,WPG,C,2016-11-15,false,CHI,10,11,10,16,3,2,0,0,1,1,45,22459,444,19,9,12,8,14,162,205
Tim Schaller,BOS,C,2016-11-25,false,CGY,3,3,-3,13,0,0,0,0,1,0,24,12817,305,19,8,13,9,5,18,11
Colton Sceviour,FLA,C,2016-11-19,false,OTT,5,4,-3,8,1,2,2,0,1,0,32,15983,334,17,17,13,4,8,9,8
Marco Scandella,MIN,D,2016-12-15,false,NSH,0,2,-3,10,0,0,0,0,0,0,25,18331,412,12,20,8,9,7,0,0
Luca Sbisa,VAN,D,2016-11-17,false,ARI,0,3,0,8,0,0,0,0,0,0,6,17730,397,30,26,5,13,4,0,0
David Savard,CBJ,D,2016-11-23,false,CGY,1,3,5,10,0,0,0,0,0,0,23,22822,505,32,30,24,5,6,0,0
Steven Santini,NJD,D,2017-02-12,false,SJS,2,3,1,4,0,0,0,0,0,0,17,16826,388,39,16,9,6,0,0,0
Zach Sanford,WSH,L,2016-11-25,false,BUF,0,1,0,4,0,0,0,0,0,0,17,11030,256,9,5,5,8,8,9,7
Brandon Saad,CBJ,L,2016-11-23,false,CGY,4,10,6,4,0,0,0,0,0,0,43,18454,433,4,6,19,5,9,1,1
Bobby Ryan,OTT,R,2016-11-24,false,BOS,3,4,0,6,1,1,0,0,0,0,33,16978,359,19,11,9,10,4,1,1
Derek Ryan,CAR,C,2016-12-17,false,BUF,4,8,-4,6,2,4,1,0,2,0,16,14447,331,12,8,9,11,6,91,74
Bryan Rust,PIT,R,2016-11-25,false,MIN,3,2,-5,2,0,0,0,0,0,0,36,13250,337,32,9,8,7,4,1,0
Robbie Russo,DET,D,2017-04-08,false,MTL,0,0,1,2,0,0,0,0,0,0,16,17378,359,23,13,13,13,0,0,0
Kris Russell,EDM,D,2016-12-01,false,WPG,0,4,8,4,0,0,0,0,0,0,23,22719,483,18,46,7,14,10,0,0
Chad Ruhwedel,PIT,D,2017-03-03,false,TBL,2,2,6,2,0,0,0,0,0,0,28,17832,409,17,15,10,5,5,0,0
Michal Rozsival,CHI,D,2017-03-03,false,NYI,1,1,-3,6,0,0,0,0,1,0,13,16440,373,42,23,5,8,3,0,0
Carter Rowney,PIT,R,2017-03-23,false,OTT,1,2,2,2,0,0,0,0,1,0,11,10394,265,32,10,7,3,5,54,46
Antoine Roussel,DAL,L,2016-11-17,false,COL,4,8,2,54,0,3,0,0,2,0,26,16711,435,20,11,15,12,3,1,1
Evan Rodrigues,BUF,L,2017-03-14,false,SJS,3,2,1,2,0,0,0,0,0,0,27,13477,292,8,6,9,6,7,51,75
Brett Ritchie,DAL,R,2016-11-17,false,COL,4,1,-1,13,1,0,0,0,0,0,34,12844,317,31,4,8,2,1,0,0
Nick Ritchie,ANA,L,2016-11-22,false,NYI,4,1,-1,10,1,0,0,0,1,0,38,15498,370,60,5,18,2,3,2,1
Rasmus Ristolainen,BUF,D,2016-11-19,false,PIT,0,8,-3,12,0,6,0,0,0,0,38,28159,560,39,32,17,11,8,0,0
Morgan Rielly,TOR,D,2016-11-19,false,MTL,1,10,0,7,1,1,0,0,0,0,33,24705,570,8,37,20,21,6,0,0
Tobias Rieder,ARI,R,2016-11-27,false,EDM,5,4,3,0,0,0,0,1,0,0,37,18048,405,4,12,14,5,6,0,2
Mike Ribeiro,NSH,C,2016-11-21,false,TBL,3,8,2,10,2,2,0,0,0,0,17,17128,357,10,2,6,11,2,82,89
Sam Reinhart,BUF,C,2016-11-19,false,PIT,3,4,-3,4,2,2,0,0,1,0,43,18737,382,4,7,6,9,6,39,55
Ryan Reaves,STL,R,2016-11-22,false,BOS,0,2,1,9,0,0,0,0,0,0,13,7651,209,45,1,7,2,3,0,0
Matt Read,PHI,R,2016-11-17,false,WPG,6,2,0,0,2,0,0,0,0,0,29,16098,380,36,11,6,5,6,0,4
Dennis Rasmussen,CHI,C,2016-11-23,false,SJS,1,0,-2,2,0,0,0,0,0,0,18,12751,339,19,17,4,7,7,37,48
Victor Rask,CAR,C,2016-11-22,false,TOR,8,7,5,2,3,1,0,0,2,0,40,20707,434,7,4,6,7,13,115,129
Mikko Rantanen,COL,R,2016-12-03,false,DAL,3,7,-4,6,1,2,0,0,0,0,32,19630,420,2,11,14,7,10,17,7
Rickard Rakell,ANA,C,2016-12-11,false,OTT,11,5,2,4,2,3,0,0,2,0,50,18795,417,26,8,16,5,4,11,10
Michael Raffl,PHI,L,2016-12-04,false,NSH,5,2,6,4,0,0,0,0,1,0,21,14391,354,23,7,16,4,5,2,2
Alexander Radulov,MTL,R,2016-11-22,false,OTT,4,13,7,18,1,4,0,0,0,0,31,17203,391,23,10,14,15,15,2,0
Alan Quine,NYI,C,2016-12-10,false,CBJ,1,2,-1,2,0,0,0,0,1,0,24,11761,280,29,12,4,4,4,57,44
Kyle Quincey,NJD,D,2016-11-21,false,SJS,2,2,6,12,0,0,0,0,0,0,25,18203,424,26,24,3,10,5,0,0
Mark Pysyk,FLA,D,2016-11-19,false,OTT,1,2,4,2,0,0,0,0,0,0,15,18702,359,12,27,11,4,7,0,1
Tom Pyatt,OTT,L,2016-11-19,false,FLA,2,3,1,2,0,0,0,1,0,0,24,16974,413,10,20,7,4,8,7,9
Jesse Puljujarvi,EDM,R,2016-11-25,false,ARI,1,6,5,4,1,0,0,0,0,0,34,13500,307,6,7,14,10,8,0,1
Matt Puempel,NYR,L,2016-12-03,false,CAR,1,0,-5,7,0,0,0,0,0,0,16,9825,240,12,6,9,1,2,0,1
Ivan Provorov,PHI,D,2016-11-17,false,WPG,0,7,-8,8,0,2,0,0,0,0,30,21567,491,26,30,21,20,5,0,0
Dalton Prout,NJD,D,2017-03-07,false,CBJ,0,3,1,16,0,0,0,0,0,0,8,14803,351,24,17,4,8,2,0,0
Nate Prosser,MIN,D,2017-01-19,false,ARI,0,2,-3,4,0,0,0,0,0,0,10,14045,333,18,27,10,7,2,0,0
Shane Prince,NYI,L,2016-12-06,false,NYR,4,5,-3,4,1,0,0,0,1,0,30,13726,300,18,3,3,6,8,3,2
Benoit Pouliot,EDM,L,2016-11-17,false,LAK,3,1,-1,20,0,0,0,0,1,0,21,16713,406,10,13,16,7,3,3,5
Paul Postma,WPG,D,2016-11-27,false,NSH,0,3,0,2,0,0,0,0,0,0,16,13636,304,12,12,5,6,1,0,0
Jason Pominville,MIN,R,2016-11-21,false,DAL,3,4,0,0,0,2,0,0,0,0,34,15855,380,14,10,12,3,6,7,7
Roman Polak,TOR,D,2016-11-30,false,CGY,1,1,0,17,0,0,0,0,0,0,12,19157,439,64,33,9,8,6,0,1
Brayden Point,TBL,C,2016-11-17,false,BUF,2,5,0,4,2,1,0,0,0,0,38,16915,337,7,7,11,5,7,3,3
Tomas Plekanec,MTL,C,2016-11-18,false,CAR,1,4,0,4,0,3,1,0,1,0,39,18415,451,15,15,6,4,4,165,163
Brandon Pirri,NYR,R,2016-11-18,false,CBJ,5,5,5,2,3,1,0,0,3,0,29,13210,300,10,6,15,7,6,46,30
Alex Pietrangelo,STL,D,2016-11-17,false,SJS,3,5,-10,12,1,2,0,0,1,0,44,27486,552,12,33,17,6,14,0,0
Dion Phaneuf,OTT,D,2016-11-19,false,FLA,1,3,-8,23,0,1,0,0,0,0,46,24239,584,35,40,12,11,2,0,0
Jeff Petry,MTL,D,2016-11-19,false,TOR,3,6,6,8,1,2,0,0,0,0,32,23497,502,38,39,13,20,3,0,0
Alex Petrovic,FLA,D,2017-01-31,false,OTT,1,5,6,10,0,0,0,0,0,0,18,19130,354,36,19,13,10,6,0,0
Nic Petan,WPG,L,2016-12-31,false,NYI,1,8,-2,2,0,5,0,0,0,0,23,15387,352,6,5,12,5,9,68,81
Brett Pesce,CAR,D,2016-11-22,false,TOR,0,3,1,4,0,1,0,0,0,0,17,21514,457,13,31,14,11,14,0,0
Corey Perry,ANA,R,2016-11-17,false,NJD,4,11,-3,14,0,7,0,0,0,0,56,20397,435,17,5,18,3,6,0,4
David Perron,STL,L,2016-11-17,false,SJS,5,5,-8,8,2,3,0,0,2,0,34,18982,466,17,7,16,3,6,12,17
Mathieu Perreault,WPG,C,2016-12-11,false,EDM,2,2,-9,8,0,1,0,0,0,0,40,17322,364,29,4,8,4,14,94,85
Brendan Perlini,ARI,L,2017-01-16,false,EDM,6,2,-6,6,1,1,0,0,1,0,31,15289,325,15,4,10,1,2,1,0
Adam Pelech,NYI,D,2017-01-26,false,MTL,1,4,-1,2,0,0,0,0,0,0,17,17813,361,27,20,11,17,8,0,0
Tanner Pearson,LAK,L,2016-11-20,false,ANA,7,4,7,0,1,1,0,0,0,0,36,17043,393,30,2,20,6,7,0,4
Joe Pavelski,SJS,C,2016-11-19,false,ARI,6,10,3,12,2,3,0,0,2,0,53,21057,449,31,24,28,18,9,102,96
Greg Pateryn,MTL,D,2016-12-04,false,LAK,1,4,-1,0,0,0,0,0,0,0,18,15286,334,29,35,10,9,4,0,0
David Pastrnak,BOS,R,2016-11-29,false,PHI,13,4,12,4,4,1,0,0,2,0,60,18230,380,12,5,21,10,8,0,1
Zach Parise,MIN,L,2016-12-07,false,TOR,4,5,-2,12,1,1,0,0,0,0,53,19861,438,15,23,14,4,11,1,1
PA Parenteau,NJD,R,2016-11-21,false,SJS,5,3,-4,10,1,0,0,0,0,0,35,16963,367,16,0,5,7,7,0,5
Colton Parayko,STL,D,2016-11-17,false,SJS,0,7,-5,8,0,1,0,0,0,0,52,22762,531,13,33,16,9,7,0,0
Cedric Paquette,TBL,C,2016-11-19,false,PHI,1,4,1,14,0,0,0,0,0,0,18,10263,257,40,9,5,3,7,44,43
Richard Panik,CHI,R,2016-11-18,false,CGY,6,4,0,4,2,1,0,0,1,0,26,15959,361,42,7,8,9,10,0,2
Artemi Panarin,CHI,L,2016-11-18,false,CGY,6,11,11,13,2,2,0,0,1,1,46,20978,421,7,0,23,9,15,1,0
Kyle Palmieri,NJD,R,2016-11-25,false,DET,3,5,5,10,1,2,0,0,1,0,37,17336,379,37,8,20,12,6,3,5
Ondrej Palat,TBL,L,2016-11-17,false,BUF,2,4,-7,11,0,3,0,0,0,0,29,18666,380,38,7,13,10,20,1,2
Jean-Gabriel Pageau,OTT,C,2016-11-19,false,FLA,2,3,3,4,0,0,0,0,0,0,37,17326,406,40,14,9,7,5,101,72
Max Pacioretty,MTL,L,2016-11-18,false,CAR,4,9,6,10,1,1,0,1,2,0,49,19041,432,19,8,34,8,15,0,0
Magnus Paajarvi,STL,L,2017-03-13,false,LAK,5,2,3,4,1,0,0,0,3,0,28,12868,319,15,12,3,0,6,1,1
Alex Ovechkin,WSH,L,2016-11-20,false,CBJ,9,4,-3,10,3,1,0,0,3,1,75,19943,385,50,5,33,10,11,0,1
Xavier Ouellet,DET,D,2016-12-20,false,TBL,1,3,9,28,0,0,0,0,0,0,23,18529,405,11,23,6,5,3,0,1
Steve Ott,DET,C,2016-11-25,false,NJD,1,1,0,26,0,0,0,0,0,0,17,10790,274,38,5,2,1,4,46,29
T.J. Oshie,WSH,R,2016-12-07,false,BOS,8,4,10,10,2,2,1,1,1,0,38,18446,385,18,12,18,10,12,23,24
Brooks Orpik,WSH,D,2016-11-20,false,CBJ,0,5,8,4,0,0,0,0,0,0,15,18153,383,38,31,8,12,5,0,0
Dmitry Orlov,WSH,D,2016-11-20,false,CBJ,1,5,5,8,0,1,0,0,0,0,29,20816,407,29,23,13,17,9,0,0
Jamie Oleksiak,DAL,D,2017-01-07,false,STL,4,1,2,18,0,0,0,1,1,0,19,17045,396,25,22,6,6,0,0,0
Kyle Okposo,BUF,R,2016-11-21,false,CGY,6,6,0,6,2,6,0,0,0,0,52,20861,403,15,6,15,12,5,34,29
Johnny Oduya,DAL,D,2016-11-17,false,COL,1,4,4,6,0,0,0,0,0,0,15,20559,478,7,41,11,11,4,0,0
Ryan O'Reilly,BUF,C,2016-12-03,false,BOS,6,6,-1,4,3,4,0,0,2,0,62,23571,459,3,8,16,9,18,243,178
Gustav Nyquist,DET,R,2016-11-18,false,WSH,3,8,1,4,0,2,0,0,2,0,39,18503,391,9,4,11,4,10,1,0
William Nylander,TOR,C,2016-11-19,false,MTL,6,8,-3,6,4,4,0,0,0,0,46,17210,382,4,8,21,7,13,32,42
Markus Nutivaara,CBJ,D,2016-11-23,false,CGY,1,1,2,2,0,0,0,0,0,0,17,13781,320,10,8,7,4,2,0,0
Darnell Nurse,EDM,D,2016-11-17,false,LAK,3,2,-7,15,0,0,0,0,0,0,34,19623,421,47,19,9,10,7,0,0
Ryan Nugent-Hopkins,EDM,C,2016-11-17,false,LAK,2,6,-3,4,2,0,0,0,1,0,51,19031,430,11,3,15,2,8,124,138
Joakim Nordstrom,CAR,L,2016-11-22,false,TOR,1,2,-4,4,0,0,0,0,1,0,31,14656,373,23,17,9,4,8,1,3
Jordan Nolan,LAK,C,2016-12-13,false,BUF,2,2,-3,34,0,0,0,0,0,0,15,11017,252,22,1,6,2,1,1,1
Stefan Noesen,NJD,R,2017-02-12,false,SJS,4,0,3,4,0,0,0,0,0,0,24,9259,234,21,2,5,3,3,21,35
Matt Niskanen,WSH,D,2016-11-20,false,CBJ,0,9,4,6,0,1,0,1,0,0,32,24561,491,23,25,17,24,9,0,0
Matt Nieto,COL,L,2017-01-12,false,ANA,0,2,-4,4,0,0,0,0,0,0,30,13643,347,25,10,8,5,9,0,2
Frans Nielsen,DET,C,2016-11-18,false,WSH,3,5,-6,0,0,5,1,0,0,0,35,18662,452,15,11,7,5,5,138,133
Nino Niederreiter,MIN,R,2016-11-21,false,DAL,5,5,8,4,1,0,0,0,0,0,31,15474,360,27,2,10,6,6,0,1
Andrej Nestrasil,CAR,C,2017-01-03,false,NJD,1,4,-3,2,0,0,0,0,0,0,25,11839,276,10,6,6,8,11,3,6
Nikita Nesterov,TBL,D,2016-11-27,false,BOS,2,2,4,12,1,0,0,0,0,0,22,18558,369,27,13,7,7,1,0,0
Patrik Nemeth,DAL,D,2017-01-19,false,NYI,0,0,-3,8,0,0,0,0,0,0,21,17037,384,19,20,7,5,7,0,0
Brock Nelson,NYI,C,2016-11-22,false,ANA,5,7,3,6,1,2,0,1,0,0,39,16829,411,15,17,11,7,7,98,128
Chris Neil,OTT,R,2016-11-22,false,MTL,1,1,-5,27,0,0,0,0,0,0,18,8956,230,41,10,3,5,2,0,0
James Neal,NSH,L,2016-11-21,false,TBL,8,4,0,15,1,1,0,0,1,0,68,21269,428,25,9,13,10,10,1,1
Rick Nash,NYR,R,2016-11-18,false,CBJ,7,4,-1,10,2,1,0,0,1,0,51,17334,428,8,15,12,15,15,0,0
Riley Nash,BOS,C,2016-11-19,false,WPG,1,2,1,4,0,0,0,0,0,0,25,15128,348,7,7,9,3,10,87,73
Vladislav Namestnikov,TBL,C,2016-11-17,false,BUF,3,5,2,8,2,3,0,0,0,0,32,16461,335,8,7,10,6,5,32,45
Jake Muzzin,LAK,D,2016-11-17,false,EDM,1,1,-4,14,1,0,0,0,0,0,44,24737,570,41,33,15,12,4,0,0
Ryan Murray,CBJ,D,2016-12-03,false,ARI,0,3,3,10,0,0,0,1,0,0,11,19999,459,6,28,6,3,3,0,0
Ryan Murphy,CAR,D,2017-03-07,false,COL,0,2,-10,6,0,0,0,0,0,0,9,14724,324,2,18,7,6,7,0,0
Connor Murphy,ARI,D,2016-11-25,false,EDM,0,4,-6,12,0,0,0,0,0,0,21,23242,517,40,32,6,5,5,0,0
Matt Moulson,BUF,L,2016-11-19,false,PIT,6,2,-2,2,5,2,0,0,0,0,46,15844,322,11,8,9,1,5,0,0
Tyler Motte,CHI,L,2016-11-26,false,LAK,3,3,3,14,0,0,0,0,0,0,28,13491,353,15,14,8,1,10,4,2
Josh Morrissey,WPG,D,2016-11-15,false,CHI,1,2,2,8,0,0,0,0,1,0,22,19718,428,23,29,6,7,2,0,0
Dominic Moore,BOS,C,2016-11-19,false,WPG,4,3,3,12,0,0,1,0,1,0,21,14580,341,5,13,5,4,5,88,66
John Moore,NJD,D,2016-11-21,false,SJS,3,4,4,10,0,0,0,0,0,0,29,20772,474,12,17,14,18,0,0,0
Brandon Montour,ANA,D,2017-03-17,false,BUF,1,2,3,8,0,1,0,0,0,0,37,18634,353,13,18,16,13,2,0,0
Sean Monahan,CGY,C,2016-11-16,false,ARI,4,2,-10,8,1,0,0,0,1,1,36,20047,440,8,7,16,12,8,167,167
Torrey Mitchell,MTL,C,2016-11-18,false,CAR,5,2,6,8,0,0,0,0,1,0,9,13697,359,5,14,8,6,10,102,87
John Mitchell,COL,C,2016-12-03,false,DAL,0,0,0,12,0,0,0,0,0,0,15,13695,320,22,16,8,1,7,94,67
Drew Miller,DET,L,2016-12-03,false,PIT,2,0,-8,2,0,0,0,0,1,0,15,10711,266,24,14,3,1,4,1,0
Kevan Miller,BOS,D,2016-12-29,false,BUF,0,0,-5,13,0,0,0,0,0,0,19,18760,414,41,24,5,6,3,0,0
J.T. Miller,NYR,L,2016-11-18,false,CBJ,7,10,14,8,1,1,0,0,1,0,42,16702,402,25,15,14,14,11,24,35
Colin Miller,BOS,D,2016-12-01,false,CAR,1,2,-6,6,0,0,0,0,0,0,26,17787,402,20,10,17,8,4,0,0
Marc Methot,OTT,D,2016-11-19,false,FLA,0,3,3,4,0,0,0,0,0,0,29,21699,524,37,19,3,12,2,0,0
Jon Merrill,NJD,D,2017-01-07,false,EDM,1,2,-1,12,0,0,0,0,0,0,15,18451,414,14,26,7,6,3,0,0
Julian Melchiori,WPG,D,2017-04-08,false,NSH,0,2,0,8,0,0,0,0,0,0,15,19837,411,30,31,8,18,4,0,0
Timo Meier,SJS,R,2017-01-26,false,EDM,2,2,-2,4,0,0,0,0,1,0,49,14288,350,45,4,15,16,13,0,2
Jayson Megna,VAN,C,2016-12-22,false,WPG,3,0,0,4,0,0,0,0,0,0,18,10461,247,21,7,2,1,4,0,1
Adam McQuaid,BOS,D,2016-11-29,false,PHI,0,0,0,13,0,0,0,0,0,0,20,19508,461,41,29,9,6,2,0,0
Brayden McNabb,LAK,D,2017-01-23,false,NYR,2,0,0,18,0,0,0,0,0,0,18,18113,419,38,21,13,18,5,0,0
Cody McLeod,COL,L,2016-12-14,false,PHI,0,0,-2,33,0,0,0,0,0,0,9,6474,163,32,0,4,0,2,0,0
Curtis McKenzie,DAL,L,2016-12-06,false,CGY,3,2,2,26,0,0,0,0,1,0,27,10384,265,32,11,6,0,0,2,2
Greg McKegg,FLA,C,2016-11-20,false,NYR,0,2,-2,6,0,0,0,0,0,0,14,11676,272,20,6,4,5,3,16,19
Jamie McGinn,ARI,L,2016-12-03,false,CBJ,4,3,-3,10,0,0,0,0,2,0,37,15153,352,32,9,6,7,0,0,1
Brock McGinn,CAR,L,2016-12-28,false,PIT,1,2,-3,2,0,0,0,1,0,0,21,12319,297,25,12,8,3,7,1,2
Ryan McDonagh,NYR,D,2016-11-18,false,CBJ,0,11,9,4,0,3,0,0,0,0,29,25960,520,17,28,11,14,10,0,0
Connor McDavid,EDM,C,2016-11-17,false,LAK,5,14,1,6,0,5,0,0,2,0,49,23080,457,3,8,16,13,10,114,137
Jay McClement,CAR,C,2016-11-22,false,TOR,0,0,-7,4,0,0,0,0,0,0,12,11258,302,19,6,6,0,7,72,66
Michael McCarron,MTL,R,2017-02-12,false,BOS,1,4,0,28,0,0,0,0,0,0,25,10743,270,44,5,9,2,5,51,65
Jared McCann,FLA,C,2017-01-06,false,NSH,1,2,0,2,0,0,0,0,0,0,23,10965,250,14,4,9,6,5,20,29
Jake McCabe,BUF,D,2016-11-19,false,PIT,0,3,0,12,0,0,0,0,0,0,14,22070,483,16,21,13,6,2,0,0
Scott Mayfield,NYI,D,2017-03-18,false,CBJ,1,6,0,28,0,0,0,0,0,0,28,15183,313,29,25,9,10,7,0,0
Shawn Matthias,WPG,L,2017-01-09,false,CGY,5,1,3,4,0,0,1,0,1,0,27,13961,341,16,8,9,3,3,3,5
Auston Matthews,TOR,C,2016-11-19,false,MTL,6,7,-4,0,1,4,0,0,0,0,67,18677,387,3,8,27,10,12,91,89
Michael Matheson,FLA,D,2016-11-20,false,NYR,2,5,0,6,0,1,0,0,0,0,39,21101,376,16,22,12,14,15,1,0
Andreas Martinsen,COL,L,2016-11-21,false,CBJ,1,2,-1,11,0,0,0,1,0,0,25,12965,338,58,11,8,3,11,1,0
Jordan Martinook,ARI,L,2016-11-23,false,VAN,5,5,2,10,1,0,0,1,0,0,27,16960,415,15,16,14,3,8,92,126
Alec Martinez,LAK,D,2016-11-17,false,EDM,2,8,-3,4,0,2,0,0,2,2,40,24921,575,39,31,26,11,0,0,0
Paul Martin,SJS,D,2016-11-19,false,ARI,0,4,-3,6,0,0,0,0,0,0,11,19683,430,7,27,3,11,3,0,0
Matt Martin,TOR,L,2016-11-19,false,MTL,0,2,-1,41,0,0,0,0,0,0,17,11124,278,83,2,6,2,6,0,5
Patrick Maroon,EDM,L,2016-11-17,false,LAK,6,3,3,17,0,1,0,0,0,0,41,17316,376,40,3,12,7,2,1,4
Mitchell Marner,TOR,C,2016-11-19,false,MTL,7,9,-2,14,1,2,0,0,3,0,49,17995,390,9,12,21,15,16,6,5
Patrick Marleau,SJS,L,2016-11-19,false,ARI,4,1,-2,4,1,1,0,0,1,0,42,17519,371,19,5,11,7,7,13,15
Andrei Markov,MTL,D,2016-11-18,false,CAR,2,12,3,6,0,5,0,1,0,0,26,23020,489,10,16,12,15,9,0,0
Martin Marincin,TOR,D,2017-01-23,false,CGY,1,5,2,6,0,0,0,1,0,0,16,19840,451,21,25,15,11,5,0,0
Jonathan Marchessault,FLA,C,2016-11-19,false,OTT,9,6,3,4,2,3,0,0,2,0,54,19447,363,24,5,16,10,13,42,38
Alexey Marchenko,DET,D,2016-11-18,false,WSH,0,4,0,10,0,0,0,1,0,0,18,20073,469,2,28,13,12,2,0,0
Brad Marchand,BOS,L,2016-11-19,false,WPG,6,11,8,16,1,2,0,0,3,0,45,19893,423,10,7,17,11,14,9,6
Anthony Mantha,DET,R,2016-12-20,false,TBL,5,5,5,7,1,1,0,0,1,0,37,17680,383,10,11,16,9,5,1,1
Josh Manson,ANA,D,2016-11-17,false,NJD,0,5,2,36,0,0,0,0,0,0,19,20245,428,42,17,5,16,4,0,0
Brandon Manning,PHI,D,2016-11-19,false,TBL,3,6,3,13,0,0,1,0,1,0,27,20295,467,42,22,7,17,1,0,0
Evgeni Malkin,PIT,C,2016-11-19,false,BUF,8,8,1,32,1,6,0,0,1,0,49,20188,438,9,9,15,19,11,121,159
Denis Malgin,FLA,C,2016-11-19,false,OTT,4,4,3,6,1,0,0,0,1,1,24,12355,281,12,5,5,3,6,37,62
Nathan MacKinnon,COL,C,2016-11-21,false,CBJ,4,9,-2,0,0,4,1,0,1,0,65,21695,474,13,4,25,7,11,168,163
Derek MacKenzie,FLA,C,2016-11-19,false,OTT,2,3,6,9,0,0,0,1,0,0,20,13947,319,44,10,8,4,7,101,94
Andrew MacDonald,PHI,D,2016-12-03,false,CHI,1,5,-1,4,0,0,0,0,0,0,12,20577,471,11,36,10,16,2,0,0
Olli Maatta,PIT,D,2016-11-19,false,BUF,0,1,4,6,0,0,0,0,0,0,20,19566,460,16,30,8,14,3,0,0
Roman Lyubimov,PHI,L,2016-12-06,false,FLA,2,1,-2,0,0,0,0,0,0,0,21,10547,263,19,5,10,2,5,0,2
Milan Lucic,EDM,L,2016-11-17,false,LAK,5,4,-5,9,2,1,0,0,1,0,38,19701,409,46,5,13,13,6,1,1
Adam Lowry,WPG,C,2016-11-15,false,CHI,4,2,-1,17,1,2,0,0,0,0,26,17496,423,40,11,9,6,6,138,154
Ben Lovejoy,NJD,D,2016-11-21,false,SJS,0,2,-2,6,0,0,0,0,0,0,23,21443,454,26,31,9,6,5,0,0
Bryan Little,WPG,C,2017-01-04,false,FLA,6,8,3,4,2,1,0,0,1,1,45,18380,453,6,4,17,6,9,199,144
Hampus Lindholm,ANA,D,2016-12-15,false,BOS,1,2,2,6,0,1,0,0,1,0,25,23309,474,24,26,14,16,6,0,0
Elias Lindholm,CAR,C,2016-11-22,false,TOR,1,5,-5,2,0,2,0,2,0,0,36,19929,429,22,21,18,9,16,107,100
Esa Lindell,DAL,D,2016-12-06,false,CGY,2,2,-4,2,0,1,0,0,1,0,19,20858,457,22,31,10,5,7,0,1
Oscar Lindberg,NYR,C,2016-12-17,false,NSH,0,3,-1,12,0,1,0,0,0,0,30,12152,299,26,12,8,2,4,76,66
John-Michael Liles,BOS,D,2016-11-19,false,WPG,0,4,-3,4,0,3,0,0,0,0,15,17596,400,11,25,8,2,6,1,0
Trevor Lewis,LAK,C,2016-11-17,false,EDM,2,2,-5,4,0,0,0,0,0,0,28,13938,325,35,4,9,3,3,18,27
Mark Letestu,EDM,C,2016-11-17,false,LAK,2,4,-2,0,0,0,2,0,2,0,11,13638,366,19,10,5,4,4,102,93
Kris Letang,PIT,D,2016-11-30,false,NYI,2,10,-5,14,1,5,0,0,1,1,60,28102,545,38,33,20,23,16,0,0
Jori Lehtera,STL,C,2016-11-26,false,MIN,3,2,1,8,0,1,0,0,1,0,25,17066,441,15,11,0,4,4,126,106
Artturi Lehkonen,MTL,L,2016-12-08,false,NJD,4,1,2,6,1,0,0,0,1,0,43,14844,373,16,7,10,6,6,0,0
Anders Lee,NYI,L,2016-11-22,false,ANA,1,1,1,10,0,0,0,0,0,0,30,13521,327,48,9,11,3,8,1,3
Nick Leddy,NYI,D,2016-11-23,false,LAK,3,5,-11,6,1,1,0,0,0,0,36,24645,430,21,28,13,5,4,0,0
Curtis Lazar,OTT,C,2017-01-07,false,WSH,0,0,-4,4,0,0,0,0,0,0,19,9893,247,32,6,4,4,4,15,20
Adam Larsson,EDM,D,2016-11-17,false,LAK,1,2,-3,10,0,0,0,0,0,0,19,21976,475,55,30,9,18,4,0,0
Philip Larsen,VAN,D,2017-01-26,false,ARI,0,4,-9,4,0,2,0,0,0,0,25,18527,388,5,15,14,5,2,0,0
Dylan Larkin,DET,C,2016-11-18,false,WSH,5,1,-7,17,1,0,0,0,1,0,55,18245,391,9,6,15,16,22,32,44
Nick Lappin,NJD,R,2016-12-03,false,NSH,4,3,1,4,0,0,0,0,0,0,26,13839,314,20,2,9,1,7,2,4
Gabriel Landeskog,COL,L,2016-12-14,false,PHI,4,5,-2,20,2,0,0,0,2,1,37,19674,431,43,8,11,8,23,11,16
Anton Lander,EDM,C,2017-01-07,false,NJD,1,2,4,6,0,0,0,0,0,0,8,10805,296,22,7,4,3,5,73,56
Patrik Laine,WPG,R,2016-11-15,false,CHI,12,5,4,6,5,2,0,0,2,1,51,20536,407,19,8,15,24,7,0,2
Andrew Ladd,NYI,L,2016-11-22,false,ANA,2,1,-5,12,0,0,0,0,0,0,31,18431,379,19,6,13,11,10,1,2
Kevin Labanc,SJS,R,2016-12-16,false,MTL,4,2,6,8,0,0,0,0,1,0,26,13775,320,7,2,9,8,4,0,1
Paul LaDue,LAK,D,2017-03-28,false,EDM,0,5,-6,4,0,2,0,0,0,0,23,16982,398,11,11,5,9,2,0,0
Evgeny Kuznetsov,WSH,C,2016-11-20,false,CBJ,2,5,3,10,0,0,0,0,0,0,26,18737,389,9,5,13,14,9,110,159
Chris Kunitz,PIT,L,2016-11-19,false,BUF,2,9,5,18,0,2,0,0,2,0,36,17530,409,59,6,10,9,8,3,4
Dmitry Kulikov,BUF,D,2016-12-22,false,CAR,0,0,-8,12,0,0,0,0,0,0,16,24240,528,18,23,15,9,5,0,0
Nikolay Kulemin,NYI,L,2016-11-25,false,SJS,1,3,0,6,0,0,0,0,0,0,15,14894,383,20,13,14,5,6,5,2
Brett Kulak,CGY,D,2017-01-26,false,OTT,0,3,-1,12,0,0,0,0,0,0,18,15731,364,11,12,10,10,4,0,0
Tom Kuhnhackl,PIT,R,2016-12-01,false,DAL,1,3,3,6,0,0,0,0,0,0,11,10262,264,23,12,6,2,1,0,1
Nikita Kucherov,TBL,R,2016-11-19,false,PHI,9,13,10,8,2,5,0,0,3,0,47,19570,392,2,8,27,13,18,0,0
Marcus Kruger,CHI,C,2016-11-18,false,CGY,1,3,5,14,0,0,0,0,0,0,18,14650,393,9,11,11,2,10,105,106
Torey Krug,BOS,D,2016-11-19,false,WPG,1,4,-4,8,0,2,0,0,0,0,56,22654,483,21,15,16,11,4,0,0
Niklas Kronwall,DET,D,2016-12-15,false,LAK,0,2,-4,10,0,1,0,0,0,0,15,20721,471,23,32,7,4,0,0,0
David Krejci,BOS,C,2016-11-19,false,WPG,2,9,-2,10,1,3,0,0,1,0,34,18952,384,14,16,14,13,10,126,124
Chris Kreider,NYR,L,2016-11-29,false,CAR,4,9,-2,13,1,3,0,0,0,0,47,17831,388,38,12,22,11,6,2,1
Lauri Korpikoski,DAL,L,2016-11-17,false,COL,4,3,1,4,0,0,0,0,0,0,29,16234,422,11,11,9,5,5,0,3
Anze Kopitar,LAK,C,2016-11-30,false,SJS,2,7,3,4,0,2,0,1,0,0,43,22815,447,25,12,21,9,7,224,205
Travis Konecny,PHI,C,2016-11-17,false,WPG,4,7,-3,10,2,0,0,0,0,0,42,16793,375,31,6,22,6,9,0,0
Leo Komarov,TOR,C,2016-11-19,false,MTL,3,5,2,9,0,2,1,0,0,0,22,18380,447,65,13,9,1,7,22,22
Mikko Koivu,MIN,C,2016-11-21,false,DAL,2,5,0,6,0,2,0,1,1,0,27,21976,483,6,22,15,8,10,237,205
Slater Koekkoek,TBL,D,2016-12-14,false,CGY,0,4,3,6,0,0,0,0,0,0,20,14397,331,18,17,10,3,1,0,0
John Klingberg,DAL,D,2016-11-17,false,COL,2,7,-8,8,0,4,0,0,0,0,25,24625,508,12,27,12,19,3,0,0
Kevin Klein,NYR,D,2016-11-23,false,PIT,0,6,3,0,0,1,0,1,0,0,18,19965,446,34,43,4,9,8,0,0
Oscar Klefbom,EDM,D,2016-11-17,false,LAK,1,3,-3,0,0,1,0,0,0,0,40,23619,476,13,30,21,15,3,0,0
Dwight King,LAK,L,2016-11-17,false,EDM,2,3,4,4,0,0,0,0,0,0,25,16752,360,28,5,12,6,5,3,4
Jakub Kindl,FLA,D,2016-12-31,false,DAL,0,2,-7,12,0,0,0,0,0,0,16,15771,333,30,20,10,12,2,0,0
Alex Killorn,TBL,L,2016-11-17,false,BUF,7,3,1,12,2,2,0,0,2,0,46,18762,374,29,6,9,11,4,1,4
Phil Kessel,PIT,R,2016-11-19,false,BUF,4,12,-3,8,3,6,0,0,1,0,40,19725,431,6,5,19,8,3,0,4
Ryan Kesler,ANA,C,2016-11-17,false,NJD,8,6,9,22,5,2,0,0,2,0,40,22966,482,32,17,20,8,2,241,156
Tanner Kero,CHI,C,2017-02-02,false,ARI,4,3,6,2,0,0,0,0,0,0,19,14623,350,19,24,5,4,5,80,109
Michal Kempny,CHI,D,2016-11-21,false,EDM,0,2,2,12,0,0,0,0,0,0,22,17660,397,34,23,18,10,1,0,0
Adrian Kempe,LAK,L,2017-03-25,false,NYR,2,4,-2,6,0,2,0,1,1,0,26,13239,310,18,3,9,6,3,51,56
Chris Kelly,OTT,C,2016-11-19,false,FLA,1,2,-2,4,0,0,0,0,0,0,23,14517,361,14,15,10,6,4,75,95
Duncan Keith,CHI,D,2016-11-18,false,CGY,0,13,5,6,0,3,0,0,0,0,42,27550,522,5,19,12,14,5,0,0
Zack Kassian,EDM,R,2016-11-23,false,COL,2,2,1,27,0,0,0,0,0,0,30,13350,328,40,4,7,5,6,1,0
Ondrej Kase,ANA,R,2016-12-20,false,MTL,1,5,-2,10,0,0,0,0,1,0,28,13650,352,13,7,9,12,6,1,3
Melker Karlsson,SJS,C,2016-12-02,false,MTL,2,2,5,4,0,0,0,0,0,0,14,13086,328,14,13,10,4,5,0,2
William Karlsson,CBJ,C,2016-11-23,false,CGY,3,5,4,2,0,0,0,1,1,0,25,15676,385,8,3,13,7,8,101,123
Erik Karlsson,OTT,D,2016-11-19,false,FLA,3,11,2,8,1,2,0,1,0,0,44,29371,597,14,47,35,26,15,0,0
Evander Kane,BUF,L,2016-12-16,false,NYI,4,5,-5,18,1,3,0,0,0,0,50,19586,394,32,8,17,10,10,25,26
Patrick Kane,CHI,R,2016-11-18,false,CGY,6,13,5,12,1,4,0,0,2,0,57,24042,437,6,2,18,3,7,3,14
Sergey Kalinin,NJD,C,2016-12-06,false,VAN,0,1,-6,9,0,0,0,0,0,0,18,13461,327,25,8,6,3,3,9,12
Nazem Kadri,TOR,C,2016-11-19,false,MTL,7,6,0,45,2,2,0,0,1,1,47,16681,400,29,8,17,10,16,111,141
Tomas Jurco,CHI,L,2017-03-01,false,PIT,0,0,-8,2,0,0,0,0,0,0,14,11100,273,8,4,13,4,1,0,1
Roman Josi,NSH,D,2016-11-21,false,TBL,2,7,-3,4,1,4,0,0,0,0,52,26796,511,11,30,17,10,4,0,0
Jacob Josefson,NJD,C,2017-01-15,false,VAN,0,2,-2,8,0,1,0,0,0,0,22,12917,296,17,7,12,7,2,61,51
Josh Jooris,ARI,R,2016-12-29,false,NYR,1,2,3,6,0,0,0,0,0,0,14,10472,270,23,10,7,1,4,49,49
Seth Jones,CBJ,D,2016-12-05,false,ARI,3,5,2,4,0,0,0,0,1,1,33,25551,548,21,35,9,10,5,0,0
Jyrki Jokipakka,CGY,D,2016-12-06,false,DAL,1,4,1,4,0,0,0,0,0,0,8,16340,404,12,16,4,8,2,0,0
Jussi Jokinen,FLA,L,2016-12-08,false,PIT,2,3,-4,12,0,0,0,0,1,0,33,20042,418,5,6,10,17,6,11,8
Erik Johnson,COL,D,2016-11-21,false,CBJ,1,9,-1,2,0,4,0,0,0,0,41,24680,564,36,53,11,9,9,0,0
Tyler Johnson,TBL,C,2016-11-17,false,BUF,5,5,-5,6,3,3,0,0,0,0,33,19356,394,18,9,9,5,8,154,132
Jack Johnson,CBJ,D,2016-11-23,false,CGY,0,2,4,12,0,0,0,0,0,0,24,23526,507,27,30,12,6,3,0,0
Stephen Johns,DAL,D,2016-12-01,false,PIT,2,3,-4,10,0,0,0,0,1,0,19,20498,470,51,35,12,12,4,0,0
Marcus Johansson,WSH,L,2016-11-20,false,CBJ,7,6,6,4,2,2,0,0,3,1,34,18860,361,9,0,6,8,12,5,5
Ryan Johansen,NSH,C,2016-11-21,false,TBL,1,8,3,14,1,4,0,0,0,0,38,19695,414,21,6,20,9,9,148,142
Nick Jensen,DET,D,2017-02-03,false,NYI,1,4,2,2,0,0,0,0,0,0,26,16876,396,17,16,8,9,1,0,0
Boone Jenner,CBJ,C,2016-11-23,false,CGY,2,4,-6,6,0,1,0,0,0,0,40,15574,353,37,17,12,5,8,35,20
Dmitrij Jaskin,STL,R,2016-11-22,false,BOS,0,4,4,6,0,0,0,0,0,0,18,12169,290,30,5,9,4,3,3,4
Calle Jarnkrok,NSH,C,2016-11-21,false,TBL,3,1,-1,2,0,0,0,0,0,0,22,15422,388,8,3,12,6,6,71,92
Jaromir Jagr,FLA,R,2016-11-19,false,OTT,2,7,1,12,1,1,0,0,0,0,42,17440,343,3,2,13,9,11,0,0
Matt Irwin,NSH,D,2016-12-04,false,PHI,3,3,7,2,0,0,0,0,1,0,25,15517,362,41,30,12,10,4,0,0
Jarome Iginla,COL,R,2016-11-21,false,CBJ,2,2,-1,27,1,1,0,0,0,0,32,16081,360,20,4,7,8,7,4,4
Zach Hyman,TOR,C,2016-11-19,false,MTL,2,1,-4,6,0,0,0,0,1,0,40,17797,410,30,10,14,4,12,7,12
Ben Hutton,VAN,D,2016-11-17,false,ARI,2,1,-8,12,0,1,0,0,1,1,35,22544,465,16,21,12,14,9,0,0
Matt Hunwick,TOR,D,2016-12-10,false,BOS,0,6,5,2,0,0,0,0,0,0,17,19498,459,32,27,12,15,10,0,0
Jiri Hudler,DAL,R,2017-01-12,false,DET,1,3,1,4,0,0,0,0,1,0,13,13338,331,6,2,7,3,5,1,2
Jonathan Huberdeau,FLA,L,2017-03-16,false,CBJ,5,9,3,4,1,3,0,0,2,1,45,19311,413,17,3,14,17,10,2,4
Marian Hossa,CHI,R,2016-11-19,false,VAN,11,6,6,6,3,3,0,0,3,2,46,18699,434,5,11,15,3,13,4,4
Bo Horvat,VAN,C,2016-11-17,false,ARI,5,4,-6,12,0,1,1,0,0,0,27,18033,426,24,4,21,3,8,148,146
Patric Hornqvist,PIT,R,2016-12-01,false,DAL,6,10,4,2,5,3,0,0,1,0,71,17392,409,47,23,14,2,9,1,4
Korbinian Holzer,ANA,D,2017-01-19,false,COL,0,5,-3,6,0,0,0,0,0,0,9,14684,324,42,19,5,7,1,0,0
Peter Holland,ARI,C,2017-01-04,false,VAN,0,4,-5,8,0,0,0,0,0,0,28,13976,303,14,2,17,4,3,66,98
Nick Holden,NYR,D,2016-11-18,false,CBJ,2,8,13,6,1,0,0,0,0,0,10,21114,474,30,21,10,14,8,0,0
Mike Hoffman,OTT,L,2016-11-24,false,BOS,4,7,-3,10,2,2,0,0,2,0,61,18522,371,10,8,17,8,11,1,2
Joshua Ho-Sang,NYI,R,2017-04-04,false,NSH,4,6,-2,10,1,1,0,0,0,0,20,18001,342,4,2,9,18,7,0,2
Niklas Hjalmarsson,CHI,D,2016-11-19,false,VAN,2,2,6,2,0,0,0,0,0,0,12,22993,509,6,39,2,11,4,0,0
Vinnie Hinostroza,CHI,L,2016-12-04,false,WPG,1,2,-3,4,0,0,0,0,0,0,22,12322,275,12,8,12,7,9,33,63
Thomas Hickey,NYI,D,2016-11-22,false,ANA,1,3,3,2,0,1,0,0,0,0,24,20327,403,24,42,12,9,2,0,0
Tomas Hertl,SJS,C,2017-01-26,false,EDM,4,5,-1,10,1,1,0,0,1,0,39,17836,407,30,5,15,6,9,89,70
Adam Henrique,NJD,C,2016-11-21,false,SJS,3,5,7,10,0,0,0,0,1,1,29,19502,414,23,17,10,11,7,132,140
Matt Hendricks,EDM,L,2017-01-10,false,SJS,1,2,-8,15,0,0,0,0,1,0,19,12376,301,28,24,4,4,2,54,46
Darren Helm,DET,C,2017-01-20,false,BUF,5,3,7,10,2,0,0,1,1,0,31,16373,397,23,6,8,7,10,112,89
Victor Hedman,TBL,D,2016-11-17,false,BUF,3,10,5,12,1,4,0,0,2,0,34,26331,506,21,27,18,14,8,0,0
Kevin Hayes,NYR,C,2016-11-18,false,CBJ,8,8,15,4,0,1,1,0,1,0,25,17576,404,10,14,10,20,15,102,115
Jimmy Hayes,BOS,R,2016-11-24,false,OTT,0,0,-11,9,0,0,0,0,0,0,33,11660,270,27,2,6,4,6,1,4
Erik Haula,MIN,L,2016-12-07,false,TOR,4,3,1,8,0,0,0,0,0,0,38,15924,381,10,8,6,6,7,107,104
Garnet Hathaway,CGY,R,2016-12-29,false,ANA,1,3,0,37,0,0,0,0,0,0,14,9764,246,40,13,6,3,4,10,8
Scott Hartnell,CBJ,L,2016-11-23,false,CGY,4,6,5,4,1,0,0,0,0,0,19,13533,335,17,10,7,9,3,0,0
Ryan Hartman,CHI,L,2016-11-26,false,LAK,5,1,1,2,0,0,0,0,1,0,36,11780,274,23,9,8,6,4,2,3
Scott Harrington,CBJ,D,2017-03-28,false,BUF,1,2,5,6,0,0,0,0,0,0,9,13466,320,17,20,8,4,2,0,0
Martin Hanzal,ARI,C,2016-12-03,false,CBJ,5,4,-9,12,2,2,0,0,1,1,49,20256,441,40,15,13,15,5,213,175
Jannik Hansen,VAN,R,2016-12-22,false,WPG,5,4,0,25,0,0,0,0,1,0,30,17483,395,18,3,16,6,9,0,0
Noah Hanifin,CAR,D,2016-11-22,false,TOR,1,7,-8,10,1,3,0,0,0,0,33,18966,391,14,9,11,12,7,0,0
Travis Hamonic,NYI,D,2016-11-28,false,CGY,2,4,-8,23,0,1,0,0,0,0,25,22045,413,26,36,15,11,7,0,0
Dougie Hamilton,CGY,D,2016-11-16,false,ARI,2,4,-9,20,0,1,0,0,1,0,47,20043,475,30,18,13,12,3,0,0
Freddie Hamilton,CGY,C,2017-01-06,false,VAN,1,0,-1,6,0,0,0,0,1,0,21,10504,250,29,1,8,1,3,55,38
Dan Hamhuis,DAL,D,2016-11-19,false,EDM,0,5,-5,8,0,0,0,1,0,0,23,22338,495,23,27,11,8,3,0,0
Taylor Hall,NJD,L,2016-12-08,false,MTL,8,11,-1,6,4,3,0,0,2,1,68,22087,437,20,13,19,8,11,1,3
Micheal Haley,SJS,C,2016-12-14,false,OTT,0,2,-1,32,0,0,0,0,0,0,12,8479,218,56,6,6,7,6,3,5
Ron Hainsey,CAR,D,2016-11-22,false,TOR,1,5,0,6,0,0,1,0,0,0,21,23631,480,27,19,11,13,4,0,0
Carl Hagelin,PIT,L,2016-11-19,false,BUF,2,4,-1,2,0,0,0,1,0,0,38,17841,433,18,9,13,11,6,0,1
Carl Gunnarsson,STL,D,2016-11-26,false,MIN,0,1,-1,4,0,0,0,0,0,0,10,15201,386,13,24,6,1,0,0,0
Jake Guentzel,PIT,C,2017-02-14,false,VAN,6,5,4,6,0,0,0,0,0,0,26,16415,358,41,8,6,3,6,8,8
Radko Gudas,PHI,D,2016-11-29,false,BOS,1,6,0,19,0,1,0,0,0,0,28,21864,466,77,48,22,16,5,0,0
Eric Gryba,EDM,D,2016-12-29,false,LAK,1,1,3,34,0,0,0,0,1,0,18,18502,399,71,15,7,7,3,0,0
Mikhail Grigorenko,COL,C,2016-11-21,false,CBJ,1,5,-2,8,0,3,0,0,0,0,22,13954,311,8,5,6,3,10,36,44
Seth Griffith,FLA,C,2016-12-22,false,BOS,0,4,4,4,0,1,0,0,0,0,18,13263,297,24,4,16,5,1,1,4
Andy Greene,NJD,D,2016-11-21,false,SJS,2,2,-2,2,0,0,1,0,1,1,20,23913,504,20,42,14,12,6,0,0
Matt Greene,LAK,D,2016-12-15,false,DET,1,1,3,17,0,0,0,0,0,0,10,14580,377,57,20,9,15,1,0,0
Mike Green,DET,D,2016-11-18,false,WSH,3,8,0,16,1,2,0,0,0,0,33,25966,514,16,21,14,14,9,0,0
Kevin Gravel,LAK,D,2016-12-13,false,BUF,0,2,4,4,0,1,0,0,0,0,16,15133,365,22,28,8,10,0,0,0
Tyler Graovac,MIN,C,2016-12-09,false,EDM,2,0,0,2,0,0,0,0,0,0,15,10010,252,20,3,11,1,6,57,58
Derek Grant,BUF,C,2016-11-19,false,PIT,0,2,-2,15,0,0,0,0,0,0,15,12498,315,14,9,8,3,4,98,87
Mikael Granlund,MIN,C,2016-11-21,false,DAL,4,6,2,2,1,2,1,0,2,0,35,20923,450,14,11,18,6,8,4,4
Markus Granlund,VAN,C,2016-11-17,false,ARI,5,2,-5,6,1,0,0,0,1,1,31,17632,405,9,3,12,4,11,28,37
Michael Grabner,NYR,R,2016-11-18,false,CBJ,11,3,17,2,0,0,0,1,1,0,43,13805,373,9,12,11,7,16,2,1
Yanni Gourde,TBL,C,2017-04-06,false,TOR,4,2,-5,8,0,0,1,0,1,1,26,16549,375,9,3,11,4,12,53,92
Shayne Gostisbehere,PHI,D,2016-11-19,false,TBL,3,7,-5,8,1,4,0,0,1,0,51,22869,468,8,20,35,20,6,0,0
Josh Gorges,BUF,D,2016-11-19,false,PIT,0,0,-2,19,0,0,0,0,0,0,4,20968,490,45,37,6,5,0,0,1
Cody Goloubef,COL,D,2017-01-31,false,ANA,0,3,-11,15,0,0,0,0,0,0,17,19163,445,11,24,5,3,2,0,0
Alex Goligoski,ARI,D,2016-11-23,false,VAN,0,8,-7,4,0,2,0,0,0,0,32,24971,505,18,27,8,10,1,0,0
Luke Glendening,DET,C,2016-11-18,false,WSH,1,5,2,8,0,1,0,0,0,0,23,13853,338,48,21,10,2,6,77,74
Claude Giroux,PHI,C,2016-11-17,false,WPG,4,13,-8,4,3,7,0,0,0,0,44,21017,458,14,3,17,4,7,214,181
Zemgus Girgensons,BUF,C,2016-11-19,false,PIT,1,3,-5,4,0,0,0,0,0,0,34,13748,328,22,8,9,1,2,85,78
Dan Girardi,NYR,D,2016-11-25,false,PHI,3,3,12,6,0,0,0,1,3,0,17,19806,457,38,47,6,15,2,0,0
Mark Giordano,CGY,D,2016-11-16,false,ARI,1,5,-2,18,0,2,0,1,0,0,42,26976,560,14,45,20,6,14,0,0
Brian Gionta,BUF,R,2016-11-19,false,PIT,3,4,0,6,0,0,0,0,1,0,40,18648,391,15,8,13,6,5,7,8
Stephen Gionta,NYI,R,2017-03-25,false,BOS,1,4,6,0,0,0,0,0,0,0,12,11589,291,42,4,2,4,2,21,19
Tom Gilbert,LAK,D,2017-01-21,false,NYI,1,4,-4,6,0,1,0,0,0,0,12,16693,393,10,28,9,7,1,0,0
Ryan Getzlaf,ANA,C,2016-11-25,false,CHI,1,15,-2,12,0,6,0,0,0,0,35,21406,453,22,14,21,15,10,142,123
Eric Gelinas,COL,D,2017-01-06,false,NYI,0,1,-2,12,0,0,0,0,0,0,23,13167,314,18,12,10,5,2,0,1
Frederik Gauthier,TOR,C,2017-01-31,false,DAL,2,1,2,21,0,0,0,0,0,0,12,10415,302,13,14,5,3,4,106,101
Brendan Gaunce,VAN,C,2016-11-17,false,ARI,0,2,-3,20,0,0,0,0,0,0,15,9956,259,22,3,5,2,2,48,45
Johnny Gaudreau,CGY,L,2016-12-04,false,ANA,6,7,-8,0,1,1,0,0,1,0,48,20542,426,3,4,16,25,8,0,0
Jason Garrison,TBL,D,2016-11-17,false,BUF,0,2,-4,6,0,0,0,0,0,0,28,19478,436,20,29,15,10,6,0,0
Jake Gardiner,TOR,D,2016-11-19,false,MTL,3,5,3,6,1,1,0,0,0,0,26,20760,450,15,15,10,20,7,0,0
Brendan Gallagher,MTL,R,2016-11-18,false,CAR,4,6,5,18,1,0,0,0,1,0,47,16362,384,22,5,17,4,9,19,26
Alex Galchenyuk,MTL,C,2016-11-18,false,CAR,6,12,11,10,1,4,0,0,0,0,34,17134,387,9,9,12,11,6,80,122
Sam Gagner,CBJ,C,2016-11-25,false,TBL,7,5,6,0,2,3,0,0,1,0,39,14643,319,2,3,20,3,3,36,41
Marian Gaborik,LAK,R,2017-01-07,false,MIN,2,3,-2,4,1,1,0,0,0,0,40,15982,355,12,2,18,5,2,0,1
Michael Frolik,CGY,R,2016-11-16,false,ARI,6,6,1,6,0,0,2,0,1,1,43,17095,394,14,14,12,7,11,6,5
Cody Franson,BUF,D,2016-11-19,false,PIT,1,4,0,8,1,0,0,0,0,0,29,19463,427,14,13,7,8,0,0,0
Cam Fowler,ANA,D,2016-11-17,false,NJD,5,6,-1,2,3,3,0,0,1,0,35,25771,505,10,22,9,14,3,0,0
Gustav Forsling,CHI,D,2016-11-23,false,SJS,1,3,0,2,0,1,0,0,0,0,23,17263,369,11,6,6,14,1,0,0
Filip Forsberg,NSH,L,2016-11-21,false,TBL,1,12,-2,6,0,3,0,0,0,0,38,20145,450,29,5,23,9,19,5,6
Derek Forbort,LAK,D,2016-11-17,false,EDM,1,4,1,30,0,0,0,0,0,0,16,17409,418,38,39,6,11,2,0,0
Christian Folin,MIN,D,2016-11-23,false,WPG,0,2,8,16,0,0,0,0,0,0,18,18820,425,28,24,9,4,6,0,0
Marcus Foligno,BUF,L,2016-11-19,false,PIT,3,2,1,8,0,0,0,0,0,0,33,18006,397,64,14,9,9,8,0,1
Nick Foligno,CBJ,L,2016-11-23,false,CGY,7,11,2,20,3,6,0,0,0,0,35,19504,433,25,9,15,7,5,21,16
Brian Flynn,MTL,C,2016-12-12,false,BOS,2,2,2,2,0,0,0,0,0,0,18,12471,337,9,8,10,6,4,29,25
Mike Fisher,NSH,C,2016-11-29,false,COL,5,8,-8,27,3,5,0,0,1,0,37,17498,403,44,14,13,1,5,160,129
Valtteri Filppula,TBL,C,2016-11-19,false,PHI,4,9,5,4,0,5,0,0,1,0,21,19466,396,7,8,5,7,9,141,193
Vernon Fiddler,NJD,C,2016-11-21,false,SJS,0,1,-3,13,0,0,0,0,0,0,17,13935,339,15,10,4,10,4,120,102
Kevin Fiala,NSH,L,2016-12-13,false,STL,5,2,0,6,0,0,0,0,1,0,43,13944,336,15,4,8,8,11,0,0
Micheal Ferland,CGY,L,2016-11-16,false,ARI,3,4,-1,5,1,1,0,0,0,0,25,11762,295,45,4,8,8,9,0,0
Eric Fehr,PIT,C,2016-11-19,false,BUF,2,1,-2,2,0,0,0,0,1,0,18,12042,305,18,14,5,3,15,25,20
Taylor Fedun,BUF,D,2017-01-21,false,MTL,0,6,3,8,0,3,0,0,0,0,22,15405,363,5,14,3,8,2,0,0
Justin Faulk,CAR,D,2016-11-27,false,FLA,3,4,-5,8,1,3,0,0,0,0,47,25660,489,32,20,26,15,11,0,0
Jesper Fast,NYR,R,2016-11-18,false,CBJ,2,8,8,10,0,0,0,0,0,0,10,14619,357,26,7,7,4,13,6,4
Justin Falk,BUF,D,2016-12-23,false,NYI,0,1,0,7,0,0,0,0,0,0,15,14107,353,30,8,8,5,2,0,0
Radek Faksa,DAL,C,2016-11-17,false,COL,1,4,2,15,0,0,0,0,0,0,27,17939,459,21,15,16,5,11,140,160
Robby Fabbri,STL,C,2016-11-19,false,NSH,4,5,-4,15,3,2,0,0,0,0,29,17379,391,24,9,9,6,8,2,2
Adam Erne,TBL,L,2017-03-24,false,DET,1,0,-5,11,0,0,0,0,0,0,29,12989,308,53,6,15,3,2,0,2
Loui Eriksson,VAN,L,2016-11-17,false,ARI,2,4,-6,0,0,1,0,1,0,0,31,20377,439,1,8,13,6,5,0,0
Jonathan Ericsson,DET,D,2016-11-18,false,WSH,0,4,2,35,0,0,0,0,0,0,16,18776,446,26,15,10,10,1,0,0
Toby Enstrom,WPG,D,2016-11-15,false,CHI,1,5,2,10,0,3,1,0,0,0,20,24301,516,4,25,9,11,5,0,0
Tyler Ennis,BUF,L,2017-01-31,false,MTL,2,1,-7,0,0,0,0,0,0,0,38,14848,316,12,9,7,4,8,0,3
Deryk Engelland,CGY,D,2016-11-16,false,ARI,1,3,8,19,0,0,0,0,1,0,20,20217,471,28,37,11,13,2,0,0
Alexei Emelin,MTL,D,2016-11-18,false,CAR,1,3,5,20,0,0,0,0,0,0,14,22716,456,58,36,6,20,3,0,0
Ryan Ellis,NSH,D,2016-11-21,false,TBL,3,6,4,19,0,3,0,0,2,0,27,25645,506,25,36,13,7,6,0,0
Lars Eller,WSH,C,2016-11-23,false,STL,2,0,-2,18,0,0,0,0,0,0,23,15024,332,12,4,13,5,9,101,105
Remi Elie,DAL,L,2017-04-08,false,COL,1,6,5,8,0,0,0,0,0,0,15,16875,396,30,11,8,13,12,1,0
Oliver Ekman-Larsson,ARI,D,2016-11-23,false,VAN,5,3,-3,6,2,1,0,0,1,1,44,26620,504,31,17,23,13,5,0,0
Mattias Ekholm,NSH,D,2016-11-21,false,TBL,0,5,-4,10,0,1,0,1,0,0,28,25162,494,12,33,19,19,6,0,0
Aaron Ekblad,FLA,D,2016-11-19,false,OTT,4,0,-7,24,2,0,0,0,1,1,48,24866,423,40,17,21,11,8,0,0
Jack Eichel,BUF,C,2017-01-07,false,WPG,8,6,-1,4,4,3,0,0,2,0,69,21137,400,13,14,24,15,10,89,120
Nikolaj Ehlers,WPG,L,2016-11-15,false,CHI,4,12,6,8,0,2,0,0,1,0,43,19428,399,10,6,22,10,10,0,1
Joel Edmundson,STL,D,2016-12-13,false,NSH,0,3,-5,21,0,0,0,0,0,0,19,17289,433,33,24,8,3,4,0,0
Alexander Edler,VAN,D,2016-11-19,false,CHI,1,2,-9,4,1,1,0,0,0,0,42,26843,526,33,45,12,11,5,2,1
Jordan Eberle,EDM,C,2016-11-17,false,LAK,5,8,-6,4,1,2,0,0,0,0,55,19721,423,5,7,13,3,6,1,1
Patrick Eaves,DAL,R,2016-11-19,false,EDM,9,6,-5,4,5,3,0,0,1,0,46,18420,440,22,13,24,2,3,0,1
Cody Eakin,DAL,C,2017-01-07,false,STL,0,2,-8,19,0,1,0,0,0,0,17,15718,399,23,8,15,6,1,124,119
Ryan Dzingel,OTT,L,2016-11-19,false,FLA,5,5,4,0,0,1,1,0,1,0,33,14799,340,10,10,8,4,7,2,2
Christian Dvorak,ARI,C,2016-12-01,false,LAK,2,5,-1,2,0,1,0,0,0,0,17,15651,329,17,17,7,3,1,90,120
Brian Dumoulin,PIT,D,2016-11-19,false,BUF,0,2,-5,10,0,0,0,0,0,0,28,21671,497,33,23,8,11,7,0,0
Gabriel Dumont,TBL,C,2017-02-23,false,CGY,1,1,-2,11,0,0,0,0,0,0,20,10240,259,35,5,6,3,3,53,41
Matt Dumba,MIN,D,2016-11-21,false,DAL,2,4,3,10,1,1,0,0,1,1,38,22518,442,25,18,14,7,5,0,0
Anthony Duclair,ARI,L,2016-11-23,false,VAN,1,2,0,4,0,0,0,0,0,0,22,14636,335,7,2,8,10,7,0,0
Matt Duchene,COL,C,2016-12-01,false,CBJ,7,7,-3,2,0,2,0,0,3,1,43,19958,429,5,16,13,10,17,111,73
Brandon Dubinsky,CBJ,C,2016-11-26,false,FLA,2,5,-2,15,0,1,0,0,1,0,19,19405,445,56,15,14,8,10,185,160
Jonathan Drouin,TBL,L,2016-12-01,false,STL,3,6,-4,6,2,1,0,0,0,0,53,18459,356,13,7,12,18,11,27,33
Leon Draisaitl,EDM,C,2016-11-17,false,LAK,4,6,-7,2,2,1,0,0,0,0,32,17949,379,6,7,13,15,10,123,125
Nic Dowd,LAK,C,2016-11-20,false,ANA,2,8,-3,2,1,2,0,0,1,1,22,14884,359,51,11,9,6,3,102,124
Drew Doughty,LAK,D,2016-11-17,false,EDM,2,4,3,14,0,1,0,0,0,0,43,29358,603,32,34,18,20,2,1,0
Jake Dotchin,TBL,D,2017-03-06,false,NYR,0,4,5,21,0,0,0,0,0,0,21,19453,412,47,9,15,7,3,0,0
Joonas Donskoi,SJS,R,2016-11-19,false,ARI,2,5,-2,8,1,2,0,0,0,0,35,15976,380,8,6,19,8,11,0,0
Max Domi,ARI,L,2016-11-23,false,VAN,2,11,-4,13,1,3,0,0,1,0,41,19001,392,14,8,16,13,6,3,3
Shane Doan,ARI,R,2016-11-23,false,VAN,1,4,-3,2,1,1,0,0,0,0,33,17069,352,32,11,8,6,2,24,29
Brenden Dillon,SJS,D,2016-11-19,false,ARI,0,1,-1,14,0,0,0,0,0,0,19,16976,391,39,17,10,4,0,0,0
Phillip Di Giuseppe,CAR,L,2016-12-10,false,SJS,1,1,-9,13,0,0,0,0,1,1,28,12956,302,28,8,13,6,6,0,2
Nicolas Deslauriers,BUF,L,2017-01-07,false,WPG,0,0,-4,4,0,0,0,0,0,0,10,8781,203,52,2,6,0,1,0,0
Andrew Desjardins,CHI,L,2016-12-20,false,OTT,0,0,-2,6,0,0,0,0,0,0,24,11098,256,27,6,4,4,4,22,19
David Desharnais,MTL,C,2016-11-19,false,TOR,3,3,2,2,0,1,0,0,0,0,15,14216,328,0,4,6,3,8,39,50
Jason Demers,FLA,D,2016-11-19,false,OTT,2,6,-3,6,0,3,0,1,0,0,19,21499,426,15,17,21,9,11,0,0
Michael Del Zotto,PHI,D,2016-12-21,false,WSH,4,5,-3,4,0,0,0,0,0,0,33,20519,466,76,39,12,9,3,0,0
Dylan DeMelo,SJS,D,2017-03-11,false,NSH,1,3,-1,10,0,0,0,0,0,0,18,16390,380,22,20,10,7,3,0,0
Danny DeKeyser,DET,D,2016-11-18,false,WSH,1,2,-2,15,0,0,0,0,0,0,8,23622,513,21,33,9,11,2,0,0
Anthony DeAngelo,ARI,D,2016-12-27,false,DAL,3,6,-2,4,2,4,0,0,0,0,33,20579,421,10,26,13,10,2,0,0
Brandon Davidson,EDM,D,2017-01-31,false,MIN,0,1,2,6,0,0,0,0,0,0,24,15702,368,16,33,8,13,1,0,0
Laurent Dauphin,ARI,C,2016-12-01,false,LAK,1,1,-1,8,0,0,1,0,0,0,23,11731,291,27,7,3,1,7,26,28
Marko Dano,WPG,C,2016-12-04,false,CHI,3,4,0,6,2,0,0,0,0,0,24,12941,310,37,6,12,8,10,1,3
Phillip Danault,MTL,L,2016-11-18,false,CAR,5,4,1,2,0,0,0,0,1,0,25,14424,357,15,17,10,8,3,56,54
Trevor Daley,PIT,D,2016-11-19,false,BUF,2,4,2,12,1,1,0,1,0,0,25,22900,533,4,34,18,5,12,0,0
Klas Dahlbeck,CAR,D,2017-02-19,false,TOR,1,2,-4,18,0,0,0,0,0,0,13,14199,335,25,14,7,8,4,0,0
Austin Czarnik,BOS,C,2016-11-27,false,TBL,2,3,-3,4,0,1,0,0,1,0,25,15214,360,4,13,7,6,5,5,20
Matt Cullen,PIT,C,2016-11-19,false,BUF,3,6,2,4,0,1,0,0,1,0,19,15370,391,9,3,15,5,2,131,116
Lawson Crouse,ARI,L,2016-12-01,false,LAK,1,0,-7,8,0,0,0,0,0,0,18,11469,282,38,10,5,1,4,0,0
Sidney Crosby,PIT,C,2016-12-01,false,DAL,16,9,3,8,5,2,0,0,3,0,64,20811,449,22,5,17,20,7,203,228
Joseph Cramarossa,ANA,C,2016-12-13,false,DAL,2,3,-1,30,0,0,0,0,0,0,14,11922,300,41,11,7,8,5,1,0
Adam Cracknell,DAL,R,2016-11-17,false,COL,2,1,3,0,0,0,0,0,0,0,22,11310,286,25,13,11,4,2,29,30
Charlie Coyle,MIN,C,2016-11-21,false,DAL,5,6,3,18,3,0,0,0,1,0,42,19626,426,20,17,14,10,9,11,9
Sean Couturier,PHI,C,2016-11-17,false,WPG,5,3,-4,12,0,1,0,1,1,0,28,20258,467,13,14,14,11,11,156,159
Logan Couture,SJS,C,2016-11-19,false,ARI,4,5,-2,2,2,0,0,0,0,0,60,19948,444,6,11,12,16,8,72,129
Nick Cousins,PHI,C,2016-11-25,false,NYR,3,3,0,4,1,1,0,0,0,0,27,12364,286,21,8,3,2,6,23,55
Andrew Copp,WPG,C,2016-12-04,false,CHI,3,3,-1,4,0,0,1,0,1,0,18,13801,350,25,11,8,4,10,26,40
Kyle Connor,WPG,L,2016-11-27,false,NSH,1,3,-8,4,0,2,0,0,1,0,21,13759,303,1,8,12,5,9,1,1
Brett Connolly,WSH,R,2016-12-23,false,TBL,3,1,0,12,1,0,0,0,0,0,24,11602,264,35,1,6,2,6,3,3
Kevin Connauton,ARI,D,2017-02-24,false,DAL,0,1,-3,8,0,0,0,0,0,0,16,13747,334,38,13,12,3,4,0,0
J.T. Compher,COL,L,2017-04-04,false,CHI,3,1,1,4,1,0,0,0,1,0,27,15587,348,11,14,11,4,6,67,72
Blake Comeau,COL,L,2016-12-01,false,CBJ,3,2,-2,20,2,0,0,0,0,0,29,16794,391,39,7,11,4,9,46,43
Blake Coleman,NJD,C,2017-03-28,false,WPG,1,1,-4,19,0,0,0,0,0,0,23,13800,307,40,12,6,9,10,72,88
Ian Cole,PIT,D,2016-11-19,false,BUF,1,2,2,17,0,0,0,0,0,0,19,19819,449,42,42,20,10,3,0,0
Joe Colborne,COL,C,2016-11-23,false,EDM,3,1,-5,8,2,0,0,0,0,0,21,13827,325,17,6,4,4,3,26,39
Andrew Cogliano,ANA,L,2016-11-17,false,NJD,5,4,6,8,0,0,2,0,0,0,39,16160,418,17,10,4,4,6,1,5
Braydon Coburn,TBL,D,2016-11-17,false,BUF,0,4,2,10,0,0,0,0,0,0,20,17582,387,20,8,8,7,0,0,0
Cal Clutterbuck,NYI,R,2016-11-22,false,ANA,2,5,-1,8,0,0,0,0,1,0,29,16980,419,68,9,10,8,7,1,2
Kyle Clifford,LAK,L,2016-11-19,false,NJD,2,2,2,31,0,0,0,0,0,0,33,11110,257,39,2,9,1,7,0,1
Adam Clendening,NYR,D,2017-01-25,false,PHI,1,7,6,10,1,1,0,0,0,0,23,17380,395,9,17,10,11,5,0,0
Fredrik Claesson,OTT,D,2017-02-16,false,NJD,0,5,0,0,0,0,0,1,0,0,11,11502,290,19,5,3,10,1,0,0
Casey Cizikas,NYI,C,2016-11-22,false,ANA,2,4,0,12,0,1,0,0,1,0,21,16143,417,45,22,3,8,9,134,156
Jakob Chychrun,ARI,D,2016-12-06,false,CHI,1,3,-5,23,0,0,0,0,0,0,23,18014,394,26,24,19,10,3,0,0
Taylor Chorney,WSH,D,2017-04-09,false,FLA,1,4,8,11,0,0,0,0,1,0,19,15405,346,27,29,9,7,3,0,0
Jason Chimera,NYI,L,2016-11-22,false,ANA,1,4,-7,16,0,0,0,0,0,0,27,14869,368,34,8,4,5,3,4,7
Alex Chiasson,CGY,R,2016-11-16,false,ARI,2,2,1,14,0,0,0,0,0,0,27,14194,358,20,3,7,6,6,0,10
Ben Chiarot,WPG,D,2016-11-17,false,PHI,0,3,-3,10,0,0,0,0,0,0,12,14902,322,23,23,1,11,3,0,0
Zdeno Chara,BOS,D,2016-11-19,false,WPG,1,5,12,19,0,1,0,0,0,0,26,25322,480,27,40,11,16,11,0,0
Michael Chaput,VAN,C,2016-12-13,false,CAR,0,3,-4,11,0,0,0,0,0,0,14,11277,282,24,5,1,3,2,80,75
Cody Ceci,OTT,D,2016-11-19,false,FLA,0,2,-8,6,0,0,0,1,0,0,32,24602,570,33,39,13,17,5,0,0
Jeff Carter,LAK,C,2016-11-17,false,EDM,6,7,1,6,0,1,1,0,3,1,53,19607,422,18,9,19,9,6,168,142
William Carrier,BUF,L,2016-12-13,false,LAK,1,1,1,6,0,0,0,0,0,0,26,9972,255,59,3,6,3,3,1,1
Connor Carrick,TOR,D,2016-11-23,false,NJD,1,2,4,22,0,0,0,0,0,0,30,19260,453,20,24,12,15,6,0,0
Daniel Carr,MTL,L,2016-12-20,false,ANA,1,3,4,6,0,0,0,0,1,0,25,10948,267,15,7,11,3,3,1,1
John Carlson,WSH,D,2016-11-20,false,CBJ,0,7,0,0,0,2,0,0,0,0,45,24966,459,14,25,21,22,7,0,0
Brandon Carlo,BOS,D,2016-11-19,false,WPG,2,2,11,15,0,0,0,0,0,0,22,24290,479,17,36,13,4,3,0,0
Brian Campbell,CHI,D,2016-11-18,false,CGY,2,5,5,6,1,2,0,0,0,0,20,19980,413,13,18,8,14,0,0,0
Michael Cammalleri,NJD,L,2016-12-03,false,NSH,9,8,6,12,1,3,0,0,2,1,51,18989,398,13,3,20,11,9,6,5
Matt Calvert,CBJ,L,2016-12-03,false,ARI,2,1,0,12,0,0,1,0,1,0,26,16271,383,22,11,12,8,10,2,11
Ryan Callahan,TBL,R,2017-01-07,false,PHI,2,2,-4,23,0,0,0,0,1,0,22,15274,351,48,13,11,10,7,5,4
Drake Caggiula,EDM,L,2016-12-23,false,SJS,1,4,-3,2,1,1,0,0,0,0,16,14173,323,33,4,11,6,5,23,36
Paul Byron,MTL,L,2016-11-18,false,CAR,6,5,6,4,0,0,1,0,2,0,22,15035,393,22,6,2,6,8,2,0
Dustin Byfuglien,WPG,D,2016-11-15,false,CHI,0,9,2,19,0,1,0,0,0,0,48,30793,527,49,30,31,24,13,0,0
Alexandre Burrows,VAN,L,2016-11-26,false,COL,4,4,2,25,0,0,0,1,0,0,41,14767,377,12,3,8,5,11,0,3
Brent Burns,SJS,D,2016-11-19,false,ARI,6,8,0,4,1,2,0,0,1,0,80,25749,487,19,35,32,29,7,0,0
Alexander Burmistrov,WPG,C,2016-11-19,false,BOS,0,2,-3,2,0,0,0,1,0,0,12,12414,275,22,4,6,5,2,42,73
Andre Burakovsky,WSH,L,2016-11-20,false,CBJ,2,5,-3,0,0,0,0,0,0,0,33,15968,324,7,7,12,10,11,0,1
Pavel Buchnevich,NYR,R,2017-01-31,false,CBJ,6,8,2,6,1,2,0,0,0,0,28,16064,375,6,4,13,15,9,1,2
Dustin Brown,LAK,R,2016-11-17,false,EDM,3,6,-6,10,1,2,1,0,1,0,39,17883,407,46,3,13,8,6,0,1
Connor Brown,TOR,R,2016-11-19,false,MTL,3,4,2,4,0,0,0,0,1,0,22,15037,381,18,16,11,1,4,0,0
J.T. Brown,TBL,R,2016-11-19,false,PHI,2,1,-3,22,0,0,1,0,1,0,20,11604,284,24,7,7,3,3,0,1
Troy Brouwer,CGY,R,2016-11-16,false,ARI,4,3,-6,10,0,2,1,0,0,0,29,18558,421,44,11,8,4,8,10,21
Kyle Brodziak,STL,C,2016-11-19,false,NSH,2,1,-2,19,0,0,0,0,1,0,16,10363,297,17,9,4,0,4,49,68
Jonas Brodin,MIN,D,2016-11-21,false,DAL,1,5,5,10,0,0,0,0,1,0,28,21260,465,4,25,15,8,2,0,0
TJ Brodie,CGY,D,2016-11-16,false,ARI,0,3,-11,4,0,2,0,0,0,0,25,25667,554,10,20,12,17,12,0,0
Justin Braun,SJS,D,2016-11-19,false,ARI,0,2,-4,2,0,0,0,0,0,0,19,21839,452,22,37,11,9,9,0,0
Derick Brassard,OTT,C,2016-11-19,false,FLA,2,5,-3,4,1,1,0,0,0,0,48,19670,408,21,3,22,11,15,157,156
Tyler Bozak,TOR,C,2016-11-19,false,MTL,5,9,0,4,1,1,0,0,1,0,33,17175,401,13,5,9,10,9,167,117
Brian Boyle,TBL,C,2016-11-17,false,BUF,4,1,3,29,0,0,0,0,0,0,25,12283,297,23,13,3,3,6,59,55
Johnny Boychuk,NYI,D,2016-11-22,false,ANA,2,4,-1,2,0,1,1,0,1,0,47,22010,421,44,45,21,8,4,0,0
Jay Bouwmeester,STL,D,2016-11-17,false,SJS,1,1,-6,10,0,0,0,0,0,0,23,24887,548,19,25,10,9,5,0,0
Rene Bourque,COL,R,2016-11-26,false,VAN,7,1,-2,13,2,0,0,0,2,1,33,15912,369,29,9,15,2,6,0,3
Michael Bournival,TBL,L,2017-04-06,false,TOR,2,1,-3,2,0,0,0,0,0,0,24,10893,269,28,8,13,3,6,1,2
Lance Bouma,CGY,C,2016-12-20,false,SJS,1,2,0,13,0,0,0,0,0,0,9,12255,311,49,14,3,3,3,1,2
Reid Boucher,VAN,C,2017-02-16,false,STL,1,2,1,2,0,0,0,0,0,0,24,11124,245,13,8,5,1,8,0,0
Robert Bortuzzo,STL,D,2017-01-24,false,PIT,1,2,5,2,0,0,0,0,0,0,24,15358,416,42,34,11,9,3,0,0
Mark Borowiecki,OTT,D,2016-11-19,false,FLA,0,0,-1,23,0,0,0,0,0,0,8,13497,366,61,23,4,5,1,0,0
Nick Bonino,PIT,C,2016-11-19,false,BUF,1,4,-4,4,0,1,1,0,0,0,25,18709,447,15,26,6,9,11,150,158
Jared Boll,ANA,R,2016-11-22,false,NYI,0,1,-6,31,0,0,0,0,0,0,7,6892,177,14,3,2,2,1,0,1
Zach Bogosian,BUF,D,2017-01-05,false,CHI,0,2,-9,15,0,0,0,0,0,0,17,21619,464,30,37,7,8,5,0,0
Mikkel Boedker,SJS,L,2016-11-19,false,ARI,2,0,-7,4,0,0,0,0,0,0,17,16327,391,13,4,16,11,7,2,8
Anton Blidh,BOS,L,2017-01-16,false,NYI,1,1,-2,7,0,0,0,0,0,0,26,9549,224,41,4,10,4,4,0,0
Joseph Blandisi,NJD,L,2017-03-17,false,PIT,2,5,-6,20,1,3,0,0,1,0,14,13616,325,26,3,10,1,5,49,54
Nick Bjugstad,FLA,C,2016-12-29,false,MTL,1,1,-9,10,0,1,0,0,0,0,28,15061,340,28,3,9,7,6,51,64
Oliver Bjorkstrand,CBJ,R,2017-03-13,false,PHI,5,5,6,6,0,0,0,0,2,0,36,15023,339,11,5,10,5,8,1,0
Anthony Bitetto,NSH,D,2017-02-02,false,EDM,0,3,-2,15,0,0,0,0,0,0,13,12761,315,24,16,8,5,0,0,0
Kevin Bieksa,ANA,D,2016-11-17,false,NJD,1,0,0,19,1,0,0,0,0,0,31,21991,436,42,16,13,5,3,0,0
Alex Biega,VAN,D,2017-01-25,false,COL,0,2,-1,12,0,0,0,0,0,0,20,16267,401,42,16,17,3,4,0,0
Patrik Berglund,STL,C,2016-11-17,false,SJS,1,3,-3,8,0,0,0,0,0,0,29,16169,411,36,9,15,4,5,119,105
Patrice Bergeron,BOS,C,2016-11-25,false,CGY,3,2,-2,4,1,0,0,0,1,0,68,20080,428,13,13,26,4,6,252,177
Matt Benning,EDM,D,2016-12-04,false,MIN,0,4,4,6,0,1,0,0,0,0,25,18034,401,40,20,13,13,1,0,0
Sam Bennett,CGY,C,2016-11-16,false,ARI,3,4,-3,26,1,0,0,0,0,0,21,16395,375,35,4,11,5,10,83,93
Beau Bennett,NJD,R,2016-11-23,false,TOR,1,5,0,6,1,0,0,0,0,0,32,14989,317,16,3,14,7,6,1,3
Jamie Benn,DAL,L,2016-11-17,false,COL,4,10,-6,25,3,2,0,0,1,0,43,21436,516,29,10,19,9,15,89,75
Jordie Benn,DAL,D,2016-11-21,false,MIN,1,5,2,12,0,2,0,0,0,0,24,20737,475,12,34,15,11,2,0,0
Pierre-Edouard Bellemare,PHI,L,2016-11-17,false,WPG,0,3,5,2,0,0,0,1,0,0,20,14994,370,19,16,9,3,3,99,112
Matt Beleskey,BOS,L,2016-11-22,false,STL,2,2,-4,15,0,1,0,0,0,0,31,16374,355,38,8,13,5,4,20,28
Anthony Beauvillier,NYI,C,2016-11-30,false,PIT,2,5,5,4,0,0,0,0,0,0,17,12987,288,22,5,5,6,4,16,12
Nathan Beaulieu,MTL,D,2016-11-18,false,CAR,1,5,6,9,0,2,0,0,1,0,21,19224,404,21,30,8,22,5,0,0
Francois Beauchemin,COL,D,2016-11-21,false,CBJ,0,4,2,4,0,1,0,0,0,0,27,21784,484,18,35,11,10,6,0,0
Jay Beagle,WSH,C,2016-11-20,false,CBJ,4,4,6,2,0,0,1,1,2,0,27,13730,335,11,8,5,5,2,122,88
Matt Bartkowski,CGY,D,2017-03-27,false,COL,1,1,2,9,0,0,0,0,0,0,11,16397,384,31,10,6,10,2,0,0
Tyson Barrie,COL,D,2016-11-21,false,CBJ,2,6,-6,6,0,3,0,0,1,0,44,24442,504,12,19,23,8,4,0,0
Aleksander Barkov,FLA,C,2016-11-19,false,OTT,2,8,0,0,0,2,0,0,1,1,31,20212,397,11,8,11,4,14,120,133
Mark Barberio,MTL,D,2017-01-11,false,WPG,0,2,0,6,0,0,0,0,0,0,23,15765,344,8,20,6,12,3,0,0
Ivan Barbashev,STL,C,2017-03-16,false,SJS,3,2,3,2,0,0,0,0,1,0,10,11534,270,27,8,6,2,3,46,64
Justin Bailey,BUF,R,2017-02-18,false,STL,2,1,4,2,0,0,0,0,1,0,22,11652,274,17,9,8,6,5,0,0
Josh Bailey,NYI,R,2016-11-22,false,ANA,3,7,2,0,1,1,0,0,1,1,36,20645,431,9,18,13,7,10,4,3
Sven Baertschi,VAN,L,2016-11-17,false,ARI,1,4,-4,0,0,0,0,0,1,0,26,15689,361,10,9,5,4,4,1,0
Nicklas Backstrom,WSH,C,2016-11-20,false,CBJ,5,12,1,10,0,7,0,0,1,0,38,19874,413,18,6,5,9,10,159,128
Mikael Backlund,CGY,C,2016-11-16,false,ARI,1,6,0,6,0,1,0,2,0,0,38,18543,436,12,15,8,9,6,162,152
David Backes,BOS,R,2016-11-29,false,PHI,5,4,5,23,2,1,0,0,1,0,46,19471,397,52,13,15,9,5,35,41
Yohann Auvitu,NJD,D,2016-11-26,false,PIT,2,2,3,2,0,1,0,0,0,0,41,17396,376,14,6,10,7,6,0,0
Cam Atkinson,CBJ,R,2016-11-23,false,CGY,7,10,-2,4,4,4,0,0,2,1,54,19151,438,8,8,16,2,8,2,0
Andreas Athanasiou,DET,C,2016-12-17,false,ANA,5,1,0,2,0,0,0,0,0,0,27,13341,302,9,5,14,5,4,18,20
Viktor Arvidsson,NSH,L,2016-11-21,false,TBL,6,5,-1,6,1,1,1,1,0,0,58,16184,392,7,10,15,6,5,2,1
Joel Armia,WPG,R,2017-01-09,false,CGY,2,3,0,8,0,0,0,0,0,0,37,16468,380,14,6,10,10,12,2,4
Artem Anisimov,CHI,C,2016-11-19,false,VAN,8,10,12,14,1,3,0,0,3,1,26,19217,416,10,4,13,0,8,116,154
Sven Andrighetto,MTL,R,2017-01-24,false,CGY,2,5,6,4,0,1,0,0,0,0,20,11714,288,19,8,13,1,5,0,0
Andy Andreoff,LAK,L,2017-01-23,false,NYR,0,2,0,22,0,0,0,0,0,0,15,11516,261,36,6,9,6,2,27,17
Josh Anderson,CBJ,R,2016-11-23,false,CGY,5,1,8,17,0,0,0,0,1,0,24,13011,336,28,13,6,8,3,4,6
Karl Alzner,WSH,D,2016-11-20,false,CBJ,2,2,7,8,0,0,0,0,0,0,21,21825,466,20,27,6,10,5,0,0
Sebastian Aho,CAR,R,2016-11-22,false,TOR,2,8,-1,2,0,3,0,0,0,0,39,16197,353,7,2,19,11,6,0,1
Noel Acciari,BOS,C,2016-12-20,false,NYI,0,2,0,4,0,0,0,0,0,0,14,10577,253,43,3,6,3,7,9,12
Justin Abdelkader,DET,L,2016-11-23,false,BUF,3,2,-3,13,2,0,0,0,0,0,31,18321,382,44,6,11,5,6,0,4
Kyle Rau,FLA,C,2016-12-06,false,PHI,2,1,-1,4,0,0,0,0,0,0,15,11016,254,21,2,3,1,5,2,1
Tyler Pitlick,EDM,R,2016-11-17,false,LAK,5,1,-2,4,0,0,0,0,1,0,30,10636,260,42,5,4,5,1,2,1
Johan Larsson,BUF,C,2016-11-19,false,PIT,2,4,-4,8,0,0,0,0,2,0,18,19113,404,21,17,12,10,9,134,132
Erik Gudbranson,VAN,D,2016-11-17,false,ARI,0,3,-9,7,0,0,0,0,0,0,24,21357,458,38,23,7,15,3,0,0
Ryan Garbutt,ANA,C,2016-11-17,false,NJD,1,1,-4,12,0,0,0,1,1,0,18,10862,290,34,9,13,1,2,5,4
