James van Riemsdyk,TOR,L,2016-12-03,false,VAN,11,9,-4,10,2,3,0,0,1,0,74,22915,512,28,13,16,6,11,1,3
Trevor van Riemsdyk,CHI,D,2017-01-20,false,BOS,1,4,6,6,0,0,0,0,0,0,27,26630,577,10,37,12,15,10,0,0
Calvin de Haan,NYI,D,2016-12-04,false,DET,1,6,7,26,0,0,0,0,0,0,36,26373,519,37,62,13,18,5,0,0
Jason Zucker,MIN,L,2016-12-04,false,EDM,3,10,13,10,0,0,0,0,0,0,36,18729,442,26,9,26,6,12,1,2
Mats Zuccarello,NYR,R,2016-11-29,false,CAR,7,8,1,8,2,1,0,0,0,0,54,27026,557,31,11,14,12,21,3,2
Harry Zolnierczyk,NSH,L,2017-04-08,false,WPG,2,2,-2,10,0,0,0,0,0,0,19,12776,309,25,11,2,1,7,8,11
Mika Zibanejad,NYR,C,2017-01-25,false,PHI,7,10,2,8,0,5,0,0,0,0,58,24125,567,10,14,32,12,12,230,201
Henrik Zetterberg,DET,L,2016-12-01,false,FLA,4,12,3,4,1,3,0,0,0,0,47,27848,553,16,8,10,11,15,189,177
Travis Zajac,NJD,C,2016-12-03,false,NSH,8,12,2,12,3,2,0,0,1,0,56,29365,627,32,9,8,5,10,261,241
Nikita Zaitsev,TOR,D,2016-12-03,false,VAN,0,9,-9,6,0,2,0,0,0,0,34,31776,700,53,38,15,19,11,0,0
Nikita Zadorov,COL,D,2016-12-08,false,BOS,0,3,-5,26,0,0,0,0,0,0,16,24767,581,53,30,13,8,6,0,0
Pavel Zacha,NJD,C,2016-12-03,false,NSH,2,5,-11,10,1,2,0,0,0,0,27,19955,422,23,14,8,7,5,68,87
Keith Yandle,FLA,D,2016-12-01,false,DET,1,11,4,14,1,3,0,0,0,0,61,32341,597,9,27,26,19,8,0,0
Nail Yakupov,STL,R,2017-01-12,false,LAK,3,3,-4,10,0,0,0,0,0,0,20,15039,373,18,4,11,3,8,0,0
Miles Wood,NJD,L,2017-01-12,false,EDM,5,2,-4,22,0,0,0,0,0,0,37,17353,421,28,8,19,5,7,1,0
Luke Witkowski,TBL,D,2017-03-21,false,ARI,0,3,-3,28,0,0,0,0,0,0,16,13899,335,52,12,7,6,3,0,0
Daniel Winnik,WSH,L,2016-12-29,false,NJD,5,3,8,12,0,0,1,0,1,0,26,17095,396,12,11,9,12,8,4,4
Tommy Wingels,SJS,C,2016-12-10,false,CAR,4,1,1,11,0,0,0,0,2,0,26,13651,362,40,13,6,7,0,44,55
Scott Wilson,PIT,L,2016-12-08,false,FLA,3,6,-1,2,0,0,0,0,0,0,45,17357,430,53,13,15,4,5,1,0
Colin Wilson,NSH,L,2016-12-06,false,COL,5,7,2,8,2,0,0,0,0,0,44,21634,496,16,10,10,8,10,0,3
Tom Wilson,WSH,R,2016-12-05,false,BUF,1,0,2,21,0,0,0,0,0,0,25,18525,427,50,6,5,5,13,0,3
Justin Williams,WSH,R,2016-12-05,false,BUF,2,3,-6,16,1,1,0,0,0,0,52,22938,467,8,10,30,11,13,32,21
Patrick Wiercioch,COL,D,2016-12-10,false,MTL,2,6,-2,15,0,0,0,0,0,0,27,25338,588,21,28,10,5,3,0,0
Chris Wideman,OTT,D,2016-12-11,false,ANA,1,6,-1,12,0,1,0,0,1,0,34,19150,505,20,17,12,14,3,0,0
Dennis Wideman,CGY,D,2016-12-10,false,WPG,2,6,1,16,2,2,0,0,0,0,49,30654,678,24,25,13,20,9,0,0
Ryan White,ARI,C,2016-12-06,false,CHI,1,2,-7,39,0,0,0,0,1,0,20,15277,359,74,13,7,2,3,23,37
Blake Wheeler,WPG,R,2016-11-27,false,NSH,7,9,2,16,1,3,1,0,0,0,69,29587,612,41,13,21,20,11,18,22
Zach Werenski,CBJ,D,2016-12-05,false,ARI,6,11,5,4,3,5,0,0,1,1,71,31879,670,17,29,26,12,8,0,0
Alexander Wennberg,CBJ,C,2016-12-05,false,ARI,6,16,6,4,1,10,0,0,2,0,30,25960,572,26,17,8,11,8,173,216
Dale Weise,PHI,R,2016-12-06,false,FLA,2,2,1,8,1,0,0,0,1,0,31,18161,418,42,6,13,6,8,0,0
Yannick Weber,NSH,D,2016-12-06,false,COL,0,3,7,17,0,0,0,0,0,0,23,16613,407,29,18,14,11,0,0,0
Shea Weber,MTL,D,2016-12-02,false,SJS,8,10,18,14,7,3,0,1,3,0,62,37191,691,56,51,31,33,3,0,0
Austin Watson,NSH,L,2016-12-13,false,STL,1,5,8,21,0,0,0,1,0,0,24,16728,403,43,12,10,0,6,0,3
Joel Ward,SJS,R,2016-11-30,false,LAK,2,5,1,6,0,0,1,0,1,0,39,23459,551,22,17,16,18,10,60,67
Chris Wagner,ANA,C,2017-01-08,false,MIN,3,0,-3,6,0,0,0,0,0,0,28,13936,351,56,12,13,8,2,33,55
Radim Vrbata,ARI,R,2016-12-05,false,CBJ,8,9,-5,6,2,2,0,0,0,0,69,24837,539,19,5,28,10,12,9,11
Jakub Voracek,PHI,R,2016-11-29,false,BOS,8,12,-8,32,1,7,0,0,1,1,82,27986,586,9,4,29,13,7,0,4
Marc-Edouard Vlasic,SJS,D,2016-11-30,false,LAK,3,4,4,26,1,2,0,0,2,1,44,30830,622,7,41,21,20,4,0,0
Jimmy Vesey,NYR,L,2016-11-29,false,CAR,8,6,5,2,3,1,0,0,3,0,39,20850,456,21,10,14,10,15,0,1
Kris Versteeg,CGY,R,2016-12-23,false,VAN,5,9,2,8,1,4,0,0,1,0,33,19643,433,2,10,13,14,12,9,5
Antoine Vermette,ANA,C,2016-12-01,false,VAN,4,5,0,18,1,1,0,0,0,0,39,23008,600,21,17,16,8,6,260,131
Frank Vatrano,BOS,C,2017-02-12,false,MTL,8,5,-5,6,4,1,0,0,1,0,69,20718,478,33,6,32,4,6,2,4
Sami Vatanen,ANA,D,2016-12-01,false,VAN,1,10,5,6,1,6,0,0,0,0,32,31298,624,30,48,9,9,7,0,0
Thomas Vanek,DET,L,2016-12-27,false,BUF,6,13,0,14,3,3,0,0,0,0,59,21626,469,12,1,10,9,12,5,8
Chris VandeVelde,PHI,C,2016-11-29,false,BOS,4,3,-4,6,0,0,0,0,0,0,21,15567,396,31,18,7,5,5,15,9
Scottie Upshall,STL,R,2016-12-08,false,NYI,3,3,-6,13,0,0,0,0,0,0,26,14745,418,26,3,11,4,4,1,3
Fedor Tyutin,COL,D,2016-12-18,false,WPG,1,7,-9,10,0,0,0,0,0,0,19,27458,634,44,31,4,6,5,0,0
Kyle Turris,OTT,C,2016-12-01,false,PHI,10,6,0,8,1,2,0,0,3,2,45,27643,596,6,19,20,19,6,173,186
Nikita Tryamkin,VAN,D,2016-12-22,false,WPG,0,3,3,23,0,0,0,0,0,0,21,23781,538,65,26,18,11,3,0,0
Jacob Trouba,WPG,D,2016-12-31,false,NYI,1,9,1,16,0,0,0,1,0,0,48,34078,674,34,52,25,30,14,0,0
Vincent Trocheck,FLA,C,2016-12-01,false,DET,6,7,-5,8,0,3,0,0,1,1,55,29695,568,60,15,30,23,19,249,239
Jordin Tootoo,CHI,R,2016-12-15,false,NYI,0,0,0,16,0,0,0,0,0,0,25,10022,259,20,3,10,6,4,1,0
Tyler Toffoli,LAK,C,2016-12-01,false,ARI,5,9,10,4,2,1,0,1,0,0,76,26422,574,30,2,31,13,6,1,2
Jonathan Toews,CHI,C,2016-12-17,false,STL,4,9,3,15,1,3,0,0,2,0,60,29382,622,14,9,14,17,11,320,221
Matthew Tkachuk,CGY,L,2016-12-04,false,ANA,6,6,4,49,1,1,0,0,1,0,40,20746,459,25,5,23,8,12,1,5
Chris Tierney,SJS,C,2016-11-30,false,LAK,2,6,-1,0,0,0,1,1,1,0,23,18795,476,14,14,8,15,10,96,116
Shawn Thornton,FLA,L,2017-01-26,false,TBL,1,1,-4,11,0,0,0,0,0,0,13,9919,255,20,2,11,6,1,4,6
Joe Thornton,SJS,C,2016-11-30,false,LAK,2,11,1,6,0,5,0,0,0,0,24,27063,577,22,9,7,23,18,139,102
Chris Thorburn,WPG,R,2016-12-06,false,DET,2,0,-6,48,0,0,1,0,0,0,15,11791,330,42,17,2,2,1,8,11
Nate Thompson,ANA,C,2017-03-26,false,NYR,0,0,1,9,0,0,0,0,0,0,17,15006,385,57,8,5,4,6,103,94
Shea Theodore,ANA,D,2017-01-21,false,MIN,1,6,-7,18,1,0,0,1,0,0,39,24489,518,10,20,23,20,3,0,0
Teuvo Teravainen,CAR,L,2016-12-03,false,NYR,5,5,-4,4,1,3,0,0,1,0,40,22671,490,9,4,19,13,10,26,36
Matt Tennyson,CAR,D,2017-01-08,false,BOS,0,2,-4,0,0,0,0,0,0,0,20,20533,462,25,28,10,9,8,0,0
John Tavares,NYI,C,2016-12-04,false,DET,6,13,0,18,2,3,0,0,0,0,73,29063,571,10,6,27,20,16,251,238
Tomas Tatar,DET,L,2016-12-01,false,FLA,3,4,-8,12,0,1,0,0,0,0,52,24982,537,22,11,23,9,10,3,3
Vladimir Tarasenko,STL,R,2016-12-01,false,TBL,13,14,1,2,3,8,0,0,3,2,87,26725,635,5,10,31,8,14,0,1
Christopher Tanev,VAN,D,2017-01-22,false,CHI,0,5,6,6,0,0,0,0,0,0,15,28945,655,5,42,9,13,7,0,0
Brandon Tanev,WPG,L,2016-11-27,false,NSH,2,1,-3,24,0,0,0,0,1,0,35,17433,472,59,20,11,6,10,0,0
Brandon Sutter,VAN,C,2016-12-01,false,ANA,6,7,-13,0,2,1,0,0,1,1,60,28529,623,15,14,25,10,7,219,197
Ryan Suter,MIN,D,2016-12-04,false,EDM,4,12,13,8,1,5,1,0,0,0,52,39493,698,18,29,18,9,14,0,0
Andrej Sustr,TBL,D,2016-11-29,false,CBJ,0,4,-6,15,0,0,0,0,0,0,34,25724,565,18,32,9,12,10,0,0
P.K. Subban,NSH,D,2016-12-04,false,PHI,6,10,-7,18,3,4,0,0,2,0,59,35861,665,25,37,16,29,14,0,0
Mark Stuart,WPG,D,2017-02-16,false,PIT,1,0,4,19,0,0,0,0,0,0,13,16667,404,34,52,2,12,3,0,0
Ryan Strome,NYI,C,2016-12-10,false,CBJ,2,4,-6,14,1,1,0,0,0,0,40,20237,435,18,7,10,13,7,63,85
Mark Streit,PHI,D,2016-11-29,false,BOS,4,8,-5,14,1,4,0,0,1,0,47,28881,651,13,23,15,12,3,0,0
Anton Stralman,TBL,D,2016-12-20,false,DET,1,8,2,0,0,5,0,0,0,0,35,32689,635,30,23,19,6,7,0,0
Michael Stone,ARI,D,2016-12-27,false,DAL,0,6,-9,4,0,3,0,0,0,0,29,28794,630,54,49,25,8,0,1,0
Mark Stone,OTT,R,2016-12-03,false,FLA,7,9,2,8,2,3,0,0,2,0,39,25831,535,19,20,12,17,31,4,4
Chris Stewart,MIN,R,2016-12-04,false,EDM,3,3,-1,33,0,1,0,0,0,0,15,15147,367,30,6,5,6,7,0,2
Derek Stepan,NYR,C,2016-11-29,false,CAR,4,10,3,10,0,4,1,0,1,0,51,25374,585,4,17,11,16,15,201,228
Lee Stempniak,CAR,R,2016-12-03,false,NYR,4,6,2,16,1,2,0,0,0,0,34,22746,502,37,7,15,14,15,1,2
Alexander Steen,STL,L,2016-12-13,false,NSH,3,13,-12,29,0,7,0,0,0,0,39,28263,671,8,23,18,6,12,30,58
Troy Stecher,VAN,D,2016-12-20,false,WPG,1,8,-4,15,0,4,0,0,0,0,69,30091,591,18,23,22,10,9,0,0
Paul Stastny,STL,C,2016-12-01,false,TBL,6,7,0,20,2,4,0,0,2,0,37,29598,677,16,14,14,4,11,276,231
Viktor Stalberg,CAR,L,2016-12-04,false,TBL,7,2,2,23,0,0,1,0,2,0,40,17608,456,49,6,11,11,17,0,2
Matt Stajan,CGY,C,2016-11-27,false,PHI,1,5,4,10,0,0,0,0,0,0,21,19297,457,23,19,14,4,7,127,94
Drew Stafford,WPG,R,2016-12-31,false,NYI,2,4,1,8,0,1,0,0,1,0,38,20004,465,26,1,7,15,5,2,7
Eric Staal,MIN,C,2016-12-04,false,EDM,5,12,8,6,1,3,0,1,2,0,71,27814,608,18,8,19,8,21,214,204
Jordan Staal,CAR,C,2016-12-17,false,BUF,6,5,-2,6,2,0,0,0,1,0,48,26533,619,51,8,21,16,20,247,157
Marc Staal,NYR,D,2016-11-29,false,CAR,1,3,6,10,0,0,0,1,0,0,21,28143,641,24,41,11,15,10,0,0
Jared Spurgeon,MIN,D,2016-12-13,false,FLA,1,9,14,6,0,1,0,1,0,0,46,33973,665,12,53,11,6,8,0,0
Ryan Sproul,DET,D,2017-02-19,false,PIT,1,6,-6,4,1,2,0,0,0,0,42,22381,506,10,13,20,7,3,0,0
Ryan Spooner,BOS,C,2016-12-03,false,BUF,3,5,-1,8,2,1,0,0,0,0,49,20784,447,10,5,13,13,11,8,11
Jason Spezza,DAL,C,2016-12-13,false,ANA,5,10,-13,10,1,7,0,0,2,0,56,23469,554,6,9,28,15,9,135,113
Nikita Soshnikov,TOR,R,2016-12-23,false,ARI,1,3,1,6,0,1,0,0,0,0,36,15492,397,48,14,16,8,4,2,8
Carl Soderberg,COL,C,2016-12-06,false,NSH,3,4,-3,14,1,0,0,0,0,0,45,23617,548,10,15,10,6,13,145,130
Devante Smith-Pelly,NJD,R,2016-12-08,false,MTL,2,4,-6,4,0,2,0,0,0,0,42,19616,433,39,9,17,6,9,11,10
Craig Smith,NSH,R,2016-12-06,false,COL,6,4,3,18,2,1,0,0,0,0,48,21013,477,29,5,30,11,11,30,31
Brendan Smith,DET,D,2017-01-04,false,ANA,2,3,0,26,1,2,0,0,1,0,32,25978,582,33,24,12,20,2,0,0
Ben Smith,TOR,R,2016-12-10,false,BOS,2,1,-2,0,0,0,0,0,0,0,19,16924,429,12,22,8,5,7,145,128
Reilly Smith,FLA,R,2016-12-01,false,DET,4,4,-4,4,2,0,0,0,1,0,50,27786,566,21,7,24,6,21,1,1
Zack Smith,OTT,C,2016-12-01,false,PHI,3,3,-2,29,0,0,1,0,0,0,50,23858,531,48,14,17,21,9,99,89
Anton Slepyshev,EDM,L,2017-01-31,false,MIN,3,4,5,2,0,0,0,0,0,0,40,15947,374,36,5,8,11,7,1,2
Jaccob Slavin,CAR,D,2016-12-03,false,NYR,1,6,0,2,0,1,0,0,0,0,32,32971,642,11,47,12,12,16,0,0
Brady Skjei,NYR,D,2016-11-29,false,CAR,0,12,2,8,0,3,0,0,0,0,27,24255,541,36,22,14,19,4,0,1
Jeff Skinner,CAR,L,2016-12-04,false,TBL,9,11,-4,14,2,6,0,0,0,0,85,26993,544,12,8,33,18,30,4,10
Jack Skille,VAN,R,2016-12-16,false,TBL,3,1,-3,4,0,0,0,0,0,0,31,12573,312,39,8,7,4,6,0,0
Colton Sissons,NSH,C,2016-12-20,false,NJD,2,1,0,2,0,0,1,0,0,0,8,14695,382,46,8,4,6,6,83,83
Wayne Simmonds,PHI,R,2016-11-29,false,BOS,11,11,-5,21,5,5,1,0,1,0,60,27722,636,50,21,31,12,9,4,4
Jakob Silfverberg,ANA,R,2016-12-01,false,VAN,8,8,9,4,1,1,1,0,2,0,61,26675,626,15,14,18,14,11,1,3
Nick Shore,LAK,C,2016-12-04,false,MTL,1,4,0,12,0,0,0,0,0,0,24,16765,404,20,11,9,7,4,103,124
Devin Shore,DAL,C,2016-11-29,false,DET,1,7,-8,4,0,3,0,0,0,0,26,19159,468,14,19,11,2,11,95,107
Conor Sheary,PIT,L,2016-12-16,false,LAK,8,10,12,8,1,1,0,0,2,0,61,21720,495,9,7,14,10,11,0,0
Riley Sheahan,DET,C,2016-12-01,false,FLA,0,4,-9,12,0,1,0,0,0,0,35,19439,463,20,13,14,8,7,50,44
Logan Shaw,ANA,C,2017-01-12,false,COL,1,1,-3,6,0,0,0,0,0,0,30,12584,349,22,10,9,2,6,27,62
Andrew Shaw,MTL,C,2016-12-02,false,SJS,5,5,9,58,1,1,0,0,0,0,47,21400,470,57,12,14,9,11,96,72
Kevin Shattenkirk,STL,D,2016-12-01,false,TBL,6,13,2,21,5,7,0,0,0,0,45,29268,640,26,22,18,13,9,0,0
Patrick Sharp,DAL,L,2017-01-26,false,BUF,6,5,-5,23,0,0,1,0,0,0,66,23320,538,18,9,24,11,2,16,17
Michael Sgarbossa,FLA,C,2017-01-31,false,OTT,2,4,-5,2,1,1,0,0,0,0,29,17418,427,24,12,6,8,1,107,126
Damon Severson,NJD,D,2016-12-03,false,NSH,3,11,-8,14,0,5,0,0,1,0,40,30182,644,25,22,12,25,10,0,0
Devin Setoguchi,LAK,R,2016-12-10,false,OTT,3,4,-2,6,0,1,0,0,0,0,30,18849,440,30,4,15,12,7,2,2
Andrej Sekera,EDM,D,2016-11-29,false,TOR,3,4,8,8,0,1,0,0,0,0,24,29197,616,15,37,19,15,12,0,0
Dennis Seidenberg,NYI,D,2016-12-18,false,OTT,4,6,9,14,0,0,0,0,0,0,27,27891,529,33,52,6,17,2,0,0
Tyler Seguin,DAL,C,2016-11-29,false,DET,7,17,-9,6,4,6,0,0,1,0,83,27333,613,24,6,35,11,9,154,140
Lukas Sedlak,CBJ,C,2016-12-10,false,NYI,2,5,7,4,0,0,0,0,0,0,20,13463,327,25,9,14,6,7,63,73
Daniel Sedin,VAN,L,2016-12-01,false,ANA,6,8,-6,6,2,3,0,0,1,0,68,27112,568,7,7,20,6,8,0,2
Henrik Sedin,VAN,C,2016-12-01,false,ANA,6,9,-7,4,1,5,0,0,1,1,28,28168,567,5,3,10,18,4,177,175
Brent Seabrook,CHI,D,2016-11-29,false,FLA,2,11,7,6,2,3,0,0,0,0,39,32977,692,39,35,16,28,5,0,0
Jaden Schwartz,STL,L,2016-12-09,false,NJD,11,7,5,4,3,0,0,0,3,1,64,28127,655,26,17,25,5,19,27,27
Justin Schultz,PIT,D,2016-12-01,false,DAL,1,7,10,4,0,2,0,0,0,0,43,24321,559,21,20,15,13,6,0,0
Nick Schultz,PHI,D,2017-03-25,false,CBJ,0,4,0,10,0,0,0,0,0,0,23,21552,542,36,48,14,9,1,0,0
Jordan Schroeder,MIN,C,2017-02-16,false,DAL,3,6,6,0,0,0,0,0,0,0,23,14214,321,15,9,9,2,7,5,7
Nate Schmidt,WSH,D,2016-12-13,false,NYI,0,6,2,6,0,0,0,0,0,0,26,21777,468,23,12,15,21,18,0,0
Nick Schmaltz,CHI,C,2016-11-29,false,FLA,1,3,-2,2,0,1,0,0,0,0,14,17089,388,11,10,4,6,15,45,92
David Schlemko,SJS,D,2016-12-02,false,MTL,0,5,2,8,0,2,0,0,0,0,44,24965,549,16,32,17,15,16,0,0
Luke Schenn,ARI,D,2016-12-12,false,PIT,0,2,-4,9,0,0,0,0,0,0,25,22992,530,81,34,12,10,5,0,0
Brayden Schenn,PHI,C,2016-12-04,false,NSH,4,12,-5,15,3,7,0,0,1,0,52,25655,556,60,14,24,12,3,54,52
Mark Scheifele,WPG,C,2016-11-27,false,NSH,12,12,6,22,3,2,0,0,1,1,59,29669,581,28,14,15,11,19,203,261
Tim Schaller,BOS,C,2016-12-07,false,WSH,4,4,-5,17,0,0,0,0,1,0,39,18399,430,25,13,19,12,7,21,13
Colton Sceviour,FLA,C,2016-12-01,false,DET,5,4,-4,10,1,2,2,0,1,0,43,20923,441,27,21,18,8,9,21,18
Marco Scandella,MIN,D,2016-12-29,false,NYI,2,2,1,10,0,0,0,0,0,0,36,24107,548,17,30,10,10,8,0,0
Luca Sbisa,VAN,D,2016-12-01,false,ANA,0,5,3,13,0,0,0,0,0,0,16,24620,540,42,41,9,17,5,0,0
David Savard,CBJ,D,2016-12-05,false,ARI,1,5,11,14,0,0,0,0,0,0,33,30609,668,42,40,27,8,7,0,0
Steven Santini,NJD,D,2017-02-25,false,NYR,2,4,0,6,0,0,0,0,0,0,25,23034,535,48,27,11,6,1,0,0
Zach Sanford,WSH,L,2017-02-22,false,PHI,2,1,0,6,0,0,0,0,1,0,22,14648,350,16,10,7,10,10,10,8
Brandon Saad,CBJ,L,2016-12-05,false,ARI,7,14,11,6,0,0,0,0,1,0,64,25208,591,6,7,28,6,14,1,2
Bobby Ryan,OTT,R,2016-12-11,false,ANA,3,6,0,6,1,2,0,0,0,0,35,21667,462,32,14,15,11,5,1,1
Derek Ryan,CAR,C,2017-01-03,false,NJD,4,8,-5,6,2,4,1,0,2,0,27,20100,454,15,12,11,13,6,118,94
Bryan Rust,PIT,R,2016-12-08,false,FLA,6,5,-1,2,0,0,0,1,0,0,47,18243,462,40,13,15,7,5,1,2
Kris Russell,EDM,D,2016-12-11,false,WPG,0,5,4,8,0,0,0,0,0,0,27,31120,663,27,69,11,20,13,0,0
Chad Ruhwedel,PIT,D,2017-03-15,false,PHI,2,5,4,4,0,1,0,0,0,0,34,23973,546,24,21,14,6,6,0,0
Carter Rowney,PIT,R,2017-04-04,false,CBJ,2,3,2,4,0,0,0,0,1,0,20,14996,375,54,12,7,3,8,75,82
Antoine Roussel,DAL,L,2016-11-29,false,DET,4,9,3,66,0,3,0,0,2,0,27,22140,576,34,14,17,17,6,1,3
Evan Rodrigues,BUF,L,2017-03-27,false,FLA,3,2,-3,2,0,0,0,0,0,0,42,18544,405,10,9,18,7,11,80,108
Brett Ritchie,DAL,R,2016-11-29,false,DET,6,2,0,15,1,0,0,0,0,0,49,17788,431,42,6,15,4,1,1,0
Nick Ritchie,ANA,L,2016-12-04,false,CGY,5,2,1,12,1,0,0,0,1,0,50,20194,489,76,9,19,3,3,2,2
Rasmus Ristolainen,BUF,D,2016-12-03,false,BOS,0,12,-7,12,0,10,0,0,0,0,57,38059,746,56,44,27,19,9,0,0
Morgan Rielly,TOR,D,2016-12-03,false,VAN,1,12,-7,9,1,2,0,0,0,0,50,33020,764,11,43,26,32,10,0,0
Tobias Rieder,ARI,R,2016-12-08,false,CGY,7,4,1,2,1,0,0,1,0,0,49,24280,552,8,12,21,7,12,1,2
Mike Ribeiro,NSH,C,2016-12-04,false,PHI,3,12,0,12,2,2,0,0,0,0,19,23162,487,17,3,6,16,7,104,125
Sam Reinhart,BUF,C,2016-12-03,false,BOS,5,9,0,4,2,4,0,0,1,0,59,25047,504,5,9,13,12,7,46,69
Ryan Reaves,STL,R,2016-12-06,false,MTL,0,2,-1,9,0,0,0,0,0,0,16,10868,289,56,6,9,2,5,0,0
Matt Read,PHI,R,2016-11-29,false,BOS,6,3,-3,2,2,0,0,0,0,0,36,21781,518,43,14,10,6,8,3,6
Dennis Rasmussen,CHI,C,2016-12-04,false,WPG,1,2,1,4,0,0,0,0,0,0,27,17472,456,25,21,7,7,12,52,65
Victor Rask,CAR,C,2016-12-03,false,NYR,9,9,2,4,3,1,0,0,2,0,55,27524,583,8,8,9,13,15,144,161
Mikko Rantanen,COL,R,2016-12-16,false,FLA,4,9,-9,6,2,3,0,0,0,0,36,26122,546,4,14,15,8,13,18,8
Rickard Rakell,ANA,C,2016-12-22,false,OTT,14,7,-1,6,3,3,0,0,3,0,67,24873,553,33,10,20,8,4,11,11
Michael Raffl,PHI,L,2016-12-17,false,DAL,6,2,4,11,0,0,0,0,2,0,31,19752,483,37,10,18,5,10,2,2
Alexander Radulov,MTL,R,2016-12-06,false,STL,5,16,3,20,2,5,0,0,0,0,48,23614,531,24,10,22,20,18,2,2
Alan Quine,NYI,C,2016-12-27,false,WSH,2,6,1,2,1,0,0,0,1,0,30,17140,398,36,14,5,6,8,89,84
Kyle Quincey,NJD,D,2016-12-03,false,NSH,2,5,7,12,0,0,0,0,0,0,31,25115,580,33,38,3,13,8,0,0
Mark Pysyk,FLA,D,2016-12-01,false,DET,1,2,3,4,0,0,0,0,0,0,25,25549,495,19,31,12,5,10,0,1
Tom Pyatt,OTT,L,2016-12-01,false,PHI,2,4,-1,4,0,0,0,1,0,0,33,23240,550,13,30,9,6,9,8,11
Jesse Puljujarvi,EDM,R,2016-12-21,false,ARI,1,7,5,8,1,0,0,0,0,0,39,16779,389,9,10,15,10,11,0,1
Matt Puempel,NYR,L,2016-12-27,false,OTT,2,1,-7,9,0,0,0,0,0,0,22,13114,328,20,6,13,2,5,0,1
Ivan Provorov,PHI,D,2016-11-29,false,BOS,1,8,-8,8,0,2,0,0,0,0,42,29204,654,35,41,22,24,7,0,0
Dalton Prout,NJD,D,2017-03-25,false,CAR,0,4,-2,22,0,0,0,0,0,0,12,20115,480,34,22,8,9,2,0,0
Nate Prosser,MIN,D,2017-02-10,false,TBL,0,3,-2,4,0,0,0,0,0,0,13,19074,433,20,44,12,9,3,0,0
Shane Prince,NYI,L,2016-12-18,false,OTT,4,6,-8,4,1,1,0,0,1,0,41,18547,413,24,6,7,8,10,3,2
Benoit Pouliot,EDM,L,2016-12-04,false,MIN,4,1,-2,22,0,0,0,0,1,0,32,22275,531,13,16,17,10,4,3,8
Paul Postma,WPG,D,2016-12-08,false,NYR,0,5,1,2,0,0,0,0,0,0,19,17335,386,14,16,5,10,1,0,0
Jason Pominville,MIN,R,2016-12-04,false,EDM,5,5,2,2,0,2,0,0,0,0,48,21100,505,18,17,18,3,8,13,11
Roman Polak,TOR,D,2016-12-15,false,ARI,1,2,0,24,0,0,0,0,0,0,19,24847,573,86,37,14,10,6,0,1
Brayden Point,TBL,C,2016-11-29,false,CBJ,2,9,0,6,2,2,0,0,0,0,45,21462,430,8,8,14,8,9,9,11
Tomas Plekanec,MTL,C,2016-12-02,false,SJS,1,6,0,8,0,3,1,0,1,0,47,24714,606,24,20,10,8,9,225,229
Brandon Pirri,NYR,R,2016-11-29,false,CAR,5,5,0,11,3,1,0,0,3,0,35,18414,411,17,7,20,9,11,75,51
Alex Pietrangelo,STL,D,2016-12-01,false,TBL,5,7,-11,12,3,3,0,0,1,0,61,36571,742,14,50,19,6,20,0,0
Dion Phaneuf,OTT,D,2016-12-01,false,PHI,2,6,-6,31,0,2,0,0,0,0,56,32743,765,39,52,19,15,4,0,0
Jeff Petry,MTL,D,2016-12-04,false,LAK,3,6,5,10,1,2,0,0,0,0,41,31539,660,50,48,20,25,5,0,0
Alex Petrovic,FLA,D,2017-02-18,false,LAK,1,9,11,27,0,0,0,0,0,0,24,25431,490,52,28,14,14,9,0,0
Nic Petan,WPG,L,2017-01-13,false,ARI,1,9,-3,6,0,6,0,0,0,0,27,18786,428,7,6,14,5,9,77,91
Brett Pesce,CAR,D,2016-12-03,false,NYR,0,5,2,4,0,1,0,0,0,0,28,29238,605,17,46,16,13,15,0,0
Corey Perry,ANA,R,2016-12-01,false,VAN,4,14,-3,23,0,8,0,0,0,0,71,27477,579,21,8,31,3,8,0,4
David Perron,STL,L,2016-12-01,false,TBL,7,9,-5,16,2,3,0,0,2,0,49,26410,633,20,7,27,5,12,14,20
Mathieu Perreault,WPG,C,2016-12-29,false,CBJ,3,5,-11,16,1,1,0,0,0,0,52,23244,498,37,7,10,6,17,95,89
Brendan Perlini,ARI,L,2017-01-31,false,LAK,7,2,-4,6,1,1,0,0,1,0,44,21393,439,19,10,16,3,2,1,0
Adam Pelech,NYI,D,2017-02-11,false,OTT,1,5,-1,2,0,0,0,0,0,0,21,23218,464,31,29,11,22,8,0,0
Tanner Pearson,LAK,L,2016-12-08,false,CAR,7,4,7,0,1,1,0,0,0,0,40,22637,521,43,3,31,6,9,0,4
Joe Pavelski,SJS,C,2016-11-30,false,LAK,7,14,3,12,2,6,0,0,2,0,77,28006,595,52,27,36,24,13,137,130
Greg Pateryn,MTL,D,2017-02-23,false,NYI,1,5,1,4,0,0,0,0,0,0,28,20706,448,44,43,15,16,4,0,0
David Pastrnak,BOS,R,2016-12-10,false,TOR,18,6,15,8,4,1,0,0,3,1,83,24523,512,16,9,25,15,14,0,1
Zach Parise,MIN,L,2016-12-20,false,COL,5,8,-1,16,1,2,0,0,0,0,72,26389,574,19,30,20,5,19,3,1
PA Parenteau,NJD,R,2016-12-03,false,NSH,5,3,-9,16,1,0,0,0,0,0,45,22550,487,22,1,9,11,8,1,5
Colton Parayko,STL,D,2016-12-01,false,TBL,0,13,1,10,0,4,0,0,0,0,65,30186,712,16,39,23,13,11,0,0
Cedric Paquette,TBL,C,2016-12-01,false,STL,3,4,-1,18,0,0,0,0,0,0,26,15244,362,58,10,11,3,10,79,87
Richard Panik,CHI,R,2016-11-29,false,FLA,7,4,3,6,2,1,0,0,1,0,38,20184,458,52,12,11,9,13,0,3
Artemi Panarin,CHI,L,2016-11-29,false,FLA,8,13,11,13,2,3,0,0,1,1,63,28168,554,8,3,25,14,15,1,0
Kyle Palmieri,NJD,R,2016-12-08,false,MTL,4,9,6,12,2,4,0,0,1,0,47,23578,519,50,13,23,12,9,3,7
Ondrej Palat,TBL,L,2016-11-29,false,CBJ,4,8,-4,15,0,4,0,0,0,0,38,25302,515,46,11,16,13,26,2,4
Jean-Gabriel Pageau,OTT,C,2016-12-01,false,PHI,3,3,1,4,0,0,0,0,1,0,42,23458,538,59,18,11,9,5,131,107
Max Pacioretty,MTL,L,2016-12-02,false,SJS,5,10,7,16,1,1,0,1,3,0,66,25896,582,26,10,41,16,18,0,1
Magnus Paajarvi,STL,L,2017-03-25,false,CGY,8,3,6,4,1,0,0,0,3,0,41,17306,433,25,15,9,0,9,1,2
Alex Ovechkin,WSH,L,2016-12-05,false,BUF,12,6,-1,22,4,2,0,0,4,1,95,27286,515,61,10,47,14,12,0,1
Xavier Ouellet,DET,D,2017-01-05,false,LAK,1,4,3,36,0,0,0,0,0,0,30,26171,568,25,32,15,8,5,0,1
Steve Ott,DET,C,2016-12-09,false,CBJ,2,1,-2,42,0,0,0,0,0,0,22,14362,358,50,8,5,1,6,56,42
T.J. Oshie,WSH,R,2016-12-21,false,PHI,10,5,11,10,2,2,1,1,1,0,51,25373,518,33,16,21,12,15,26,32
Brooks Orpik,WSH,D,2016-12-05,false,BUF,0,6,8,6,0,0,0,0,0,0,26,24362,504,52,39,9,15,5,0,0
Dmitry Orlov,WSH,D,2016-12-05,false,BUF,1,7,6,12,0,1,0,0,0,0,39,27430,549,39,27,17,20,10,0,0
Jamie Oleksiak,DAL,D,2017-02-16,false,MIN,5,1,0,23,0,0,0,1,1,0,23,22577,521,32,29,8,11,4,0,0
Kyle Okposo,BUF,R,2016-12-05,false,WSH,8,9,1,6,3,8,0,0,0,0,69,27993,540,20,7,19,16,8,38,35
Johnny Oduya,DAL,D,2016-12-20,false,STL,1,5,2,6,0,0,0,0,0,0,17,26932,617,11,57,16,14,6,0,0
Ryan O'Reilly,BUF,C,2016-12-17,false,CAR,7,10,0,6,3,6,0,0,2,0,80,31292,618,3,9,21,10,21,327,237
Gustav Nyquist,DET,R,2016-12-01,false,FLA,4,10,2,4,0,2,0,0,2,0,46,24128,514,14,8,14,6,14,1,0
William Nylander,TOR,C,2016-12-07,false,MIN,6,10,-4,6,4,5,0,0,0,0,57,23198,513,5,8,26,8,15,38,47
Markus Nutivaara,CBJ,D,2016-12-05,false,ARI,1,2,4,2,0,0,0,0,0,0,24,18235,423,14,14,9,5,3,0,0
Darnell Nurse,EDM,D,2016-11-29,false,TOR,3,2,-5,17,0,0,0,0,0,0,43,25376,546,58,25,14,15,8,0,0
Ryan Nugent-Hopkins,EDM,C,2016-11-29,false,TOR,3,7,-4,6,2,0,0,0,1,0,69,25470,577,14,5,18,2,13,163,197
Joakim Nordstrom,CAR,L,2016-12-03,false,NYR,1,3,-4,6,0,0,0,0,1,0,36,19577,498,33,18,10,5,8,3,6
Jordan Nolan,LAK,C,2016-12-23,false,DAL,2,3,-3,40,0,0,0,0,0,0,18,14992,340,30,2,13,4,2,1,1
Stefan Noesen,NJD,R,2017-02-25,false,NYR,4,2,2,4,0,0,0,0,0,0,32,14067,347,27,5,10,8,7,21,36
Matt Niskanen,WSH,D,2016-12-05,false,BUF,0,9,0,8,0,1,0,1,0,0,47,32622,640,37,32,23,27,12,0,0
Matt Nieto,COL,L,2017-01-25,false,VAN,2,3,-4,6,0,0,0,0,0,0,42,19604,486,27,15,11,9,12,0,3
Frans Nielsen,DET,C,2016-12-01,false,FLA,5,8,-8,0,0,6,2,0,0,0,47,25044,602,22,19,10,7,7,174,170
Nino Niederreiter,MIN,R,2016-12-04,false,EDM,7,8,9,4,3,0,0,0,0,0,44,20980,485,38,5,13,7,10,0,1
Nikita Nesterov,TBL,D,2016-12-23,false,WSH,2,4,3,18,1,0,0,0,0,0,32,23805,475,35,14,8,10,4,0,0
Patrik Nemeth,DAL,D,2017-02-09,false,OTT,0,2,-5,8,0,0,0,0,0,0,30,21910,493,25,25,8,8,7,0,0
Brock Nelson,NYI,C,2016-12-04,false,DET,6,9,0,10,1,2,0,1,0,0,49,22945,549,20,21,15,10,12,115,142
Chris Neil,OTT,R,2016-12-03,false,FLA,1,1,-5,29,0,0,0,0,0,0,23,11733,296,53,10,4,5,4,0,0
James Neal,NSH,L,2016-12-13,false,STL,12,5,-1,17,2,2,0,0,1,0,78,27257,557,32,9,17,12,15,1,1
Rick Nash,NYR,R,2016-11-29,false,CAR,10,6,0,12,3,2,0,0,1,0,69,23443,572,15,18,17,20,19,0,0
Riley Nash,BOS,C,2016-12-01,false,CAR,1,3,0,6,0,0,0,1,0,0,34,20351,475,11,9,16,4,11,111,103
Vladislav Namestnikov,TBL,C,2016-11-29,false,CBJ,3,7,-3,10,2,3,0,0,0,0,35,20821,416,10,9,13,7,5,53,61
Jake Muzzin,LAK,D,2016-12-01,false,ARI,3,3,-2,14,1,0,0,0,0,0,57,32722,747,55,37,22,17,4,0,0
Ryan Murray,CBJ,D,2016-12-18,false,VAN,0,3,4,16,0,0,0,1,0,0,19,26701,601,6,39,8,5,4,0,0
Ryan Murphy,CAR,D,2017-03-21,false,FLA,0,2,-10,8,0,0,0,0,0,0,15,19186,412,2,29,7,8,9,0,0
Connor Murphy,ARI,D,2016-12-06,false,CHI,0,4,-10,14,0,0,0,0,0,0,25,31882,700,55,39,8,11,6,0,0
Matt Moulson,BUF,L,2016-12-03,false,BOS,7,2,-3,2,6,2,0,0,1,0,52,20308,409,11,8,19,4,6,0,0
Tyler Motte,CHI,L,2016-12-09,false,NYR,3,3,4,14,0,0,0,0,0,0,31,17174,447,21,19,10,2,11,4,5
Josh Morrissey,WPG,D,2016-11-27,false,NSH,1,3,1,12,0,0,0,0,1,0,27,26327,559,36,39,10,9,3,0,0
Dominic Moore,BOS,C,2016-12-01,false,CAR,6,3,2,12,0,0,2,0,1,0,30,18846,441,12,15,6,7,6,116,96
John Moore,NJD,D,2016-12-03,false,NSH,4,6,2,10,0,1,0,0,0,0,37,28480,642,22,22,19,23,0,0,0
Brandon Montour,ANA,D,2017-04-02,false,CGY,2,3,9,10,0,1,0,0,0,0,46,24548,466,18,19,19,15,3,0,0
Sean Monahan,CGY,C,2016-11-27,false,PHI,5,3,-10,8,1,0,0,0,1,1,45,26046,568,13,8,20,14,13,222,209
Torrey Mitchell,MTL,C,2016-12-02,false,SJS,5,2,6,8,0,0,0,0,1,0,14,18372,485,11,22,9,15,14,135,119
John Mitchell,COL,C,2016-12-16,false,FLA,1,0,-3,14,0,0,0,0,1,0,29,19206,438,30,20,10,4,10,131,100
Drew Miller,DET,L,2016-12-27,false,BUF,4,0,-6,14,0,0,0,0,1,0,19,14162,356,37,18,3,1,6,1,0
Kevan Miller,BOS,D,2017-01-10,false,STL,0,3,-5,17,0,0,0,0,0,0,25,25317,551,50,35,5,8,4,0,0
J.T. Miller,NYR,L,2016-11-29,false,CAR,8,11,12,8,1,1,1,0,2,0,55,22602,534,40,19,17,15,16,40,56
Colin Miller,BOS,D,2016-12-18,false,LAK,2,3,-4,8,1,0,0,0,0,0,38,23650,524,26,14,24,10,5,0,0
Marc Methot,OTT,D,2016-12-10,false,LAK,0,3,6,4,0,0,0,0,0,0,36,29170,694,49,29,3,19,4,0,0
Jon Merrill,NJD,D,2017-01-21,false,PHI,1,3,-2,16,0,0,0,0,0,0,19,26586,594,21,36,11,10,6,0,0
Timo Meier,SJS,R,2017-02-11,false,PHI,3,2,0,4,0,0,0,0,1,0,63,18891,460,54,4,25,20,18,1,4
Jayson Megna,VAN,C,2017-01-06,false,CGY,3,1,-2,4,0,1,0,0,0,0,27,15968,369,31,8,6,3,4,0,1
Adam McQuaid,BOS,D,2016-12-10,false,TOR,0,0,1,13,0,0,0,0,0,0,28,25745,602,55,38,12,11,3,0,0
Brayden McNabb,LAK,D,2017-02-05,false,WSH,2,1,1,25,0,0,0,0,0,0,24,23100,538,56,29,15,23,6,0,0
Cody McLeod,COL,L,2016-12-31,false,NYR,1,0,-2,45,0,0,0,0,0,0,11,8538,216,44,1,5,0,2,0,0
Curtis McKenzie,DAL,L,2016-12-23,false,LAK,3,5,5,35,0,0,0,0,1,0,35,14912,381,43,15,9,2,0,2,2
Greg McKegg,FLA,C,2017-01-17,false,CGY,2,2,-4,6,0,0,0,0,0,0,21,15227,362,26,11,4,5,3,24,23
Jamie McGinn,ARI,L,2016-12-13,false,DET,6,3,-5,12,0,0,0,0,2,0,48,19275,446,51,9,7,9,1,0,1
Brock McGinn,CAR,L,2017-01-08,false,BOS,1,4,-1,2,0,0,0,1,0,0,29,17365,424,31,14,11,5,10,1,3
Ryan McDonagh,NYR,D,2016-11-29,false,CAR,0,13,12,9,0,3,0,0,0,0,40,34396,692,24,46,16,17,14,0,0
Connor McDavid,EDM,C,2016-11-29,false,TOR,11,20,9,10,0,7,0,0,3,0,65,30364,609,6,8,20,16,15,137,182
Jay McClement,CAR,C,2016-12-03,false,NYR,0,1,-5,8,0,0,0,0,0,0,16,16293,423,23,17,10,3,9,105,103
Michael McCarron,MTL,R,2017-03-09,false,CGY,1,4,-1,30,0,0,0,0,0,0,27,13843,349,59,7,10,4,6,62,83
Jared McCann,FLA,C,2017-01-17,false,CGY,1,5,2,4,0,0,0,0,0,0,37,16332,369,20,6,11,7,6,32,43
Jake McCabe,BUF,D,2016-12-03,false,BOS,0,4,-4,14,0,0,0,0,0,0,19,30147,652,25,31,20,11,5,0,0
Scott Mayfield,NYI,D,2017-04-08,false,NJD,2,6,-1,35,0,0,0,0,0,0,38,20042,413,36,35,16,11,8,0,0
Shawn Matthias,WPG,L,2017-01-21,false,STL,6,2,2,6,0,0,1,0,1,0,36,19193,471,20,9,12,6,5,4,6
Auston Matthews,TOR,C,2016-12-03,false,VAN,11,8,-3,2,1,5,0,0,1,0,89,24883,524,3,15,35,13,24,115,137
Michael Matheson,FLA,D,2016-12-03,false,OTT,2,5,-1,6,0,1,0,0,0,0,50,28263,510,20,26,16,14,17,1,0
Andreas Martinsen,COL,L,2016-12-06,false,NSH,1,2,-4,20,0,0,0,1,0,0,28,15904,415,73,12,12,3,13,1,0
Jordan Martinook,ARI,L,2016-12-05,false,CBJ,5,6,3,10,1,0,0,1,0,0,37,23206,567,21,19,18,6,11,136,170
Alec Martinez,LAK,D,2016-12-01,false,ARI,5,9,-1,6,0,3,0,0,2,2,54,32793,753,48,44,30,14,0,0,1
Paul Martin,SJS,D,2016-11-30,false,LAK,0,7,2,8,0,0,0,0,0,0,17,27064,585,12,37,5,17,5,0,0
Matt Martin,TOR,L,2016-12-03,false,VAN,2,2,1,51,0,0,0,0,0,0,22,13835,346,99,6,8,2,6,0,5
Patrick Maroon,EDM,L,2016-11-29,false,TOR,6,4,3,23,0,1,0,0,0,0,55,22515,495,52,3,18,11,6,4,4
Mitchell Marner,TOR,C,2016-12-03,false,VAN,7,12,-4,16,1,3,0,0,3,0,66,24521,527,13,18,27,17,23,6,7
Patrick Marleau,SJS,L,2016-11-30,false,LAK,6,2,-3,4,1,2,0,0,2,0,61,24270,516,28,7,20,8,12,15,20
Andrei Markov,MTL,D,2016-12-02,false,SJS,2,15,3,6,0,7,0,1,0,0,33,31831,659,18,22,15,25,11,0,0
Martin Marincin,TOR,D,2017-03-11,false,CAR,1,6,4,16,0,0,0,1,0,0,22,25991,601,25,27,17,15,6,0,0
Jonathan Marchessault,FLA,C,2016-12-01,false,DET,10,9,1,12,3,4,0,0,2,0,63,26332,488,35,8,22,14,19,56,52
Alexey Marchenko,DET,D,2017-01-07,false,SJS,0,5,-1,12,0,0,0,1,0,0,21,25442,594,4,36,13,12,3,0,0
Brad Marchand,BOS,L,2016-12-01,false,CAR,7,13,9,26,1,3,0,0,3,0,60,26608,570,17,7,27,16,18,9,9
Anthony Mantha,DET,R,2017-01-05,false,LAK,10,8,11,12,1,1,0,0,2,1,56,24549,527,14,16,18,13,9,2,2
Josh Manson,ANA,D,2016-12-01,false,VAN,0,5,-1,40,0,0,0,0,0,0,21,27151,569,64,24,9,20,4,0,0
Brandon Manning,PHI,D,2016-12-06,false,FLA,3,6,1,20,0,0,1,0,1,0,34,26604,621,54,25,9,18,1,0,0
Evgeni Malkin,PIT,C,2016-12-01,false,DAL,9,14,0,36,1,7,0,0,1,0,70,27012,571,12,11,22,20,15,159,190
Denis Malgin,FLA,C,2016-12-01,false,DET,4,4,2,6,1,0,0,0,1,1,33,16952,375,14,7,11,3,8,49,82
Nathan MacKinnon,COL,C,2016-12-06,false,NSH,6,11,-4,0,0,5,1,0,1,0,88,29052,629,16,9,30,10,13,246,208
Derek MacKenzie,FLA,C,2016-12-01,false,DET,2,3,5,13,0,0,0,1,0,0,29,17911,417,59,13,10,5,8,123,115
Andrew MacDonald,PHI,D,2016-12-14,false,COL,1,9,2,6,0,0,0,0,0,0,14,28202,637,14,52,12,18,2,0,0
Olli Maatta,PIT,D,2016-12-01,false,DAL,0,1,8,6,0,0,0,0,0,0,29,26274,617,21,42,13,17,4,0,0
Roman Lyubimov,PHI,L,2016-12-19,false,NSH,3,1,1,2,0,0,0,0,0,0,27,15019,389,22,9,14,5,6,0,5
Milan Lucic,EDM,L,2016-11-29,false,TOR,7,10,1,11,2,4,0,0,1,0,57,26117,544,66,8,23,15,7,3,2
Adam Lowry,WPG,C,2016-11-27,false,NSH,6,2,-3,19,1,2,0,0,0,0,34,23087,566,60,15,12,7,10,183,209
Ben Lovejoy,NJD,D,2016-12-03,false,NSH,0,2,-6,10,0,0,0,0,0,0,28,29081,623,31,45,13,10,6,0,0
Bryan Little,WPG,C,2017-01-16,false,SJS,7,10,0,6,2,1,0,0,1,1,54,24959,600,9,10,21,7,11,256,199
Hampus Lindholm,ANA,D,2016-12-29,false,CGY,1,3,4,10,0,2,0,0,1,0,33,32037,651,38,32,19,21,8,0,0
Elias Lindholm,CAR,C,2016-12-13,false,VAN,2,7,-7,6,0,2,0,2,0,0,46,26201,575,32,23,21,13,17,133,121
Esa Lindell,DAL,D,2016-12-17,false,PHI,2,2,1,6,0,1,0,0,1,0,26,28589,631,33,39,12,8,9,0,1
Oscar Lindberg,NYR,C,2016-12-31,false,COL,0,4,-2,16,0,1,0,0,0,0,35,16830,410,35,15,12,4,4,110,105
John-Michael Liles,BOS,D,2017-01-12,false,NSH,0,5,-1,4,0,3,0,0,0,0,21,23382,522,16,32,10,5,8,1,0
Trevor Lewis,LAK,C,2016-12-01,false,ARI,3,4,-3,4,0,0,0,0,1,0,38,19357,439,51,9,13,5,4,22,37
Mark Letestu,EDM,C,2016-12-04,false,MIN,4,5,-2,2,2,0,2,0,2,0,22,18899,490,22,12,10,9,6,138,132
Kris Letang,PIT,D,2016-12-12,false,ARI,2,17,-1,18,1,8,0,0,1,1,75,37520,727,47,44,27,30,19,0,0
Jori Lehtera,STL,C,2016-12-11,false,MIN,3,5,2,12,0,1,0,0,1,0,26,22290,575,19,12,0,5,6,167,145
Artturi Lehkonen,MTL,L,2016-12-22,false,MIN,7,2,5,6,1,1,0,0,1,0,53,19823,495,22,8,16,7,15,0,0
Anders Lee,NYI,L,2016-12-04,false,DET,6,1,3,14,1,0,0,0,1,0,44,18657,444,60,13,14,5,9,1,4
Nick Leddy,NYI,D,2016-12-06,false,NYR,4,7,-11,6,1,3,0,0,0,0,49,33112,577,27,41,21,7,9,0,0
Curtis Lazar,OTT,C,2017-01-21,false,TOR,0,0,-6,4,0,0,0,0,0,0,21,12437,317,45,9,5,4,5,22,34
Adam Larsson,EDM,D,2016-11-29,false,TOR,2,3,-2,18,0,0,0,0,0,0,30,28996,632,76,39,12,19,6,0,0
Philip Larsen,VAN,D,2017-03-11,false,PIT,1,5,-7,4,0,2,0,0,0,0,30,24357,517,11,21,16,13,4,0,0
Dylan Larkin,DET,C,2016-12-01,false,FLA,7,1,-6,17,2,0,0,0,1,0,69,23861,506,13,6,16,18,25,52,71
Nick Lappin,NJD,R,2016-12-17,false,OTT,4,3,-4,15,0,0,0,0,0,0,34,17833,407,27,5,12,2,10,2,4
Gabriel Landeskog,COL,L,2016-12-27,false,CGY,6,5,-8,26,2,0,0,0,2,1,47,26676,575,59,12,12,9,29,17,19
Patrik Laine,WPG,R,2016-11-27,false,NSH,12,6,-1,8,5,2,0,0,2,1,61,26518,526,24,13,22,26,9,0,2
Andrew Ladd,NYI,L,2016-12-04,false,DET,2,3,-3,14,0,0,0,0,0,0,38,23908,500,27,14,17,13,17,1,2
Kevin Labanc,SJS,R,2016-12-31,false,LAK,7,3,5,12,0,1,0,0,2,1,37,18925,445,9,4,14,12,8,0,2
Evgeny Kuznetsov,WSH,C,2016-12-05,false,BUF,3,7,6,10,0,1,0,0,0,0,40,25082,512,15,5,17,19,9,147,202
Chris Kunitz,PIT,L,2016-12-14,false,BOS,2,10,5,20,0,2,0,0,2,0,46,22230,519,78,6,16,11,10,3,4
Dmitry Kulikov,BUF,D,2017-02-02,false,NYR,1,1,-8,16,0,0,0,0,0,0,25,32755,707,32,38,17,12,8,0,0
Nikolay Kulemin,NYI,L,2016-12-08,false,STL,2,3,0,6,0,0,0,0,0,0,22,19623,500,27,17,15,8,8,5,2
Tom Kuhnhackl,PIT,R,2017-01-12,false,OTT,2,3,5,8,0,0,0,0,0,0,17,14095,375,38,16,8,2,3,1,1
Nikita Kucherov,TBL,R,2016-12-01,false,STL,12,16,11,15,3,5,0,0,3,0,66,26850,533,7,12,36,19,24,0,0
Marcus Kruger,CHI,C,2016-11-29,false,FLA,1,5,6,18,0,0,0,0,0,0,21,19291,521,12,16,11,4,10,135,135
Torey Krug,BOS,D,2016-12-01,false,CAR,1,10,-5,15,0,4,0,0,0,0,73,31629,657,23,19,23,16,5,0,0
Niklas Kronwall,DET,D,2017-01-01,false,TOR,0,3,2,10,0,1,0,0,0,0,24,27552,623,35,40,10,7,2,0,0
David Krejci,BOS,C,2016-12-01,false,CAR,3,11,-3,12,1,4,0,0,1,0,53,26139,521,24,21,25,16,13,163,165
Chris Kreider,NYR,L,2016-12-11,false,NJD,8,12,3,15,2,4,0,0,2,0,63,24181,523,47,15,27,12,8,2,2
Lauri Korpikoski,DAL,L,2016-11-29,false,DET,4,4,0,4,0,0,0,1,0,0,37,20404,527,15,14,9,7,7,0,3
Anze Kopitar,LAK,C,2016-12-15,false,DET,3,12,1,4,0,4,0,1,0,0,52,30896,604,34,16,27,11,10,304,265
Travis Konecny,PHI,C,2016-11-29,false,BOS,4,9,-3,33,2,1,0,0,0,0,51,21564,492,39,7,22,6,10,0,0
Leo Komarov,TOR,C,2016-12-03,false,VAN,3,7,2,13,0,2,1,0,0,0,29,24719,608,79,14,10,4,7,25,28
Mikko Koivu,MIN,C,2016-12-04,false,EDM,6,7,6,8,0,3,0,1,2,1,38,28891,644,6,27,18,10,12,322,255
Slater Koekkoek,TBL,D,2016-12-28,false,MTL,0,4,-2,8,0,0,0,0,0,0,26,18817,435,23,22,12,6,1,0,0
John Klingberg,DAL,D,2016-12-03,false,COL,2,10,-9,14,0,6,0,0,0,0,31,32717,682,13,32,17,24,7,0,0
Kevin Klein,NYR,D,2016-12-08,false,WPG,0,7,2,0,0,1,0,1,0,0,20,25414,564,46,59,5,13,9,0,0
Oscar Klefbom,EDM,D,2016-11-29,false,TOR,3,5,-3,0,0,2,0,0,2,0,60,31918,637,17,41,25,19,5,0,0
Dwight King,LAK,L,2016-12-01,false,ARI,5,4,7,6,0,0,0,0,1,0,37,22282,473,38,10,13,8,5,3,4
Jakub Kindl,FLA,D,2017-01-13,false,NYI,0,2,-11,22,0,0,0,0,0,0,25,21403,451,35,24,11,12,6,0,0
Alex Killorn,TBL,L,2016-11-29,false,CBJ,8,4,1,16,2,3,0,0,2,0,54,24925,498,38,9,13,12,4,1,5
Phil Kessel,PIT,R,2016-12-01,false,DAL,6,16,-3,10,3,6,0,0,1,0,61,26201,567,6,5,24,12,4,0,4
Ryan Kesler,ANA,C,2016-12-01,false,VAN,8,10,10,22,5,4,0,0,2,0,58,30873,646,38,23,30,14,3,327,214
Tanner Kero,CHI,C,2017-02-19,false,BUF,4,5,10,2,0,0,0,0,0,0,25,19105,452,24,27,7,7,5,106,133
Michal Kempny,CHI,D,2016-12-29,false,NSH,0,2,-3,14,0,0,0,0,0,0,27,21945,499,47,29,20,15,2,0,0
Adrian Kempe,LAK,L,2017-04-06,false,CGY,2,4,-3,6,0,2,0,1,1,0,32,17869,421,22,7,11,10,5,63,84
Chris Kelly,OTT,C,2016-12-01,false,PHI,1,2,-3,4,0,0,0,0,0,0,30,19021,465,24,18,10,9,8,95,113
Duncan Keith,CHI,D,2016-11-29,false,FLA,0,15,8,6,0,3,0,0,0,0,53,37589,710,9,25,14,18,7,0,0
Zack Kassian,EDM,R,2016-12-04,false,MIN,2,4,1,34,0,0,0,0,0,0,41,17648,428,51,6,10,8,8,1,0
Ondrej Kase,ANA,R,2017-01-04,false,DET,3,6,-3,12,0,0,0,0,1,0,36,17551,452,18,9,15,16,9,1,3
Melker Karlsson,SJS,C,2016-12-16,false,MTL,3,4,6,6,0,0,0,0,0,0,18,17380,448,20,18,11,7,5,0,2
William Karlsson,CBJ,C,2016-12-05,false,ARI,4,5,6,2,0,0,0,1,1,0,38,20570,500,10,5,16,8,12,123,165
Erik Karlsson,OTT,D,2016-12-01,false,PHI,4,15,4,12,1,4,0,1,1,0,59,39230,790,20,72,41,37,17,0,0
Evander Kane,BUF,L,2016-12-29,false,BOS,8,5,-9,25,1,3,0,0,1,0,72,26813,533,45,10,20,11,16,30,33
Patrick Kane,CHI,R,2016-11-29,false,FLA,8,15,2,14,2,4,0,0,2,0,77,32015,574,10,2,22,8,10,4,18
Sergey Kalinin,NJD,C,2016-12-18,false,NYR,0,1,-11,11,0,0,0,0,0,0,23,18198,443,34,12,7,4,3,17,29
Nazem Kadri,TOR,C,2016-12-03,false,VAN,10,7,-3,53,3,2,0,0,2,1,69,22829,557,35,9,27,13,21,161,198
Tomas Jurco,CHI,L,2017-03-19,false,COL,0,0,-9,4,0,0,0,0,0,0,23,15320,372,19,6,16,4,2,0,1
Roman Josi,NSH,D,2016-12-04,false,PHI,3,12,-2,4,1,6,0,0,0,0,69,36138,689,17,35,23,14,7,0,0
Jacob Josefson,NJD,C,2017-01-31,false,DET,0,5,1,10,0,1,0,0,0,0,28,17598,406,21,8,16,8,4,84,79
Josh Jooris,ARI,R,2017-01-18,false,WPG,2,2,1,10,0,0,0,0,0,0,27,15486,389,27,11,8,1,6,75,72
Seth Jones,CBJ,D,2016-12-20,false,LAK,5,7,6,6,0,0,0,0,2,2,50,33723,728,27,47,13,15,6,0,0
Jyrki Jokipakka,CGY,D,2016-12-20,false,SJS,1,4,0,8,0,0,0,0,0,0,12,21670,516,14,20,6,12,3,0,0
Jussi Jokinen,FLA,L,2016-12-22,false,BOS,2,3,-8,14,0,0,0,0,1,0,43,25546,542,7,10,14,21,9,15,13
Erik Johnson,COL,D,2017-02-25,false,BUF,1,11,-3,4,0,5,0,0,0,0,48,31430,721,47,64,17,12,12,0,0
Tyler Johnson,TBL,C,2016-11-29,false,CBJ,7,7,-5,8,4,3,0,0,1,0,46,26244,540,25,12,18,9,9,218,180
Jack Johnson,CBJ,D,2016-12-05,false,ARI,0,5,10,12,0,0,0,0,0,0,33,31287,670,33,38,14,9,5,0,0
Stephen Johns,DAL,D,2016-12-13,false,ANA,3,3,-1,17,0,0,0,0,1,0,28,26664,613,64,44,15,17,5,0,0
Marcus Johansson,WSH,L,2016-12-05,false,BUF,11,7,6,4,3,3,0,0,5,2,43,25518,495,12,0,12,18,14,6,9
Ryan Johansen,NSH,C,2016-12-04,false,PHI,5,11,3,14,3,5,0,0,3,0,54,26760,571,29,8,25,10,12,203,197
Nick Jensen,DET,D,2017-02-15,false,STL,2,5,2,6,0,0,0,0,0,0,29,22989,525,22,24,11,13,3,0,0
Boone Jenner,CBJ,C,2016-12-05,false,ARI,4,4,-4,14,0,1,0,0,1,0,58,21368,486,59,21,19,6,12,37,22
Dmitrij Jaskin,STL,R,2016-12-06,false,MTL,1,5,4,8,0,0,0,0,0,0,23,16553,393,44,5,13,6,6,3,4
Calle Jarnkrok,NSH,C,2016-12-04,false,PHI,4,2,0,4,0,0,0,0,0,0,29,20583,517,13,6,14,7,7,104,125
Jaromir Jagr,FLA,R,2016-12-01,false,DET,4,8,0,12,2,2,0,0,0,0,56,23958,462,6,2,15,13,15,0,0
Matt Irwin,NSH,D,2016-12-17,false,NYR,3,3,9,4,0,0,0,0,1,0,39,21782,502,49,37,20,15,5,0,0
Jarome Iginla,COL,R,2016-12-06,false,NSH,3,3,-1,31,1,2,0,0,0,0,49,22087,478,23,6,15,9,10,5,6
Zach Hyman,TOR,C,2016-12-03,false,VAN,3,5,-2,10,0,0,0,0,1,0,51,23497,550,34,16,17,5,18,7,12
Ben Hutton,VAN,D,2016-12-01,false,ANA,3,4,-11,12,1,3,0,0,1,1,48,30968,625,18,39,18,23,11,0,0
Matt Hunwick,TOR,D,2016-12-22,false,COL,0,8,6,8,0,0,0,0,0,0,24,25812,599,40,37,14,20,15,0,0
Jiri Hudler,DAL,R,2017-02-09,false,OTT,2,5,-2,4,0,0,0,0,1,0,18,17288,426,8,3,8,5,9,3,2
Jonathan Huberdeau,FLA,L,2017-03-27,false,BUF,8,15,9,13,2,4,0,0,2,1,66,25728,545,18,4,17,20,10,2,4
Marian Hossa,CHI,R,2016-12-01,false,NJD,12,6,5,6,3,3,0,0,4,3,56,25026,570,6,13,24,5,16,4,7
Bo Horvat,VAN,C,2016-12-01,false,ANA,8,8,-1,14,0,1,2,0,0,0,39,24513,578,30,9,29,5,10,203,195
Patric Hornqvist,PIT,R,2016-12-14,false,BOS,6,12,8,10,5,3,0,0,1,0,87,23294,547,70,26,19,3,11,1,4
Korbinian Holzer,ANA,D,2017-02-22,false,BOS,1,5,-2,10,0,0,0,0,0,0,12,20077,439,55,25,6,8,2,0,0
Peter Holland,ARI,C,2017-01-18,false,WPG,1,5,-10,10,0,0,0,0,0,0,41,19545,420,19,2,19,7,5,113,139
Nick Holden,NYR,D,2016-11-29,false,CAR,3,9,11,6,1,0,0,0,0,0,17,28361,631,45,30,12,18,9,0,0
Mike Hoffman,OTT,L,2016-12-05,false,PIT,9,10,-4,12,5,4,0,0,2,0,79,24964,502,16,11,29,13,16,4,2
Niklas Hjalmarsson,CHI,D,2016-12-01,false,NJD,3,3,5,4,0,0,0,0,0,0,19,31491,690,7,54,6,17,7,0,0
Vinnie Hinostroza,CHI,L,2016-12-17,false,STL,2,3,-3,4,0,0,0,0,1,0,29,15990,352,14,12,14,8,13,50,82
Thomas Hickey,NYI,D,2016-12-04,false,DET,2,4,1,6,0,1,0,0,1,1,31,26981,547,33,45,14,12,3,0,0
Tomas Hertl,SJS,C,2017-02-11,false,PHI,5,8,-2,12,1,1,0,0,2,0,56,24349,554,44,8,18,9,14,102,79
Adam Henrique,NJD,C,2016-12-03,false,NSH,5,6,0,10,1,0,0,0,1,1,37,26477,570,29,23,15,13,9,184,192
Matt Hendricks,EDM,L,2017-01-31,false,MIN,2,2,-5,25,0,0,0,0,1,0,27,16003,392,39,27,5,4,2,68,52
Darren Helm,DET,C,2017-02-04,false,NSH,6,4,4,10,2,1,0,1,1,0,45,22424,544,36,10,11,13,13,142,127
Victor Hedman,TBL,D,2016-11-29,false,CBJ,5,12,3,14,2,4,0,0,2,0,43,35352,680,28,37,25,22,15,0,0
Kevin Hayes,NYR,C,2016-11-29,false,CAR,10,9,16,6,0,1,1,1,2,0,36,23395,547,17,18,12,27,17,134,156
Jimmy Hayes,BOS,R,2016-12-07,false,WSH,1,0,-8,18,0,0,0,0,0,0,38,14636,345,36,2,12,5,7,1,5
Erik Haula,MIN,L,2016-12-27,false,NSH,5,5,5,8,0,0,0,0,1,0,45,20406,485,13,11,11,7,10,143,128
Garnet Hathaway,CGY,R,2017-01-14,false,EDM,1,4,2,44,0,0,0,0,0,0,19,12919,322,51,14,6,3,8,10,9
Scott Hartnell,CBJ,L,2016-12-05,false,ARI,5,10,8,6,1,0,0,0,0,0,35,18343,451,21,14,10,11,4,2,1
Ryan Hartman,CHI,L,2016-12-09,false,NYR,5,2,2,2,0,0,0,0,1,0,50,16761,381,41,11,10,7,7,6,7
Martin Hanzal,ARI,C,2016-12-13,false,DET,6,4,-12,20,2,2,0,0,1,1,57,26423,572,55,18,16,16,9,267,228
Jannik Hansen,VAN,R,2017-02-14,false,PIT,5,7,0,27,0,0,0,0,1,0,47,23502,538,20,6,21,7,13,0,0
Noah Hanifin,CAR,D,2016-12-03,false,NYR,2,7,-7,14,2,3,0,0,0,0,41,24593,510,17,14,12,15,9,0,0
Travis Hamonic,NYI,D,2016-12-10,false,CBJ,2,6,-17,47,0,1,0,0,0,0,34,29557,550,31,49,20,18,7,0,0
Dougie Hamilton,CGY,D,2016-11-27,false,PHI,2,10,-3,22,0,2,0,1,1,0,63,27646,641,37,26,19,14,3,0,0
Freddie Hamilton,CGY,C,2017-03-23,false,NSH,1,0,-3,8,0,0,0,0,1,0,26,13591,327,42,1,8,2,3,72,50
Dan Hamhuis,DAL,D,2016-12-03,false,COL,0,5,-3,8,0,0,0,1,0,0,31,28717,639,28,39,11,10,4,0,0
Taylor Hall,NJD,L,2016-12-20,false,NSH,8,12,-7,8,4,3,0,0,2,1,84,29652,582,27,15,26,13,13,2,3
Micheal Haley,SJS,C,2016-12-31,false,LAK,0,3,0,47,0,0,0,0,0,0,14,11579,296,61,9,7,9,10,8,14
Ron Hainsey,CAR,D,2016-12-03,false,NYR,1,5,-5,10,0,0,1,0,0,0,28,31547,638,36,29,11,17,5,0,0
Carl Hagelin,PIT,L,2016-12-01,false,DAL,2,5,1,2,0,0,0,1,0,0,49,23340,556,25,10,17,12,6,0,1
Carl Gunnarsson,STL,D,2016-12-17,false,CHI,0,2,-4,4,0,0,0,0,0,0,12,19967,516,18,31,10,1,1,0,0
Jake Guentzel,PIT,C,2017-02-28,false,DAL,7,8,2,8,0,1,0,0,0,0,36,22137,484,47,9,11,4,7,8,8
Radko Gudas,PHI,D,2016-12-17,false,DAL,1,8,3,27,0,1,0,0,0,0,39,28552,638,94,60,29,22,8,0,0
Eric Gryba,EDM,D,2017-01-14,false,CGY,1,2,-4,36,0,0,0,0,1,0,29,23742,519,91,24,11,12,4,0,0
Mikhail Grigorenko,COL,C,2016-12-08,false,BOS,3,6,-2,8,0,3,0,0,0,0,35,20192,450,8,7,6,5,13,46,45
Seth Griffith,FLA,C,2017-01-13,false,NYI,0,5,6,8,0,1,0,0,0,0,21,18337,421,30,5,19,6,5,2,6
Andy Greene,NJD,D,2016-12-03,false,NSH,3,4,-3,2,0,0,1,0,1,1,27,31896,672,26,58,18,17,7,0,0
Matt Greene,LAK,D,2017-01-07,false,MIN,1,1,3,19,0,0,0,0,0,0,14,19245,499,68,25,10,16,3,0,0
Mike Green,DET,D,2016-12-01,false,FLA,4,9,0,16,1,3,0,0,1,1,43,35063,687,20,30,20,18,9,0,0
Kevin Gravel,LAK,D,2016-12-31,false,SJS,0,2,5,4,0,1,0,0,0,0,21,19951,486,32,33,15,13,0,0,0
Tyler Graovac,MIN,C,2016-12-22,false,MTL,3,0,2,2,0,0,0,0,1,0,21,14063,350,25,5,16,1,9,85,89
Derek Grant,BUF,C,2016-12-03,false,BOS,0,2,-3,17,0,0,0,0,0,0,23,15932,398,19,16,11,5,5,124,106
Mikael Granlund,MIN,C,2016-12-04,false,EDM,5,9,6,2,1,4,1,0,2,0,40,28011,601,15,13,22,12,9,4,5
Markus Granlund,VAN,C,2016-12-01,false,ANA,5,4,-11,8,1,1,0,0,1,1,39,24081,545,10,3,17,4,12,29,42
Michael Grabner,NYR,R,2016-11-29,false,CAR,12,4,19,2,0,0,0,1,1,0,54,18825,498,13,16,14,10,23,2,2
Shayne Gostisbehere,PHI,D,2016-12-01,false,OTT,4,8,-4,12,1,4,0,0,1,0,62,30087,615,8,30,45,22,6,0,0
Josh Gorges,BUF,D,2016-12-09,false,WSH,0,1,-3,23,0,0,0,0,0,0,10,27820,655,55,44,8,6,0,0,1
Cody Goloubef,COL,D,2017-02-12,false,NYI,0,3,-10,21,0,0,0,0,0,0,24,26005,597,18,27,5,6,5,0,0
Alex Goligoski,ARI,D,2016-12-05,false,CBJ,0,10,-9,6,0,3,0,0,0,0,35,33284,676,27,46,10,11,2,0,0
Luke Glendening,DET,C,2016-12-01,false,FLA,1,6,0,10,0,1,0,0,0,0,30,19203,470,70,26,13,2,9,100,90
Claude Giroux,PHI,C,2016-11-29,false,BOS,5,15,-8,10,4,8,0,0,0,0,60,27616,608,18,7,23,7,8,287,239
Zemgus Girgensons,BUF,C,2016-12-03,false,BOS,1,3,-5,4,0,0,0,0,0,0,38,17422,408,30,9,12,2,2,85,80
Dan Girardi,NYR,D,2016-12-08,false,WPG,3,4,11,6,0,0,0,1,3,0,23,26925,609,46,63,9,17,2,0,0
Mark Giordano,CGY,D,2016-11-27,false,PHI,1,8,3,22,0,3,0,1,0,0,56,35759,739,20,62,24,6,16,0,0
Brian Gionta,BUF,R,2016-12-03,false,BOS,5,5,-1,8,0,0,0,0,1,0,51,24681,516,21,10,17,9,7,10,11
Stephen Gionta,NYI,R,2017-04-06,false,CAR,1,5,7,2,0,0,0,0,0,0,14,15905,399,54,7,2,6,3,49,49
Ryan Getzlaf,ANA,C,2016-12-07,false,CAR,2,20,-2,12,1,8,0,0,1,0,46,29261,622,31,23,25,22,18,194,160
Eric Gelinas,COL,D,2017-01-25,false,VAN,0,1,-2,12,0,0,0,0,0,0,28,16689,398,26,14,12,6,3,0,1
Brendan Gaunce,VAN,C,2016-12-01,false,ANA,0,2,-4,20,0,0,0,0,0,0,18,12525,325,35,4,5,3,2,61,66
Johnny Gaudreau,CGY,L,2016-12-19,false,ARI,7,15,-10,0,1,7,0,0,1,0,63,27425,560,3,5,23,34,10,0,0
Jason Garrison,TBL,D,2016-11-29,false,CBJ,1,2,-4,6,0,0,0,0,0,0,34,26611,588,27,37,20,14,6,0,0
Jake Gardiner,TOR,D,2016-12-03,false,VAN,4,5,4,10,1,1,0,0,0,0,34,28647,618,20,18,13,24,10,0,0
Brendan Gallagher,MTL,R,2016-12-02,false,SJS,5,8,6,20,1,0,0,0,1,0,68,22134,513,26,7,21,8,10,19,27
Alex Galchenyuk,MTL,C,2016-12-02,false,SJS,9,14,10,14,3,5,0,0,2,1,45,23352,521,10,13,16,13,7,112,173
Sam Gagner,CBJ,C,2016-12-09,false,DET,11,8,10,4,3,4,0,0,1,0,61,19556,417,3,4,22,6,4,41,50
Marian Gaborik,LAK,R,2017-01-21,false,NYI,4,5,0,6,1,1,0,0,0,0,55,21755,478,12,4,22,10,3,0,1
Michael Frolik,CGY,R,2016-11-27,false,PHI,6,8,1,10,0,0,2,0,1,1,56,23463,533,17,17,15,12,15,6,7
Cody Franson,BUF,D,2016-12-03,false,BOS,1,6,2,10,1,0,0,0,0,0,37,26541,589,20,24,11,14,5,0,0
Cam Fowler,ANA,D,2016-12-01,false,VAN,7,8,5,2,4,3,0,0,2,0,51,34442,673,11,31,14,22,3,0,0
Gustav Forsling,CHI,D,2016-12-09,false,NYR,1,3,3,2,0,1,0,0,0,0,32,22426,481,12,10,9,21,1,0,0
Filip Forsberg,NSH,L,2016-12-04,false,PHI,2,14,-5,10,0,3,0,0,0,0,55,27009,611,38,7,33,13,24,5,6
Derek Forbort,LAK,D,2016-12-01,false,ARI,1,5,1,34,0,0,0,0,0,0,24,25343,587,52,56,10,14,2,1,0
Christian Folin,MIN,D,2016-12-27,false,NSH,0,2,10,18,0,0,0,0,0,0,20,23153,527,34,31,9,6,6,0,0
Marcus Foligno,BUF,L,2016-12-03,false,BOS,4,3,0,17,0,0,0,0,0,0,38,23055,512,79,19,12,9,9,0,1
Nick Foligno,CBJ,L,2016-12-05,false,ARI,10,12,4,33,5,6,0,0,1,0,55,26725,588,36,15,22,12,10,24,19
Brian Flynn,MTL,C,2016-12-28,false,TBL,3,3,7,4,0,0,0,0,0,0,23,17411,472,10,12,12,8,7,48,39
Mike Fisher,NSH,C,2016-12-13,false,STL,7,9,-7,31,3,5,0,0,2,0,46,23563,542,50,17,15,1,8,229,188
Valtteri Filppula,TBL,C,2016-12-01,false,STL,5,11,2,6,0,5,0,0,1,0,28,25681,529,9,12,7,11,11,190,240
Vernon Fiddler,NJD,C,2016-12-03,false,NSH,1,2,-1,17,0,0,1,0,0,0,23,18190,463,24,11,9,11,4,163,146
Kevin Fiala,NSH,L,2016-12-27,false,MIN,5,2,-2,8,0,0,0,0,1,0,51,18615,442,24,6,14,10,17,0,0
Micheal Ferland,CGY,L,2016-11-27,false,PHI,4,5,-3,5,2,1,0,0,0,0,30,15870,398,53,7,11,11,12,0,0
Eric Fehr,PIT,C,2016-12-01,false,DAL,3,2,-2,6,0,0,0,0,1,0,27,16424,411,29,18,6,6,15,29,26
Taylor Fedun,BUF,D,2017-02-11,false,TOR,0,7,4,16,0,3,0,0,0,0,24,19798,482,6,19,7,8,4,0,0
Justin Faulk,CAR,D,2016-12-08,false,LAK,3,6,-13,8,1,4,0,0,0,0,68,33375,646,46,26,32,23,16,0,0
Jesper Fast,NYR,R,2016-11-29,false,CAR,2,8,7,12,0,0,0,0,0,0,12,19388,483,34,11,8,6,18,7,9
Justin Falk,BUF,D,2017-01-10,false,PHI,0,1,0,11,0,0,0,0,0,0,16,18497,471,40,12,13,6,3,0,0
Radek Faksa,DAL,C,2016-11-29,false,DET,2,6,3,15,0,0,0,0,0,0,42,23541,599,30,20,21,7,19,178,208
Robby Fabbri,STL,C,2016-12-03,false,WPG,5,7,-7,17,3,3,0,0,0,0,41,23496,528,32,10,14,6,12,9,6
Adam Erne,TBL,L,2017-04-06,false,TOR,3,0,-6,11,0,0,0,0,0,0,40,17058,407,63,10,18,4,2,0,2
Loui Eriksson,VAN,L,2016-12-01,false,ANA,6,5,-9,0,2,1,0,1,1,0,46,26940,582,2,11,13,8,7,0,0
Jonathan Ericsson,DET,D,2016-12-01,false,FLA,0,4,3,41,0,0,0,0,0,0,17,26210,612,34,17,11,11,1,0,0
Toby Enstrom,WPG,D,2016-12-03,false,STL,1,7,1,10,0,4,1,0,0,0,23,32401,681,7,32,13,12,6,0,0
Tyler Ennis,BUF,L,2017-02-11,false,TOR,3,4,-4,2,0,1,0,0,0,0,43,19112,403,20,12,8,6,12,0,4
Deryk Engelland,CGY,D,2016-11-27,false,PHI,1,3,6,23,0,0,0,0,1,0,33,26344,605,47,44,12,17,3,1,0
Alexei Emelin,MTL,D,2016-12-02,false,SJS,1,3,6,29,0,0,0,0,0,0,26,30786,625,83,48,12,30,4,0,0
Ryan Ellis,NSH,D,2016-12-20,false,NJD,4,7,7,19,0,3,0,1,2,0,39,34526,678,31,48,21,14,9,0,0
Lars Eller,WSH,C,2016-12-07,false,BOS,2,1,-5,20,0,0,0,0,0,0,30,20029,441,16,5,17,8,11,126,137
Oliver Ekman-Larsson,ARI,D,2016-12-05,false,CBJ,5,8,-4,12,2,4,0,0,1,1,53,35085,666,40,22,28,15,9,0,0
Mattias Ekholm,NSH,D,2016-12-04,false,PHI,0,7,-3,10,0,1,0,1,0,0,41,33725,664,16,42,23,22,9,0,0
Aaron Ekblad,FLA,D,2016-12-01,false,DET,6,1,-9,24,2,1,0,0,1,1,77,33604,580,45,21,27,16,10,0,0
Jack Eichel,BUF,C,2017-01-20,false,DET,10,9,-2,4,5,5,0,0,2,0,100,28611,537,15,18,33,21,16,134,179
Nikolaj Ehlers,WPG,L,2016-11-27,false,NSH,4,15,0,12,0,2,0,0,1,0,51,25732,529,14,9,28,14,12,0,1
Joel Edmundson,STL,D,2016-12-28,false,PHI,0,8,-3,28,0,0,0,0,0,0,28,24122,596,48,32,10,7,4,0,0
Alexander Edler,VAN,D,2016-12-31,false,EDM,1,4,-7,4,1,1,0,0,0,0,49,34069,675,45,57,14,15,8,2,1
Jordan Eberle,EDM,C,2016-11-29,false,TOR,7,10,-5,4,2,3,0,0,0,0,73,25794,551,6,10,24,7,7,2,1
Patrick Eaves,DAL,R,2016-12-01,false,PIT,9,8,-6,10,5,3,0,0,1,0,61,24339,571,34,16,29,3,6,0,1
Cody Eakin,DAL,C,2017-01-17,false,NYR,1,3,-9,30,0,1,0,0,1,0,26,21861,543,29,12,18,10,4,158,165
Ryan Dzingel,OTT,L,2016-12-01,false,PHI,6,6,5,2,0,1,1,0,1,0,39,19662,449,14,12,11,8,10,2,4
Christian Dvorak,ARI,C,2016-12-12,false,PIT,2,6,1,4,0,1,0,0,0,0,21,20812,443,24,21,10,5,2,113,146
Brian Dumoulin,PIT,D,2016-12-03,false,DET,0,3,-6,10,0,0,0,0,0,0,34,27763,646,44,29,10,13,7,0,0
Gabriel Dumont,TBL,C,2017-03-09,false,MIN,1,1,-2,20,0,0,0,0,0,0,22,13000,330,49,6,7,3,3,66,56
Matt Dumba,MIN,D,2016-12-04,false,EDM,2,6,6,18,1,2,0,0,1,1,49,29805,601,29,21,17,11,9,0,0
Anthony Duclair,ARI,L,2016-12-06,false,CHI,1,3,-2,6,0,0,0,0,0,0,27,19018,440,9,6,9,14,11,0,0
Matt Duchene,COL,C,2016-12-14,false,PHI,12,8,-5,2,2,3,0,0,3,1,58,26746,571,7,20,20,13,21,146,90
Brandon Dubinsky,CBJ,C,2016-12-10,false,NYI,3,6,5,22,0,2,0,0,2,0,32,25606,594,73,19,16,11,12,236,215
Jonathan Drouin,TBL,L,2016-12-17,false,EDM,7,8,-1,6,4,3,0,0,0,0,70,25069,487,18,8,14,24,16,30,36
Leon Draisaitl,EDM,C,2016-11-29,false,TOR,7,10,-5,2,5,2,0,0,0,0,45,24706,521,8,11,20,16,13,186,171
Nic Dowd,LAK,C,2016-12-08,false,CAR,2,9,-7,2,1,3,0,0,1,1,28,19605,465,63,15,12,9,3,136,152
Drew Doughty,LAK,D,2016-12-01,false,ARI,3,8,3,18,0,2,0,0,0,0,55,38829,791,39,43,21,27,2,1,0
Jake Dotchin,TBL,D,2017-03-18,false,WSH,0,6,5,25,0,0,0,0,0,0,32,26314,555,58,13,21,11,3,0,0
Joonas Donskoi,SJS,R,2016-11-30,false,LAK,2,6,1,8,1,2,0,0,0,0,42,21536,511,11,10,23,13,13,2,2
Max Domi,ARI,L,2016-12-05,false,CBJ,4,11,-6,15,1,3,0,0,1,0,54,25333,532,17,10,17,16,11,3,4
Shane Doan,ARI,R,2016-12-05,false,CBJ,3,4,-2,16,1,1,0,0,0,0,50,22245,470,41,12,13,11,3,43,44
Brenden Dillon,SJS,D,2016-12-02,false,MTL,0,1,0,20,0,0,0,0,0,0,25,22860,526,53,19,15,6,1,0,0
Phillip Di Giuseppe,CAR,L,2017-03-01,false,TBL,1,4,-13,13,0,1,0,0,1,1,52,18627,430,52,10,18,7,9,0,2
Nicolas Deslauriers,BUF,L,2017-02-02,false,NYR,0,0,-5,11,0,0,0,0,0,0,12,10847,249,68,4,8,0,1,0,0
Andrew Desjardins,CHI,L,2017-01-06,false,CAR,0,0,-4,6,0,0,0,0,0,0,28,13795,321,36,8,5,5,4,23,22
David Desharnais,MTL,C,2016-12-04,false,LAK,3,6,4,2,0,2,0,0,0,0,23,18801,437,0,5,7,5,10,56,64
Jason Demers,FLA,D,2016-12-01,false,DET,3,6,-3,10,0,3,0,1,0,0,27,28691,570,27,26,27,12,11,0,0
Michael Del Zotto,PHI,D,2017-01-07,false,TBL,4,6,-5,4,0,0,0,0,0,0,49,28117,624,89,48,16,11,4,0,0
Dylan DeMelo,SJS,D,2017-03-25,false,NSH,1,7,2,14,0,0,0,0,0,0,32,22551,513,31,30,14,11,4,0,0
Danny DeKeyser,DET,D,2016-12-01,false,FLA,1,2,-5,15,0,0,0,0,0,0,16,32259,689,28,45,15,16,4,0,0
Anthony DeAngelo,ARI,D,2017-03-03,false,CAR,3,6,-7,16,2,4,0,0,0,0,42,27503,559,15,35,15,14,3,0,0
Brandon Davidson,EDM,D,2017-02-16,false,PHI,0,1,3,16,0,0,0,0,0,0,29,21757,508,24,40,11,14,2,0,0
Laurent Dauphin,ARI,C,2017-01-19,false,MIN,2,1,-2,12,0,0,1,0,1,0,32,15710,384,32,11,4,3,9,37,45
Marko Dano,WPG,C,2016-12-18,false,COL,3,6,1,8,2,0,0,0,0,0,29,17220,409,53,10,16,8,11,1,3
Phillip Danault,MTL,L,2016-12-02,false,SJS,5,4,1,6,0,0,0,0,1,0,35,18602,467,21,22,12,13,6,72,71
Trevor Daley,PIT,D,2016-12-01,false,DAL,2,6,0,12,1,1,0,1,0,0,36,30406,706,6,40,22,10,13,0,0
Klas Dahlbeck,CAR,D,2017-03-07,false,COL,1,2,-6,18,0,0,0,0,0,0,19,19322,455,34,21,11,10,5,0,0
Austin Czarnik,BOS,C,2016-12-08,false,COL,2,4,-3,8,0,2,0,0,1,0,31,19711,468,8,15,11,7,8,6,22
Matt Cullen,PIT,C,2016-12-01,false,DAL,4,6,0,10,0,1,0,0,1,0,31,20305,520,12,6,17,9,4,172,146
Lawson Crouse,ARI,L,2016-12-12,false,PIT,1,1,-9,19,0,0,0,0,0,0,26,16116,386,58,10,7,2,8,0,0
Sidney Crosby,PIT,C,2016-12-14,false,BOS,21,12,8,10,7,2,0,0,3,0,78,27591,595,28,6,18,26,11,273,293
Joseph Cramarossa,ANA,C,2016-12-27,false,SJS,2,3,-4,35,0,0,0,0,0,0,16,14759,376,56,12,8,9,5,2,0
Adam Cracknell,DAL,R,2016-12-03,false,COL,2,1,2,0,0,0,0,0,0,0,27,14499,365,31,17,14,5,3,33,36
Charlie Coyle,MIN,C,2016-12-04,false,EDM,9,8,6,18,3,0,0,0,2,0,56,25957,559,25,19,14,12,12,12,14
Sean Couturier,PHI,C,2017-01-04,false,NYR,6,3,-4,14,0,1,0,1,1,0,38,26205,596,18,14,17,14,13,200,195
Logan Couture,SJS,C,2016-11-30,false,LAK,9,7,1,2,5,1,0,0,1,0,77,26553,595,11,22,21,25,11,97,169
Nick Cousins,PHI,C,2016-12-06,false,FLA,3,5,-2,12,1,1,0,0,0,0,34,16333,389,24,10,7,3,7,48,84
Andrew Copp,WPG,C,2016-12-18,false,COL,4,3,1,6,0,0,1,0,1,0,28,17515,452,31,12,11,7,12,41,47
Brett Connolly,WSH,R,2017-01-05,false,CBJ,4,1,2,18,1,0,0,0,0,0,32,15505,343,43,3,6,4,7,3,5
Kevin Connauton,ARI,D,2017-04-08,false,MIN,0,1,-1,24,0,0,0,0,0,0,21,18910,443,48,22,14,5,4,0,0
Blake Comeau,COL,L,2016-12-14,false,PHI,5,2,-3,22,2,0,1,0,0,0,38,22894,528,49,9,13,5,13,55,58
Ian Cole,PIT,D,2016-12-01,false,DAL,2,5,7,21,0,0,0,0,0,0,27,26119,587,56,49,23,14,5,0,0
Joe Colborne,COL,C,2016-12-10,false,MTL,3,1,-10,12,2,0,0,0,0,0,24,17268,411,27,6,6,6,4,35,53
Andrew Cogliano,ANA,L,2016-12-01,false,VAN,6,5,7,10,0,0,2,0,0,0,59,21576,556,23,12,7,6,7,1,7
Braydon Coburn,TBL,D,2016-11-29,false,CBJ,0,4,-1,12,0,0,0,0,0,0,30,23200,518,26,17,10,9,0,0,0
Cal Clutterbuck,NYI,R,2016-12-06,false,NYR,2,7,2,10,0,0,0,0,1,0,39,22276,556,84,10,16,11,13,1,2
Kyle Clifford,LAK,L,2016-12-13,false,BUF,2,4,2,35,0,0,0,0,0,0,42,15000,357,52,2,13,2,7,0,1
Adam Clendening,NYR,D,2017-02-26,false,CBJ,2,7,6,12,1,1,0,0,0,0,34,22772,513,15,24,14,16,7,0,0
Fredrik Claesson,OTT,D,2017-03-16,false,CHI,2,7,3,0,0,0,0,1,0,0,16,15507,388,35,13,4,12,2,0,0
Casey Cizikas,NYI,C,2016-12-04,false,DET,3,7,3,14,0,1,0,0,1,0,28,21293,551,60,27,7,10,11,190,195
Jakob Chychrun,ARI,D,2016-12-17,false,MIN,1,5,-4,29,0,0,0,0,0,0,27,24356,537,40,37,23,12,4,0,0
Jason Chimera,NYI,L,2016-12-04,false,DET,3,5,-7,16,0,0,0,0,0,0,33,19438,475,45,14,8,6,4,8,10
Alex Chiasson,CGY,R,2016-11-27,false,PHI,4,2,4,14,0,0,1,0,1,0,36,18997,468,27,3,9,8,7,0,11
Ben Chiarot,WPG,D,2016-11-29,false,NJD,0,5,-3,10,0,0,0,0,0,0,14,21478,448,32,35,2,17,3,0,0
Zdeno Chara,BOS,D,2016-12-12,false,MTL,1,5,8,21,0,1,0,0,0,0,35,32956,629,39,47,15,22,15,0,0
Michael Chaput,VAN,C,2016-12-28,false,LAK,0,3,-4,11,0,0,0,0,0,0,15,14727,367,27,6,1,4,4,96,93
Cody Ceci,OTT,D,2016-12-01,false,PHI,0,2,-8,6,0,0,0,1,0,0,42,32883,748,45,51,14,23,8,0,0
Jeff Carter,LAK,C,2016-12-01,false,ARI,10,9,4,10,2,1,1,0,6,2,79,26369,570,26,11,28,11,7,234,197
William Carrier,BUF,L,2016-12-29,false,BOS,1,1,0,15,0,0,0,0,0,0,29,12831,334,72,5,8,3,4,1,1
Connor Carrick,TOR,D,2016-12-13,false,SJS,1,2,3,26,0,0,0,0,0,0,36,24765,579,23,32,18,18,6,0,0
Daniel Carr,MTL,L,2017-01-03,false,NSH,1,5,6,6,0,0,0,0,1,0,33,14529,362,16,8,13,4,4,1,1
John Carlson,WSH,D,2016-12-05,false,BUF,0,10,1,0,0,4,0,0,0,0,59,33596,622,23,33,39,32,10,0,0
Brandon Carlo,BOS,D,2016-12-01,false,CAR,2,3,11,15,0,0,0,0,0,0,30,32105,630,23,42,14,11,4,0,0
Brian Campbell,CHI,D,2016-11-29,false,FLA,2,6,4,10,1,2,0,0,0,0,25,26879,569,15,24,14,17,0,0,0
Michael Cammalleri,NJD,L,2016-12-17,false,OTT,9,9,1,12,1,3,0,0,2,1,62,25622,529,17,5,25,11,12,9,7
Matt Calvert,CBJ,L,2016-12-18,false,VAN,4,2,6,14,0,0,2,0,1,0,36,21013,498,26,15,17,8,12,2,11
Drake Caggiula,EDM,L,2017-01-08,false,OTT,2,4,-3,2,1,1,0,0,0,0,29,18935,429,44,4,13,6,6,39,63
Paul Byron,MTL,L,2016-12-02,false,SJS,7,5,4,8,0,0,1,0,2,0,29,20499,529,33,7,5,8,11,2,0
Dustin Byfuglien,WPG,D,2016-11-27,false,NSH,2,10,-3,25,0,2,0,0,0,0,61,40060,683,62,43,37,30,20,0,0
Alexandre Burrows,VAN,L,2016-12-10,false,FLA,4,6,1,29,0,0,0,1,0,0,52,20391,516,15,4,13,7,17,0,3
Brent Burns,SJS,D,2016-11-30,false,LAK,9,12,3,4,2,4,0,1,2,1,99,34688,653,24,43,42,48,13,0,0
Alexander Burmistrov,ARI,C,2017-01-16,false,EDM,0,3,-7,6,0,1,0,1,0,0,13,16315,368,31,4,7,8,5,57,103
Andre Burakovsky,WSH,L,2016-12-05,false,BUF,2,8,-2,4,0,1,0,0,0,0,40,21298,438,10,10,17,13,15,0,1
Pavel Buchnevich,NYR,R,2017-02-13,false,CBJ,6,9,3,13,1,2,0,0,0,0,33,19399,458,10,5,15,16,10,1,3
Dustin Brown,LAK,R,2016-12-01,false,ARI,4,7,-8,10,2,2,1,0,1,0,56,23329,535,58,3,17,8,6,0,1
Connor Brown,TOR,R,2016-12-03,false,VAN,3,5,4,4,0,0,0,0,1,0,34,20230,522,18,23,11,2,8,0,1
J.T. Brown,TBL,R,2016-12-14,false,CGY,2,1,-6,34,0,0,1,0,1,0,25,15566,369,35,9,9,4,4,0,2
Troy Brouwer,CGY,R,2016-11-27,false,PHI,5,4,-7,16,0,2,1,0,1,0,37,25124,564,56,19,10,7,8,11,25
Kyle Brodziak,STL,C,2016-12-03,false,WPG,2,1,-4,21,0,0,0,0,1,0,22,14025,394,21,13,5,0,8,73,92
Jonas Brodin,MIN,D,2016-12-04,false,EDM,2,8,1,12,1,2,0,0,2,0,36,29281,628,7,41,16,9,4,0,0
TJ Brodie,CGY,D,2016-11-27,false,PHI,1,6,-12,6,0,2,1,1,0,0,28,33863,731,11,29,14,23,19,0,0
Justin Braun,SJS,D,2016-11-30,false,LAK,0,3,-2,6,0,0,0,0,0,0,21,28897,605,30,46,16,17,14,0,0
Derick Brassard,OTT,C,2016-12-01,false,PHI,3,7,4,6,1,1,0,0,0,0,53,25392,537,25,4,24,12,17,215,194
Tyler Bozak,TOR,C,2016-12-03,false,VAN,5,12,-1,4,1,2,0,0,1,0,44,23410,540,20,6,15,12,16,221,166
Brian Boyle,TBL,C,2016-12-03,false,WSH,4,2,2,29,0,1,0,0,0,0,31,16468,386,34,14,10,6,7,70,68
Johnny Boychuk,NYI,D,2016-12-04,false,DET,4,5,0,4,0,1,1,0,1,0,59,29306,566,56,54,31,16,5,0,0
Jay Bouwmeester,STL,D,2016-12-01,false,TBL,1,3,-8,16,0,0,0,0,0,0,33,32762,725,21,27,12,14,5,0,0
Rene Bourque,COL,R,2016-12-10,false,MTL,8,3,-8,17,2,0,0,0,2,1,42,21505,498,35,11,20,3,12,0,3
Lance Bouma,CGY,C,2017-01-07,false,VAN,2,2,0,15,0,0,0,0,1,0,20,16761,419,63,16,9,5,5,1,5
Reid Boucher,VAN,C,2017-03-09,false,NYI,3,2,1,4,0,0,0,0,0,0,41,15277,337,14,10,6,3,11,0,1
Robert Bortuzzo,STL,D,2017-02-28,false,EDM,1,2,7,7,0,0,0,0,0,0,33,20031,543,51,38,17,10,3,0,0
Mark Borowiecki,OTT,D,2016-12-01,false,PHI,0,1,0,42,0,0,0,0,0,0,11,18756,513,98,33,7,6,2,0,0
Nick Bonino,PIT,C,2016-12-01,false,DAL,2,7,-2,8,0,1,1,0,0,0,39,24241,583,17,33,8,9,12,186,200
Jared Boll,ANA,R,2016-12-27,false,SJS,0,1,-5,53,0,0,0,0,0,0,7,8687,240,22,7,3,2,1,0,1
Zach Bogosian,BUF,D,2017-01-17,false,TOR,0,3,-10,17,0,0,0,0,0,0,26,29371,616,37,47,10,11,7,0,0
Mikkel Boedker,SJS,L,2016-11-30,false,LAK,2,2,-4,4,0,0,0,0,0,0,23,21022,506,16,7,18,15,8,2,8
Joseph Blandisi,NJD,L,2017-03-31,false,NYI,3,6,-9,24,1,4,0,0,2,1,22,19217,443,32,5,14,3,6,71,77
Nick Bjugstad,FLA,C,2017-02-03,false,ANA,1,2,-11,12,0,1,0,0,0,0,41,19596,450,36,4,13,8,8,72,80
Oliver Bjorkstrand,CBJ,R,2017-04-06,false,WPG,6,7,6,6,0,0,0,0,2,0,50,19885,441,13,7,11,7,8,1,0
Anthony Bitetto,NSH,D,2017-03-28,false,BOS,0,5,-3,23,0,0,0,0,0,0,16,16489,418,38,20,9,6,0,0,0
Kevin Bieksa,ANA,D,2016-12-01,false,VAN,1,0,1,23,1,0,0,0,0,0,39,29207,577,60,25,13,11,3,0,0
Alex Biega,VAN,D,2017-03-07,false,MTL,0,3,0,14,0,0,0,0,0,0,25,20875,519,57,20,18,5,5,0,0
Patrik Berglund,STL,C,2016-12-01,false,TBL,1,6,-5,8,0,1,0,0,0,0,37,21546,544,45,12,21,5,7,149,141
Patrice Bergeron,BOS,C,2016-12-07,false,WSH,4,4,2,8,1,1,0,0,2,0,82,26995,584,17,15,31,7,9,331,234
Matt Benning,EDM,D,2016-12-17,false,TBL,0,4,3,6,0,1,0,0,0,0,33,23837,538,53,25,17,17,1,0,0
Sam Bennett,CGY,C,2016-11-27,false,PHI,5,7,-1,28,1,0,0,1,0,0,35,22143,501,46,8,16,7,14,86,94
Beau Bennett,NJD,R,2016-12-11,false,NYR,1,6,-4,8,1,1,0,0,0,0,42,19615,412,22,6,19,7,6,1,4
Jamie Benn,DAL,L,2016-11-29,false,DET,7,13,-6,25,5,2,0,0,2,1,59,29244,688,40,16,25,13,19,102,82
Jordie Benn,DAL,D,2016-12-03,false,COL,1,5,0,16,0,2,0,0,0,0,28,27626,636,16,49,19,12,2,0,0
Pierre-Edouard Bellemare,PHI,L,2016-11-29,false,BOS,0,3,2,2,0,0,0,1,0,0,38,20404,505,28,23,11,4,4,142,155
Matt Beleskey,BOS,L,2016-12-03,false,BUF,2,3,-6,23,0,2,0,0,0,0,44,21717,471,62,12,21,6,5,26,39
Anthony Beauvillier,NYI,C,2016-12-23,false,BUF,4,5,4,6,0,0,0,0,0,0,25,17221,389,25,9,8,10,6,21,21
Nathan Beaulieu,MTL,D,2016-12-16,false,SJS,1,6,12,13,0,2,0,0,1,0,32,25465,534,25,39,13,30,6,0,0
Francois Beauchemin,COL,D,2016-12-06,false,NSH,0,5,0,12,0,2,0,0,0,0,36,29747,655,22,52,15,19,10,0,0
Jay Beagle,WSH,C,2016-12-05,false,BUF,5,4,4,4,0,0,1,1,2,0,36,18298,446,17,12,7,6,5,174,118
Matt Bartkowski,CGY,D,2017-04-08,false,SJS,1,1,-4,26,0,0,0,0,0,0,16,22158,523,46,12,12,13,3,0,0
Tyson Barrie,COL,D,2016-12-06,false,NSH,2,10,-12,10,0,4,0,0,1,0,54,33227,682,12,25,28,15,8,0,0
Aleksander Barkov,FLA,C,2016-12-01,false,DET,3,12,1,0,0,4,0,0,2,2,50,27645,539,15,11,17,10,16,171,183
Mark Barberio,MTL,D,2017-01-21,false,BUF,0,4,0,8,0,1,0,0,0,0,28,21776,460,10,23,8,14,5,0,0
Ivan Barbashev,STL,C,2017-03-29,false,ARI,4,4,5,2,0,0,0,0,1,0,14,15899,372,29,10,9,2,4,64,92
Justin Bailey,BUF,R,2017-03-04,false,TBL,2,2,5,4,0,0,0,0,1,0,28,15725,368,21,12,11,9,7,0,1
Josh Bailey,NYI,R,2016-12-04,false,DET,4,11,3,2,1,2,0,0,1,1,50,27267,572,13,20,23,10,13,5,3
Sven Baertschi,VAN,L,2016-12-06,false,NJD,4,7,0,0,0,1,0,0,2,0,43,21308,498,15,10,10,5,6,1,0
Nicklas Backstrom,WSH,C,2016-12-05,false,BUF,7,14,2,14,1,8,0,0,1,0,52,27211,550,21,8,12,16,21,216,182
Mikael Backlund,CGY,C,2016-11-27,false,PHI,3,7,1,6,0,1,0,3,1,0,58,25417,583,17,20,20,12,11,225,218
David Backes,BOS,R,2016-12-10,false,TOR,7,6,0,23,2,1,0,0,1,0,61,26355,530,72,18,21,12,9,36,42
Yohann Auvitu,NJD,D,2016-12-29,false,WSH,2,2,1,2,0,1,0,0,0,0,54,23366,504,20,9,13,13,7,0,0
Cam Atkinson,CBJ,R,2016-12-05,false,ARI,8,15,2,4,4,7,1,0,2,1,74,26186,598,9,9,23,4,12,2,0
Andreas Athanasiou,DET,C,2017-01-05,false,LAK,6,4,-1,9,0,0,0,0,0,0,44,17546,409,9,6,19,5,6,26,30
Viktor Arvidsson,NSH,L,2016-12-04,false,PHI,7,7,0,10,1,2,1,1,0,0,77,22758,542,10,12,25,10,9,2,1
Joel Armia,WPG,R,2017-01-21,false,STL,3,3,-4,10,0,0,0,0,1,0,48,22443,518,24,8,10,12,15,2,4
Artem Anisimov,CHI,C,2016-12-01,false,NJD,10,11,11,18,1,3,0,0,3,1,40,26406,546,12,8,15,1,13,161,215
Sven Andrighetto,MTL,R,2017-02-09,false,ARI,2,6,3,4,0,1,0,0,0,0,29,16585,403,26,12,17,1,6,0,0
Andy Andreoff,LAK,L,2017-02-18,false,FLA,0,2,-2,30,0,0,0,0,0,0,20,15934,360,46,6,13,7,4,36,24
Josh Anderson,CBJ,R,2016-12-05,false,ARI,7,3,9,23,0,0,0,0,1,0,43,17466,442,43,15,9,11,5,6,15
Karl Alzner,WSH,D,2016-12-05,false,BUF,2,2,5,10,0,0,0,0,0,0,27,28899,619,25,38,10,15,6,0,0
Sebastian Aho,CAR,R,2016-12-03,false,NYR,3,8,-4,2,0,3,0,0,0,0,59,22003,488,9,2,21,12,8,5,3
Noel Acciari,BOS,C,2017-03-28,false,NSH,1,3,4,14,0,0,0,0,0,0,20,14022,340,61,3,7,4,8,11,16
Justin Abdelkader,DET,L,2017-01-12,false,DAL,4,4,-7,15,2,0,0,1,0,0,39,23069,496,56,9,14,6,9,0,4
Kyle Rau,FLA,C,2016-12-28,false,TOR,2,1,-3,4,0,0,0,0,0,0,21,13824,324,24,3,5,2,7,2,1
Tyler Pitlick,EDM,R,2016-12-03,false,ANA,6,1,-1,4,0,0,0,0,1,0,42,14405,352,59,8,5,5,3,5,3
Johan Larsson,BUF,C,2016-12-03,false,BOS,4,4,-5,14,1,0,0,0,2,0,34,25404,532,24,19,17,10,10,184,183
Erik Gudbranson,VAN,D,2016-12-01,false,ANA,0,3,-13,7,0,0,0,0,0,0,34,28944,609,53,29,13,18,3,0,0
Ryan Garbutt,ANA,C,2016-12-01,false,VAN,2,1,-2,16,0,0,0,1,1,0,25,13304,361,46,12,16,3,2,5,4
