James van Riemsdyk,TOR,L,2016-10-22,false,CHI,2,1,0,2,0,0,0,0,0,0,14,4693,105,5,1,6,1,2,1,2
Trevor van Riemsdyk,CHI,D,2016-12-09,false,NYR,0,1,0,4,0,0,0,0,0,0,3,5077,105,3,7,1,2,2,0,0
Calvin de Haan,NYI,D,2016-10-21,false,ARI,0,0,3,6,0,0,0,0,0,0,10,5447,112,4,9,1,7,0,0,0
Jason Zucker,MIN,L,2016-10-22,false,NJD,0,2,3,2,0,0,0,0,0,0,8,2908,73,5,1,4,1,4,1,0
Mats Zuccarello,NYR,R,2016-10-22,false,WSH,2,3,5,2,0,0,0,0,0,0,7,5658,118,7,0,3,2,5,1,1
Harry Zolnierczyk,NSH,L,2017-01-10,false,VAN,0,0,0,4,0,0,0,0,0,0,1,3275,74,6,3,1,0,1,0,0
Mika Zibanejad,NYR,C,2016-10-22,false,WSH,2,4,1,6,0,1,0,0,0,0,18,5311,123,3,0,13,0,4,64,43
Henrik Zetterberg,DET,L,2016-10-21,false,NSH,0,3,-2,0,0,2,0,0,0,0,5,5337,105,5,1,1,4,5,17,9
Travis Zajac,NJD,C,2016-10-22,false,MIN,1,2,-1,4,0,1,0,0,0,0,9,5930,126,4,1,1,2,6,52,45
Nikita Zaitsev,TOR,D,2016-10-22,false,CHI,0,3,-3,0,0,2,0,0,0,0,4,6710,137,5,7,3,6,1,0,0
Nikita Zadorov,COL,D,2016-10-22,false,FLA,0,2,-1,6,0,0,0,0,0,0,5,4928,119,14,5,3,2,0,0,0
Pavel Zacha,NJD,C,2016-10-22,false,MIN,0,1,-1,0,0,0,0,0,0,0,6,4168,89,8,5,2,1,1,21,26
Keith Yandle,FLA,D,2016-10-22,false,COL,0,1,0,8,0,0,0,0,0,0,11,7076,125,5,5,6,5,2,0,0
Nail Yakupov,STL,R,2016-10-20,false,EDM,2,1,1,2,0,0,0,0,0,0,8,3436,90,2,0,5,0,2,0,0
Miles Wood,NJD,L,2016-12-03,false,NSH,1,0,1,8,0,0,0,0,0,0,7,3440,84,4,2,8,1,0,1,0
Luke Witkowski,TBL,D,2016-12-03,false,WSH,0,0,-2,2,0,0,0,0,0,0,6,2725,61,6,4,2,1,1,0,0
Daniel Winnik,WSH,L,2016-10-22,false,NYR,2,0,2,0,0,0,0,0,1,0,5,3173,79,2,3,1,4,1,1,2
Tommy Wingels,SJS,C,2016-10-20,false,PIT,0,1,0,0,0,0,0,0,0,0,3,2790,68,7,1,0,1,0,14,23
Scott Wilson,PIT,L,2016-10-20,false,SJS,1,0,-2,0,0,0,0,0,0,0,6,4030,93,12,2,3,0,1,0,0
Colin Wilson,NSH,L,2016-10-22,false,PIT,1,0,-1,4,0,0,0,0,0,0,7,4569,113,4,1,1,4,1,0,1
Tom Wilson,WSH,R,2016-10-22,false,NYR,0,0,3,10,0,0,0,0,0,0,4,3261,85,11,1,0,1,0,0,1
Justin Williams,WSH,R,2016-10-22,false,NYR,1,0,0,2,0,0,0,0,0,0,7,4626,99,2,4,5,1,0,4,1
Patrick Wiercioch,COL,D,2016-10-22,false,FLA,1,4,3,9,0,0,0,0,0,0,7,4713,116,8,7,1,1,1,0,0
Chris Wideman,OTT,D,2016-10-22,false,TBL,0,2,-1,4,0,0,0,0,0,0,7,4139,109,2,5,2,3,2,0,0
Dennis Wideman,CGY,D,2016-10-25,false,STL,2,2,3,2,2,0,0,0,0,0,13,6345,156,7,7,3,6,2,0,0
Ryan White,ARI,C,2016-10-25,false,NJD,0,0,-3,6,0,0,0,0,0,0,5,3188,68,15,2,2,1,0,1,6
Blake Wheeler,WPG,R,2016-10-23,false,EDM,3,2,0,8,0,0,1,0,0,0,17,6598,129,3,0,3,5,4,1,2
Zach Werenski,CBJ,D,2016-10-25,false,LAK,2,3,0,2,2,1,0,0,0,0,18,6430,134,6,4,2,2,2,0,0
Alexander Wennberg,CBJ,C,2016-10-25,false,LAK,1,4,-1,2,0,4,0,0,0,0,9,4893,109,6,5,2,1,1,31,40
Dale Weise,PHI,R,2016-10-27,false,ARI,0,1,1,2,0,0,0,0,0,0,1,3988,91,6,0,5,0,2,0,0
Yannick Weber,NSH,D,2016-10-26,false,ANA,0,1,0,9,0,0,0,0,0,0,3,3427,88,11,4,2,5,0,0,0
Shea Weber,MTL,D,2016-10-22,false,BOS,1,4,8,8,1,0,0,1,1,0,10,7882,155,15,9,9,8,1,0,0
Jordan Weal,PHI,C,2017-02-28,false,COL,1,0,0,2,0,0,0,0,0,0,12,3753,90,2,1,4,1,2,1,3
Austin Watson,NSH,L,2016-11-01,false,COL,0,0,1,12,0,0,0,0,0,0,4,3453,85,12,0,3,0,1,0,1
David Warsofsky,PIT,D,2017-01-14,false,DET,0,0,0,4,0,0,0,0,0,0,9,4734,114,3,7,6,3,2,0,0
Joel Ward,SJS,R,2016-10-20,false,PIT,1,0,-4,2,0,0,0,0,0,0,9,4623,107,6,4,4,1,2,17,20
Lucas Wallmark,CAR,C,2017-03-28,false,DET,0,1,0,2,0,0,0,0,0,0,5,3321,79,10,3,2,0,0,22,14
Chris Wagner,ANA,C,2016-10-20,false,PHI,1,0,0,0,0,0,0,0,0,0,5,2502,68,8,1,2,0,1,8,10
Radim Vrbata,ARI,R,2016-10-23,false,NYR,3,2,3,2,0,0,0,0,0,0,15,5121,107,5,2,5,1,1,2,0
Jakub Vrana,WSH,L,2016-12-09,false,BUF,1,0,0,0,1,0,0,0,1,0,10,3719,78,3,2,5,2,1,0,1
Jakub Voracek,PHI,R,2016-10-22,false,CAR,2,5,-2,24,0,3,0,0,0,0,16,5622,118,0,1,5,3,0,0,1
Marc-Edouard Vlasic,SJS,D,2016-10-20,false,PIT,0,1,0,12,0,1,0,0,0,0,8,6811,135,0,7,3,1,0,0,0
Jimmy Vesey,NYR,L,2016-10-22,false,WSH,3,0,2,0,1,0,0,0,2,0,10,4472,100,3,1,3,0,1,0,0
Kris Versteeg,CGY,R,2016-10-20,false,CAR,0,1,1,0,0,0,0,0,0,0,7,4069,94,0,0,3,1,1,2,2
Joel Vermin,TBL,R,2016-12-10,false,PIT,0,2,3,0,0,0,0,0,0,0,7,4168,95,9,3,5,1,4,1,0
Antoine Vermette,ANA,C,2016-10-20,false,PHI,0,1,0,4,0,0,0,0,0,0,7,4447,124,4,4,3,1,2,47,23
Frank Vatrano,BOS,C,2016-12-31,false,BUF,2,2,3,0,0,1,0,0,0,0,12,4230,99,5,2,3,1,1,0,0
Sami Vatanen,ANA,D,2016-10-20,false,PHI,1,2,-1,0,1,0,0,0,0,0,8,7193,139,7,14,1,0,1,0,0
Phil Varone,OTT,C,2017-02-26,false,FLA,0,0,-2,2,0,0,0,0,0,0,0,2308,54,2,0,3,4,1,10,11
Thomas Vanek,DET,L,2016-10-21,false,NSH,3,3,3,2,2,2,0,0,0,0,9,3941,84,3,1,1,1,4,0,1
Chris VandeVelde,PHI,C,2016-10-22,false,CAR,0,1,-2,0,0,0,0,0,0,0,4,3065,78,8,3,2,2,0,2,1
Scottie Upshall,STL,R,2016-10-20,false,EDM,1,0,-3,4,0,0,0,0,0,0,8,3282,95,8,0,3,1,1,0,0
Fedor Tyutin,COL,D,2016-11-03,false,CHI,0,2,-1,0,0,0,0,0,0,0,4,5524,127,11,6,3,3,1,0,0
Kyle Turris,OTT,C,2016-10-22,false,TBL,3,1,0,0,0,0,0,0,1,1,11,5867,130,1,3,5,3,1,38,40
Alex Tuch,MIN,R,2017-02-16,false,DAL,0,0,-2,0,0,0,0,0,0,0,8,3400,74,5,6,2,0,1,0,0
Nikita Tryamkin,VAN,D,2016-11-10,false,DET,0,0,0,11,0,0,0,0,0,0,5,5016,111,18,6,2,2,0,0,0
Jacob Trouba,WPG,D,2016-11-19,false,BOS,0,0,-2,2,0,0,0,0,0,0,8,7223,145,5,15,6,10,4,0,0
Vincent Trocheck,FLA,C,2016-10-22,false,COL,3,0,-3,4,0,0,0,0,0,0,17,6428,127,9,2,8,3,4,50,44
Jordin Tootoo,CHI,R,2016-10-21,false,CBJ,0,0,1,7,0,0,0,0,0,0,5,2209,64,6,1,4,1,0,0,0
Tyler Toffoli,LAK,C,2016-10-22,false,VAN,1,2,1,0,1,0,0,0,0,0,16,6012,129,5,1,8,3,3,0,1
Jonathan Toews,CHI,C,2016-10-21,false,CBJ,0,2,1,9,0,1,0,0,0,0,14,6151,136,4,0,3,1,1,66,49
Matthew Tkachuk,CGY,L,2016-10-20,false,CAR,1,0,-1,4,0,0,0,0,0,0,9,3576,84,4,2,4,2,3,0,0
Chris Tierney,SJS,C,2016-10-20,false,PIT,0,1,-2,0,0,0,0,0,0,0,4,4436,102,1,5,3,5,1,13,24
Shawn Thornton,FLA,L,2016-12-03,false,OTT,0,1,-1,0,0,0,0,0,0,0,1,2185,54,3,0,2,2,0,0,1
Joe Thornton,SJS,C,2016-10-20,false,PIT,0,5,1,2,0,2,0,0,0,0,3,5660,121,4,0,0,4,3,25,19
Chris Thorburn,WPG,R,2016-10-30,false,BUF,0,0,-2,9,0,0,0,0,0,0,2,2450,64,10,2,0,0,0,6,2
Nate Thompson,ANA,C,2017-02-09,false,BUF,0,0,0,2,0,0,0,0,0,0,5,2845,76,7,3,0,0,0,19,32
Paul Thompson,FLA,R,2016-12-13,false,MIN,0,1,-1,4,0,0,0,0,0,0,6,2898,70,17,7,3,1,1,0,1
Shea Theodore,ANA,D,2016-11-01,false,LAK,0,1,1,4,0,0,0,1,0,0,6,5636,118,0,6,8,11,0,0,0
Chris Terry,MTL,L,2016-11-24,false,CAR,0,1,-1,2,0,0,0,0,0,0,6,3595,89,9,1,3,5,3,0,0
Teuvo Teravainen,CAR,L,2016-10-22,false,PHI,2,1,-1,0,1,1,0,0,0,0,5,3958,94,2,1,5,3,0,0,0
Matt Tennyson,CAR,D,2016-11-22,false,TOR,0,0,3,0,0,0,0,0,0,0,7,4408,101,4,2,1,4,3,0,0
John Tavares,NYI,C,2016-10-21,false,ARI,1,1,-3,6,0,0,0,0,0,0,17,5984,126,1,1,8,2,6,45,57
Tomas Tatar,DET,L,2016-10-21,false,NSH,1,1,-3,2,0,1,0,0,0,0,14,4801,100,5,3,5,1,1,1,0
Vladimir Tarasenko,STL,R,2016-10-20,false,EDM,4,2,-1,0,1,2,0,0,0,0,26,6079,142,2,4,3,1,3,0,1
Christopher Tanev,VAN,D,2016-10-22,false,LAK,0,1,2,4,0,0,0,0,0,0,3,6071,143,0,11,4,1,1,0,0
Brandon Tanev,WPG,L,2016-10-23,false,EDM,0,0,-2,0,0,0,0,0,0,0,5,2821,77,9,1,0,1,0,0,0
Brandon Sutter,VAN,C,2016-10-22,false,LAK,1,4,3,0,0,1,0,0,1,1,17,5697,134,3,4,7,1,1,48,50
Ryan Suter,MIN,D,2016-10-22,false,NJD,1,4,1,0,0,1,0,0,0,0,11,8130,148,6,3,1,3,5,0,0
Andrej Sustr,TBL,D,2016-10-22,false,OTT,0,0,0,7,0,0,0,0,0,0,5,5100,118,2,3,3,2,3,0,0
Oskar Sundqvist,PIT,C,2017-03-21,false,BUF,0,0,0,0,0,0,0,0,0,0,6,2366,58,8,0,0,1,0,2,6
P.K. Subban,NSH,D,2016-10-22,false,PIT,2,3,-4,8,2,2,0,0,0,0,13,7388,142,6,14,3,6,3,0,0
Mark Stuart,WPG,D,2016-10-30,false,BUF,0,0,1,0,0,0,0,0,0,0,3,3379,89,4,11,1,1,1,0,0
Ryan Strome,NYI,C,2016-10-21,false,ARI,2,0,-4,0,1,0,0,0,0,0,10,3879,86,2,4,3,1,2,6,12
Mark Streit,PHI,D,2016-10-22,false,CAR,1,1,-2,6,0,0,0,0,0,0,9,6312,144,5,5,1,3,0,0,0
Ben Street,DET,C,2017-04-08,false,MTL,0,1,1,0,0,0,0,0,0,0,7,2608,67,2,0,2,2,0,0,0
Anton Stralman,TBL,D,2016-10-22,false,OTT,0,1,0,0,0,1,0,0,0,0,6,6849,137,4,5,5,0,2,0,0
Brian Strait,WPG,D,2017-03-26,false,VAN,0,2,-1,0,0,0,0,0,0,0,3,4779,113,5,8,4,0,0,0,0
Michael Stone,ARI,D,2016-11-12,false,BOS,0,3,-2,0,0,1,0,0,0,0,6,6293,128,9,8,4,2,0,0,0
Mark Stone,OTT,R,2016-10-22,false,TBL,1,3,-1,2,0,0,0,0,1,0,11,5317,112,7,1,1,2,6,1,2
Karl Stollery,NJD,D,2017-01-20,false,MTL,0,2,0,9,0,2,0,0,0,0,3,4911,115,9,6,2,1,3,0,0
Chris Stewart,MIN,R,2016-10-22,false,NJD,1,2,1,19,0,1,0,0,0,0,3,3925,92,2,0,1,2,0,0,1
Derek Stepan,NYR,C,2016-10-22,false,WSH,0,3,1,0,0,1,0,0,0,0,14,5402,132,2,8,4,1,6,48,45
Lee Stempniak,CAR,R,2016-10-22,false,PHI,4,2,1,8,1,0,0,0,0,0,9,5011,116,5,1,3,2,4,0,0
Alexander Steen,STL,L,2016-10-20,false,EDM,1,4,2,2,0,1,0,0,0,0,9,6334,154,5,5,2,0,4,16,33
Troy Stecher,VAN,D,2016-11-08,false,NYR,0,1,-2,7,0,0,0,0,0,0,10,5898,123,4,4,6,2,2,0,0
Paul Stastny,STL,C,2016-10-20,false,EDM,2,4,-1,4,1,2,0,0,1,0,8,6413,148,4,3,3,1,1,66,50
Viktor Stalberg,CAR,L,2016-10-25,false,DET,1,0,-1,4,0,0,0,0,1,0,8,3806,94,10,1,0,0,4,0,1
Matt Stajan,CGY,C,2016-10-20,false,CAR,0,2,3,2,0,0,0,0,0,0,5,3595,93,1,4,2,1,0,28,22
Drew Stafford,WPG,R,2016-10-23,false,EDM,0,1,1,2,0,0,0,0,0,0,6,4623,96,2,0,1,7,1,0,3
Eric Staal,MIN,C,2016-10-22,false,NJD,3,0,-1,2,0,0,0,0,1,0,13,5579,132,5,1,3,0,3,46,43
Jordan Staal,CAR,C,2016-10-22,false,PHI,2,0,-1,4,0,0,0,0,0,0,8,5921,143,9,1,1,1,4,66,28
Marc Staal,NYR,D,2016-10-22,false,WSH,1,0,1,0,0,0,0,0,0,0,8,6324,151,5,5,3,2,4,0,0
Jared Spurgeon,MIN,D,2016-10-29,false,DAL,1,1,3,0,0,0,0,0,0,0,5,6581,138,2,9,1,0,0,0,0
Ryan Sproul,DET,D,2016-10-29,false,BOS,0,2,1,0,0,1,0,0,0,0,11,4571,103,3,3,2,1,0,0,0
Ryan Spooner,BOS,C,2016-10-25,false,MIN,1,1,-4,2,1,0,0,0,0,0,11,4458,92,2,0,3,2,4,1,4
Jason Spezza,DAL,C,2016-10-22,false,CBJ,2,1,-5,0,0,0,0,0,1,0,12,5636,137,2,1,9,2,6,28,23
Nikita Soshnikov,TOR,R,2016-11-11,false,PHI,1,1,0,4,0,0,0,0,0,0,9,2926,78,14,0,2,1,2,0,1
Marcus Sorensen,SJS,R,2017-03-05,false,MIN,1,1,1,2,0,0,0,0,1,0,8,2672,70,3,2,1,2,2,0,0
Carl Soderberg,COL,C,2016-10-22,false,FLA,2,1,3,2,0,0,0,0,0,0,8,5515,120,3,8,1,1,3,34,29
Devante Smith-Pelly,NJD,R,2016-10-22,false,MIN,0,0,-3,2,0,0,0,0,0,0,9,4581,99,7,2,3,3,1,4,5
Craig Smith,NSH,R,2016-10-26,false,ANA,1,0,-1,2,1,0,0,0,0,0,9,3978,93,4,0,9,2,0,5,7
Brendan Smith,DET,D,2016-10-21,false,NSH,0,0,-1,9,0,0,0,0,0,0,10,4987,121,5,7,3,4,0,0,0
Ben Smith,TOR,R,2016-10-25,false,TBL,0,0,-3,0,0,0,0,0,0,0,1,3292,83,2,1,1,2,0,27,23
Reilly Smith,FLA,R,2016-10-22,false,COL,0,1,-1,0,0,0,0,0,0,0,11,5951,130,1,2,4,3,6,1,0
Gemel Smith,DAL,C,2016-11-03,false,STL,0,0,-1,4,0,0,0,0,0,0,6,3346,91,2,2,2,1,1,10,8
Zack Smith,OTT,C,2016-10-22,false,TBL,2,1,1,6,0,0,1,0,0,0,8,5212,121,16,1,2,6,2,19,13
Anton Slepyshev,EDM,L,2016-11-08,false,PIT,1,0,1,2,0,0,0,0,0,0,8,3123,75,4,2,1,1,1,0,0
Jaccob Slavin,CAR,D,2016-10-22,false,PHI,0,1,-1,2,0,0,0,0,0,0,8,6602,138,3,12,0,3,3,0,0
Brady Skjei,NYR,D,2016-10-22,false,WSH,0,1,0,2,0,0,0,0,0,0,5,4325,103,13,5,4,4,0,0,0
Jeff Skinner,CAR,L,2016-10-22,false,PHI,2,4,-2,2,1,2,0,0,0,0,21,5299,119,3,1,4,2,2,2,5
Jack Skille,VAN,R,2016-10-28,false,EDM,0,0,-2,0,0,0,0,0,0,0,8,3329,77,8,3,0,2,0,0,0
Colton Sissons,NSH,C,2016-10-26,false,ANA,0,0,-1,0,0,0,0,0,0,0,4,3388,87,7,2,1,0,2,21,32
Wayne Simmonds,PHI,R,2016-10-22,false,CAR,4,1,0,8,3,0,0,0,0,0,14,6149,133,17,4,8,2,0,0,0
Jakob Silfverberg,ANA,R,2016-10-20,false,PHI,0,1,0,2,0,0,0,0,0,0,8,5906,141,3,3,2,1,3,1,1
Nick Shore,LAK,C,2016-10-22,false,VAN,0,0,-5,6,0,0,0,0,0,0,8,3748,95,3,0,2,1,1,28,29
Devin Shore,DAL,C,2016-10-22,false,CBJ,1,3,2,0,0,0,0,0,0,0,6,4562,110,3,6,5,0,4,28,35
Drew Shore,VAN,C,2017-03-23,false,STL,0,1,-2,4,0,0,0,0,0,0,4,3263,82,8,1,1,0,2,8,5
Conor Sheary,PIT,L,2016-11-05,false,SJS,1,4,5,0,0,0,0,0,0,0,5,3641,85,4,5,2,1,0,0,0
Riley Sheahan,DET,C,2016-10-21,false,NSH,0,1,-3,4,0,0,0,0,0,0,9,4353,108,1,2,1,0,1,4,5
Logan Shaw,ANA,C,2016-12-03,false,EDM,0,0,0,0,0,0,0,0,0,0,5,2030,59,4,3,2,0,1,8,18
Andrew Shaw,MTL,C,2016-10-22,false,BOS,1,0,4,10,0,0,0,0,0,0,7,4064,98,7,1,2,4,0,19,15
Kevin Shattenkirk,STL,D,2016-10-20,false,EDM,1,2,0,2,1,2,0,0,0,0,9,5809,130,5,5,2,2,2,0,0
Patrick Sharp,DAL,L,2016-11-19,false,EDM,0,1,-2,8,0,0,0,0,0,0,12,4679,108,7,3,6,1,0,3,4
Michael Sgarbossa,ANA,C,2016-11-02,false,PIT,0,1,-2,0,0,1,0,0,0,0,4,3001,75,3,2,4,1,0,17,20
Damon Severson,NJD,D,2016-10-22,false,MIN,0,2,-4,2,0,2,0,0,0,0,6,5870,123,4,6,2,6,2,0,0
Devin Setoguchi,LAK,R,2016-10-22,false,VAN,0,2,3,0,0,0,0,0,0,0,4,4000,92,3,0,5,3,3,1,0
Tom Sestito,PIT,L,2016-10-22,false,NSH,0,0,0,7,0,0,0,0,0,0,2,1662,43,11,1,0,0,0,0,0
Andrej Sekera,EDM,D,2016-10-20,false,STL,0,2,1,2,0,0,0,0,0,0,4,6587,140,3,11,6,4,4,0,0
Dennis Seidenberg,NYI,D,2016-10-21,false,ARI,1,0,5,2,0,0,0,0,0,0,6,5559,115,6,12,3,4,0,0,0
Tyler Seguin,DAL,C,2016-10-22,false,CBJ,2,3,-3,0,1,2,0,0,0,0,15,5639,128,3,0,11,5,1,34,29
Lukas Sedlak,CBJ,C,2016-10-28,false,ANA,0,2,2,0,0,0,0,0,0,0,8,3130,77,7,3,1,2,3,11,14
Daniel Sedin,VAN,L,2016-10-22,false,LAK,2,2,-2,2,1,1,0,0,1,0,12,5800,123,2,2,5,0,0,0,0
Henrik Sedin,VAN,C,2016-10-22,false,LAK,2,2,-3,2,1,1,0,0,1,1,8,5890,119,1,1,4,4,1,40,34
Brent Seabrook,CHI,D,2016-10-21,false,CBJ,1,4,2,2,1,1,0,0,0,0,9,6997,147,8,5,3,7,0,0,0
Jaden Schwartz,STL,L,2016-10-29,false,LAK,1,1,0,0,0,0,0,0,1,0,10,5938,132,4,3,5,1,4,22,13
Justin Schultz,PIT,D,2016-10-20,false,SJS,0,1,-1,4,0,1,0,0,0,0,12,5320,126,3,3,1,2,0,0,0
Nick Schultz,PHI,D,2016-10-22,false,CAR,0,3,2,0,0,0,0,0,0,0,2,5269,130,8,13,2,3,1,0,0
Jordan Schroeder,MIN,C,2016-12-27,false,NSH,1,2,1,0,0,0,0,0,0,0,9,2642,66,5,3,1,0,0,0,0
Nate Schmidt,WSH,D,2016-10-22,false,NYR,0,1,1,2,0,0,0,0,0,0,5,4280,92,5,2,1,5,3,0,0
Nick Schmaltz,CHI,C,2016-10-21,false,CBJ,1,0,-1,2,0,0,0,0,0,0,2,3579,86,3,2,1,3,2,17,28
Jordan Schmaltz,STL,D,2017-04-02,false,NSH,0,1,2,2,0,0,0,0,0,0,3,4272,109,3,4,1,2,0,0,0
David Schlemko,SJS,D,2016-10-20,false,PIT,0,0,2,2,0,0,0,0,0,0,7,5000,110,4,6,3,3,2,0,0
Luke Schenn,ARI,D,2016-10-23,false,NYR,0,0,-2,0,0,0,0,0,0,0,5,4977,113,14,4,1,2,1,0,0
Brayden Schenn,PHI,C,2016-10-27,false,ARI,2,3,-3,9,2,2,0,0,0,0,9,5510,117,11,1,7,3,0,1,2
Mark Scheifele,WPG,C,2016-10-23,false,EDM,3,3,2,4,0,0,0,0,1,1,15,6612,128,6,4,2,2,6,50,63
Tim Schaller,BOS,C,2016-10-26,false,NYR,0,2,0,7,0,0,0,0,0,0,8,3274,78,4,2,6,4,1,6,3
Colton Sceviour,FLA,C,2016-10-22,false,COL,2,0,-1,0,0,0,1,0,1,0,14,3796,87,3,1,2,1,1,1,0
Marco Scandella,MIN,D,2016-10-23,false,NYI,0,0,-6,0,0,0,0,0,0,0,6,5641,127,3,5,3,3,0,0,0
Luca Sbisa,VAN,D,2016-10-22,false,LAK,0,1,0,2,0,0,0,0,0,0,1,4877,112,8,8,1,5,1,0,0
David Savard,CBJ,D,2016-10-25,false,LAK,0,2,-2,4,0,0,0,0,0,0,6,7028,145,10,12,11,2,0,0,0
Steven Santini,NJD,D,2017-01-09,false,FLA,0,2,5,0,0,0,0,0,0,0,4,4373,101,16,4,2,0,0,0,0
Zach Sanford,WSH,L,2016-10-29,false,VAN,0,0,-1,2,0,0,0,0,0,0,5,3280,73,4,0,2,3,1,4,0
Miikka Salomaki,NSH,R,2017-04-08,false,WPG,0,0,-1,2,0,0,0,0,0,0,3,3664,84,14,9,2,0,1,0,0
Brandon Saad,CBJ,L,2016-10-25,false,LAK,1,1,1,0,0,0,0,0,0,0,15,5019,115,3,2,4,0,2,1,1
Bobby Ryan,OTT,R,2016-10-22,false,TBL,2,1,0,2,1,0,0,0,0,0,11,4734,103,7,3,1,6,1,0,0
Derek Ryan,CAR,C,2016-11-22,false,TOR,0,1,-1,2,0,1,0,0,0,0,3,3996,92,5,2,4,3,2,28,19
Bryan Rust,PIT,R,2016-10-27,false,NYI,0,0,-4,0,0,0,0,0,0,0,7,3476,92,8,2,2,0,1,0,0
Robbie Russo,DET,D,2017-03-15,false,COL,0,0,-3,0,0,0,0,0,0,0,2,4703,101,6,4,3,5,0,0,0
Kris Russell,EDM,D,2016-10-20,false,STL,0,3,6,0,0,0,0,0,0,0,8,6531,145,4,19,1,2,4,0,0
Chad Ruhwedel,PIT,D,2016-12-31,false,MTL,1,1,3,0,0,0,0,0,0,0,8,5178,122,4,2,3,3,0,0,0
Michal Rozsival,CHI,D,2016-11-19,false,VAN,0,1,1,2,0,0,0,0,0,0,4,4791,111,14,8,3,1,0,0,0
Carter Rowney,PIT,R,2017-02-09,false,COL,0,1,0,0,0,0,0,0,0,0,4,3201,74,8,4,4,1,2,20,19
Antoine Roussel,DAL,L,2016-10-22,false,CBJ,1,2,3,18,0,0,0,0,1,0,8,4200,112,3,3,4,3,1,0,0
Evan Rodrigues,BUF,L,2017-02-14,false,OTT,0,1,-1,0,0,0,0,0,0,0,5,3485,80,2,1,0,1,1,9,15
Brett Ritchie,DAL,R,2016-10-22,false,CBJ,1,1,2,2,0,0,0,0,0,0,8,4264,104,5,1,3,0,1,0,0
Nick Ritchie,ANA,L,2016-10-20,false,PHI,0,1,0,6,0,0,0,0,0,0,12,4916,115,20,2,10,0,0,1,1
Rasmus Ristolainen,BUF,D,2016-10-25,false,PHI,0,6,-2,4,0,5,0,0,0,0,7,7488,162,8,9,8,3,1,0,0
Morgan Rielly,TOR,D,2016-10-22,false,CHI,0,3,0,2,0,0,0,0,0,0,4,7007,170,2,13,6,6,0,0,0
Tobias Rieder,ARI,R,2016-10-23,false,NYR,1,1,0,0,0,0,0,0,0,0,8,4689,106,3,2,2,2,1,0,0
Mike Ribeiro,NSH,C,2016-10-22,false,PIT,1,2,-1,4,1,1,0,0,0,0,4,4468,99,3,1,0,3,0,20,23
Sam Reinhart,BUF,C,2016-10-25,false,PHI,0,2,1,2,0,1,0,0,0,0,11,5501,116,2,1,4,4,0,15,16
Mike Reilly,MIN,D,2016-11-13,false,OTT,0,0,-1,0,0,0,0,0,0,0,6,3700,78,0,1,6,3,0,0,0
Zach Redmond,MTL,D,2016-12-20,false,ANA,0,4,5,2,0,0,0,0,0,0,4,4218,91,13,8,1,5,2,0,0
Ryan Reaves,STL,R,2016-10-20,false,EDM,0,0,-2,0,0,0,0,0,0,0,3,1852,54,12,0,1,0,1,0,0
Matt Read,PHI,R,2016-10-22,false,CAR,5,0,1,0,1,0,0,0,0,0,15,4325,104,8,4,1,2,2,0,2
Ty Rattie,CAR,R,2017-01-05,false,STL,0,0,0,0,0,0,0,0,0,0,3,2539,60,4,2,1,0,1,0,0
Dennis Rasmussen,CHI,C,2016-10-24,false,CGY,1,0,0,0,0,0,0,0,0,0,8,3155,88,4,6,3,1,3,2,3
Victor Rask,CAR,C,2016-10-22,false,PHI,3,3,1,0,2,0,0,0,0,0,13,5485,132,3,1,3,2,2,38,47
Mikko Rantanen,COL,R,2016-11-05,false,MIN,0,1,-5,0,0,1,0,0,0,0,12,5231,111,0,3,2,0,2,6,1
Rickard Rakell,ANA,C,2016-11-09,false,CBJ,4,3,2,0,0,2,0,0,2,0,17,5174,118,9,2,4,2,1,9,6
Michael Raffl,PHI,L,2016-11-05,false,MTL,1,0,1,0,0,0,0,0,0,0,6,3736,87,9,2,6,1,0,0,0
Alexander Radulov,MTL,R,2016-10-22,false,BOS,1,1,0,14,1,0,0,0,0,0,10,5160,115,3,3,4,4,5,0,0
Alan Quine,NYI,C,2016-10-26,false,MTL,1,0,1,0,0,0,0,0,1,0,4,2702,68,9,2,0,2,2,7,3
Kyle Quincey,NJD,D,2016-10-22,false,MIN,0,0,0,4,0,0,0,0,0,0,6,5220,126,10,4,1,2,1,0,0
John Quenneville,NJD,C,2017-03-19,false,CBJ,0,1,0,2,0,0,0,0,0,0,9,3742,90,7,2,4,1,1,0,0
Mark Pysyk,FLA,D,2016-10-22,false,COL,0,0,2,2,0,0,0,0,0,0,2,4513,86,1,4,4,1,2,0,0
Tom Pyatt,OTT,L,2016-10-22,false,TBL,2,1,3,0,0,0,0,1,0,0,9,4732,121,4,3,4,1,3,2,2
Teemu Pulkkinen,MIN,L,2016-10-22,false,NJD,1,0,1,0,0,0,0,0,0,0,3,2512,66,0,1,2,0,1,0,0
Jesse Puljujarvi,EDM,R,2016-10-26,false,WSH,1,1,1,0,1,0,0,0,0,0,12,3466,75,2,0,4,4,5,0,0
Matt Puempel,OTT,L,2016-11-01,false,CAR,0,0,-1,5,0,0,0,0,0,0,6,2662,65,1,2,2,0,2,0,1
Ivan Provorov,PHI,D,2016-10-22,false,CAR,0,3,-3,2,0,0,0,0,0,0,2,6012,140,9,10,3,6,1,0,0
Dalton Prout,CBJ,D,2016-10-28,false,ANA,0,0,0,6,0,0,0,0,0,0,1,4324,103,9,6,2,2,1,0,0
Nate Prosser,MIN,D,2016-10-29,false,DAL,0,1,1,0,0,0,0,0,0,0,5,4443,103,4,9,2,2,0,0,0
Shane Prince,NYI,L,2016-11-01,false,TBL,2,2,-1,4,1,0,0,0,0,0,9,3694,89,8,0,2,0,0,1,1
Benoit Pouliot,EDM,L,2016-10-20,false,STL,1,0,-1,12,0,0,0,0,0,0,5,3996,106,3,5,8,4,2,0,1
Derrick Pouliot,PIT,D,2016-12-22,false,CBJ,0,0,-3,4,0,0,0,0,0,0,6,4406,100,7,4,1,1,0,0,0
Paul Postma,WPG,D,2016-10-23,false,EDM,0,0,-2,0,0,0,0,0,0,0,3,2742,62,1,4,0,1,1,0,0
Jason Pominville,MIN,R,2016-10-22,false,NJD,1,1,1,0,0,0,0,0,0,0,9,4396,106,3,3,2,1,3,2,2
Roman Polak,TOR,D,2016-10-29,false,MTL,1,0,1,4,0,0,0,0,0,0,4,5311,123,14,12,3,2,0,0,0
Brayden Point,TBL,C,2016-10-22,false,OTT,0,2,2,0,0,0,0,0,0,0,13,4572,89,4,1,2,1,2,2,0
Tomas Plekanec,MTL,C,2016-10-22,false,BOS,0,3,-1,2,0,2,0,0,0,0,11,5400,132,3,4,4,3,2,44,59
Brandon Pirri,NYR,R,2016-10-22,false,WSH,2,1,2,0,1,0,0,0,1,0,5,3220,71,2,2,5,2,3,5,7
Alex Pietrangelo,STL,D,2016-10-20,false,EDM,1,1,1,0,1,1,0,0,1,0,10,8101,157,4,10,3,3,4,0,0
Blake Pietila,NJD,L,2017-03-17,false,PIT,0,0,-6,4,0,0,0,0,0,0,3,3666,82,9,2,1,0,1,16,15
Dion Phaneuf,OTT,D,2016-10-22,false,TBL,0,0,-5,15,0,0,0,0,0,0,14,6456,161,15,14,3,3,0,0,0
Jeff Petry,MTL,D,2016-10-24,false,PHI,2,2,1,2,1,0,0,0,0,0,7,6348,136,14,8,2,4,0,0,0
Alex Petrovic,FLA,D,2016-10-22,false,COL,0,2,2,0,0,0,0,0,0,0,5,4843,94,8,1,5,1,3,0,0
Nic Petan,WPG,L,2016-11-11,false,COL,0,3,-2,0,0,2,0,0,0,0,9,4863,102,1,1,3,2,2,24,16
Brett Pesce,CAR,D,2016-10-22,false,PHI,0,0,-1,2,0,0,0,0,0,0,6,6147,134,1,13,3,2,3,0,0
Corey Perry,ANA,R,2016-10-20,false,PHI,2,1,-1,10,0,1,0,0,0,0,20,6154,128,7,1,4,0,2,0,0
David Perron,STL,L,2016-10-20,false,EDM,0,0,-2,2,0,0,0,0,0,0,8,5552,138,5,2,3,1,2,3,3
Mathieu Perreault,WPG,C,2016-10-23,false,EDM,1,1,-3,2,0,0,0,0,0,0,12,5328,105,12,0,4,2,5,44,36
Brendan Perlini,ARI,L,2016-12-12,false,PIT,1,0,-2,4,0,0,0,0,0,0,6,4422,97,5,0,6,0,2,1,0
Adam Pelech,NYI,D,2016-11-18,false,PIT,0,1,-3,0,0,0,0,0,0,0,4,4478,95,6,8,5,3,2,0,0
Matthew Peca,TBL,C,2017-01-05,false,NSH,1,1,-1,0,0,0,0,0,0,0,6,3830,87,8,1,5,1,0,25,25
Tanner Pearson,LAK,L,2016-10-27,false,NSH,4,2,3,0,1,0,0,0,0,0,17,4852,110,5,1,7,2,2,0,1
Joe Pavelski,SJS,C,2016-10-20,false,PIT,2,5,3,4,0,2,0,0,1,0,20,5693,124,11,11,11,3,3,27,28
Greg Pateryn,MTL,D,2016-10-26,false,NYI,0,1,1,0,0,0,0,0,0,0,5,4605,106,3,9,1,2,3,0,0
David Pastrnak,BOS,R,2016-10-22,false,MTL,4,3,9,0,1,0,0,0,1,0,21,4897,101,6,2,4,3,0,0,1
Zach Parise,MIN,L,2016-10-22,false,NJD,0,3,-3,6,0,1,0,0,0,0,15,5287,129,5,6,6,2,5,0,0
PA Parenteau,NJD,R,2016-10-22,false,MIN,2,1,0,2,0,0,0,0,0,0,11,4093,93,6,0,0,4,4,0,0
Colton Parayko,STL,D,2016-10-20,false,EDM,0,2,-2,8,0,0,0,0,0,0,8,6152,147,3,14,3,5,2,0,0
Cedric Paquette,TBL,C,2016-10-22,false,OTT,1,1,1,2,0,0,0,0,0,0,5,2759,69,11,2,1,0,3,0,2
Richard Panik,CHI,R,2016-10-21,false,CBJ,5,2,2,2,2,0,0,0,1,0,7,4761,107,13,0,5,2,1,0,2
Artemi Panarin,CHI,L,2016-10-21,false,CBJ,2,1,1,0,1,0,0,0,0,0,9,6270,122,2,0,5,3,3,0,0
Kyle Palmieri,NJD,R,2016-10-22,false,MIN,2,1,-1,4,1,1,0,0,0,0,13,4901,109,9,0,4,5,2,1,4
Ondrej Palat,TBL,L,2016-10-22,false,OTT,1,3,-3,7,0,2,0,0,0,0,9,5238,109,9,2,4,1,6,0,0
Iiro Pakarinen,EDM,R,2017-02-22,false,FLA,1,2,2,0,0,0,0,0,0,0,6,2433,68,17,5,1,0,0,0,0
Jean-Gabriel Pageau,OTT,C,2016-10-22,false,TBL,0,1,2,0,0,0,0,0,0,0,10,4703,118,10,8,3,3,3,30,26
Max Pacioretty,MTL,L,2016-10-22,false,BOS,1,4,6,6,0,0,0,0,1,0,14,5220,123,8,1,13,3,2,0,0
Magnus Paajarvi,STL,L,2017-02-09,false,TOR,2,1,2,0,0,0,0,0,2,0,8,3361,89,2,4,2,0,2,1,1
Alex Ovechkin,WSH,L,2016-10-22,false,NYR,3,1,2,6,1,0,0,0,2,0,21,5772,109,12,0,5,5,6,0,0
Xavier Ouellet,DET,D,2016-10-30,false,FLA,0,1,2,0,0,0,0,0,0,0,6,4374,98,3,3,1,0,1,0,0
Steve Ott,DET,C,2016-10-27,false,STL,0,1,2,10,0,0,0,0,0,0,7,3074,80,13,1,0,0,0,13,7
T.J. Oshie,WSH,R,2016-10-22,false,NYR,2,0,2,2,1,0,0,0,0,0,12,5333,111,5,3,3,6,5,6,6
Brooks Orpik,WSH,D,2016-10-22,false,NYR,0,2,5,0,0,0,0,0,0,0,4,4894,101,12,13,2,5,2,0,0
Dmitry Orlov,WSH,D,2016-10-22,false,NYR,0,2,1,0,0,1,0,0,0,0,7,5972,114,7,4,1,4,3,0,0
Gustav Olofsson,MIN,D,2017-02-14,false,ANA,0,2,-1,0,0,1,0,0,0,0,3,4134,85,4,8,2,0,2,0,0
Steve Oleksy,PIT,D,2016-12-27,false,NJD,0,1,-1,16,0,0,0,0,0,0,5,4250,106,10,4,2,0,0,0,0
Jamie Oleksiak,DAL,D,2016-11-13,false,VAN,0,0,0,7,0,0,0,0,0,0,1,4079,98,4,2,1,1,0,0,0
Kyle Okposo,BUF,R,2016-10-27,false,MIN,1,3,0,0,0,3,0,0,0,0,12,5774,115,4,0,7,2,0,1,3
Johnny Oduya,DAL,D,2016-10-22,false,CBJ,0,1,0,2,0,0,0,0,0,0,7,5679,132,2,12,2,4,0,0,0
Ryan O'Reilly,BUF,C,2016-10-25,false,PHI,3,3,0,0,2,2,0,0,1,0,16,6856,135,1,2,6,5,3,63,46
Cal O'Reilly,BUF,C,2017-01-16,false,DAL,0,0,-1,0,0,0,0,0,0,0,1,3116,68,0,2,0,1,2,21,22
Gustav Nyquist,DET,R,2016-10-21,false,NSH,1,4,3,0,0,1,0,0,1,0,8,4360,95,5,0,4,2,5,1,0
William Nylander,TOR,C,2016-10-22,false,CHI,3,4,3,2,2,2,0,0,0,0,19,4668,104,1,3,3,0,4,8,15
Markus Nutivaara,CBJ,D,2016-10-25,false,LAK,0,0,-2,0,0,0,0,0,0,0,1,3777,88,3,1,0,1,0,0,0
Darnell Nurse,EDM,D,2016-10-20,false,STL,0,2,-2,2,0,0,0,0,0,0,4,5317,120,9,7,3,4,1,0,0
Ryan Nugent-Hopkins,EDM,C,2016-10-20,false,STL,0,1,-1,2,0,0,0,0,0,0,11,5283,122,5,0,3,1,3,30,45
Tomas Nosek,DET,L,2017-03-28,false,CAR,1,0,2,2,0,0,0,0,0,0,11,3080,74,8,2,2,0,4,16,13
Joakim Nordstrom,CAR,L,2016-10-22,false,PHI,0,2,-3,2,0,0,0,0,0,0,8,4456,113,6,5,2,2,2,0,1
Jordan Nolan,LAK,C,2016-11-01,false,ANA,0,0,-3,11,0,0,0,0,0,0,3,2596,61,6,0,1,1,0,0,0
Nelson Nogier,WPG,D,2017-03-28,false,NJD,0,0,-1,0,0,0,0,0,0,0,6,3701,84,9,2,0,2,0,0,0
Stefan Noesen,ANA,R,2016-12-15,false,BOS,1,0,1,2,0,0,0,0,0,0,6,2080,56,6,0,1,1,0,12,18
Matt Niskanen,WSH,D,2016-10-22,false,NYR,0,3,1,2,0,0,0,0,0,0,9,6660,135,10,10,5,6,4,0,0
Matt Nieto,SJS,L,2016-10-22,false,DET,0,0,-2,0,0,0,0,0,0,0,7,3599,86,3,3,4,0,2,0,2
Frans Nielsen,DET,C,2016-10-21,false,NSH,1,2,-1,0,0,2,0,0,0,0,9,5167,124,4,2,2,1,0,33,46
Nino Niederreiter,MIN,R,2016-10-22,false,NJD,0,2,3,2,0,0,0,0,0,0,5,3691,89,13,1,2,2,0,0,1
Andrej Nestrasil,CAR,C,2016-11-05,false,NSH,0,1,-3,0,0,0,0,0,0,0,7,3688,83,6,2,1,2,0,2,2
Nikita Nesterov,TBL,D,2016-10-22,false,OTT,0,0,0,4,0,0,0,0,0,0,8,4986,108,8,2,4,1,0,0,0
Patrik Nemeth,DAL,D,2016-10-27,false,WPG,0,0,1,2,0,0,0,0,0,0,3,5581,121,8,7,1,3,1,0,0
Brock Nelson,NYI,C,2016-10-21,false,ARI,2,3,1,2,0,1,0,1,0,0,8,4714,123,3,6,3,0,4,32,40
Casey Nelson,BUF,D,2016-11-09,false,OTT,0,0,-1,0,0,0,0,0,0,0,6,3912,97,8,2,1,1,0,0,0
Chris Neil,OTT,R,2016-10-22,false,TBL,1,0,-2,11,0,0,0,0,0,0,8,2207,65,6,4,1,2,0,0,0
James Neal,NSH,L,2016-10-22,false,PIT,0,1,-4,7,0,0,0,0,0,0,23,6354,129,4,1,5,3,0,1,0
Rick Nash,NYR,R,2016-10-22,false,WSH,2,1,-3,0,0,1,0,0,0,0,17,4998,122,3,5,2,3,4,0,0
Riley Nash,BOS,C,2016-10-22,false,MTL,0,0,-1,2,0,0,0,0,0,0,6,4191,96,1,2,4,0,4,28,27
Vladislav Namestnikov,TBL,C,2016-10-22,false,OTT,1,1,-3,2,1,1,0,0,0,0,6,4580,91,3,2,3,1,2,5,3
Jake Muzzin,LAK,D,2016-10-22,false,VAN,0,0,-3,6,0,0,0,0,0,0,8,7254,165,9,8,5,3,3,0,0
Ryan Murray,CBJ,D,2016-11-05,false,STL,0,0,-1,2,0,0,0,0,0,0,4,5025,123,3,9,0,0,0,0,0
Ryan Murphy,CAR,D,2016-12-28,false,PIT,0,2,-5,0,0,0,0,0,0,0,1,4261,101,1,7,2,2,3,0,0
Connor Murphy,ARI,D,2016-10-23,false,NYR,0,3,-1,4,0,0,0,0,0,0,4,6571,140,10,10,1,0,0,0,0
Matt Moulson,BUF,L,2016-10-25,false,PHI,4,0,-1,0,4,0,0,0,0,0,15,3955,92,5,3,3,0,2,0,0
Tyler Motte,CHI,L,2016-10-21,false,CBJ,1,2,2,4,0,0,0,0,0,0,8,4165,110,6,6,3,0,5,0,1
Joe Morrow,BOS,D,2016-11-19,false,WPG,0,1,0,4,0,0,0,0,0,0,7,4511,99,6,5,4,1,0,0,0
Josh Morrissey,WPG,D,2016-10-23,false,EDM,0,1,1,0,0,0,0,0,0,0,9,5383,118,9,5,1,2,0,0,0
Dominic Moore,BOS,C,2016-10-22,false,MTL,2,0,1,4,0,0,0,0,0,0,8,3697,95,2,3,1,1,0,17,15
John Moore,NJD,D,2016-10-22,false,MIN,0,1,0,8,0,0,0,0,0,0,6,5586,126,3,6,3,1,0,0,0
Brandon Montour,ANA,D,2017-01-08,false,MIN,0,0,1,2,0,0,0,0,0,0,8,4539,88,1,3,2,4,0,0,0
Sean Monahan,CGY,C,2016-10-20,false,CAR,2,0,-2,2,0,0,0,0,1,1,10,5936,125,3,3,5,5,4,54,53
Griffen Molino,VAN,C,2017-04-08,false,EDM,0,0,-2,0,0,0,0,0,0,0,3,3176,75,1,1,3,1,0,0,0
Torrey Mitchell,MTL,C,2016-10-22,false,BOS,3,0,5,2,0,0,0,0,1,0,4,3683,98,0,2,3,0,2,32,20
John Mitchell,COL,C,2016-11-05,false,MIN,0,0,0,2,0,0,0,0,0,0,3,2745,70,3,1,1,0,1,15,14
Zack Mitchell,MIN,R,2016-11-19,false,COL,0,0,0,0,0,0,0,0,0,0,6,2455,63,9,2,4,1,0,1,1
Drew Miller,DET,L,2016-10-21,false,NSH,2,0,2,0,0,0,0,0,1,0,5,3988,98,6,6,1,0,2,1,0
Kevan Miller,BOS,D,2016-12-01,false,CAR,0,0,-2,0,0,0,0,0,0,0,6,5923,131,16,4,3,1,0,0,0
J.T. Miller,NYR,L,2016-10-22,false,WSH,1,2,1,6,0,0,0,0,0,0,10,4346,104,8,5,2,2,2,7,9
Colin Miller,BOS,D,2016-10-22,false,MTL,0,1,-4,2,0,0,0,0,0,0,6,5058,120,6,4,8,3,0,0,0
Marc Methot,OTT,D,2016-10-22,false,TBL,0,1,7,4,0,0,0,0,0,0,7,5937,152,12,7,0,4,0,0,0
Jon Merrill,NJD,D,2016-11-29,false,WPG,0,0,-4,4,0,0,0,0,0,0,2,4270,101,6,2,3,3,0,0,0
Julian Melchiori,WPG,D,2017-02-21,false,TOR,0,0,-2,0,0,0,0,0,0,0,2,4629,103,7,7,2,4,0,0,0
Timo Meier,SJS,R,2016-12-27,false,ANA,1,0,-1,4,0,0,0,0,1,0,19,3614,95,12,0,3,5,4,0,0
Jayson Megna,VAN,C,2016-11-25,false,DAL,1,0,-1,2,0,0,0,0,0,0,3,2863,69,8,0,0,0,1,0,0
Adam McQuaid,BOS,D,2016-11-03,false,TBL,0,0,-5,11,0,0,0,0,0,0,7,5411,132,9,6,2,2,0,0,0
Brayden McNabb,LAK,D,2016-10-22,false,VAN,2,0,2,11,0,0,0,0,0,0,4,6017,142,8,4,4,4,0,0,0
Cody McLeod,COL,L,2016-11-08,false,ARI,0,0,0,12,0,0,0,0,0,0,2,2126,51,7,0,0,0,0,0,0
Curtis McKenzie,DAL,L,2016-10-27,false,WPG,0,2,1,0,0,0,0,0,0,0,4,2750,70,3,1,2,0,0,1,1
Greg McKegg,FLA,C,2016-10-22,false,COL,0,2,1,2,0,0,0,0,0,0,3,3158,79,7,0,2,1,2,2,2
Dylan McIlrath,FLA,D,2016-12-15,false,WPG,1,0,-2,14,0,0,0,0,0,0,2,2897,64,13,4,3,3,1,0,0
Jamie McGinn,ARI,L,2016-11-03,false,NSH,2,1,0,6,0,0,0,0,1,0,10,3970,100,9,4,1,2,0,0,0
Brock McGinn,CAR,L,2016-11-22,false,TOR,0,0,-1,0,0,0,0,0,0,0,4,3018,75,7,2,0,2,4,0,2
Ryan McDonagh,NYR,D,2016-10-22,false,WSH,0,4,2,2,0,1,0,0,0,0,11,7757,160,6,7,3,4,1,0,0
Connor McDavid,EDM,C,2016-10-20,false,STL,4,4,5,4,0,2,0,0,1,0,15,6410,135,1,1,7,5,3,30,38
Max McCormick,OTT,R,2016-12-01,false,PHI,0,0,-2,0,0,0,0,0,0,0,5,2117,55,10,1,1,0,1,12,9
Jay McClement,CAR,C,2016-10-22,false,PHI,0,0,-4,0,0,0,0,0,0,0,4,3690,97,3,1,3,0,4,20,17
Michael McCarron,MTL,R,2016-12-23,false,CBJ,0,2,2,2,0,0,0,0,0,0,8,3314,80,18,2,2,2,2,14,16
Jared McCann,FLA,C,2016-10-22,false,COL,0,0,-1,0,0,0,0,0,0,0,5,2864,68,4,0,2,2,4,4,7
Jake McCabe,BUF,D,2016-10-25,false,PHI,0,1,0,4,0,0,0,0,0,0,0,5729,135,5,5,2,2,0,0,0
Scott Mayfield,NYI,D,2017-01-19,false,DAL,1,3,4,19,0,0,0,0,0,0,5,3805,81,3,8,1,2,1,0,0
Shawn Matthias,WPG,L,2016-10-23,false,EDM,1,1,1,4,0,0,0,0,0,0,4,3616,88,3,2,4,2,0,0,0
Auston Matthews,TOR,C,2016-10-22,false,CHI,5,3,2,0,1,2,0,0,0,0,22,5115,106,0,3,2,5,3,20,27
Michael Matheson,FLA,D,2016-10-22,false,COL,2,1,5,0,0,0,0,0,0,0,13,6067,106,3,4,3,4,5,0,0
Andreas Martinsen,COL,L,2016-10-22,false,FLA,1,0,1,4,0,0,0,0,0,0,5,3638,95,12,3,2,0,4,1,0
Jordan Martinook,ARI,L,2016-10-23,false,NYR,2,2,-1,4,0,0,0,1,0,0,10,4245,102,3,3,3,1,2,0,3
Alec Martinez,LAK,D,2016-10-22,false,VAN,1,3,1,0,0,1,0,0,1,1,10,6688,163,9,11,9,3,0,0,0
Paul Martin,SJS,D,2016-10-20,false,PIT,0,1,0,2,0,0,0,0,0,0,3,5602,124,3,9,1,2,1,0,0
Matt Martin,TOR,L,2016-10-22,false,CHI,0,0,-1,12,0,0,0,0,0,0,7,3202,83,20,2,3,1,1,0,3
Patrick Maroon,EDM,L,2016-10-20,false,STL,1,0,0,6,0,0,0,0,0,0,13,4641,106,9,0,2,3,0,0,1
Mitchell Marner,TOR,C,2016-10-22,false,CHI,1,2,-2,6,0,0,0,0,1,0,14,4909,108,2,9,3,1,4,0,0
Patrick Marleau,SJS,L,2016-10-20,false,PIT,2,0,-2,0,1,0,0,0,1,0,17,5068,105,5,1,1,1,2,1,2
Andrei Markov,MTL,D,2016-10-22,false,BOS,0,3,2,0,0,1,0,1,0,0,10,6472,136,2,7,4,1,2,0,0
Martin Marincin,TOR,D,2016-10-29,false,MTL,0,1,-3,0,0,0,0,0,0,0,10,6047,134,3,7,7,1,2,0,0
Jonathan Marchessault,FLA,C,2016-10-22,false,COL,3,4,5,0,0,2,0,0,1,0,16,5457,111,6,1,7,4,4,20,14
Alexey Marchenko,DET,D,2016-10-21,false,NSH,0,1,-1,4,0,0,0,0,0,0,6,5810,137,1,7,4,5,0,0,0
Brad Marchand,BOS,L,2016-10-22,false,MTL,3,6,9,6,0,1,0,0,1,0,13,5658,117,3,2,4,3,6,3,1
Anthony Mantha,DET,R,2016-11-23,false,BUF,1,1,0,0,0,1,0,0,0,0,10,4868,104,4,5,3,3,2,1,0
Josh Manson,ANA,D,2016-10-20,false,PHI,0,0,0,6,0,0,0,0,0,0,4,5560,126,16,3,1,6,2,0,0
Brandon Manning,PHI,D,2016-10-22,false,CAR,1,3,5,4,0,0,0,0,0,0,7,5246,128,19,3,1,3,0,0,0
Evgeni Malkin,PIT,C,2016-10-20,false,SJS,2,3,0,8,0,2,0,0,0,0,13,6110,139,3,3,3,7,3,48,54
Denis Malgin,FLA,C,2016-10-22,false,COL,0,1,-1,2,0,0,0,0,0,0,9,3231,75,5,2,1,1,4,8,18
Nathan MacKinnon,COL,C,2016-10-22,false,FLA,1,4,1,0,0,2,0,0,0,0,13,5557,125,3,0,6,4,3,45,45
Derek MacKenzie,FLA,C,2016-10-22,false,COL,0,2,4,0,0,0,0,1,0,0,3,3690,95,6,1,1,2,4,28,27
Andrew MacDonald,PHI,D,2016-10-22,false,CAR,0,1,0,4,0,0,0,0,0,0,3,5708,139,3,6,0,2,0,0,0
Olli Maatta,PIT,D,2016-10-20,false,SJS,0,0,-1,4,0,0,0,0,0,0,7,4156,107,2,8,2,1,0,0,0
Roman Lyubimov,PHI,L,2016-10-27,false,ARI,0,0,-1,0,0,0,0,0,0,0,5,2399,63,5,2,1,0,1,0,0
Milan Lucic,EDM,L,2016-10-20,false,STL,2,2,3,5,0,1,0,0,1,0,11,5604,122,16,1,5,7,4,0,1
Adam Lowry,WPG,C,2016-10-23,false,EDM,0,0,-2,2,0,0,0,0,0,0,4,4242,102,10,6,2,2,1,32,39
Ben Lovejoy,NJD,D,2016-10-22,false,MIN,0,0,-2,0,0,0,0,0,0,0,6,6008,127,11,11,2,1,0,0,0
Bryan Little,WPG,C,2016-12-04,false,CHI,3,2,4,0,1,0,0,0,1,1,10,4389,108,2,3,3,1,3,44,37
Anton Lindholm,COL,D,2017-03-23,false,EDM,0,0,-4,0,0,0,0,0,0,0,1,4543,101,14,4,2,2,0,0,0
Hampus Lindholm,ANA,D,2016-11-17,false,NJD,0,0,3,2,0,0,0,0,0,0,8,6084,123,5,2,5,4,5,0,0
Elias Lindholm,CAR,C,2016-10-22,false,PHI,0,1,-3,0,0,1,0,0,0,0,11,5448,123,10,6,5,1,2,35,25
Esa Lindell,DAL,D,2016-10-29,false,MIN,0,0,-1,0,0,0,0,0,0,0,5,5581,117,4,4,3,0,2,0,1
Petteri Lindbohm,STL,D,2016-11-17,false,SJS,0,0,-3,4,0,0,0,0,0,0,9,3803,94,9,3,2,1,1,0,0
Oscar Lindberg,NYR,C,2016-11-13,false,EDM,0,0,0,2,0,0,0,0,0,0,5,3047,80,4,3,1,0,0,19,13
John-Michael Liles,BOS,D,2016-10-22,false,MTL,0,2,-2,0,0,1,0,0,0,0,4,5083,117,2,11,2,0,0,0,0
Trevor Lewis,LAK,C,2016-10-22,false,VAN,0,0,-7,0,0,0,0,0,0,0,7,3921,90,11,2,6,0,3,1,1
Mark Letestu,EDM,C,2016-10-20,false,STL,1,2,-1,0,0,0,1,0,1,0,6,3975,112,5,2,1,0,3,26,37
Kris Letang,PIT,D,2016-11-02,false,ANA,1,3,1,4,1,2,0,0,0,0,22,7677,151,10,7,7,4,2,0,0
Josh Leivo,TOR,L,2017-02-14,false,NYI,1,2,3,2,0,1,0,0,0,0,8,2927,77,2,0,3,0,1,1,0
Jori Lehtera,STL,C,2016-10-29,false,LAK,0,1,2,0,0,0,0,0,0,0,7,4580,120,3,2,0,1,0,24,20
Artturi Lehkonen,MTL,L,2016-10-22,false,BOS,2,0,0,0,0,0,0,0,0,0,14,4168,104,9,2,3,2,3,0,0
Anders Lee,NYI,L,2016-10-21,false,ARI,1,0,-1,2,0,0,0,0,0,0,6,3670,95,12,3,6,0,1,0,1
Nick Leddy,NYI,D,2016-10-23,false,MIN,1,1,-6,0,0,0,0,0,0,0,8,7025,123,5,10,1,1,0,0,0
Curtis Lazar,OTT,C,2016-11-27,false,NYR,0,0,0,2,0,0,0,0,0,0,6,3355,80,9,3,1,2,1,3,10
Adam Larsson,EDM,D,2016-10-20,false,STL,0,1,0,4,0,0,0,0,0,0,4,6157,141,10,8,1,6,2,0,0
Philip Larsen,VAN,D,2016-10-22,false,LAK,0,2,-3,0,0,2,0,0,0,0,12,5429,109,2,2,8,0,1,0,0
Dylan Larkin,DET,C,2016-10-21,false,NSH,0,1,-5,9,0,0,0,0,0,0,13,4739,98,4,2,3,2,4,30,36
Nick Lappin,NJD,R,2016-11-06,false,CAR,0,2,1,0,0,0,0,0,0,0,7,3360,77,2,0,0,0,3,0,1
Gabriel Landeskog,COL,L,2016-10-22,false,FLA,2,1,0,2,1,0,0,0,1,1,8,5458,124,10,0,4,3,5,6,8
Anton Lander,EDM,C,2016-10-23,false,WPG,0,1,3,2,0,0,0,0,0,0,2,3291,93,5,6,1,1,2,28,17
Patrik Laine,WPG,R,2016-10-23,false,EDM,4,1,1,0,2,0,0,0,1,1,13,5777,115,6,3,9,6,1,0,1
Andrew Ladd,NYI,L,2016-10-21,false,ARI,0,0,-3,0,0,0,0,0,0,0,12,5813,121,4,2,6,2,2,0,0
Kevin Labanc,SJS,R,2016-11-17,false,STL,1,0,2,4,0,0,0,0,0,0,7,4042,87,3,1,2,1,1,0,0
Paul LaDue,LAK,D,2017-02-19,false,ANA,0,2,2,2,0,0,0,0,0,0,5,4559,110,4,2,1,2,0,0,0
Joseph LaBate,VAN,C,2017-02-28,false,DET,0,0,0,12,0,0,0,0,0,0,0,1980,55,7,1,2,1,0,0,0
Evgeny Kuznetsov,WSH,C,2016-10-22,false,NYR,1,2,3,0,0,0,0,0,0,0,12,5355,112,2,2,4,1,2,28,44
Sean Kuraly,BOS,C,2016-11-22,false,STL,0,0,-1,2,0,0,0,0,0,0,7,2456,66,3,1,0,0,0,1,2
Chris Kunitz,PIT,L,2016-10-20,false,SJS,0,2,1,8,0,0,0,0,0,0,12,4948,118,23,0,2,3,4,1,3
Dmitry Kulikov,BUF,D,2016-10-27,false,MIN,0,0,-2,4,0,0,0,0,0,0,2,6493,152,7,0,6,1,2,0,0
Nikolay Kulemin,NYI,L,2016-10-21,false,ARI,0,1,-1,0,0,0,0,0,0,0,4,4299,115,4,5,3,0,2,4,2
Brett Kulak,CGY,D,2016-11-05,false,LAK,0,1,5,6,0,0,0,0,0,0,3,4751,117,3,6,5,2,0,0,0
Tom Kuhnhackl,PIT,R,2016-10-20,false,SJS,0,0,-1,2,0,0,0,0,0,0,3,2562,65,10,4,0,0,0,0,1
Nikita Kucherov,TBL,R,2016-10-22,false,OTT,0,3,0,0,0,1,0,0,0,0,11,5184,106,0,3,8,1,3,0,0
Marcus Kruger,CHI,C,2016-10-21,false,CBJ,1,1,3,0,0,0,0,0,0,0,3,3658,101,4,1,3,2,3,27,31
Torey Krug,BOS,D,2016-10-22,false,MTL,0,0,-2,0,0,0,0,0,0,0,14,6560,131,6,7,3,5,2,0,0
Niklas Kronwall,DET,D,2016-11-12,false,MTL,0,1,-4,0,0,0,0,0,0,0,9,5744,126,7,6,3,0,0,0,0
David Krejci,BOS,C,2016-10-22,false,MTL,0,2,-3,4,0,1,0,0,0,0,6,5279,104,3,4,6,4,3,35,30
Chris Kreider,NYR,L,2016-10-22,false,WSH,3,4,-1,4,1,1,0,0,0,0,23,5188,118,17,4,6,1,2,0,0
Lauri Korpikoski,DAL,L,2016-10-22,false,CBJ,1,0,3,2,0,0,0,0,0,0,9,3769,99,3,3,1,1,1,0,1
Anze Kopitar,LAK,C,2016-10-22,false,VAN,1,3,0,2,0,1,0,1,0,0,16,6715,131,4,6,8,3,2,71,69
Travis Konecny,PHI,C,2016-10-22,false,CAR,0,5,2,4,0,0,0,0,0,0,11,4364,97,5,2,5,1,4,0,0
Leo Komarov,TOR,C,2016-10-22,false,CHI,0,2,-2,2,0,1,0,0,0,0,8,5473,130,19,7,4,0,1,6,3
Mikko Koivu,MIN,C,2016-10-22,false,NJD,1,1,-1,2,0,1,0,0,1,0,7,6077,137,2,11,0,4,1,65,47
Slater Koekkoek,TBL,D,2016-11-10,false,NYI,0,3,3,2,0,0,0,0,0,0,4,4025,88,9,5,3,0,1,0,0
John Klingberg,DAL,D,2016-10-22,false,CBJ,0,2,-1,2,0,2,0,0,0,0,4,7133,144,2,11,4,6,0,0,0
Kevin Klein,NYR,D,2016-10-28,false,CAR,0,0,-3,0,0,0,0,0,0,0,10,6102,133,9,13,2,1,2,0,0
Oscar Klefbom,EDM,D,2016-10-20,false,STL,0,1,3,0,0,0,0,0,0,0,7,6352,136,2,12,2,5,1,0,0
Dwight King,LAK,L,2016-10-22,false,VAN,0,1,0,2,0,0,0,0,0,0,6,5044,109,12,2,2,3,2,1,2
Jakub Kindl,FLA,D,2016-11-27,false,CAR,0,1,-2,2,0,0,0,0,0,0,3,4763,93,11,4,2,2,2,0,0
Alex Killorn,TBL,L,2016-10-22,false,OTT,4,1,1,0,1,1,0,0,1,0,11,5171,107,11,1,2,6,2,0,0
Jujhar Khaira,EDM,L,2017-02-24,false,WSH,1,0,1,2,0,0,0,0,1,0,8,2438,66,7,0,2,1,1,6,11
Phil Kessel,PIT,R,2016-10-20,false,SJS,2,1,-2,2,2,1,0,0,1,0,13,5811,130,1,2,5,1,1,0,0
Ryan Kesler,ANA,C,2016-10-20,false,PHI,0,2,1,7,0,1,0,0,0,0,10,6641,144,10,6,4,1,0,70,42
Tanner Kero,CHI,C,2017-01-02,false,STL,0,0,1,0,0,0,0,0,0,0,5,3782,96,3,7,2,0,1,19,27
Michal Kempny,CHI,D,2016-10-21,false,CBJ,0,0,3,4,0,0,0,0,0,0,3,5221,120,10,6,1,3,0,0,0
Adrian Kempe,LAK,L,2017-02-23,false,BOS,0,2,-3,2,0,1,0,0,0,0,7,3587,81,7,0,3,0,0,1,1
Chris Kelly,OTT,C,2016-10-22,false,TBL,1,1,2,2,0,0,0,0,0,0,9,4374,108,1,3,3,1,1,18,18
Duncan Keith,CHI,D,2016-10-21,false,CBJ,0,4,1,2,0,2,0,0,0,0,12,7555,142,2,7,5,2,2,0,0
Zack Kassian,EDM,R,2016-10-20,false,STL,1,1,-1,2,0,0,0,0,0,0,5,3870,101,10,1,1,0,5,0,0
Ondrej Kase,ANA,R,2016-11-25,false,CHI,0,2,0,0,0,0,0,0,0,0,5,3755,95,7,1,4,5,0,0,1
Melker Karlsson,SJS,C,2016-10-20,false,PIT,1,0,1,0,0,0,0,0,0,0,5,3272,82,4,5,2,1,2,0,1
William Karlsson,CBJ,C,2016-10-25,false,LAK,1,1,2,0,0,0,0,0,1,0,7,4233,106,3,2,5,2,1,32,33
Erik Karlsson,OTT,D,2016-10-22,false,TBL,2,5,6,0,0,1,0,1,0,0,14,8042,174,4,11,8,8,4,0,0
Michael Kapla,NJD,D,2017-04-09,false,DET,0,0,-1,0,0,0,0,0,0,0,4,5232,109,5,5,1,3,2,0,0
Kasperi Kapanen,TOR,R,2017-04-04,false,WSH,0,0,-3,0,0,0,0,0,0,0,5,3394,88,2,1,1,1,1,0,0
Evander Kane,BUF,L,2016-11-15,false,STL,0,0,-5,10,0,0,0,0,0,0,8,4990,103,13,2,5,3,3,9,6
Patrick Kane,CHI,R,2016-10-21,false,CBJ,1,5,2,4,0,1,0,0,0,0,17,6798,123,3,0,4,2,1,1,7
Steven Kampfer,NYR,D,2017-03-09,false,CAR,0,1,-3,4,0,0,0,0,0,0,4,3835,93,9,8,2,3,1,0,0
Sergey Kalinin,NJD,C,2016-11-03,false,FLA,0,0,-1,7,0,0,0,0,0,0,2,3876,92,6,3,0,1,1,1,2
Nazem Kadri,TOR,C,2016-10-22,false,CHI,2,1,-2,7,1,1,0,0,0,0,6,4714,112,5,5,2,4,2,40,41
Tomas Jurco,DET,L,2016-12-06,false,WPG,0,0,-3,2,0,0,0,0,0,0,5,3313,83,3,0,5,1,0,0,0
Tyson Jost,COL,C,2017-04-08,false,DAL,1,0,-3,0,0,0,0,0,0,0,9,4758,103,3,3,1,1,2,25,38
Roman Josi,NSH,D,2016-10-22,false,PIT,1,3,-3,2,1,3,0,0,0,0,15,7359,141,3,5,2,1,1,0,0
Jacob Josefson,NJD,C,2016-11-08,false,CAR,0,2,2,2,0,1,0,0,0,0,8,3779,88,6,1,2,1,1,17,8
Josh Jooris,NYR,R,2016-10-26,false,BOS,1,0,1,0,0,0,0,0,0,0,3,2402,60,10,2,2,1,1,13,8
Seth Jones,CBJ,D,2016-10-25,false,LAK,1,2,-1,0,0,0,0,0,0,0,8,7317,153,3,12,1,3,4,0,0
Jyrki Jokipakka,CGY,D,2016-10-22,false,STL,1,2,1,4,0,0,0,0,0,0,4,4583,117,1,2,2,3,1,0,0
Jussi Jokinen,FLA,L,2016-11-10,false,SJS,0,2,-4,4,0,0,0,0,0,0,5,5506,116,2,3,3,4,1,6,5
Ryan Johnston,MTL,D,2017-01-07,false,TOR,0,0,-2,2,0,0,0,0,0,0,2,2932,73,0,1,1,2,0,0,0
Erik Johnson,COL,D,2016-10-22,false,FLA,0,3,-1,0,0,2,0,0,0,0,14,6817,160,17,10,3,3,4,0,0
Tyler Johnson,TBL,C,2016-10-22,false,OTT,1,1,-4,0,1,0,0,0,0,0,5,5477,115,5,3,5,0,3,51,38
Jack Johnson,CBJ,D,2016-10-25,false,LAK,0,0,-2,0,0,0,0,0,0,0,5,6973,142,14,12,3,1,1,0,0
Stephen Johns,DAL,D,2016-10-22,false,CBJ,1,0,-2,2,0,0,0,0,0,0,8,5876,136,11,11,6,4,2,0,0
Marcus Johansson,WSH,L,2016-10-22,false,NYR,1,3,1,0,0,2,0,0,0,0,8,5146,103,2,0,1,2,3,1,1
Ryan Johansen,NSH,C,2016-10-22,false,PIT,0,4,-2,4,0,4,0,0,0,0,8,4816,109,4,2,3,2,1,45,34
Nick Jensen,DET,D,2017-01-01,false,TOR,0,2,0,2,0,0,0,0,0,0,6,4449,109,5,2,5,3,1,0,0
Nicklas Jensen,NYR,R,2017-01-03,false,BUF,0,0,0,0,0,0,0,0,0,0,5,2879,68,7,2,3,1,1,0,0
Boone Jenner,CBJ,C,2016-10-25,false,LAK,0,1,-5,2,0,0,0,0,0,0,8,4002,90,12,6,3,1,1,7,3
Dmitrij Jaskin,STL,R,2016-10-25,false,CGY,0,1,0,2,0,0,0,0,0,0,4,3232,80,7,2,2,2,2,3,4
Calle Jarnkrok,NSH,C,2016-10-22,false,PIT,1,0,1,2,0,0,0,0,0,0,8,4209,105,3,2,1,2,3,16,21
Jaromir Jagr,FLA,R,2016-10-22,false,COL,1,2,3,2,1,1,0,0,0,0,14,5546,114,0,1,5,6,3,0,0
Matt Irwin,NSH,D,2016-11-05,false,CAR,3,1,3,0,0,0,0,0,1,0,5,3659,88,7,8,1,2,0,0,0
Jarome Iginla,COL,R,2016-10-22,false,FLA,1,0,-1,25,1,0,0,0,0,0,7,4589,103,13,1,1,6,3,0,1
Zach Hyman,TOR,C,2016-10-22,false,CHI,0,1,3,4,0,0,0,0,0,0,10,4896,113,4,7,4,0,2,4,8
Ben Hutton,VAN,D,2016-10-22,false,LAK,1,0,3,4,0,0,0,0,0,0,7,6304,130,7,6,4,6,2,0,0
Matt Hunwick,TOR,D,2016-10-22,false,CHI,0,1,0,0,0,0,0,0,0,0,3,4959,113,11,6,0,1,1,0,0
Brad Hunt,STL,D,2016-12-20,false,DAL,1,3,1,0,1,1,0,0,0,0,6,4163,114,0,1,2,0,1,0,0
Jiri Hudler,DAL,R,2016-12-11,false,CHI,0,0,-3,2,0,0,0,0,0,0,2,4436,108,1,1,4,1,3,1,2
Jonathan Huberdeau,FLA,L,2017-02-17,false,ANA,3,4,4,2,0,1,0,0,2,1,18,4959,119,3,0,4,5,2,1,2
Marek Hrivik,NYR,L,2016-12-13,false,CHI,0,0,0,0,0,0,0,0,0,0,8,3965,89,6,3,5,2,2,1,4
Marian Hossa,CHI,R,2016-10-22,false,TOR,1,3,0,0,1,2,0,0,0,0,13,4814,118,0,3,6,0,2,0,0
Bo Horvat,VAN,C,2016-10-22,false,LAK,2,0,0,0,0,0,0,0,0,0,5,5226,122,5,1,6,0,2,37,53
Patric Hornqvist,PIT,R,2016-10-20,false,SJS,2,2,0,0,2,1,0,0,1,0,17,4559,110,18,5,5,0,3,1,4
Julius Honka,DAL,D,2016-11-29,false,DET,0,3,-3,2,0,1,0,0,0,0,16,5725,118,2,3,2,2,1,0,0
Korbinian Holzer,ANA,D,2016-11-06,false,CGY,0,1,0,4,0,0,0,0,0,0,4,4501,100,7,6,2,2,0,0,0
Peter Holland,TOR,C,2016-10-22,false,CHI,0,1,-1,4,0,0,0,0,0,0,9,3470,79,1,1,1,1,1,22,25
Nick Holden,NYR,D,2016-10-22,false,WSH,0,2,3,0,0,0,0,0,0,0,2,6453,154,10,8,4,5,2,0,0
Mike Hoffman,OTT,L,2016-10-22,false,TBL,0,3,-1,6,0,1,0,0,0,0,23,5045,106,4,0,6,1,5,1,1
Joshua Ho-Sang,NYI,R,2017-03-09,false,VAN,1,0,-5,2,1,0,0,0,0,0,4,4618,98,2,2,1,1,1,0,0
Niklas Hjalmarsson,CHI,D,2016-10-22,false,TOR,1,1,1,2,0,0,0,0,0,0,6,6057,138,2,7,0,6,1,0,0
Vinnie Hinostroza,CHI,L,2016-10-30,false,LAK,0,0,0,0,0,0,0,0,0,0,3,3014,71,2,2,0,1,4,2,1
Thomas Hickey,NYI,D,2016-10-21,false,ARI,0,1,1,2,0,0,0,0,0,0,4,5409,112,4,6,2,1,0,0,0
Tomas Hertl,SJS,C,2016-10-20,false,PIT,2,1,1,4,0,0,0,0,0,0,14,5127,114,11,0,3,2,2,8,7
Adam Henrique,NJD,C,2016-10-22,false,MIN,0,1,0,2,0,0,0,0,0,0,5,5805,113,5,4,3,3,4,32,39
Matt Hendricks,EDM,L,2016-11-29,false,TOR,0,1,-2,4,0,0,0,0,0,0,2,3384,89,8,7,3,1,0,9,9
Ales Hemsky,DAL,R,2017-03-08,false,OTT,0,1,-3,0,0,1,0,0,0,0,6,4172,111,0,2,3,2,1,0,0
Darren Helm,DET,C,2016-10-21,false,NSH,4,1,5,0,2,0,0,0,1,0,10,4502,114,3,1,1,3,3,24,27
Seth Helgeson,NJD,D,2017-01-20,false,MTL,0,0,0,5,0,0,0,0,0,0,2,4139,96,10,6,4,0,0,0,0
Victor Hedman,TBL,D,2016-10-22,false,OTT,0,3,2,0,0,2,0,0,0,0,7,7343,144,7,13,7,4,2,0,0
Kevin Hayes,NYR,C,2016-10-22,false,WSH,1,1,2,0,0,0,0,0,0,0,7,4766,110,5,4,2,1,2,21,20
Jimmy Hayes,BOS,R,2016-10-22,false,MTL,0,0,-5,0,0,0,0,0,0,0,9,3188,75,7,1,3,1,2,1,1
John Hayden,CHI,L,2017-03-23,false,DAL,1,2,5,0,0,0,0,0,0,0,11,4056,97,22,1,3,1,3,0,0
Erik Haula,MIN,L,2016-11-10,false,PIT,1,1,2,2,0,0,0,0,0,0,10,4452,107,0,1,1,3,2,31,36
Garnet Hathaway,CGY,R,2016-11-21,false,BUF,1,0,1,2,0,0,0,0,0,0,4,2654,65,9,3,1,0,0,5,4
Scott Hartnell,CBJ,L,2016-10-25,false,LAK,1,2,1,2,0,0,0,0,0,0,4,3692,95,4,0,2,2,1,0,0
Ryan Hartman,CHI,L,2016-10-24,false,CGY,1,1,-1,0,0,0,0,0,0,0,7,2838,63,6,4,2,0,1,0,1
Scott Harrington,CBJ,D,2017-01-21,false,CAR,0,1,4,0,0,0,0,0,0,0,1,3852,90,1,6,3,1,1,0,0
Ben Harpur,OTT,D,2017-04-08,false,NYR,0,0,0,0,0,0,0,0,0,0,3,4911,122,3,3,1,5,1,0,0
Martin Hanzal,ARI,C,2016-10-23,false,NYR,1,1,-2,0,0,0,0,0,0,0,13,5868,121,13,4,6,5,3,74,38
Jannik Hansen,VAN,R,2016-10-22,false,LAK,1,2,3,2,0,0,0,0,0,0,9,4946,116,2,0,4,1,3,0,0
Markus Hannikainen,CBJ,L,2016-12-01,false,COL,0,0,-1,0,0,0,0,0,0,0,4,2616,65,10,4,1,0,0,0,0
Noah Hanifin,CAR,D,2016-10-22,false,PHI,0,4,-4,4,0,3,0,0,0,0,9,4812,108,3,2,4,6,1,0,0
Travis Hamonic,NYI,D,2016-10-21,false,ARI,0,2,-8,2,0,0,0,0,0,0,2,6686,129,9,6,6,2,2,0,0
Dougie Hamilton,CGY,D,2016-10-20,false,CAR,0,1,-2,10,0,0,0,0,0,0,16,6191,146,7,2,2,3,3,0,0
Freddie Hamilton,CGY,C,2016-11-10,false,DAL,0,0,1,0,0,0,0,0,0,0,5,3110,71,15,0,3,0,1,14,10
Dan Hamhuis,DAL,D,2016-10-22,false,CBJ,0,2,1,4,0,0,0,0,0,0,5,6563,144,5,8,0,1,0,0,0
Taylor Hall,NJD,L,2016-10-22,false,MIN,3,0,-2,2,2,0,0,0,2,1,21,6027,119,9,1,4,2,1,1,0
Micheal Haley,SJS,C,2016-11-01,false,ARI,0,2,1,22,0,0,0,0,0,0,2,2240,60,16,2,1,2,1,0,0
Ron Hainsey,CAR,D,2016-10-22,false,PHI,0,0,-3,4,0,0,0,0,0,0,2,6036,133,6,1,3,1,0,0,0
Carl Hagelin,PIT,L,2016-10-20,false,SJS,0,0,-1,0,0,0,0,0,0,0,5,5100,122,4,1,4,5,2,0,1
Carl Gunnarsson,STL,D,2016-10-29,false,LAK,0,0,-1,0,0,0,0,0,0,0,5,3441,82,1,6,3,0,0,0,0
Jake Guentzel,PIT,C,2016-11-30,false,NYI,3,1,1,2,0,0,0,0,0,0,8,4086,92,12,2,4,0,2,2,2
Radko Gudas,PHI,D,2016-11-02,false,DET,1,2,1,0,0,1,0,0,0,0,9,6131,131,21,11,13,2,1,0,0
Eric Gryba,EDM,D,2016-10-26,false,WSH,0,0,1,8,0,0,0,0,0,0,3,5081,112,19,5,0,1,1,0,0
Mikhail Grigorenko,COL,C,2016-10-22,false,FLA,0,3,2,2,0,2,0,0,0,0,9,4453,94,2,1,3,2,3,5,3
Seth Griffith,FLA,C,2016-11-17,false,TOR,0,1,2,0,0,0,0,0,0,0,5,3221,71,7,2,4,2,0,0,3
Andy Greene,NJD,D,2016-10-22,false,MIN,0,0,-2,0,0,0,0,0,0,0,6,6532,128,9,15,1,3,1,0,0
Matt Greene,LAK,D,2016-11-03,false,PIT,1,0,-2,4,0,0,0,0,0,0,4,3748,102,18,4,1,4,1,0,0
Mike Green,DET,D,2016-10-21,false,NSH,3,4,3,6,1,1,0,0,0,0,7,7282,147,7,8,3,2,3,0,0
Kevin Gravel,LAK,D,2016-11-11,false,OTT,0,1,3,0,0,0,0,0,0,0,7,4871,117,12,9,4,4,0,0,0
Tyler Graovac,MIN,C,2016-11-12,false,PHI,1,0,1,0,0,0,0,0,0,0,5,2808,76,6,0,3,0,1,22,18
Derek Grant,BUF,C,2016-10-25,false,PHI,0,0,-2,2,0,0,0,0,0,0,3,3785,96,6,2,2,0,2,32,27
Mikael Granlund,MIN,C,2016-10-22,false,NJD,0,1,-1,0,0,0,0,0,0,0,8,5637,120,6,3,6,1,2,2,3
Markus Granlund,VAN,C,2016-10-22,false,LAK,2,1,4,4,0,0,0,0,0,0,8,4823,116,2,1,3,1,3,8,7
Petter Granberg,NSH,D,2016-12-17,false,NYR,0,0,-3,6,0,0,0,0,0,0,0,2640,59,10,4,0,1,0,0,0
Michael Grabner,NYR,R,2016-10-22,false,WSH,2,0,0,0,0,0,0,0,0,0,8,3370,93,4,0,1,5,3,1,1
Yanni Gourde,TBL,C,2017-03-11,false,FLA,1,1,0,0,0,0,1,0,0,0,3,3714,87,0,0,4,0,6,6,5
Shayne Gostisbehere,PHI,D,2016-10-22,false,CAR,1,3,0,2,0,1,0,0,1,0,17,6445,134,4,9,4,7,2,0,0
Josh Gorges,BUF,D,2016-10-25,false,PHI,0,0,-3,8,0,0,0,0,0,0,3,5436,141,10,11,2,2,0,0,0
Boyd Gordon,PHI,C,2016-10-22,false,CAR,1,0,0,2,0,0,0,0,0,0,3,2650,78,2,2,0,0,1,14,21
Cody Goloubef,COL,D,2016-12-22,false,TOR,0,0,-6,9,0,0,0,0,0,0,3,5061,111,5,10,0,1,1,0,0
Alex Goligoski,ARI,D,2016-10-23,false,NYR,0,3,-6,2,0,2,0,0,0,0,8,6834,136,5,10,2,3,0,0,0
Nikolay Goldobin,VAN,R,2017-03-07,false,MTL,1,0,1,0,0,0,0,0,1,0,9,2910,69,1,1,1,1,3,0,0
Luke Glendening,DET,C,2016-10-21,false,NSH,0,3,3,2,0,1,0,0,0,0,8,4328,106,10,7,5,0,4,31,31
Tanner Glass,NYR,L,2017-03-13,false,TBL,1,1,0,5,0,0,0,0,0,0,5,3073,82,14,2,4,0,1,0,0
Claude Giroux,PHI,C,2016-10-22,false,CAR,0,6,-3,0,0,4,0,0,0,0,10,6210,130,5,1,6,0,0,54,53
Zemgus Girgensons,BUF,C,2016-10-25,false,PHI,1,1,-2,0,0,0,0,0,0,0,8,3547,92,6,2,3,0,0,25,22
Dan Girardi,NYR,D,2016-10-28,false,CAR,1,1,2,2,0,0,0,0,1,0,7,4854,114,12,9,1,5,1,0,0
Mark Giordano,CGY,D,2016-10-20,false,CAR,0,3,-1,10,0,0,0,1,0,0,11,7944,155,3,15,3,1,4,0,0
Brian Gionta,BUF,R,2016-10-25,false,PHI,2,1,1,0,0,0,0,0,0,0,10,5188,111,4,0,1,1,1,3,3
Stephen Gionta,NYI,R,2017-02-12,false,COL,0,2,1,0,0,0,0,0,0,0,4,3635,86,9,2,0,2,0,1,1
Tom Gilbert,LAK,D,2016-10-27,false,NSH,0,3,-2,0,0,1,0,0,0,0,1,4824,107,1,8,2,2,1,0,0
Ryan Getzlaf,ANA,C,2016-10-20,false,PHI,1,4,0,6,0,1,0,0,0,0,19,6375,135,4,4,5,1,3,45,39
Eric Gelinas,COL,D,2016-11-11,false,WPG,0,1,-1,6,0,0,0,0,0,0,3,3859,90,3,3,4,1,0,0,0
Luke Gazdic,NJD,L,2016-12-29,false,WSH,0,0,0,7,0,0,0,0,0,0,2,2111,52,9,4,0,0,0,0,0
Frederik Gauthier,TOR,C,2016-12-29,false,TBL,1,1,2,4,0,0,0,0,0,0,4,2963,92,5,8,1,0,1,28,32
Brendan Gaunce,VAN,C,2016-10-22,false,LAK,0,1,1,2,0,0,0,0,0,0,4,2973,80,3,1,0,1,1,10,16
Cameron Gaunce,PIT,D,2017-02-25,false,PHI,0,2,2,6,0,0,0,0,0,0,3,3561,86,10,3,2,0,2,0,0
Johnny Gaudreau,CGY,L,2016-10-20,false,CAR,1,2,-3,0,0,0,0,0,0,0,17,5684,121,2,2,6,8,0,0,0
Frederick Gaudreau,NSH,C,2016-12-04,false,PHI,0,1,1,0,0,0,0,0,0,0,4,2672,66,0,4,1,1,1,4,7
Jason Garrison,TBL,D,2016-10-22,false,OTT,0,2,-3,2,0,0,0,0,0,0,7,5343,121,5,7,6,6,1,0,0
Jake Gardiner,TOR,D,2016-10-22,false,CHI,0,4,1,2,0,0,0,0,0,0,9,5415,123,4,3,3,3,0,0,0
Brendan Gallagher,MTL,R,2016-10-22,false,BOS,3,2,5,4,0,0,0,0,0,0,18,4644,114,6,1,3,2,2,9,9
Alex Galchenyuk,MTL,C,2016-10-22,false,BOS,1,4,5,6,0,1,0,0,0,0,8,5036,116,1,3,3,4,3,18,36
Sam Gagner,CBJ,C,2016-10-27,false,SJS,0,1,1,0,0,1,0,0,0,0,5,3679,80,0,2,4,1,0,13,15
Kurtis Gabriel,MIN,R,2016-12-11,false,STL,0,1,0,17,0,0,0,0,0,0,2,1767,52,11,1,1,1,0,0,0
Marian Gaborik,LAK,R,2016-12-08,false,CAR,0,3,0,2,0,1,0,0,0,0,16,4595,98,1,2,10,2,1,0,1
Michael Frolik,CGY,R,2016-10-20,false,CAR,3,0,0,2,0,0,1,0,0,0,10,4481,105,2,4,3,3,2,2,0
Byron Froese,TBL,C,2017-03-16,false,TOR,0,0,-3,5,0,0,0,0,0,0,5,3097,80,1,3,1,2,2,19,26
Cody Franson,BUF,D,2016-10-25,false,PHI,0,2,1,2,0,0,0,0,0,0,7,4789,117,3,0,1,2,0,0,0
Cam Fowler,ANA,D,2016-10-20,false,PHI,2,2,-1,0,1,1,0,0,0,0,12,7430,146,5,6,2,1,2,0,0
Gustav Forsling,CHI,D,2016-10-21,false,CBJ,0,1,2,0,0,0,0,0,0,0,7,4988,102,5,1,1,4,0,0,0
Filip Forsberg,NSH,L,2016-10-22,false,PIT,0,5,-3,4,0,3,0,0,0,0,8,5881,131,11,1,3,1,7,1,3
Derek Forbort,LAK,D,2016-10-22,false,VAN,0,0,-3,2,0,0,0,0,0,0,3,3662,89,9,9,2,2,2,0,0
Christian Folin,MIN,D,2016-10-23,false,NYI,0,0,5,8,0,0,0,0,0,0,2,4809,120,14,4,0,2,3,0,0
Marcus Foligno,BUF,L,2016-10-25,false,PHI,1,1,0,4,0,0,0,0,0,0,8,4896,118,11,5,3,3,4,0,0
Nick Foligno,CBJ,L,2016-10-25,false,LAK,1,4,0,2,1,2,0,0,0,0,3,5239,119,10,3,9,2,3,7,6
Brian Flynn,MTL,C,2016-10-26,false,NYI,0,1,-1,2,0,0,0,0,0,0,6,3805,103,5,1,5,1,2,5,8
Mike Fisher,NSH,C,2016-10-26,false,ANA,3,1,-3,2,3,1,0,0,1,0,11,5367,115,15,5,4,0,1,54,36
Christian Fischer,ARI,R,2017-03-23,false,FLA,3,0,0,0,0,0,0,0,1,0,7,3683,82,6,0,2,3,0,0,0
Valtteri Filppula,TBL,C,2016-10-22,false,OTT,3,2,3,2,0,0,0,0,1,0,6,5055,105,4,0,1,2,3,34,46
Vernon Fiddler,NJD,C,2016-10-22,false,MIN,0,0,-1,7,0,0,0,0,0,0,2,3853,94,3,1,2,5,2,35,33
Kevin Fiala,NSH,L,2016-10-22,false,PIT,2,0,-1,0,0,0,0,0,1,0,8,3852,96,1,0,0,3,3,0,0
Micheal Ferland,CGY,L,2016-10-20,false,CAR,1,0,-1,0,0,0,0,0,0,0,8,3219,80,9,1,4,2,1,0,0
Eric Fehr,PIT,C,2016-10-20,false,SJS,0,0,-3,2,0,0,0,0,0,0,8,3561,89,8,4,2,0,4,12,15
Taylor Fedun,BUF,D,2016-11-25,false,WSH,0,4,-1,2,0,3,0,0,0,0,7,4668,106,1,2,2,1,1,0,0
Justin Faulk,CAR,D,2016-10-22,false,PHI,2,3,-5,4,1,2,0,0,0,0,10,7024,140,4,6,10,6,3,0,0
Jesper Fast,NYR,R,2016-10-22,false,WSH,0,2,4,4,0,0,0,0,0,0,2,3670,99,11,2,2,1,4,2,2
Hudson Fasching,BUF,R,2016-10-29,false,FLA,0,0,-2,2,0,0,0,0,0,0,3,3095,77,9,1,0,0,0,0,0
Justin Falk,BUF,D,2016-11-19,false,PIT,0,0,-2,0,0,0,0,0,0,0,4,3828,104,9,1,1,0,1,0,0
Radek Faksa,DAL,C,2016-10-22,false,CBJ,1,1,2,4,0,0,0,0,0,0,5,4905,127,4,4,7,2,3,35,33
Robby Fabbri,STL,C,2016-10-20,false,EDM,0,2,-1,4,0,0,0,0,0,0,9,5030,113,4,4,3,4,3,1,0
Adam Erne,TBL,L,2017-02-27,false,OTT,0,0,-3,2,0,0,0,0,0,0,10,3630,89,16,1,2,1,2,0,1
Joel Eriksson Ek,MIN,C,2016-10-29,false,DAL,2,3,3,0,0,0,0,0,1,0,7,3204,89,8,2,2,1,1,16,19
Loui Eriksson,VAN,L,2016-10-22,false,LAK,0,2,-3,0,0,1,0,0,0,0,5,5987,124,0,1,4,0,0,0,0
Jonathan Ericsson,DET,D,2016-10-21,false,NSH,0,1,1,26,0,0,0,0,0,0,6,5145,120,2,7,3,0,0,0,0
Toby Enstrom,WPG,D,2016-10-23,false,EDM,0,2,0,2,0,1,0,0,0,0,7,6700,146,1,5,3,2,1,0,0
Tyler Ennis,BUF,L,2016-10-25,false,PHI,1,1,-3,0,0,0,0,0,0,0,12,4348,96,1,2,2,0,1,0,0
Andreas Englund,OTT,D,2017-04-09,false,NYI,0,0,-3,2,0,0,0,0,0,0,3,3189,85,18,0,3,2,0,0,0
Deryk Engelland,CGY,D,2016-10-20,false,CAR,0,1,3,7,0,0,0,0,0,0,6,5661,135,3,12,4,3,1,0,0
Alexei Emelin,MTL,D,2016-10-22,false,BOS,1,0,1,6,0,0,0,0,0,0,5,5698,129,21,4,1,3,0,0,0
Ryan Ellis,NSH,D,2016-10-22,false,PIT,0,2,-1,2,0,2,0,0,0,0,8,6958,142,8,10,0,1,0,0,0
Lars Eller,WSH,C,2016-10-22,false,NYR,1,0,1,6,0,0,0,0,0,0,8,4571,100,2,0,1,1,4,25,31
Remi Elie,DAL,L,2017-03-14,false,EDM,1,1,-1,2,0,0,0,0,0,0,6,4640,111,16,3,2,4,3,1,0
Oliver Ekman-Larsson,ARI,D,2016-10-23,false,NYR,2,0,-2,4,1,0,0,0,1,1,15,8029,139,9,6,6,5,2,0,0
Mattias Ekholm,NSH,D,2016-10-22,false,PIT,0,1,0,0,0,0,0,0,0,0,10,7150,147,4,7,4,2,2,0,0
Aaron Ekblad,FLA,D,2016-10-22,false,COL,1,0,-2,2,1,0,0,0,0,0,18,7111,124,8,5,5,0,4,0,0
Jack Eichel,BUF,C,2016-12-06,false,EDM,3,2,3,2,2,2,0,0,1,0,16,5646,105,2,5,5,0,2,24,30
Nikolaj Ehlers,WPG,L,2016-10-23,false,EDM,1,1,-2,0,0,1,0,0,0,0,11,5474,102,3,0,8,1,0,0,0
Joel Edmundson,STL,D,2016-10-20,false,EDM,0,1,0,2,0,0,0,0,0,0,5,4773,128,11,5,1,1,1,0,0
Alexander Edler,VAN,D,2016-10-22,false,LAK,1,0,1,2,1,0,0,0,0,0,10,7502,150,4,18,2,2,1,0,0
Jordan Eberle,EDM,C,2016-10-20,false,STL,3,3,1,2,1,0,0,0,0,0,14,5543,124,2,3,3,0,1,0,1
Patrick Eaves,DAL,R,2016-10-25,false,WPG,1,3,-1,0,1,1,0,0,0,0,8,4586,112,9,1,3,0,0,0,0
Cody Eakin,DAL,C,2016-11-25,false,VAN,0,0,-4,0,0,0,0,0,0,0,5,4782,123,2,4,2,1,1,44,42
Ryan Dzingel,OTT,L,2016-10-22,false,TBL,2,2,3,0,0,0,1,0,0,0,6,3203,83,3,5,1,0,0,0,0
Christian Dvorak,ARI,C,2016-10-25,false,NJD,0,2,1,2,0,1,0,0,0,0,2,4788,91,5,6,2,1,0,25,34
Brian Dumoulin,PIT,D,2016-10-20,false,SJS,0,0,-2,0,0,0,0,0,0,0,5,6624,147,8,6,1,4,0,0,0
Gabriel Dumont,TBL,C,2017-01-19,false,SJS,0,0,-3,0,0,0,0,0,0,0,9,2850,72,11,2,0,2,0,9,10
Matt Dumba,MIN,D,2016-10-22,false,NJD,1,1,-1,2,1,0,0,0,0,0,7,6277,125,12,7,2,1,2,0,0
Anthony Duclair,ARI,L,2016-10-23,false,NYR,0,0,-4,0,0,0,0,0,0,0,7,4319,90,1,0,4,4,1,0,0
Matt Duchene,COL,C,2016-10-22,false,FLA,3,2,2,2,0,1,0,0,1,0,14,5295,115,2,4,1,4,0,14,12
Brandon Dubinsky,CBJ,C,2016-10-25,false,LAK,0,1,-7,11,0,0,0,0,0,0,6,5000,122,19,4,6,2,0,42,49
Jonathan Drouin,TBL,L,2016-10-22,false,OTT,1,3,-1,2,1,1,0,0,0,0,17,5551,109,5,3,3,4,3,10,12
Leon Draisaitl,EDM,C,2016-10-20,false,STL,2,4,-1,0,1,1,0,0,0,0,14,4815,108,2,2,3,5,5,34,26
Justin Dowling,DAL,C,2016-11-13,false,VAN,0,2,0,2,0,1,0,0,0,0,9,3354,90,1,0,1,1,1,20,21
Nic Dowd,LAK,C,2016-10-27,false,NSH,1,3,0,0,1,1,0,0,0,0,7,3767,90,18,1,5,1,0,28,26
Drew Doughty,LAK,D,2016-10-22,false,VAN,1,1,0,4,0,1,0,0,0,0,16,8427,169,8,9,5,7,0,0,0
Jake Dotchin,TBL,D,2017-02-02,false,OTT,0,1,1,8,0,0,0,0,0,0,5,5021,114,15,4,2,4,0,0,0
Joonas Donskoi,SJS,R,2016-10-20,false,PIT,0,1,0,2,0,0,0,0,0,0,8,4283,101,0,1,5,1,4,0,0
Max Domi,ARI,L,2016-10-23,false,NYR,0,2,-3,4,0,0,0,0,0,0,14,5726,107,5,4,4,3,3,1,1
Shane Doan,ARI,R,2016-10-23,false,NYR,1,2,-2,2,1,1,0,0,0,0,14,4652,101,13,1,4,2,0,8,4
Brenden Dillon,SJS,D,2016-10-20,false,PIT,0,1,0,4,0,0,0,0,0,0,5,4656,106,9,1,2,0,0,0,0
Jason Dickinson,DAL,C,2017-03-30,false,BOS,0,0,-3,0,0,0,0,0,0,0,3,3282,85,1,1,2,0,2,4,9
Phillip Di Giuseppe,CAR,L,2016-10-28,false,NYR,0,0,-3,0,0,0,0,0,0,0,8,4099,90,8,1,5,1,2,0,0
Nicolas Deslauriers,BUF,L,2016-10-25,false,PHI,0,0,-2,4,0,0,0,0,0,0,5,2787,66,15,1,2,0,1,0,0
Andrew Desjardins,CHI,L,2016-11-18,false,CGY,0,0,0,2,0,0,0,0,0,0,11,3352,84,4,2,3,0,1,5,4
David Desharnais,MTL,C,2016-10-22,false,BOS,2,2,2,0,0,0,0,0,0,0,7,3695,92,0,1,0,1,2,20,12
Jason Demers,FLA,D,2016-10-22,false,COL,0,1,0,4,0,0,0,0,0,0,6,6007,112,3,3,10,3,6,0,0
Michael Del Zotto,PHI,D,2016-11-15,false,OTT,1,3,0,4,0,0,0,0,0,0,10,5607,127,20,11,5,1,2,0,0
Dylan DeMelo,SJS,D,2016-12-10,false,CAR,1,1,0,2,0,0,0,0,0,0,9,4434,108,9,8,2,3,0,0,0
Danny DeKeyser,DET,D,2016-10-21,false,NSH,1,0,3,4,0,0,0,0,0,0,3,6927,148,6,13,2,4,0,0,0
Anthony DeAngelo,ARI,D,2016-11-17,false,VAN,2,1,2,0,1,1,0,0,0,0,9,6041,120,0,5,3,1,0,0,0
Jacob De La Rose,MTL,L,2017-01-24,false,CGY,0,0,-1,4,0,0,0,0,0,0,3,3188,88,15,1,2,0,2,10,7
Brandon Davidson,EDM,D,2016-12-21,false,ARI,0,1,1,2,0,0,0,0,0,0,6,4153,93,7,6,1,1,1,0,0
Laurent Dauphin,ARI,C,2016-10-23,false,NYR,1,1,-2,0,0,0,1,0,0,0,5,3156,72,11,2,0,1,3,8,11
Marko Dano,WPG,C,2016-11-10,false,ARI,2,1,0,2,1,0,0,0,0,0,7,3139,73,5,0,2,2,0,0,0
Phillip Danault,MTL,L,2016-10-22,false,BOS,1,2,3,0,0,0,0,0,0,0,3,3547,94,3,6,1,2,0,10,18
Trevor Daley,PIT,D,2016-10-20,false,SJS,1,1,0,0,1,0,0,0,0,0,8,6373,153,3,6,3,0,3,0,0
Klas Dahlbeck,CAR,D,2016-10-28,false,NYR,0,1,0,6,0,0,0,0,0,0,1,3409,86,5,2,1,2,2,0,0
Austin Czarnik,BOS,C,2016-11-01,false,FLA,1,0,-2,4,0,0,0,0,0,0,5,4323,102,1,4,1,1,2,4,10
Matt Cullen,PIT,C,2016-10-20,false,SJS,1,3,1,0,0,1,0,0,0,0,11,5363,133,3,2,8,3,0,52,42
Lawson Crouse,ARI,L,2016-10-25,false,NJD,0,0,-3,2,0,0,0,0,0,0,5,2488,55,8,0,0,0,0,0,0
Sidney Crosby,PIT,C,2016-11-03,false,LAK,6,2,3,0,2,1,0,0,1,0,17,5475,130,5,1,8,3,2,48,57
Joseph Cramarossa,ANA,C,2016-11-01,false,LAK,1,0,0,15,0,0,0,0,0,0,4,2916,73,16,2,3,1,2,1,0
Adam Cracknell,DAL,R,2016-10-22,false,CBJ,2,1,2,0,0,0,0,0,0,0,12,2983,80,9,3,5,1,1,8,3
Charlie Coyle,MIN,C,2016-10-22,false,NJD,2,2,0,4,1,0,0,0,0,0,12,5018,114,8,7,4,1,3,2,4
Sean Couturier,PHI,C,2016-10-22,false,CAR,3,1,2,0,0,0,0,0,1,0,9,5574,127,3,2,3,1,3,31,44
Logan Couture,SJS,C,2016-10-20,false,PIT,2,3,0,2,2,0,0,0,0,0,12,5080,123,0,3,3,3,1,28,44
Nick Cousins,PHI,C,2016-10-24,false,MTL,0,2,1,2,0,0,0,0,0,0,5,3325,75,3,2,0,0,0,0,3
Andrew Copp,WPG,C,2016-11-10,false,ARI,2,2,1,0,0,0,1,0,0,0,5,3486,88,7,3,3,2,2,9,25
Kyle Connor,WPG,L,2016-10-23,false,EDM,0,1,-5,2,0,1,0,0,0,0,7,4316,88,1,2,4,1,2,0,0
Brett Connolly,WSH,R,2016-11-01,false,WPG,1,0,2,0,0,0,0,0,0,0,10,2836,70,11,1,1,0,1,0,0
Kevin Connauton,ARI,D,2016-11-04,false,ANA,0,1,0,6,0,0,0,0,0,0,4,3900,93,11,2,2,1,0,0,0
Erik Condra,TBL,R,2016-12-20,false,DET,0,0,-1,2,0,0,0,0,0,0,2,3084,70,2,5,3,2,2,1,0
Cory Conacher,TBL,C,2016-12-20,false,DET,1,1,0,2,1,0,0,0,0,0,7,3811,95,0,0,2,4,0,1,1
J.T. Compher,COL,L,2017-03-09,false,NJD,0,0,-2,2,0,0,0,0,0,0,8,3984,93,3,4,1,1,1,21,21
Blake Comeau,COL,L,2016-10-22,false,FLA,1,1,0,8,1,0,0,0,0,0,7,4587,110,8,2,2,0,1,12,14
Blake Coleman,NJD,C,2017-01-20,false,MTL,0,1,0,4,0,0,0,0,0,0,5,3458,81,9,5,1,4,3,17,25
Ian Cole,PIT,D,2016-10-20,false,SJS,1,0,-1,6,0,0,0,0,0,0,5,5356,122,9,7,4,3,1,0,0
Joe Colborne,COL,C,2016-10-22,false,FLA,3,1,-1,2,2,0,0,0,0,0,9,4214,98,5,3,0,1,0,12,25
Andrew Cogliano,ANA,L,2016-10-20,false,PHI,2,0,1,2,0,0,1,0,0,0,10,4538,122,6,2,0,0,1,1,3
Braydon Coburn,TBL,D,2016-10-22,false,OTT,0,0,-1,6,0,0,0,0,0,0,7,4809,107,8,2,2,2,0,0,0
Cal Clutterbuck,NYI,R,2016-10-21,false,ARI,1,3,2,4,0,0,0,0,0,0,8,4759,133,20,3,3,3,1,1,0
Kyle Clifford,LAK,L,2016-10-25,false,CBJ,0,0,1,7,0,0,0,0,0,0,8,2912,66,16,1,4,1,1,0,0
Adam Clendening,NYR,D,2016-10-22,false,WSH,0,1,3,2,0,0,0,0,0,0,4,5040,110,1,2,5,1,2,0,0
Fredrik Claesson,OTT,D,2016-11-11,false,LAK,0,0,-1,0,0,0,0,0,0,0,1,3303,88,5,3,0,3,0,0,0
Casey Cizikas,NYI,C,2016-10-21,false,ARI,0,3,2,2,0,0,0,0,0,0,8,4279,123,10,6,1,1,3,45,40
Jakob Chychrun,ARI,D,2016-10-25,false,NJD,1,2,0,2,0,0,0,0,0,0,6,4809,102,9,4,7,5,1,0,0
Taylor Chorney,WSH,D,2016-12-09,false,BUF,0,1,1,2,0,0,0,0,0,0,6,3899,91,8,5,2,2,1,0,0
Jason Chimera,NYI,L,2016-10-21,false,ARI,0,2,-1,4,0,0,0,0,0,0,7,4285,113,5,0,3,3,1,1,2
Alex Chiasson,CGY,R,2016-10-20,false,CAR,1,0,2,6,0,0,0,0,0,0,10,2961,79,7,0,3,4,2,0,2
Ben Chiarot,WPG,D,2016-10-25,false,DAL,0,0,-4,2,0,0,0,0,0,0,2,3556,76,4,3,0,5,0,0,0
Zdeno Chara,BOS,D,2016-10-22,false,MTL,1,1,6,9,0,0,0,0,0,0,7,6997,137,10,7,3,3,3,0,0
Michael Chaput,VAN,C,2016-11-15,false,NYR,0,1,0,0,0,0,0,0,0,0,2,2676,68,9,0,0,1,0,14,10
Peter Cehlarik,BOS,L,2017-02-23,false,LAK,0,2,0,0,0,1,0,0,0,0,2,4151,94,5,1,4,7,4,1,0
Cody Ceci,OTT,D,2016-10-22,false,TBL,0,1,-3,4,0,0,0,1,0,0,7,6871,156,6,13,4,3,2,0,0
Jeff Carter,LAK,C,2016-10-22,false,VAN,1,3,1,2,0,0,0,0,0,0,13,5507,122,4,3,6,4,1,50,36
William Carrier,BUF,L,2016-11-12,false,NJD,0,0,2,0,0,0,0,0,0,0,10,2600,66,19,2,2,3,0,0,0
Connor Carrick,TOR,D,2016-10-22,false,CHI,1,0,1,2,0,0,0,0,0,0,11,5441,133,6,4,3,3,1,0,0
Daniel Carr,MTL,L,2016-11-12,false,DET,1,1,2,4,0,0,0,0,1,0,7,3166,79,5,1,3,0,0,0,0
Ryan Carpenter,SJS,C,2017-01-19,false,TBL,2,0,3,2,0,0,0,0,0,0,8,2829,79,10,1,1,1,1,15,13
John Carlson,WSH,D,2016-10-22,false,NYR,0,1,2,0,0,0,0,0,0,0,17,7187,127,2,8,9,5,4,0,0
Brandon Carlo,BOS,D,2016-10-22,false,MTL,1,1,7,2,0,0,0,0,0,0,6,6593,137,7,13,6,2,0,0,0
Paul Carey,WSH,C,2017-04-08,false,BOS,0,0,-2,0,0,0,0,0,0,0,6,3049,68,5,1,2,3,4,0,0
Brian Campbell,CHI,D,2016-10-21,false,CBJ,0,1,1,2,0,1,0,0,0,0,5,4869,97,9,2,2,6,0,0,0
Michael Cammalleri,NJD,L,2016-10-22,false,MIN,0,2,2,6,0,1,0,0,0,0,11,4866,102,5,1,7,6,1,1,0
Matt Calvert,CBJ,L,2016-10-25,false,LAK,1,0,-4,2,0,0,0,0,0,0,8,5015,112,6,2,2,2,4,1,3
Ryan Callahan,TBL,R,2016-11-07,false,FLA,0,1,0,17,0,0,0,0,0,0,7,4040,103,12,2,4,2,4,2,1
Drake Caggiula,EDM,L,2016-11-27,false,ARI,0,2,0,0,0,0,0,0,0,0,4,4038,93,3,1,5,1,2,9,13
Paul Byron,MTL,L,2016-10-22,false,BOS,1,3,1,2,0,0,1,0,1,0,6,3787,107,2,1,1,1,4,1,0
Dustin Byfuglien,WPG,D,2016-10-23,false,EDM,0,4,0,2,0,0,0,0,0,0,10,8801,149,16,7,9,8,3,0,0
Alexandre Burrows,VAN,L,2016-10-22,false,LAK,0,0,-1,4,0,0,0,0,0,0,3,3386,96,4,0,0,1,4,0,1
Brent Burns,SJS,D,2016-10-20,false,PIT,3,6,2,2,0,1,0,0,1,0,25,6979,139,3,11,7,8,2,0,0
Alexander Burmistrov,WPG,C,2016-10-25,false,DAL,0,1,-1,0,0,0,0,0,0,0,2,3678,80,7,0,2,3,1,12,29
Andre Burakovsky,WSH,L,2016-10-22,false,NYR,2,0,0,0,0,0,0,0,0,0,12,4902,98,3,1,3,1,1,0,0
Pavel Buchnevich,NYR,R,2016-11-01,false,STL,0,2,1,4,0,1,0,0,0,0,7,4768,111,2,2,6,3,2,0,1
Dustin Brown,LAK,R,2016-10-22,false,VAN,1,3,-3,0,0,2,1,0,0,0,8,4783,110,13,1,5,0,3,0,0
Connor Brown,TOR,R,2016-10-22,false,CHI,1,0,-1,4,0,0,0,0,0,0,5,3824,100,2,4,3,1,0,0,0
J.T. Brown,TBL,R,2016-10-22,false,OTT,0,0,-1,6,0,0,0,0,0,0,6,2919,75,6,1,2,1,1,0,0
Patrick Brown,CAR,C,2017-03-09,false,NYR,0,0,-4,0,0,0,0,0,0,0,5,3078,75,10,3,2,1,1,0,0
Troy Brouwer,CGY,R,2016-10-20,false,CAR,3,0,0,4,0,0,1,0,0,0,8,5287,122,15,4,2,2,2,4,8
Jonny Brodzinski,LAK,C,2017-04-06,false,CGY,0,2,2,0,0,0,0,0,0,0,16,3819,84,7,3,6,1,1,0,0
Kyle Brodziak,STL,C,2016-10-22,false,CGY,0,0,-1,4,0,0,0,0,0,0,4,2548,74,5,2,1,0,2,8,17
Jonas Brodin,MIN,D,2016-10-22,false,NJD,1,2,3,4,0,0,0,0,1,0,3,5237,122,1,7,5,3,0,0,0
TJ Brodie,CGY,D,2016-10-20,false,CAR,0,1,-4,2,0,1,0,0,0,0,9,6954,153,0,5,2,4,3,0,0
Justin Braun,SJS,D,2016-10-20,false,PIT,0,0,-3,0,0,0,0,0,0,0,7,6053,128,5,8,4,2,3,0,0
Derick Brassard,OTT,C,2016-10-22,false,TBL,1,2,-1,0,0,0,0,0,0,0,12,5364,116,6,0,4,2,2,45,40
Tyler Bozak,TOR,C,2016-10-22,false,CHI,1,2,-1,0,0,0,0,0,0,0,7,4763,114,4,1,3,2,2,48,36
Brian Boyle,TBL,C,2016-10-22,false,OTT,1,0,1,5,0,0,0,0,0,0,11,3181,75,6,1,0,1,3,27,19
Johnny Boychuk,NYI,D,2016-10-21,false,ARI,1,2,0,0,0,1,1,0,1,0,10,5805,116,9,10,6,1,2,0,0
Jay Bouwmeester,STL,D,2016-10-20,false,EDM,0,0,1,2,0,0,0,0,0,0,3,7098,160,6,10,5,4,1,0,0
Rene Bourque,COL,R,2016-10-29,false,ARI,1,1,0,4,1,0,0,0,0,0,9,4169,89,12,4,2,1,2,0,2
Michael Bournival,TBL,L,2016-12-23,false,WSH,1,0,0,0,0,0,0,0,0,0,8,2870,69,5,2,5,0,2,0,1
Lance Bouma,CGY,C,2016-10-20,false,CAR,0,1,2,2,0,0,0,0,0,0,2,3510,91,7,6,2,0,0,0,1
Reid Boucher,NJD,C,2016-11-15,false,DAL,0,1,0,2,0,0,0,0,0,0,4,3335,73,4,3,3,0,3,0,0
Robert Bortuzzo,STL,D,2016-11-19,false,NSH,0,0,3,2,0,0,0,0,0,0,5,3610,102,14,9,1,4,0,0,0
Mark Borowiecki,OTT,D,2016-10-22,false,TBL,0,0,0,9,0,0,0,0,0,0,1,3677,97,13,7,2,0,0,0,0
Nick Bonino,PIT,C,2016-10-20,false,SJS,0,1,-4,4,0,1,0,0,0,0,10,5986,137,5,8,0,1,3,53,57
Jared Boll,ANA,R,2016-10-23,false,VAN,0,1,-1,6,0,0,0,0,0,0,0,1634,46,7,0,0,0,0,0,1
Zach Bogosian,BUF,D,2016-10-25,false,PHI,0,0,0,2,0,0,0,0,0,0,6,6152,142,3,11,1,3,2,0,0
Brock Boeser,VAN,R,2017-04-02,false,SJS,2,0,3,0,0,0,0,0,1,0,14,5011,107,5,0,2,2,1,0,0
Mikkel Boedker,SJS,L,2016-10-20,false,PIT,1,0,-2,2,0,0,0,0,0,0,4,4209,108,2,2,4,3,1,2,2
Anton Blidh,BOS,L,2016-12-15,false,ANA,0,1,0,0,0,0,0,0,0,0,10,3042,64,13,0,3,0,1,0,0
Joseph Blandisi,NJD,L,2017-02-14,false,COL,0,0,-2,7,0,0,0,0,0,0,7,2952,79,8,0,0,0,1,1,0
Nick Bjugstad,FLA,C,2016-12-01,false,DET,0,0,-1,4,0,0,0,0,0,0,5,3770,79,8,1,1,1,1,0,1
Oliver Bjorkstrand,CBJ,R,2016-12-10,false,NYI,0,1,-1,6,0,0,0,0,0,0,5,3683,89,3,2,2,2,0,1,0
Anthony Bitetto,NSH,D,2017-01-05,false,TBL,0,2,0,7,0,0,0,0,0,0,1,2984,75,8,6,2,1,0,0,0
Kevin Bieksa,ANA,D,2016-10-20,false,PHI,0,0,0,2,0,0,0,0,0,0,13,6309,124,12,6,5,2,1,0,0
Alex Biega,VAN,D,2016-12-13,false,CAR,0,1,1,4,0,0,0,0,0,0,6,4546,109,10,6,9,0,2,0,0
Bryan Bickell,CAR,L,2016-10-22,false,PHI,0,0,-1,2,0,0,0,0,0,0,5,3182,73,6,1,2,0,2,0,1
Patrik Berglund,STL,C,2016-10-20,false,EDM,0,2,2,2,0,0,0,0,0,0,8,4708,119,6,4,4,1,2,28,27
Patrice Bergeron,BOS,C,2016-10-29,false,DET,1,0,0,2,0,0,0,0,1,0,15,5470,123,3,4,5,1,3,73,48
Matt Benning,EDM,D,2016-11-08,false,PIT,0,2,0,2,0,1,0,0,0,0,3,4579,108,3,6,2,0,0,0,0
Sam Bennett,CGY,C,2016-10-20,false,CAR,0,0,-2,12,0,0,0,0,0,0,8,4602,113,9,0,7,4,1,29,26
Beau Bennett,NJD,R,2016-10-25,false,ARI,0,0,-2,0,0,0,0,0,0,0,7,3552,77,4,0,2,0,3,0,1
Jamie Benn,DAL,L,2016-10-22,false,CBJ,2,2,-4,7,2,1,0,0,0,0,15,5900,144,9,2,4,4,3,26,24
Jordie Benn,DAL,D,2016-10-27,false,WPG,0,3,-1,6,0,1,0,0,0,0,5,5439,127,7,13,3,1,0,0,0
Pierre-Edouard Bellemare,PHI,L,2016-10-22,false,CAR,0,1,2,0,0,0,0,0,0,0,3,4208,100,3,8,2,0,0,28,27
Matt Beleskey,BOS,L,2016-10-22,false,MTL,0,0,-5,0,0,0,0,0,0,0,6,4602,101,11,1,8,1,1,7,13
Taylor Beck,NYR,L,2017-04-09,false,PIT,0,0,-3,4,0,0,0,0,0,0,5,2643,70,5,0,0,2,1,0,1
Anthony Beauvillier,NYI,C,2016-10-23,false,MIN,1,4,4,2,0,0,0,0,0,0,4,2845,69,8,1,1,2,1,1,1
Nathan Beaulieu,MTL,D,2016-10-22,false,BOS,0,2,7,4,0,1,0,0,0,0,7,6176,135,7,6,2,9,3,0,0
Francois Beauchemin,COL,D,2016-10-22,false,FLA,0,2,3,0,0,1,0,0,0,0,5,6361,141,5,8,2,4,4,0,0
Jay Beagle,WSH,C,2016-10-22,false,NYR,0,1,2,0,0,0,0,0,0,0,7,3536,89,0,4,2,1,1,32,18
Matt Bartkowski,CGY,D,2017-02-26,false,CAR,0,0,2,0,0,0,0,0,0,0,2,4209,108,8,3,1,2,1,0,0
Tyson Barrie,COL,D,2016-10-22,false,FLA,1,3,-1,2,0,2,0,0,1,0,5,6764,133,7,3,9,3,0,0,0
Aleksander Barkov,FLA,C,2016-10-22,false,COL,2,3,5,0,0,1,0,0,1,1,11,6087,128,1,4,4,1,4,38,33
Mark Barberio,MTL,D,2016-12-04,false,LAK,0,0,0,4,0,0,0,0,0,0,5,3951,90,2,5,0,3,0,0,0
Ivan Barbashev,STL,C,2017-02-06,false,PHI,0,0,1,0,0,0,0,0,0,0,3,2598,60,10,3,1,0,1,9,10
Nicholas Baptiste,BUF,R,2016-11-03,false,TOR,1,0,1,2,0,0,0,0,0,0,6,2501,62,4,1,0,1,0,0,1
Justin Bailey,BUF,R,2017-01-05,false,CHI,1,0,1,0,0,0,0,0,0,0,2,3114,78,9,1,3,0,1,0,0
Josh Bailey,NYI,R,2016-10-21,false,ARI,1,2,0,0,0,0,0,0,1,1,10,5864,135,2,7,4,2,3,0,2
Casey Bailey,OTT,R,2017-01-24,false,WSH,0,0,-1,0,0,0,0,0,0,0,4,2166,55,4,0,0,0,1,0,0
Sven Baertschi,VAN,L,2016-10-22,false,LAK,0,1,0,0,0,0,0,0,0,0,7,4508,100,4,1,0,3,0,1,0
Nicklas Backstrom,WSH,C,2016-10-22,false,NYR,0,3,-1,2,0,1,0,0,0,0,12,5404,115,5,1,0,5,4,49,33
Mikael Backlund,CGY,C,2016-10-20,false,CAR,0,4,-3,0,0,1,0,1,0,0,13,5253,125,2,6,3,7,4,40,38
David Backes,BOS,R,2016-10-22,false,MTL,2,2,5,11,0,1,0,0,0,0,12,5623,117,20,4,3,1,2,28,38
Yohann Auvitu,NJD,D,2016-10-22,false,MIN,0,1,2,0,0,0,0,0,0,0,15,5049,109,3,1,1,2,4,0,0
Brady Austin,BUF,D,2017-03-28,false,CBJ,0,0,0,4,0,0,0,0,0,0,8,4827,126,6,0,1,2,1,0,0
Cam Atkinson,CBJ,R,2016-10-25,false,LAK,2,2,-5,2,2,2,0,0,0,0,14,5208,123,2,2,8,0,2,1,0
Andreas Athanasiou,DET,C,2016-10-25,false,CAR,2,1,3,0,0,0,0,0,0,0,8,3269,77,2,0,1,2,1,0,1
Viktor Arvidsson,NSH,L,2016-10-22,false,PIT,3,1,-1,2,1,1,0,0,0,0,17,4291,109,2,3,1,1,3,1,0
Joel Armia,WPG,R,2016-10-25,false,DAL,1,0,0,0,0,0,0,0,0,0,10,3921,89,4,2,2,3,4,1,0
Josh Archibald,PIT,R,2017-03-24,false,NYI,2,0,1,0,0,0,1,0,0,0,5,2709,69,12,0,4,0,0,0,1
Artem Anisimov,CHI,C,2016-10-21,false,CBJ,2,4,2,8,0,2,0,0,1,0,10,5527,117,2,0,3,0,2,21,41
Sven Andrighetto,MTL,R,2016-12-08,false,NJD,0,0,0,0,0,0,0,0,0,0,7,3207,76,6,4,1,1,2,0,0
Andy Andreoff,LAK,L,2016-10-22,false,VAN,0,0,-1,6,0,0,0,0,0,0,3,2907,69,9,3,2,3,0,7,6
Josh Anderson,CBJ,R,2016-10-25,false,LAK,2,0,3,4,0,0,0,0,1,0,8,3553,95,3,1,1,1,1,1,2
Karl Alzner,WSH,D,2016-10-22,false,NYR,0,2,3,4,0,0,0,0,0,0,7,5938,124,5,8,2,2,1,0,0
Sebastian Aho,CAR,R,2016-10-22,false,PHI,0,5,-1,2,0,3,0,0,0,0,7,4295,93,2,1,6,5,1,0,0
Kenny Agostino,STL,L,2017-02-15,false,DET,1,2,0,0,0,1,0,0,0,0,13,3865,87,7,2,4,4,1,0,0
Noel Acciari,BOS,C,2016-10-22,false,MTL,0,2,0,2,0,0,0,0,0,0,3,3213,75,11,1,3,1,2,4,3
Pontus Aberg,NSH,L,2016-11-21,false,TBL,1,1,2,2,0,0,0,0,0,0,5,3750,84,3,0,1,1,1,1,0
Justin Abdelkader,DET,L,2016-10-21,false,NSH,1,0,-2,7,1,0,0,0,0,0,5,4638,100,14,3,4,2,3,0,0
Jake Virtanen,VAN,R,2016-10-25,false,OTT,0,0,0,0,0,0,0,0,0,0,8,2980,79,10,3,3,0,3,1,0
Dylan Strome,ARI,C,2016-11-03,false,NSH,0,1,-3,0,0,0,0,0,0,0,4,4180,95,3,2,6,0,3,21,33
Clayton Stoner,ANA,D,2016-10-25,false,SJS,0,2,-1,7,0,0,0,0,0,0,3,5429,124,7,7,1,1,1,0,0
Steven Stamkos,TBL,C,2016-10-22,false,OTT,3,2,-3,8,1,1,0,0,1,0,20,5697,111,8,0,4,0,4,33,30
Nick Sorensen,ANA,R,2016-10-20,false,PHI,0,1,-1,2,0,0,0,0,0,0,7,3267,82,2,3,1,0,0,1,0
Hunter Shinkaruk,CGY,C,2016-11-21,false,BUF,0,1,-3,2,0,0,0,0,0,0,3,3424,72,3,2,2,1,2,0,0
Brad Richardson,ARI,R,2016-10-23,false,NYR,2,2,0,0,0,0,1,1,0,0,10,4046,100,5,2,3,1,2,35,35
Kyle Rau,FLA,C,2016-11-01,false,BOS,0,1,0,4,0,0,0,0,0,0,3,3775,84,7,1,1,0,1,2,1
Teddy Purcell,LAK,L,2016-11-08,false,TOR,0,0,-1,0,0,0,0,0,0,0,5,4092,89,3,0,1,2,0,2,0
Tyler Pitlick,EDM,R,2016-10-20,false,STL,3,0,0,0,0,0,0,0,1,0,7,2489,70,9,1,1,1,1,0,0
Tyler Myers,WPG,D,2016-10-23,false,EDM,1,0,0,4,0,0,0,0,0,0,9,6743,136,8,10,3,6,1,0,0
Milan Michalek,TOR,L,2016-10-22,false,CHI,1,1,-2,2,0,0,0,0,0,0,6,4281,105,7,9,2,1,3,0,1
Taylor Leier,PHI,L,2016-12-17,false,DAL,1,1,0,2,0,0,0,0,0,0,4,2332,60,1,0,2,0,1,0,0
Brian Lashoff,DET,D,2016-12-13,false,ARI,0,0,-3,0,0,0,0,0,0,0,1,3754,93,8,4,1,1,0,0,0
Johan Larsson,BUF,C,2016-10-25,false,PHI,0,2,-2,4,0,0,0,0,0,0,3,5344,119,6,8,3,2,1,33,35
Quinton Howden,WPG,C,2016-11-20,false,CAR,0,0,1,0,0,0,0,0,0,0,5,2597,71,4,0,0,0,1,0,2
Danton Heinen,BOS,C,2016-10-25,false,MIN,0,0,-1,2,0,0,0,0,0,0,3,4172,82,4,2,2,2,2,0,0
Shane Harper,FLA,R,2016-10-22,false,COL,2,0,1,11,0,0,0,0,0,0,6,2935,73,10,0,0,2,1,0,0
Joel Hanley,MTL,D,2016-11-22,false,OTT,0,0,-2,4,0,0,0,0,0,0,3,3301,81,7,4,0,3,0,0,0
Erik Gudbranson,VAN,D,2016-10-22,false,LAK,0,1,0,2,0,0,0,0,0,0,8,5455,120,5,2,1,3,1,0,0
A.J. Greer,COL,L,2016-11-23,false,EDM,0,1,-2,4,0,0,0,0,0,0,8,4097,102,4,3,2,2,1,0,0
Ryan Garbutt,ANA,C,2016-10-20,false,PHI,1,0,-3,0,0,0,0,0,1,0,2,2778,79,7,3,3,0,1,2,1
Derek Dorsett,VAN,R,2016-10-22,false,LAK,0,1,0,7,0,0,0,0,0,0,5,2623,73,15,3,1,0,1,0,0
Zac Dalpe,MIN,C,2016-10-22,false,NJD,1,2,1,0,0,0,0,0,0,0,5,2513,66,3,3,1,0,1,19,18
Matt Carle,NSH,D,2016-10-22,false,PIT,0,1,-1,0,0,0,0,0,0,0,2,3858,86,3,5,0,1,0,0,0
Gabriel Bourque,COL,L,2016-10-22,false,FLA,0,0,0,0,0,0,0,0,0,0,3,3231,84,14,6,1,0,0,0,1
Tyler Bertuzzi,DET,L,2016-11-23,false,BUF,0,0,-1,0,0,0,0,0,0,0,2,2962,71,7,0,4,3,1,1,0
Christoph Bertschy,MIN,C,2016-11-13,false,OTT,0,1,0,4,0,0,0,0,0,0,5,2440,65,7,3,0,0,0,0,0
Cody Bass,NSH,C,2016-11-05,false,CAR,0,0,0,2,0,0,0,0,0,0,0,2329,59,9,2,0,0,2,0,2
