James van Riemsdyk,TOR,L,2016-11-08,false,LAK,4,6,-3,6,0,2,0,0,0,0,39,11801,269,15,7,8,3,4,1,3
Trevor van Riemsdyk,CHI,D,2016-12-27,false,WPG,1,3,6,4,0,0,0,0,0,0,12,14039,303,5,15,1,8,4,0,0
Calvin de Haan,NYI,D,2016-11-07,false,VAN,1,4,7,16,0,0,0,0,0,0,21,14446,278,19,27,6,14,2,0,0
Jason Zucker,MIN,L,2016-11-12,false,PHI,2,5,8,6,0,0,0,0,0,0,19,9394,229,16,4,10,3,7,1,0
Mats Zuccarello,NYR,R,2016-11-06,false,WPG,6,3,4,8,2,0,0,0,0,0,31,14562,301,18,4,7,5,13,1,1
Harry Zolnierczyk,NSH,L,2017-01-31,false,PIT,1,2,0,4,0,0,0,0,0,0,12,6830,169,18,6,1,0,1,2,3
Mika Zibanejad,NYR,C,2016-11-06,false,WPG,2,7,-2,6,0,4,0,0,0,0,35,12894,297,5,4,22,7,9,127,104
Henrik Zetterberg,DET,L,2016-11-06,false,EDM,2,5,0,0,0,2,0,0,0,0,26,14954,290,8,3,4,8,10,90,85
Travis Zajac,NJD,C,2016-11-11,false,BUF,4,6,2,6,2,1,0,0,1,0,27,15411,339,16,6,4,3,8,147,127
Nikita Zaitsev,TOR,D,2016-11-08,false,LAK,0,6,-6,2,0,2,0,0,0,0,13,17080,366,26,22,9,8,3,0,0
Nikita Zadorov,COL,D,2016-11-11,false,WPG,0,2,-5,14,0,0,0,0,0,0,11,13881,326,31,16,6,6,2,0,0
Pavel Zacha,NJD,C,2016-11-11,false,BUF,1,3,0,6,0,1,0,0,0,0,16,11469,234,17,10,6,3,1,45,62
Keith Yandle,FLA,D,2016-11-07,false,TBL,0,7,2,12,0,3,0,0,0,0,37,17795,309,5,12,16,13,4,0,0
Nail Yakupov,STL,R,2016-11-12,false,CBJ,2,2,-3,8,0,0,0,0,0,0,15,8237,206,11,1,9,1,4,0,0
Miles Wood,NJD,L,2016-12-20,false,NSH,3,0,-1,10,0,0,0,0,0,0,23,9423,234,14,5,15,2,3,1,0
Luke Witkowski,TBL,D,2017-01-19,false,SJS,0,2,-3,13,0,0,0,0,0,0,10,8041,191,26,9,5,5,3,0,0
Daniel Winnik,WSH,L,2016-11-25,false,BUF,3,1,4,6,0,0,0,0,1,0,10,8374,196,4,6,4,7,4,2,3
Tommy Wingels,SJS,C,2016-11-10,false,FLA,2,1,-1,0,0,0,0,0,1,0,15,7101,178,15,6,4,4,0,25,31
Scott Wilson,PIT,L,2016-11-08,false,EDM,2,2,-2,2,0,0,0,0,0,0,22,10619,261,31,4,7,3,1,0,0
Colin Wilson,NSH,L,2016-11-10,false,STL,2,3,-1,6,1,0,0,0,0,0,22,12378,285,9,5,7,8,5,0,1
Tom Wilson,WSH,R,2016-11-11,false,CHI,1,0,3,12,0,0,0,0,0,0,17,10292,237,29,5,0,1,7,0,2
Justin Williams,WSH,R,2016-11-11,false,CHI,1,1,-1,6,0,0,0,0,0,0,25,12526,259,3,8,11,4,7,21,7
Patrick Wiercioch,COL,D,2016-11-15,false,LAK,2,5,2,11,0,0,0,0,0,0,18,13405,315,15,18,5,3,3,0,0
Chris Wideman,OTT,D,2016-11-19,false,FLA,0,4,-3,8,0,1,0,0,0,0,19,10539,278,8,10,8,7,3,0,0
Dennis Wideman,CGY,D,2016-11-20,false,DET,2,3,0,4,2,1,0,0,0,0,27,16986,376,14,13,8,15,5,0,0
Ryan White,ARI,C,2016-11-12,false,BOS,1,2,-4,20,0,0,0,0,1,0,13,8231,185,45,6,5,1,2,6,16
Blake Wheeler,WPG,R,2016-11-06,false,NYR,3,6,-2,12,0,1,1,0,0,0,43,16474,327,22,4,12,10,9,8,9
Zach Werenski,CBJ,D,2016-11-12,false,STL,4,8,3,4,3,3,0,0,1,1,32,16980,366,11,14,8,8,6,0,0
Alexander Wennberg,CBJ,C,2016-11-12,false,STL,2,13,7,2,0,8,0,0,0,0,15,13166,292,16,10,3,7,3,89,110
Dale Weise,PHI,R,2016-11-15,false,OTT,0,2,-1,4,0,0,0,0,0,0,14,9519,219,25,3,8,1,3,0,0
Yannick Weber,NSH,D,2016-11-12,false,ANA,0,3,6,15,0,0,0,0,0,0,9,8863,226,15,11,7,8,0,0,0
Shea Weber,MTL,D,2016-11-08,false,BOS,5,6,15,8,4,1,0,1,3,0,32,20149,374,32,30,15,17,2,0,0
Jordan Weal,PHI,C,2017-03-19,false,CAR,3,1,3,6,0,0,0,0,0,0,29,10981,257,4,5,10,4,7,6,6
Austin Watson,NSH,L,2016-11-19,false,STL,0,1,3,12,0,0,0,0,0,0,10,8633,210,23,2,4,0,5,0,2
Joel Ward,SJS,R,2016-11-08,false,WSH,1,1,-5,2,0,0,0,0,0,0,17,12151,286,10,9,11,14,7,36,44
Chris Wagner,ANA,C,2016-11-06,false,CGY,2,0,-2,4,0,0,0,0,0,0,15,8801,223,32,6,7,3,2,28,37
Radim Vrbata,ARI,R,2016-11-10,false,WPG,5,5,2,4,0,1,0,0,0,0,33,13059,275,9,3,16,6,8,3,0
Jakub Vrana,WSH,L,2017-02-28,false,NYR,1,2,3,2,1,1,0,0,1,0,22,9029,195,3,6,10,4,3,0,2
Jakub Voracek,PHI,R,2016-11-05,false,MTL,6,7,-5,28,0,4,0,0,1,1,52,14981,311,3,3,10,5,4,0,4
Marc-Edouard Vlasic,SJS,D,2016-11-08,false,WSH,2,3,-2,20,0,2,0,0,2,1,15,17052,343,6,20,7,11,1,0,0
Jimmy Vesey,NYR,L,2016-11-06,false,WPG,6,4,5,2,2,1,0,0,2,0,21,11480,260,9,7,9,5,8,0,0
Kris Versteeg,CGY,R,2016-11-23,false,CBJ,2,3,5,4,0,0,0,0,0,0,15,9651,220,1,7,4,5,5,9,5
Joel Vermin,TBL,R,2017-03-23,false,BOS,0,3,2,2,0,0,0,0,0,0,9,8754,206,15,7,7,2,5,2,0
Antoine Vermette,ANA,C,2016-11-06,false,CGY,2,5,2,10,1,1,0,0,0,0,15,12286,318,15,12,10,4,4,130,63
Frank Vatrano,BOS,C,2017-01-16,false,NYI,3,3,-1,2,1,1,0,0,0,0,35,11103,252,21,4,14,1,4,0,0
Sami Vatanen,ANA,D,2016-11-06,false,CGY,1,6,3,2,1,4,0,0,0,0,15,17539,359,19,29,4,4,4,0,0
Thomas Vanek,DET,L,2016-12-01,false,FLA,4,6,5,10,2,2,0,0,0,0,24,11160,233,5,1,7,5,7,0,3
Chris VandeVelde,PHI,C,2016-11-05,false,MTL,2,1,-3,0,0,0,0,0,0,0,14,8026,204,19,7,4,2,3,2,5
Scottie Upshall,STL,R,2016-11-12,false,CBJ,2,2,-6,9,0,0,0,0,0,0,16,7599,219,15,0,6,3,3,1,3
Fedor Tyutin,COL,D,2016-11-19,false,MIN,0,3,-1,8,0,0,0,0,0,0,10,14421,340,26,19,3,3,2,0,0
Kyle Turris,OTT,C,2016-11-09,false,BUF,6,2,-1,0,1,0,0,0,2,2,27,15132,320,4,10,12,10,4,87,106
Nikita Tryamkin,VAN,D,2016-11-29,false,MIN,0,0,3,15,0,0,0,0,0,0,14,13104,294,45,13,12,4,0,0,0
Jacob Trouba,WPG,D,2016-12-04,false,CHI,0,3,-1,12,0,0,0,0,0,0,26,18709,362,20,29,16,19,10,0,0
Vincent Trocheck,FLA,C,2016-11-07,false,TBL,6,2,-1,4,0,2,0,0,1,1,36,16378,317,27,10,20,10,12,129,137
Jordin Tootoo,CHI,R,2016-11-06,false,DAL,0,0,1,9,0,0,0,0,0,0,18,5421,153,12,1,5,2,2,0,0
Tyler Toffoli,LAK,C,2016-11-08,false,TOR,3,5,8,0,1,0,0,0,0,0,46,14408,306,17,1,18,7,3,0,2
Jonathan Toews,CHI,C,2016-11-06,false,DAL,4,6,4,11,1,3,0,0,2,0,37,16484,366,8,1,8,8,4,195,124
Matthew Tkachuk,CGY,L,2016-11-15,false,MIN,3,3,3,17,0,0,0,0,1,0,24,10147,230,14,4,14,4,3,1,2
Chris Tierney,SJS,C,2016-11-08,false,WSH,0,2,-4,0,0,0,0,0,0,0,13,10021,250,10,9,5,10,5,46,51
Shawn Thornton,FLA,L,2016-12-29,false,MTL,0,1,-3,7,0,0,0,0,0,0,5,4726,123,13,2,8,3,0,0,2
Joe Thornton,SJS,C,2016-11-08,false,WSH,2,9,1,4,0,4,0,0,0,0,10,14459,307,11,4,0,14,9,83,55
Chris Thorburn,WPG,R,2016-11-15,false,CHI,1,0,-3,28,0,0,0,0,0,0,8,6241,174,19,9,0,1,0,7,7
Nate Thompson,ANA,C,2017-03-03,false,TOR,0,0,0,9,0,0,0,0,0,0,8,7279,197,28,4,1,0,2,54,52
Paul Thompson,FLA,R,2017-01-07,false,BOS,0,3,-3,22,0,0,0,0,0,0,9,6288,159,27,11,5,1,2,0,1
Shea Theodore,ANA,D,2016-12-07,false,CAR,0,2,-6,10,0,0,0,1,0,0,19,14341,295,2,13,13,18,1,0,0
Chris Terry,MTL,L,2017-01-03,false,NSH,2,2,2,4,0,0,0,0,0,0,14,7573,198,9,1,5,8,5,1,1
Teuvo Teravainen,CAR,L,2016-11-10,false,ANA,3,1,-8,0,1,1,0,0,0,0,15,11490,250,5,2,10,7,4,9,18
Matt Tennyson,CAR,D,2016-12-07,false,ANA,0,2,4,0,0,0,0,0,0,0,11,11411,254,15,15,4,7,6,0,0
John Tavares,NYI,C,2016-11-07,false,VAN,5,6,2,14,2,0,0,0,0,0,45,16004,311,8,6,17,5,12,138,128
Tomas Tatar,DET,L,2016-11-06,false,EDM,1,4,-2,6,0,1,0,0,0,0,36,13558,285,13,6,11,4,4,3,1
Vladimir Tarasenko,STL,R,2016-11-06,false,COL,5,6,0,0,1,3,0,0,1,1,54,14559,344,3,6,17,4,8,0,1
Christopher Tanev,VAN,D,2016-12-28,false,LAK,0,3,2,6,0,0,0,0,0,0,6,16092,359,3,24,8,7,2,0,0
Brandon Tanev,WPG,L,2016-11-06,false,NYR,2,1,0,2,0,0,0,0,1,0,20,8243,219,22,8,5,1,5,0,0
Brandon Sutter,VAN,C,2016-11-07,false,NYI,1,5,-6,0,0,1,0,0,1,1,30,14997,323,10,8,11,6,5,124,120
Ryan Suter,MIN,D,2016-11-12,false,PHI,3,8,9,6,1,3,0,0,0,0,30,21406,378,15,11,8,4,11,0,0
Andrej Sustr,TBL,D,2016-11-07,false,FLA,0,2,-4,7,0,0,0,0,0,0,13,13147,293,8,18,5,6,5,0,0
P.K. Subban,NSH,D,2016-11-10,false,STL,3,5,-4,10,2,3,0,0,1,0,30,19219,353,14,30,8,18,8,0,0
Mark Stuart,WPG,D,2017-01-16,false,SJS,1,0,1,13,0,0,0,0,0,0,8,9507,231,21,33,1,7,3,0,0
Ryan Strome,NYI,C,2016-11-07,false,VAN,2,3,-3,6,1,0,0,0,0,0,19,10413,231,9,6,5,9,5,36,34
Mark Streit,PHI,D,2016-11-05,false,MTL,3,6,-4,8,1,4,0,0,0,0,24,16055,360,5,15,11,8,2,0,0
Anton Stralman,TBL,D,2016-11-07,false,FLA,0,6,2,0,0,4,0,0,0,0,18,17447,344,13,11,10,5,5,0,0
Michael Stone,ARI,D,2016-12-01,false,LAK,0,5,-4,2,0,3,0,0,0,0,16,16251,351,25,32,12,4,0,1,0
Mark Stone,OTT,R,2016-11-11,false,LAK,2,4,0,4,0,0,0,0,2,0,24,13500,285,14,7,5,9,12,3,2
Chris Stewart,MIN,R,2016-11-12,false,PHI,2,3,1,19,0,1,0,0,0,0,6,9176,222,19,2,4,6,4,0,1
Derek Stepan,NYR,C,2016-11-06,false,WPG,1,9,3,2,0,4,1,0,0,0,24,13543,323,3,9,7,8,10,106,125
Lee Stempniak,CAR,R,2016-11-10,false,ANA,4,3,3,10,1,0,0,0,0,0,21,12999,287,25,4,8,6,7,1,2
Alexander Steen,STL,L,2016-11-06,false,COL,2,8,-4,23,0,3,0,0,0,0,26,15998,377,8,9,10,3,7,17,38
Troy Stecher,VAN,D,2016-11-26,false,COL,1,2,-5,11,0,0,0,0,0,0,41,16388,333,7,13,11,5,6,0,0
Paul Stastny,STL,C,2016-11-06,false,COL,4,5,-2,14,2,2,0,0,1,0,20,15953,369,8,7,11,3,7,149,135
Viktor Stalberg,CAR,L,2016-11-12,false,WSH,2,0,-4,13,0,0,0,0,1,0,17,9048,232,21,2,3,3,8,0,1
Matt Stajan,CGY,C,2016-11-05,false,LAK,0,4,3,4,0,0,0,0,0,0,13,9976,245,9,13,5,4,2,74,59
Drew Stafford,WPG,R,2016-12-04,false,CHI,1,3,0,6,0,0,0,0,1,0,23,11378,256,13,0,6,9,4,1,3
Eric Staal,MIN,C,2016-11-12,false,PHI,5,7,5,4,1,2,0,0,2,0,36,15114,336,10,4,8,3,7,128,108
Jordan Staal,CAR,C,2016-11-10,false,ANA,4,1,-4,6,1,0,0,0,0,0,30,15308,358,26,4,9,5,12,144,93
Marc Staal,NYR,D,2016-11-06,false,WPG,1,2,7,2,0,0,0,1,0,0,13,15438,356,14,14,7,6,8,0,0
Jared Spurgeon,MIN,D,2016-11-19,false,COL,1,4,5,2,0,1,0,1,0,0,26,17746,352,8,28,5,3,4,0,0
Ryan Sproul,DET,D,2016-12-01,false,FLA,1,4,-4,4,1,2,0,0,0,0,26,12611,279,6,4,10,3,2,0,0
Ryan Spooner,BOS,C,2016-11-10,false,CBJ,2,3,-4,6,2,1,0,0,0,0,29,12261,257,6,2,7,8,9,2,5
Jason Spezza,DAL,C,2016-11-21,false,MIN,4,4,-8,2,1,2,0,0,1,0,32,13347,323,4,5,19,7,7,71,63
Nikita Soshnikov,TOR,R,2016-11-29,false,EDM,1,3,1,4,0,1,0,0,0,0,20,7738,199,28,7,5,2,4,1,2
Marcus Sorensen,SJS,R,2017-03-24,false,DAL,1,2,-1,2,0,0,0,0,1,0,17,8207,209,11,5,4,8,7,0,0
Carl Soderberg,COL,C,2016-11-11,false,WPG,2,1,-2,6,0,0,0,0,0,0,23,13242,299,4,11,6,3,11,70,75
Devante Smith-Pelly,NJD,R,2016-11-15,false,DAL,1,2,-4,2,0,1,0,0,0,0,24,10686,232,18,4,7,4,3,4,5
Craig Smith,NSH,R,2016-11-12,false,ANA,5,0,-1,12,2,0,0,0,0,0,30,11581,261,16,4,22,7,5,15,14
Brendan Smith,DET,D,2016-11-06,false,EDM,1,2,-2,13,1,2,0,0,0,0,18,13565,312,15,14,8,11,0,0,0
Ben Smith,TOR,R,2016-11-11,false,PHI,1,1,-4,0,0,0,0,0,0,0,10,9438,237,8,9,2,3,3,87,78
Reilly Smith,FLA,R,2016-11-07,false,TBL,3,3,1,2,2,0,0,0,1,0,29,15282,320,10,4,14,5,18,1,0
Gemel Smith,DAL,C,2017-04-01,false,CAR,2,1,1,21,0,0,1,0,0,0,15,10243,262,5,4,6,4,3,21,30
Zack Smith,OTT,C,2016-11-09,false,BUF,2,1,-1,19,0,0,1,0,0,0,27,12829,290,25,4,7,11,4,55,46
Anton Slepyshev,EDM,L,2016-12-03,false,ANA,2,2,5,2,0,0,0,0,0,0,21,9039,204,18,3,4,4,3,0,0
Jaccob Slavin,CAR,D,2016-11-10,false,ANA,1,4,-2,2,0,1,0,0,0,0,20,17510,359,6,24,6,7,7,0,0
Brady Skjei,NYR,D,2016-11-06,false,WPG,0,8,3,2,0,2,0,0,0,0,12,12553,281,24,11,9,9,3,0,0
Jeff Skinner,CAR,L,2016-11-12,false,WSH,6,7,0,8,1,3,0,0,0,0,49,14676,305,9,5,16,6,15,3,8
Jack Skille,VAN,R,2016-11-19,false,CHI,0,1,-6,4,0,0,0,0,0,0,17,7783,188,23,4,3,3,2,0,0
Colton Sissons,NSH,C,2016-11-12,false,ANA,1,1,0,0,0,0,1,0,0,0,7,8114,214,23,6,2,4,4,62,67
Wayne Simmonds,PHI,R,2016-11-05,false,MTL,6,6,-5,12,4,2,0,0,0,0,39,16085,346,32,11,23,4,2,0,1
Jakob Silfverberg,ANA,R,2016-11-06,false,CGY,3,2,4,2,1,0,1,0,1,0,33,14510,335,4,8,9,7,7,1,2
Nick Shore,LAK,C,2016-11-10,false,MTL,0,2,-2,8,0,0,0,0,0,0,18,8937,216,9,6,6,4,2,57,66
Devin Shore,DAL,C,2016-11-08,false,WPG,1,6,-2,4,0,2,0,0,0,0,19,11838,281,6,10,7,1,8,67,75
Drew Shore,VAN,C,2017-04-08,false,EDM,0,2,-2,4,0,0,0,0,0,0,11,9146,215,19,3,3,3,4,33,27
Conor Sheary,PIT,L,2016-11-23,false,NYR,4,5,8,4,0,0,0,0,1,0,24,11074,251,6,5,7,7,5,0,0
Riley Sheahan,DET,C,2016-11-06,false,EDM,0,3,-6,6,0,1,0,0,0,0,18,10863,261,3,8,6,2,3,9,8
Logan Shaw,ANA,C,2016-12-19,false,TOR,1,0,-2,0,0,0,0,0,0,0,20,6718,188,10,6,6,0,2,12,26
Andrew Shaw,MTL,C,2016-11-08,false,BOS,1,2,5,18,0,0,0,0,0,0,18,10977,250,29,4,8,5,5,53,36
Kevin Shattenkirk,STL,D,2016-11-06,false,COL,3,7,0,19,2,4,0,0,0,0,24,16008,344,11,11,8,6,5,0,0
Patrick Sharp,DAL,L,2017-01-04,false,MTL,1,2,-5,17,0,0,1,0,0,0,32,12897,291,13,7,15,5,1,8,8
Michael Sgarbossa,FLA,C,2017-01-06,false,NSH,0,2,-3,0,0,1,0,0,0,0,12,8151,204,11,5,4,4,1,51,62
Damon Severson,NJD,D,2016-11-11,false,BUF,2,7,-3,8,0,5,0,0,1,0,20,15932,339,15,11,6,17,5,0,0
Devin Setoguchi,LAK,R,2016-11-08,false,TOR,2,2,3,4,0,0,0,0,0,0,19,10154,234,15,1,8,8,4,1,1
Tom Sestito,PIT,L,2017-04-09,false,NYR,0,2,0,48,0,0,0,0,0,0,3,4315,126,19,2,0,2,0,0,0
Andrej Sekera,EDM,D,2016-11-06,false,DET,0,4,1,4,0,1,0,0,0,0,14,16101,341,12,23,13,6,5,0,0
Dennis Seidenberg,NYI,D,2016-11-07,false,VAN,4,4,10,12,0,0,0,0,0,0,15,15099,286,17,35,3,10,2,0,0
Tyler Seguin,DAL,C,2016-11-08,false,WPG,7,7,-7,4,4,3,0,0,1,0,54,14796,331,10,1,21,6,7,90,83
Lukas Sedlak,CBJ,C,2016-11-18,false,NYR,0,4,5,2,0,0,0,0,0,0,10,7891,194,11,8,8,4,6,36,40
Daniel Sedin,VAN,L,2016-11-07,false,NYI,4,2,-4,2,1,1,0,0,1,0,38,14406,299,5,5,12,2,4,0,1
Henrik Sedin,VAN,C,2016-11-07,false,NYI,4,2,-5,2,1,1,0,0,1,1,19,14850,297,3,2,8,11,2,114,108
Brent Seabrook,CHI,D,2016-11-06,false,DAL,1,8,9,2,1,2,0,0,0,0,16,18048,388,23,15,9,17,1,0,0
Jaden Schwartz,STL,L,2016-11-15,false,BUF,4,2,-1,4,1,0,0,0,2,0,29,15022,348,12,10,11,5,9,27,25
Justin Schultz,PIT,D,2016-11-08,false,EDM,0,3,3,4,0,2,0,0,0,0,22,12984,302,10,10,7,7,2,0,0
Nick Schultz,PHI,D,2017-01-12,false,VAN,0,4,-1,6,0,0,0,0,0,0,13,12589,315,22,29,6,5,1,0,0
Jordan Schroeder,MIN,C,2017-01-17,false,NJD,3,4,2,0,0,0,0,0,0,0,14,7349,172,12,5,4,1,1,0,0
Nate Schmidt,WSH,D,2016-11-12,false,CAR,0,4,-2,2,0,0,0,0,0,0,14,11412,244,11,5,7,13,8,0,0
Nick Schmaltz,CHI,C,2016-11-06,false,DAL,1,2,0,2,0,1,0,0,0,0,7,8561,206,4,7,2,3,6,27,55
David Schlemko,SJS,D,2016-11-08,false,WSH,0,3,0,2,0,2,0,0,0,0,30,13513,292,7,16,10,8,10,0,0
Luke Schenn,ARI,D,2016-11-10,false,WPG,0,1,-1,5,0,0,0,0,0,0,15,12025,276,40,21,6,5,4,0,0
Brayden Schenn,PHI,C,2016-11-12,false,MIN,3,7,-7,11,3,3,0,0,1,0,30,13823,295,37,10,17,8,2,16,16
Mark Scheifele,WPG,C,2016-11-06,false,NYR,7,7,5,10,1,1,0,0,1,1,36,16569,320,15,8,9,5,10,121,160
Tim Schaller,BOS,C,2016-11-12,false,ARI,2,2,0,13,0,0,0,0,1,0,17,9292,220,13,7,10,6,5,8,3
Colton Sceviour,FLA,C,2016-11-07,false,TBL,5,3,0,8,1,2,2,0,1,0,27,12241,254,13,14,9,4,6,3,4
Marco Scandella,MIN,D,2016-12-04,false,EDM,0,2,-5,6,0,0,0,0,0,0,20,12660,292,7,10,4,5,2,0,0
Luca Sbisa,VAN,D,2016-11-07,false,NYI,0,1,-1,4,0,0,0,0,0,0,4,12839,284,20,20,4,11,4,0,0
David Savard,CBJ,D,2016-11-12,false,STL,1,3,1,8,0,0,0,0,0,0,13,16268,356,23,21,16,3,1,0,0
Steven Santini,NJD,D,2017-01-26,false,WSH,2,3,3,2,0,0,0,0,0,0,11,11818,269,30,9,4,3,0,0,0
Zach Sanford,WSH,L,2016-11-15,false,CBJ,0,1,0,2,0,0,0,0,0,0,10,7913,176,7,3,3,7,6,5,1
Brandon Saad,CBJ,L,2016-11-12,false,STL,4,8,5,2,0,0,0,0,0,0,31,13054,307,3,4,15,3,6,1,1
Bobby Ryan,OTT,R,2016-11-09,false,BUF,3,3,2,4,1,1,0,0,0,0,30,12408,270,12,9,7,9,2,0,0
Derek Ryan,CAR,C,2016-12-07,false,ANA,1,4,-3,2,1,2,0,0,1,0,10,9925,220,11,5,5,6,3,69,52
Bryan Rust,PIT,R,2016-11-16,false,WSH,2,2,-3,2,0,0,0,0,0,0,29,9947,250,24,7,4,4,3,0,0
Robbie Russo,DET,D,2017-03-28,false,CAR,0,0,0,2,0,0,0,0,0,0,9,12417,256,13,11,8,11,0,0,0
Kris Russell,EDM,D,2016-11-21,false,CHI,0,3,6,0,0,0,0,0,0,0,16,16324,351,12,36,4,10,7,0,0
Chad Ruhwedel,PIT,D,2017-02-19,false,DET,1,2,5,2,0,0,0,0,0,0,19,13026,302,14,8,5,5,4,0,0
Michal Rozsival,CHI,D,2017-01-13,false,WSH,0,1,-1,6,0,0,0,0,0,0,6,12120,279,32,20,3,4,2,0,0
Carter Rowney,PIT,R,2017-03-13,false,CGY,0,1,0,0,0,0,0,0,0,0,8,7676,190,20,7,6,2,4,45,36
Antoine Roussel,DAL,L,2016-11-08,false,WPG,1,5,0,47,0,2,0,0,1,0,19,11429,300,14,10,13,10,2,1,0
Evan Rodrigues,BUF,L,2017-03-04,false,TBL,2,2,0,2,0,0,0,0,0,0,22,9771,209,3,2,6,4,7,37,53
Brett Ritchie,DAL,R,2016-11-08,false,WPG,3,1,2,11,0,0,0,0,0,0,26,9831,238,24,3,7,2,1,0,0
Nick Ritchie,ANA,L,2016-11-10,false,CAR,3,1,2,8,1,0,0,0,1,0,31,11534,278,51,4,14,1,1,2,1
Rasmus Ristolainen,BUF,D,2016-11-09,false,OTT,0,8,-1,10,0,6,0,0,0,0,24,19790,397,29,23,14,9,6,0,0
Morgan Rielly,TOR,D,2016-11-08,false,LAK,0,6,-3,7,0,0,0,0,0,0,20,17663,416,4,28,16,17,5,0,0
Tobias Rieder,ARI,R,2016-11-12,false,BOS,3,3,1,0,0,0,0,1,0,0,22,12444,277,4,10,11,5,4,0,2
Mike Ribeiro,NSH,C,2016-11-10,false,STL,1,6,1,10,1,1,0,0,0,0,13,12547,264,10,2,5,7,1,58,63
Sam Reinhart,BUF,C,2016-11-09,false,OTT,2,4,0,2,1,2,0,0,1,0,34,13113,269,4,5,6,7,4,22,37
Mike Reilly,MIN,D,2017-01-26,false,STL,0,0,2,2,0,0,0,0,0,0,14,9957,211,2,5,11,5,0,0,0
Zach Redmond,MTL,D,2017-01-20,false,NJD,0,5,5,2,0,0,0,0,0,0,10,9798,216,23,11,5,6,4,0,0
Ryan Reaves,STL,R,2016-11-09,false,CHI,0,1,-1,7,0,0,0,0,0,0,9,4965,138,29,0,5,2,2,0,0
Matt Read,PHI,R,2016-11-05,false,MTL,6,1,-2,0,2,0,0,0,0,0,26,11576,273,24,8,5,5,4,0,4
Dennis Rasmussen,CHI,C,2016-11-11,false,WSH,1,0,0,2,0,0,0,0,0,0,14,8978,243,12,11,3,5,6,19,32
Victor Rask,CAR,C,2016-11-10,false,ANA,5,6,2,2,2,1,0,0,0,0,27,15062,325,5,3,3,6,8,93,111
Mikko Rantanen,COL,R,2016-11-21,false,CBJ,2,4,-3,4,1,2,0,0,0,0,24,13854,294,2,8,8,1,6,10,3
Rickard Rakell,ANA,C,2016-11-26,false,SJS,8,4,2,0,1,2,0,0,2,0,36,13667,305,24,7,12,4,2,10,9
Michael Raffl,PHI,L,2016-11-25,false,NYR,3,1,3,0,0,0,0,0,0,0,13,9903,244,19,5,11,3,4,2,1
Alexander Radulov,MTL,R,2016-11-08,false,BOS,3,8,5,18,1,2,0,0,0,0,21,12337,285,20,7,7,10,9,0,0
Alan Quine,NYI,C,2016-11-28,false,CGY,1,2,0,2,0,0,0,0,1,0,12,8592,198,24,7,2,4,3,36,27
Kyle Quincey,NJD,D,2016-11-11,false,BUF,0,1,4,10,0,0,0,0,0,0,12,12687,303,23,15,2,4,3,0,0
Mark Pysyk,FLA,D,2016-11-07,false,TBL,1,2,6,2,0,0,0,0,0,0,11,12983,246,6,11,9,2,5,0,1
Tom Pyatt,OTT,L,2016-11-09,false,BUF,2,3,2,2,0,0,0,1,0,0,20,12756,301,8,15,6,3,7,6,9
Teemu Pulkkinen,ARI,L,2017-03-20,false,NSH,2,0,-2,6,0,0,0,0,0,0,10,7411,179,4,3,5,6,2,0,1
Jesse Puljujarvi,EDM,R,2016-11-13,false,NYR,1,2,1,0,1,0,0,0,0,0,29,8881,201,5,3,9,8,8,0,0
Matt Puempel,OTT,L,2016-11-19,false,FLA,0,0,-5,7,0,0,0,0,0,0,12,6684,166,10,6,4,0,2,0,1
Ivan Provorov,PHI,D,2016-11-05,false,MTL,0,6,-9,8,0,2,0,0,0,0,16,15385,357,19,18,15,13,2,0,0
Dalton Prout,CBJ,D,2017-01-24,false,NYI,0,3,4,14,0,0,0,0,0,0,5,10548,257,23,16,2,7,2,0,0
Nate Prosser,MIN,D,2016-12-09,false,EDM,0,1,-2,4,0,0,0,0,0,0,9,10129,244,12,19,8,4,0,0,0
Shane Prince,NYI,L,2016-11-25,false,SJS,3,3,-5,4,1,0,0,0,0,0,20,9591,214,16,1,3,3,4,3,1
Benoit Pouliot,EDM,L,2016-11-06,false,DET,3,1,1,16,0,0,0,0,1,0,14,11873,293,7,12,12,5,3,1,4
Paul Postma,WPG,D,2016-11-13,false,LAK,0,2,0,0,0,0,0,0,0,0,15,9783,220,7,9,5,5,1,0,0
Jason Pominville,MIN,R,2016-11-12,false,PHI,3,3,1,0,0,2,0,0,0,0,23,11849,281,9,9,8,1,5,3,4
Roman Polak,TOR,D,2016-11-17,false,FLA,1,1,-3,17,0,0,0,0,0,0,11,14133,323,46,26,5,5,2,0,0
Brayden Point,TBL,C,2016-11-07,false,FLA,1,4,1,0,1,0,0,0,0,0,31,12445,246,7,5,10,4,4,3,3
Tomas Plekanec,MTL,C,2016-11-08,false,BOS,1,4,1,2,0,3,1,0,1,0,28,13611,328,8,15,6,4,3,120,131
Brandon Pirri,NYR,R,2016-11-06,false,WPG,4,5,7,2,2,1,0,0,2,0,17,9347,215,7,5,11,6,5,29,21
Alex Pietrangelo,STL,D,2016-11-06,false,COL,2,4,-5,6,1,2,0,0,1,0,29,20168,400,8,23,9,5,9,0,0
Dion Phaneuf,OTT,D,2016-11-09,false,BUF,1,3,-7,19,0,1,0,0,0,0,34,17337,422,28,31,8,6,2,0,0
Jeff Petry,MTL,D,2016-11-10,false,LAK,2,5,3,8,1,2,0,0,0,0,18,16762,357,28,33,11,12,2,0,0
Alex Petrovic,FLA,D,2016-11-07,false,TBL,0,4,5,4,0,0,0,0,0,0,10,13842,252,22,15,13,8,5,0,0
Nic Petan,WPG,L,2016-11-27,false,NSH,1,6,-2,2,0,4,0,0,0,0,19,12061,270,4,3,8,3,8,56,65
Brett Pesce,CAR,D,2016-11-10,false,ANA,0,3,-1,4,0,1,0,0,0,0,15,15846,344,10,26,11,7,6,0,0
Corey Perry,ANA,R,2016-11-06,false,CGY,4,9,-2,14,0,6,0,0,0,0,37,14682,312,11,3,12,2,5,0,2
David Perron,STL,L,2016-11-06,false,COL,4,1,-6,2,1,0,0,0,1,0,29,14197,343,14,6,13,2,3,11,16
Mathieu Perreault,WPG,C,2016-12-03,false,STL,1,2,-7,8,0,1,0,0,0,0,28,12564,257,19,3,6,4,7,84,80
Brendan Perlini,ARI,L,2017-01-04,false,VAN,3,1,-3,4,0,0,0,0,0,0,21,10751,234,13,3,8,1,2,1,0
Adam Pelech,NYI,D,2017-01-16,false,BOS,1,3,1,0,0,0,0,0,0,0,15,12406,249,20,14,10,6,5,0,0
Tanner Pearson,LAK,L,2016-11-11,false,OTT,5,3,3,0,1,0,0,0,0,0,28,12129,282,19,2,17,5,6,0,3
Joe Pavelski,SJS,C,2016-11-08,false,WSH,4,9,2,10,2,3,0,0,2,0,36,15143,320,26,17,23,16,6,70,65
Greg Pateryn,MTL,D,2016-11-18,false,CAR,1,2,0,0,0,0,0,0,0,0,13,11175,241,16,29,5,8,4,0,0
David Pastrnak,BOS,R,2016-11-12,false,ARI,10,4,11,2,3,1,0,0,2,0,46,12695,263,9,4,17,6,5,0,1
Zach Parise,MIN,L,2016-11-25,false,PIT,4,5,0,12,1,1,0,0,0,0,43,14284,312,11,16,11,4,9,1,1
PA Parenteau,NJD,R,2016-11-11,false,BUF,5,1,0,6,1,0,0,0,0,0,29,11364,255,14,0,4,6,6,0,1
Colton Parayko,STL,D,2016-11-06,false,COL,0,4,-2,8,0,1,0,0,0,0,33,16823,394,6,25,10,8,4,0,0
Cedric Paquette,TBL,C,2016-11-10,false,NYI,1,2,0,12,0,0,0,0,0,0,14,7195,177,23,7,5,1,4,14,20
Richard Panik,CHI,R,2016-11-06,false,DAL,6,4,3,4,2,1,0,0,1,0,17,12166,282,33,6,5,7,7,0,2
Artemi Panarin,CHI,L,2016-11-06,false,DAL,5,8,9,8,2,2,0,0,0,0,32,15567,314,5,0,16,7,9,1,0
Kyle Palmieri,NJD,R,2016-11-11,false,BUF,2,3,3,6,1,2,0,0,0,0,29,12388,276,30,7,13,11,4,1,5
Ondrej Palat,TBL,L,2016-11-07,false,FLA,2,3,-7,11,0,2,0,0,0,0,25,13774,281,29,6,9,8,19,1,1
Iiro Pakarinen,EDM,R,2017-04-08,false,VAN,2,2,2,2,0,0,0,0,1,0,15,6678,184,26,6,5,2,2,0,1
Jean-Gabriel Pageau,OTT,C,2016-11-09,false,BUF,1,1,1,2,0,0,0,0,0,0,21,12463,292,20,13,6,6,4,70,54
Max Pacioretty,MTL,L,2016-11-08,false,BOS,2,6,4,10,0,1,0,1,2,0,36,13628,309,18,5,25,6,6,0,0
Magnus Paajarvi,STL,L,2017-03-03,false,WPG,4,1,3,4,0,0,0,0,2,0,22,9248,232,7,8,3,0,5,1,1
Alex Ovechkin,WSH,L,2016-11-11,false,CHI,7,4,-1,8,2,1,0,0,3,1,54,14539,276,33,4,26,8,9,0,1
Xavier Ouellet,DET,D,2016-12-09,false,CBJ,0,2,6,5,0,0,0,0,0,0,12,13196,284,8,17,4,3,3,0,1
Steve Ott,DET,C,2016-11-12,false,MTL,1,1,2,19,0,0,0,0,0,0,12,7697,194,30,5,2,0,3,30,20
T.J. Oshie,WSH,R,2016-11-11,false,CHI,6,2,6,10,1,1,0,1,1,0,30,14057,290,13,10,11,8,8,22,18
Brooks Orpik,WSH,D,2016-11-11,false,CHI,0,3,6,2,0,0,0,0,0,0,10,12899,273,27,24,5,9,3,0,0
Dmitry Orlov,WSH,D,2016-11-11,false,CHI,0,3,6,6,0,1,0,0,0,0,20,15257,299,22,20,9,8,8,0,0
Gustav Olofsson,MIN,D,2017-03-23,false,PHI,0,3,-1,2,0,1,0,0,0,0,7,10516,221,10,16,6,1,3,0,0
Jamie Oleksiak,DAL,D,2016-12-10,false,PHI,3,1,1,16,0,0,0,1,0,0,14,12579,287,19,17,3,3,0,0,0
Kyle Okposo,BUF,R,2016-11-11,false,NJD,5,4,4,4,1,4,0,0,0,0,31,14892,288,13,6,14,6,2,9,10
Johnny Oduya,DAL,D,2016-11-08,false,WPG,0,4,2,6,0,0,0,0,0,0,12,14484,335,4,28,9,10,2,0,0
Ryan O'Reilly,BUF,C,2016-11-11,false,NJD,4,5,0,4,2,3,0,0,1,0,43,16984,329,1,5,13,7,15,187,122
Gustav Nyquist,DET,R,2016-11-06,false,EDM,3,6,0,4,0,1,0,0,2,0,25,12978,278,6,1,4,3,7,1,0
William Nylander,TOR,C,2016-11-08,false,LAK,4,8,-1,6,3,4,0,0,0,0,36,12440,277,3,6,14,4,11,30,35
Markus Nutivaara,CBJ,D,2016-11-12,false,STL,1,1,2,2,0,0,0,0,0,0,12,10091,238,6,5,3,2,2,0,0
Darnell Nurse,EDM,D,2016-11-06,false,DET,2,2,-1,10,0,0,0,0,0,0,21,13698,305,32,11,6,8,3,0,0
Ryan Nugent-Hopkins,EDM,C,2016-11-06,false,DET,2,5,-1,4,2,0,0,0,1,0,33,13670,311,7,2,11,2,8,86,93
Joakim Nordstrom,CAR,L,2016-11-10,false,ANA,0,2,-4,2,0,0,0,0,0,0,18,11744,290,14,11,8,4,6,1,1
Jordan Nolan,LAK,C,2016-11-30,false,SJS,0,1,-4,29,0,0,0,0,0,0,8,7594,176,13,1,6,2,1,1,1
Stefan Noesen,NJD,R,2017-01-26,false,WSH,3,0,3,2,0,0,0,0,0,0,14,5423,146,11,1,2,2,3,21,34
Matt Niskanen,WSH,D,2016-11-11,false,CHI,0,6,3,2,0,0,0,1,0,0,24,17589,358,17,17,10,16,7,0,0
Matt Nieto,SJS,L,2016-11-26,false,ANA,0,2,-3,2,0,0,0,0,0,0,22,9660,243,20,6,7,3,6,0,2
Frans Nielsen,DET,C,2016-11-06,false,EDM,2,5,-7,0,0,5,1,0,0,0,20,13492,330,9,7,5,5,4,94,102
Nino Niederreiter,MIN,R,2016-11-12,false,PHI,4,4,8,4,0,0,0,0,0,0,22,10977,261,21,1,5,5,3,0,1
Andrej Nestrasil,CAR,C,2016-12-04,false,TBL,1,2,-3,2,0,0,0,0,0,0,23,8802,203,10,3,4,6,9,3,3
Nikita Nesterov,TBL,D,2016-11-17,false,BUF,2,1,3,10,1,0,0,0,0,0,19,13303,273,19,12,6,6,0,0,0
Patrik Nemeth,DAL,D,2016-11-21,false,MIN,0,0,-3,4,0,0,0,0,0,0,15,12883,292,15,17,5,3,4,0,0
Brock Nelson,NYI,C,2016-11-07,false,VAN,3,7,5,2,0,2,0,1,0,0,26,12136,301,8,14,8,5,6,69,98
Chris Neil,OTT,R,2016-11-11,false,LAK,1,0,-3,18,0,0,0,0,0,0,18,6503,166,27,9,3,4,2,0,0
James Neal,NSH,L,2016-11-10,false,STL,4,4,-3,11,0,1,0,0,1,0,48,15542,313,12,7,10,7,5,1,0
Rick Nash,NYR,R,2016-11-06,false,WPG,6,3,-1,6,1,1,0,0,1,0,39,12652,309,5,9,9,11,13,0,0
Riley Nash,BOS,C,2016-11-08,false,MTL,1,1,0,4,0,0,0,0,0,0,16,10477,241,5,7,8,3,5,69,56
Vladislav Namestnikov,TBL,C,2016-11-07,false,FLA,2,2,-1,4,2,1,0,0,0,0,22,11216,232,6,5,7,5,4,21,26
Jake Muzzin,LAK,D,2016-11-08,false,TOR,1,1,0,12,1,0,0,0,0,0,32,18077,417,33,23,12,8,3,0,0
Ryan Murray,CBJ,D,2016-11-23,false,CGY,0,2,0,8,0,0,0,1,0,0,7,14850,339,4,20,4,2,1,0,0
Ryan Murphy,CAR,D,2017-02-26,false,CGY,0,2,-8,6,0,0,0,0,0,0,3,11276,245,2,14,5,6,6,0,0
Connor Murphy,ARI,D,2016-11-10,false,WPG,0,4,-2,10,0,0,0,0,0,0,15,17023,372,28,26,5,3,4,0,0
Matt Moulson,BUF,L,2016-11-09,false,OTT,4,1,0,2,4,1,0,0,0,0,38,11723,241,10,7,6,1,5,0,0
Tyler Motte,CHI,L,2016-11-06,false,DAL,3,3,5,10,0,0,0,0,0,0,22,9846,258,10,12,7,1,9,2,2
Joe Morrow,BOS,D,2016-12-12,false,MTL,0,1,-3,6,0,0,0,0,0,0,16,12409,270,21,15,10,7,1,0,0
Josh Morrissey,WPG,D,2016-11-06,false,NYR,0,2,0,4,0,0,0,0,0,0,20,14318,310,18,13,6,4,1,0,0
Dominic Moore,BOS,C,2016-11-08,false,MTL,3,1,0,12,0,0,1,0,1,0,16,10265,246,4,7,3,4,5,49,50
John Moore,NJD,D,2016-11-11,false,BUF,1,3,3,10,0,0,0,0,0,0,20,14785,341,8,11,9,10,0,0,0
Brandon Montour,ANA,D,2017-03-03,false,TOR,1,1,1,6,0,1,0,0,0,0,28,13198,252,5,11,10,8,1,0,0
Sean Monahan,CGY,C,2016-11-05,false,LAK,4,0,-10,6,1,0,0,0,1,1,23,14822,321,6,5,13,10,6,131,124
Torrey Mitchell,MTL,C,2016-11-08,false,BOS,5,1,5,8,0,0,0,0,1,0,9,9958,268,2,6,6,4,7,83,54
John Mitchell,COL,C,2016-11-21,false,CBJ,0,0,1,10,0,0,0,0,0,0,7,8998,214,11,9,4,0,4,64,49
Drew Miller,DET,L,2016-11-06,false,EDM,2,0,-3,2,0,0,0,0,1,0,10,8498,210,17,9,1,0,3,1,0
Kevan Miller,BOS,D,2016-12-18,false,LAK,0,0,-4,9,0,0,0,0,0,0,15,13913,302,33,18,4,4,1,0,0
J.T. Miller,NYR,L,2016-11-06,false,WPG,5,8,13,6,1,1,0,0,1,0,29,12021,290,22,11,12,9,8,19,22
Colin Miller,BOS,D,2016-11-08,false,MTL,1,1,-4,4,0,0,0,0,0,0,23,12398,286,14,8,12,6,4,0,0
Marc Methot,OTT,D,2016-11-09,false,BUF,0,2,4,4,0,0,0,0,0,0,22,16633,393,28,18,0,8,2,0,0
Jon Merrill,NJD,D,2016-12-27,false,PIT,0,0,-3,8,0,0,0,0,0,0,9,12219,288,10,14,4,5,1,0,0
Julian Melchiori,WPG,D,2017-03-28,false,NJD,0,1,-2,8,0,0,0,0,0,0,11,14075,297,18,24,5,12,4,0,0
Timo Meier,SJS,R,2017-01-14,false,STL,1,1,-2,4,0,0,0,0,1,0,36,10496,259,36,2,8,13,10,0,1
Jayson Megna,VAN,C,2016-12-11,false,WSH,3,0,0,4,0,0,0,0,0,0,17,7462,181,16,5,1,0,3,0,1
Adam McQuaid,BOS,D,2016-11-19,false,WPG,0,0,1,11,0,0,0,0,0,0,16,14111,338,27,25,7,4,1,0,0
Brayden McNabb,LAK,D,2017-01-07,false,MIN,2,0,1,13,0,0,0,0,0,0,15,13789,316,26,13,12,13,3,0,0
Cody McLeod,COL,L,2016-11-26,false,VAN,0,0,-1,28,0,0,0,0,0,0,7,4754,121,20,0,1,0,1,0,0
Curtis McKenzie,DAL,L,2016-11-13,false,VAN,1,2,1,24,0,0,0,0,0,0,17,7599,197,28,8,3,0,0,1,1
Greg McKegg,FLA,C,2016-11-07,false,TBL,0,2,-3,6,0,0,0,0,0,0,9,8268,199,12,2,4,3,3,8,9
Jamie McGinn,ARI,L,2016-11-23,false,VAN,3,3,-1,8,0,0,0,0,1,0,26,11410,264,26,7,4,5,0,0,1
Brock McGinn,CAR,L,2016-12-13,false,VAN,1,2,0,2,0,0,0,1,0,0,11,7914,195,15,5,4,2,4,0,2
Ryan McDonagh,NYR,D,2016-11-06,false,WPG,0,9,10,4,0,2,0,0,0,0,24,19012,376,15,22,9,11,8,0,0
Connor McDavid,EDM,C,2016-11-06,false,DET,5,9,2,6,0,5,0,0,2,0,35,16589,338,2,6,13,10,8,78,92
Jay McClement,CAR,C,2016-11-10,false,ANA,0,0,-7,0,0,0,0,0,0,0,6,8146,212,11,2,5,0,5,51,50
Michael McCarron,MTL,R,2017-01-11,false,WPG,1,3,3,16,0,0,0,0,0,0,18,8034,201,35,4,4,2,5,33,48
Jared McCann,FLA,C,2016-11-07,false,TBL,1,0,0,2,0,0,0,0,0,0,17,7729,179,9,2,4,5,5,17,20
Jake McCabe,BUF,D,2016-11-09,false,OTT,0,3,2,8,0,0,0,0,0,0,8,14696,330,10,12,8,3,1,0,0
Scott Mayfield,NYI,D,2017-02-23,false,MTL,1,3,6,26,0,0,0,0,0,0,19,10392,215,13,20,6,9,5,0,0
Shawn Matthias,WPG,L,2016-12-29,false,CBJ,3,1,3,4,0,0,0,0,1,0,18,9712,237,10,8,8,3,2,2,4
Auston Matthews,TOR,C,2016-11-08,false,LAK,6,5,-5,0,1,3,0,0,0,0,54,13515,280,3,7,17,9,10,58,64
Michael Matheson,FLA,D,2016-11-10,false,SJS,2,2,-3,2,0,1,0,0,0,0,31,15282,267,9,16,9,10,12,1,0
Andreas Martinsen,COL,L,2016-11-11,false,WPG,1,0,0,11,0,0,0,0,0,0,15,8863,233,37,8,5,2,7,1,0
Jordan Martinook,ARI,L,2016-11-10,false,WPG,5,3,2,8,1,0,0,1,0,0,20,11616,284,11,9,10,2,4,56,70
Alec Martinez,LAK,D,2016-11-08,false,TOR,2,7,3,2,0,2,0,0,2,2,32,18196,421,30,22,19,7,0,0,0
Paul Martin,SJS,D,2016-11-08,false,WSH,0,3,-2,6,0,0,0,0,0,0,8,14247,310,5,23,2,9,2,0,0
Matt Martin,TOR,L,2016-11-08,false,LAK,0,1,-2,37,0,0,0,0,0,0,14,8098,206,61,2,4,2,5,0,5
Patrick Maroon,EDM,L,2016-11-06,false,DET,4,1,1,8,0,1,0,0,0,0,26,12101,266,33,2,9,5,1,1,3
Mitchell Marner,TOR,C,2016-11-08,false,LAK,4,6,-5,12,0,1,0,0,3,0,35,12927,281,6,9,13,11,10,4,4
Patrick Marleau,SJS,L,2016-11-08,false,WSH,3,1,-2,4,1,1,0,0,1,0,30,12702,267,15,4,7,7,5,6,9
Andrei Markov,MTL,D,2016-11-08,false,BOS,1,6,-2,2,0,3,0,1,0,0,20,16189,349,5,14,8,12,6,0,0
Martin Marincin,TOR,D,2016-11-15,false,NSH,1,3,-4,0,0,0,0,0,0,0,13,15266,347,15,15,12,9,4,0,0
Jonathan Marchessault,FLA,C,2016-11-07,false,TBL,7,6,4,2,2,3,0,0,2,0,41,14025,263,16,2,11,7,11,37,31
Alexey Marchenko,DET,D,2016-11-06,false,EDM,0,3,1,8,0,0,0,1,0,0,15,14873,345,1,19,10,9,2,0,0
Brad Marchand,BOS,L,2016-11-08,false,MTL,5,10,8,16,1,2,0,0,2,0,28,14641,306,10,7,12,8,13,9,6
Anthony Mantha,DET,R,2016-12-09,false,CBJ,4,3,2,2,1,1,0,0,1,0,34,13158,288,7,9,12,6,4,1,1
Josh Manson,ANA,D,2016-11-06,false,CGY,0,3,2,13,0,0,0,0,0,0,12,15022,317,28,11,5,12,2,0,0
Brandon Manning,PHI,D,2016-11-05,false,MTL,2,5,4,11,0,0,1,0,1,0,24,14527,340,32,15,3,15,1,0,0
Evgeni Malkin,PIT,C,2016-11-08,false,EDM,7,6,2,18,0,4,0,0,1,0,31,14539,325,8,7,9,14,8,89,129
Denis Malgin,FLA,C,2016-11-07,false,TBL,2,3,1,4,1,0,0,0,0,0,17,8558,197,10,4,5,3,6,25,44
Nathan MacKinnon,COL,C,2016-11-11,false,WPG,2,6,-4,0,0,4,0,0,0,0,40,15252,336,10,1,16,5,9,106,97
Derek MacKenzie,FLA,C,2016-11-07,false,TBL,1,2,4,9,0,0,0,1,0,0,14,10084,234,27,4,5,2,4,70,74
Andrew MacDonald,PHI,D,2016-11-23,false,TBL,1,3,-2,4,0,0,0,0,0,0,10,15042,346,10,27,1,12,2,0,0
Olli Maatta,PIT,D,2016-11-08,false,EDM,0,1,6,4,0,0,0,0,0,0,15,13975,333,9,24,5,10,2,0,0
Roman Lyubimov,PHI,L,2016-11-27,false,CGY,2,1,-1,0,0,0,0,0,0,0,20,7452,187,12,4,6,2,3,0,2
Milan Lucic,EDM,L,2016-11-06,false,DET,5,4,0,9,2,1,0,0,1,0,27,14305,304,35,4,8,11,6,1,1
Adam Lowry,WPG,C,2016-11-06,false,NYR,2,1,-1,8,0,1,0,0,0,0,19,12260,291,28,10,5,3,5,93,114
Ben Lovejoy,NJD,D,2016-11-11,false,BUF,0,1,1,4,0,0,0,0,0,0,18,16228,333,21,22,5,4,4,0,0
Bryan Little,WPG,C,2016-12-22,false,VAN,5,5,4,4,1,1,0,0,1,1,32,13045,317,4,3,13,4,8,135,106
Hampus Lindholm,ANA,D,2016-12-04,false,CGY,0,2,0,6,0,1,0,0,0,0,17,16697,333,15,17,9,14,6,0,0
Elias Lindholm,CAR,C,2016-11-10,false,ANA,0,2,-8,0,0,1,0,1,0,0,27,14592,317,19,10,14,4,9,86,80
Esa Lindell,DAL,D,2016-11-25,false,VAN,1,2,-5,0,0,1,0,0,1,0,17,14738,324,16,23,6,3,4,0,1
Oscar Lindberg,NYR,C,2016-12-08,false,WPG,0,1,-2,10,0,1,0,0,0,0,12,8034,199,11,8,3,0,1,42,34
John-Michael Liles,BOS,D,2016-11-08,false,MTL,0,4,-3,2,0,3,0,0,0,0,10,12706,286,8,18,5,2,5,1,0
Trevor Lewis,LAK,C,2016-11-08,false,TOR,2,1,-4,0,0,0,0,0,0,0,24,10035,232,27,4,9,1,3,6,7
Mark Letestu,EDM,C,2016-11-06,false,DET,2,4,0,0,0,0,2,0,2,0,9,10550,284,9,8,5,1,3,80,84
Kris Letang,PIT,D,2016-11-19,false,BUF,2,9,-5,10,1,5,0,0,1,1,44,20216,387,26,22,14,18,9,0,0
Josh Leivo,TOR,L,2017-03-23,false,NJD,2,8,2,4,1,2,0,0,0,0,27,9808,246,5,4,13,2,11,1,1
Jori Lehtera,STL,C,2016-11-15,false,BUF,1,2,1,8,0,1,0,0,1,0,18,12048,319,7,8,0,3,1,94,65
Artturi Lehkonen,MTL,L,2016-11-26,false,DET,2,1,0,6,0,0,0,0,0,0,29,10611,266,13,4,6,5,5,0,0
Anders Lee,NYI,L,2016-11-07,false,VAN,1,1,1,4,0,0,0,0,0,0,17,9625,234,38,6,9,2,6,1,1
Nick Leddy,NYI,D,2016-11-10,false,TBL,2,4,-5,4,0,0,0,0,0,0,27,17390,302,11,19,8,4,3,0,0
Curtis Lazar,OTT,C,2016-12-20,false,CHI,0,0,-2,4,0,0,0,0,0,0,16,7740,189,22,5,2,3,4,6,16
Adam Larsson,EDM,D,2016-11-06,false,DET,1,2,2,6,0,0,0,0,0,0,14,16028,349,37,23,3,15,3,0,0
Philip Larsen,VAN,D,2016-11-07,false,NYI,0,4,-8,4,0,2,0,0,0,0,22,14114,289,4,12,14,3,1,0,0
Dylan Larkin,DET,C,2016-11-06,false,EDM,4,1,-8,15,1,0,0,0,1,0,41,13042,282,7,5,9,12,15,32,40
Nick Lappin,NJD,R,2016-11-23,false,TOR,3,2,0,2,0,0,0,0,0,0,20,9798,220,12,2,7,1,5,2,3
Gabriel Landeskog,COL,L,2016-11-11,false,WPG,3,4,-1,9,2,0,0,0,2,1,28,14152,311,29,5,9,3,15,8,10
Anton Lander,EDM,C,2016-11-08,false,PIT,1,2,4,6,0,0,0,0,0,0,7,8401,232,16,6,2,2,4,64,49
Patrik Laine,WPG,R,2016-11-06,false,NYR,8,3,-1,2,4,1,0,0,1,1,40,14831,289,15,6,12,16,6,0,2
Andrew Ladd,NYI,L,2016-11-07,false,VAN,1,1,-2,6,0,0,0,0,0,0,27,13845,272,10,3,11,7,9,0,0
Kevin Labanc,SJS,R,2016-12-07,false,OTT,2,2,4,8,0,0,0,0,0,0,18,9330,215,5,2,5,5,1,0,0
Paul LaDue,LAK,D,2017-03-16,false,BUF,0,4,-2,2,0,2,0,0,0,0,18,12980,303,10,8,3,8,2,0,0
Joseph LaBate,VAN,C,2017-03-28,false,ANA,0,0,-2,21,0,0,0,0,0,0,5,5276,147,23,2,4,1,3,1,0
Evgeny Kuznetsov,WSH,C,2016-11-11,false,CHI,1,5,4,4,0,0,0,0,0,0,19,13420,282,6,3,8,9,4,79,113
Chris Kunitz,PIT,L,2016-11-08,false,EDM,1,6,6,14,0,0,0,0,1,0,20,12810,304,43,4,7,9,5,2,3
Dmitry Kulikov,BUF,D,2016-12-09,false,WSH,0,0,-6,12,0,0,0,0,0,0,6,17363,386,13,14,9,8,2,0,0
Nikolay Kulemin,NYI,L,2016-11-12,false,FLA,1,3,3,6,0,0,0,0,0,0,14,10811,280,11,10,11,2,5,5,2
Brett Kulak,CGY,D,2016-11-23,false,CBJ,0,3,2,10,0,0,0,0,0,0,13,11744,279,6,8,7,5,3,0,0
Tom Kuhnhackl,PIT,R,2016-11-21,false,NYR,0,2,0,4,0,0,0,0,0,0,8,6802,175,19,6,4,1,1,0,1
Nikita Kucherov,TBL,R,2016-11-10,false,NYI,5,11,4,2,2,5,0,0,2,0,36,13571,272,1,5,17,7,14,0,0
Marcus Kruger,CHI,C,2016-11-06,false,DAL,1,2,5,12,0,0,0,0,0,0,9,10333,288,6,6,5,2,6,80,86
Torey Krug,BOS,D,2016-11-08,false,MTL,0,2,-8,6,0,2,0,0,0,0,45,16668,349,16,13,10,11,4,0,0
Niklas Kronwall,DET,D,2016-12-04,false,NYI,0,2,-3,8,0,1,0,0,0,0,12,14681,330,16,23,4,4,0,0,0
David Krejci,BOS,C,2016-11-08,false,MTL,1,4,-7,6,1,2,0,0,0,0,25,13793,274,10,11,10,11,9,92,89
Chris Kreider,NYR,L,2016-11-20,false,FLA,4,8,0,6,1,2,0,0,0,0,41,12929,285,26,7,17,9,4,2,1
Lauri Korpikoski,DAL,L,2016-11-08,false,WPG,1,2,1,2,0,0,0,0,0,0,23,10764,280,10,7,6,3,4,0,3
Anze Kopitar,LAK,C,2016-11-08,false,TOR,2,5,1,2,0,1,0,1,0,0,32,16803,328,17,11,21,8,5,163,159
Travis Konecny,PHI,C,2016-11-05,false,MTL,3,6,-3,6,2,0,0,0,0,0,31,12110,273,17,5,19,4,6,0,0
Leo Komarov,TOR,C,2016-11-08,false,LAK,0,3,-1,7,0,1,0,0,0,0,15,13347,322,46,9,7,1,4,17,13
Mikko Koivu,MIN,C,2016-11-12,false,PHI,2,4,1,6,0,1,0,1,1,0,19,15618,346,5,16,11,5,6,156,147
Slater Koekkoek,TBL,D,2016-11-25,false,CBJ,0,4,6,6,0,0,0,0,0,0,14,10222,235,13,12,6,2,1,0,0
John Klingberg,DAL,D,2016-11-08,false,WPG,2,6,-8,6,0,4,0,0,0,0,21,18117,364,6,19,11,16,2,0,0
Kevin Klein,NYR,D,2016-11-13,false,EDM,0,4,3,0,0,0,0,1,0,0,14,14809,328,20,33,4,5,3,0,0
Oscar Klefbom,EDM,D,2016-11-06,false,DET,0,3,3,0,0,1,0,0,0,0,27,16926,353,10,27,10,10,3,0,0
Dwight King,LAK,L,2016-11-08,false,TOR,1,3,5,4,0,0,0,0,0,0,18,12174,258,23,3,11,5,4,2,3
Jakub Kindl,FLA,D,2016-12-20,false,BUF,0,1,-8,10,0,0,0,0,0,0,8,11839,245,26,15,4,7,2,0,0
Alex Killorn,TBL,L,2016-11-07,false,FLA,6,2,-1,12,1,2,0,0,1,0,29,13675,279,25,6,6,11,3,0,3
Phil Kessel,PIT,R,2016-11-08,false,EDM,3,8,0,6,3,4,0,0,1,0,29,14165,320,2,3,14,8,1,0,3
Ryan Kesler,ANA,C,2016-11-06,false,CGY,4,6,5,22,4,2,0,0,1,0,27,16059,343,21,9,17,7,2,174,103
Tanner Kero,CHI,C,2017-01-20,false,BOS,3,3,7,0,0,0,0,0,0,0,14,10641,255,18,15,4,4,4,61,86
Michal Kempny,CHI,D,2016-11-11,false,WSH,0,0,5,8,0,0,0,0,0,0,12,12473,287,22,15,13,7,1,0,0
Adrian Kempe,LAK,L,2017-03-14,false,ARI,1,4,-2,6,0,2,0,1,1,0,20,9876,227,14,2,7,2,2,34,37
Chris Kelly,OTT,C,2016-11-09,false,BUF,1,2,-1,4,0,0,0,0,0,0,17,10703,264,9,9,7,4,4,51,65
Duncan Keith,CHI,D,2016-11-06,false,DAL,0,11,7,4,0,2,0,0,0,0,33,19872,384,3,12,10,9,4,0,0
Zack Kassian,EDM,R,2016-11-13,false,NYR,2,2,0,14,0,0,0,0,0,0,22,9705,244,37,2,5,5,6,1,0
Ondrej Kase,ANA,R,2016-12-11,false,OTT,1,4,1,2,0,0,0,0,1,0,19,10500,267,11,6,8,11,2,1,3
Melker Karlsson,SJS,C,2016-11-08,false,WSH,2,1,1,4,0,0,0,0,0,0,12,9768,244,9,10,8,3,4,0,2
William Karlsson,CBJ,C,2016-11-12,false,STL,2,3,2,2,0,0,0,0,1,0,19,11430,285,5,3,9,4,5,80,100
Erik Karlsson,OTT,D,2016-11-09,false,BUF,3,7,5,6,1,2,0,1,0,0,30,20871,424,9,32,22,18,11,0,0
Evander Kane,BUF,L,2016-12-03,false,BOS,1,4,-5,10,0,2,0,0,0,0,31,14639,290,26,7,14,8,8,21,18
Patrick Kane,CHI,R,2016-11-06,false,DAL,5,11,9,12,1,3,0,0,1,0,41,17435,318,5,1,14,3,6,3,11
Sergey Kalinin,NJD,C,2016-11-21,false,SJS,0,1,-4,7,0,0,0,0,0,0,13,9838,234,20,7,4,3,2,3,3
Nazem Kadri,TOR,C,2016-11-08,false,LAK,6,3,-2,39,2,2,0,0,1,1,26,11753,286,20,7,11,6,12,85,107
Tomas Jurco,DET,L,2017-01-25,false,TOR,0,0,-6,2,0,0,0,0,0,0,9,8046,204,6,2,12,3,1,0,1
Roman Josi,NSH,D,2016-11-10,false,STL,2,5,-7,4,1,3,0,0,0,0,40,19424,374,8,22,6,7,3,0,0
Jacob Josefson,NJD,C,2016-11-29,false,WPG,0,2,1,6,0,1,0,0,0,0,12,8912,199,11,3,10,4,2,41,30
Josh Jooris,ARI,R,2016-12-12,false,PIT,1,1,0,6,0,0,0,0,0,0,11,6993,190,21,6,4,1,3,35,38
Seth Jones,CBJ,D,2016-11-25,false,TBL,3,3,-1,0,0,0,0,0,1,1,23,18691,400,17,24,5,10,4,0,0
Jyrki Jokipakka,CGY,D,2016-11-21,false,BUF,1,3,-3,4,0,0,0,0,0,0,6,11556,299,6,11,4,6,1,0,0
Jussi Jokinen,FLA,L,2016-11-29,false,CHI,1,3,0,8,0,0,0,0,1,0,23,14545,294,3,5,7,15,6,6,6
Erik Johnson,COL,D,2016-11-11,false,WPG,0,6,-5,0,0,4,0,0,0,0,30,17741,406,34,35,8,7,8,0,0
Tyler Johnson,TBL,C,2016-11-07,false,FLA,4,2,-6,4,2,1,0,0,0,0,19,14161,288,16,7,8,2,8,116,94
Jack Johnson,CBJ,D,2016-11-12,false,STL,0,2,5,8,0,0,0,0,0,0,17,17034,366,22,25,6,1,2,0,0
Stephen Johns,DAL,D,2016-11-11,false,EDM,2,2,-2,6,0,0,0,0,1,0,15,14969,348,38,22,9,9,4,0,0
Marcus Johansson,WSH,L,2016-11-11,false,CHI,7,5,3,2,2,2,0,0,3,1,25,13531,263,6,0,4,5,6,2,3
Ryan Johansen,NSH,C,2016-11-10,false,STL,1,5,0,8,1,4,0,0,0,0,28,14137,298,15,4,13,6,5,110,103
Nick Jensen,DET,D,2017-01-20,false,BUF,0,4,4,2,0,0,0,0,0,0,20,12096,288,12,12,8,6,1,0,0
Boone Jenner,CBJ,C,2016-11-12,false,STL,1,4,-5,6,0,1,0,0,0,0,28,11358,256,28,12,7,4,5,24,18
Dmitrij Jaskin,STL,R,2016-11-10,false,NSH,0,3,2,4,0,0,0,0,0,0,11,8234,194,19,5,6,3,3,3,4
Calle Jarnkrok,NSH,C,2016-11-10,false,STL,3,1,1,2,0,0,0,0,0,0,18,10898,281,6,3,7,4,4,47,64
Jaromir Jagr,FLA,R,2016-11-07,false,TBL,1,4,0,6,1,1,0,0,0,0,29,12619,248,3,2,12,9,9,0,0
Matt Irwin,NSH,D,2016-11-23,false,DAL,3,2,6,0,0,0,0,0,1,0,11,9719,231,26,20,7,7,1,0,0
Jarome Iginla,COL,R,2016-11-11,false,WPG,2,0,-4,27,1,0,0,0,0,0,21,11724,261,19,2,5,7,6,4,4
Zach Hyman,TOR,C,2016-11-08,false,LAK,0,1,-4,6,0,0,0,0,0,0,29,13014,302,21,10,13,2,6,7,10
Ben Hutton,VAN,D,2016-11-07,false,NYI,1,1,-6,12,0,1,0,0,0,0,24,16527,338,13,15,11,9,8,0,0
Matt Hunwick,TOR,D,2016-11-26,false,WSH,0,4,1,2,0,0,0,0,0,0,16,13595,322,26,20,3,10,7,0,0
Jiri Hudler,DAL,R,2016-12-31,false,FLA,0,2,-2,4,0,0,0,0,0,0,7,10056,249,6,2,7,2,3,1,2
Jonathan Huberdeau,FLA,L,2017-03-04,false,DAL,5,7,4,2,1,3,0,0,2,1,39,14255,305,14,2,11,12,8,2,4
Marek Hrivik,NYR,L,2016-12-31,false,COL,0,2,-1,0,0,1,0,0,0,0,12,8329,198,17,4,9,2,5,19,35
Marian Hossa,CHI,R,2016-11-09,false,STL,7,5,5,4,3,2,0,0,1,1,33,13200,315,3,7,11,2,10,3,1
Bo Horvat,VAN,C,2016-11-07,false,NYI,4,1,-7,8,0,1,1,0,0,0,16,12850,303,17,3,16,1,7,102,111
Patric Hornqvist,PIT,R,2016-11-08,false,EDM,4,7,4,2,3,2,0,0,1,0,51,12189,296,35,17,11,1,6,1,4
Julius Honka,DAL,D,2017-04-02,false,TBL,0,4,-3,2,0,1,0,0,0,0,23,13209,282,5,10,6,6,2,0,0
Korbinian Holzer,ANA,D,2016-12-30,false,VAN,0,3,-3,6,0,0,0,0,0,0,9,10926,244,30,14,5,3,1,0,0
Peter Holland,ARI,C,2016-12-21,false,EDM,0,3,-4,4,0,0,0,0,0,0,22,9555,210,9,2,6,3,2,49,70
Nick Holden,NYR,D,2016-11-06,false,WPG,1,6,13,6,0,0,0,0,0,0,8,15484,346,22,17,8,12,5,0,0
Mike Hoffman,OTT,L,2016-11-09,false,BUF,3,4,-4,6,1,2,0,0,2,0,47,13542,271,5,8,14,3,10,1,2
Joshua Ho-Sang,NYI,R,2017-03-25,false,BOS,3,5,-3,6,1,1,0,0,0,0,15,12738,248,3,2,7,10,4,0,2
Niklas Hjalmarsson,CHI,D,2016-11-09,false,STL,2,1,6,2,0,0,0,0,0,0,10,16552,372,6,27,0,9,3,0,0
Vinnie Hinostroza,CHI,L,2016-11-25,false,ANA,1,2,-1,2,0,0,0,0,0,0,14,8143,191,6,6,7,5,6,15,33
Thomas Hickey,NYI,D,2016-11-07,false,VAN,1,3,3,2,0,1,0,0,0,0,16,14434,283,14,28,8,4,2,0,0
Tomas Hertl,SJS,C,2016-11-08,false,WSH,4,4,0,10,1,0,0,0,1,0,32,13088,302,24,4,12,5,7,61,49
Adam Henrique,NJD,C,2016-11-11,false,BUF,2,2,3,8,0,0,0,0,0,0,23,14627,307,15,12,5,6,7,94,95
Matt Hendricks,EDM,L,2016-12-29,false,LAK,1,2,-4,15,0,0,0,0,1,0,13,9571,238,23,18,4,2,1,45,39
Ales Hemsky,DAL,R,2017-03-26,false,NJD,4,3,0,0,1,1,0,0,0,0,26,11591,299,0,4,10,6,8,0,0
Darren Helm,DET,C,2016-11-06,false,EDM,4,3,8,8,2,0,0,1,1,0,21,12017,290,10,5,4,6,7,86,63
Victor Hedman,TBL,D,2016-11-07,false,FLA,3,7,4,6,1,4,0,0,2,0,21,18961,365,16,23,16,9,7,0,0
Kevin Hayes,NYR,C,2016-11-06,false,WPG,6,6,13,2,0,0,1,0,1,0,20,12707,298,10,9,7,15,11,74,82
Jimmy Hayes,BOS,R,2016-11-12,false,ARI,0,0,-9,7,0,0,0,0,0,0,19,8434,192,17,1,6,3,2,1,2
Erik Haula,MIN,L,2016-11-25,false,PIT,2,2,1,6,0,0,0,0,0,0,27,11166,266,5,5,4,6,4,70,70
Garnet Hathaway,CGY,R,2016-12-08,false,ARI,1,2,1,28,0,0,0,0,0,0,8,7161,177,31,6,4,1,2,7,7
Scott Hartnell,CBJ,L,2016-11-12,false,STL,4,6,7,2,1,0,0,0,0,0,15,9705,238,14,5,7,8,2,0,0
Ryan Hartman,CHI,L,2016-11-18,false,CGY,3,1,1,2,0,0,0,0,0,0,25,8004,187,19,6,7,3,4,1,3
Scott Harrington,CBJ,D,2017-02-09,false,VAN,1,2,2,6,0,0,0,0,0,0,8,9850,239,14,14,6,4,2,0,0
Martin Hanzal,ARI,C,2016-11-23,false,VAN,3,4,-6,2,0,2,0,0,1,1,35,14404,310,27,13,10,8,4,158,123
Jannik Hansen,VAN,R,2016-12-11,false,WSH,2,4,-2,21,0,0,0,0,0,0,21,12962,290,14,2,9,5,7,0,0
Noah Hanifin,CAR,D,2016-11-10,false,ANA,0,7,-8,6,0,3,0,0,0,0,25,13476,290,8,7,10,10,4,0,0
Travis Hamonic,NYI,D,2016-11-14,false,TBL,2,3,-9,23,0,1,0,0,0,0,16,15515,293,17,27,11,6,5,0,0
Dougie Hamilton,CGY,D,2016-11-05,false,LAK,2,4,-2,16,0,1,0,0,1,0,36,14718,351,25,13,7,10,3,0,0
Freddie Hamilton,CGY,C,2016-11-25,false,BOS,0,0,1,4,0,0,0,0,0,0,12,7471,178,21,0,6,1,3,36,27
Dan Hamhuis,DAL,D,2016-11-10,false,CGY,0,4,-2,8,0,0,0,1,0,0,16,16005,353,20,18,8,4,2,0,0
Taylor Hall,NJD,L,2016-11-11,false,BUF,5,5,1,4,3,1,0,0,2,1,57,16072,316,13,7,15,6,9,1,2
Micheal Haley,SJS,C,2016-11-29,false,ARI,0,2,0,32,0,0,0,0,0,0,10,6050,157,43,6,4,6,4,1,2
Ron Hainsey,CAR,D,2016-11-10,false,ANA,1,2,-1,6,0,0,1,0,0,0,15,16760,351,15,11,9,9,2,0,0
Carl Hagelin,PIT,L,2016-11-08,false,EDM,2,4,0,2,0,0,0,1,0,0,21,12822,317,11,6,8,10,4,0,1
Carl Gunnarsson,STL,D,2016-11-15,false,BUF,0,1,0,4,0,0,0,0,0,0,8,10763,266,8,15,4,1,0,0,0
Jake Guentzel,PIT,C,2017-02-03,false,CBJ,4,4,4,4,0,0,0,0,0,0,13,11076,245,37,7,5,3,2,7,6
Radko Gudas,PHI,D,2016-11-19,false,TBL,1,6,-1,7,0,1,0,0,0,0,22,15844,330,53,40,22,8,3,0,0
Eric Gryba,EDM,D,2016-11-15,false,ANA,0,0,-1,14,0,0,0,0,0,0,16,13566,289,46,12,4,4,3,0,0
Mikhail Grigorenko,COL,C,2016-11-11,false,WPG,0,5,-3,8,0,3,0,0,0,0,20,11076,243,7,4,4,3,8,22,26
Seth Griffith,FLA,C,2016-12-10,false,VAN,0,2,3,0,0,0,0,0,0,0,11,8087,182,19,3,9,4,0,1,3
Andy Greene,NJD,D,2016-11-11,false,BUF,2,1,0,0,0,0,1,0,1,1,16,17411,361,15,27,11,9,4,0,0
Matt Greene,LAK,D,2016-12-01,false,ARI,1,1,2,8,0,0,0,0,0,0,7,10200,271,45,16,7,9,1,0,0
Mike Green,DET,D,2016-11-06,false,EDM,3,6,-1,14,1,1,0,0,0,0,22,18601,372,12,15,10,10,8,0,0
Kevin Gravel,LAK,D,2016-11-30,false,SJS,0,1,3,4,0,0,0,0,0,0,9,11432,273,21,21,8,6,0,0,0
Tyler Graovac,MIN,C,2016-11-26,false,STL,2,0,1,0,0,0,0,0,0,0,11,7634,187,17,1,9,0,4,40,39
Derek Grant,BUF,C,2016-11-09,false,OTT,0,1,-2,13,0,0,0,0,0,0,9,9062,227,14,6,6,2,3,78,53
Mikael Granlund,MIN,C,2016-11-12,false,PHI,3,4,2,0,1,1,1,0,1,0,22,15092,325,12,8,15,5,5,3,4
Markus Granlund,VAN,C,2016-11-07,false,NYI,3,1,-3,4,1,0,0,0,0,0,21,12708,289,8,2,9,3,10,11,18
Michael Grabner,NYR,R,2016-11-06,false,WPG,7,3,13,0,0,0,0,1,1,0,24,9999,262,7,9,7,7,15,2,1
Yanni Gourde,TBL,C,2017-03-27,false,CHI,2,1,-3,4,0,0,1,0,1,1,16,11523,259,7,3,7,4,11,35,52
Shayne Gostisbehere,PHI,D,2016-11-05,false,MTL,3,6,-5,6,1,3,0,0,1,0,42,16721,348,7,17,25,15,4,0,0
Josh Gorges,BUF,D,2016-11-09,false,OTT,0,0,0,12,0,0,0,0,0,0,4,14870,351,32,25,5,5,0,0,0
Boyd Gordon,PHI,C,2017-01-07,false,TBL,1,0,-5,2,0,0,0,0,0,0,8,6379,184,4,7,2,0,2,48,38
Cody Goloubef,COL,D,2017-01-17,false,CHI,0,2,-8,15,0,0,0,0,0,0,5,12492,297,8,18,1,1,2,0,0
Alex Goligoski,ARI,D,2016-11-10,false,WPG,0,6,-7,4,0,2,0,0,0,0,19,18365,364,12,20,6,9,1,0,0
Nikolay Goldobin,VAN,R,2017-04-08,false,EDM,2,0,0,0,0,0,0,0,1,0,13,8720,209,1,4,7,7,3,0,0
Luke Glendening,DET,C,2016-11-06,false,EDM,1,4,0,4,0,1,0,0,0,0,16,9913,244,35,14,7,0,4,66,63
Claude Giroux,PHI,C,2016-11-05,false,MTL,3,11,-7,2,2,6,0,0,0,0,33,15962,336,12,1,13,2,5,147,144
Zemgus Girgensons,BUF,C,2016-11-09,false,OTT,1,3,-3,4,0,0,0,0,0,0,26,9732,235,17,6,7,0,2,54,54
Dan Girardi,NYR,D,2016-11-15,false,VAN,3,3,9,4,0,0,0,1,3,0,14,13925,324,25,32,5,11,1,0,0
Mark Giordano,CGY,D,2016-11-05,false,LAK,1,4,-3,16,0,1,0,1,0,0,27,19473,405,10,37,13,5,11,0,0
Brian Gionta,BUF,R,2016-11-09,false,OTT,3,3,1,4,0,0,0,0,1,0,30,13256,281,10,5,11,4,4,7,7
Stephen Gionta,NYI,R,2017-03-09,false,VAN,0,4,2,0,0,0,0,0,0,0,9,8394,210,27,3,2,4,1,6,8
Tom Gilbert,LAK,D,2016-11-26,false,CHI,1,3,-2,6,0,1,0,0,0,0,9,12338,287,6,18,7,5,1,0,0
Ryan Getzlaf,ANA,C,2016-11-12,false,NSH,1,12,-3,8,0,5,0,0,0,0,31,14866,317,12,9,13,8,7,99,84
Eric Gelinas,COL,D,2016-12-18,false,WPG,0,1,-3,10,0,0,0,0,0,0,17,9384,222,12,6,7,5,1,0,0
Frederik Gauthier,TOR,C,2017-01-19,false,NYR,2,1,3,21,0,0,0,0,0,0,9,7165,214,9,9,4,2,3,75,68
Brendan Gaunce,VAN,C,2016-11-07,false,NYI,0,1,-3,16,0,0,0,0,0,0,9,7360,194,14,3,3,2,2,43,42
Johnny Gaudreau,CGY,L,2016-11-05,false,LAK,2,5,-11,0,0,1,0,0,0,0,31,15058,315,3,4,13,16,2,0,0
Jason Garrison,TBL,D,2016-11-07,false,FLA,0,2,-8,4,0,0,0,0,0,0,22,13964,316,15,18,11,10,4,0,0
Jake Gardiner,TOR,D,2016-11-08,false,LAK,2,5,-1,2,1,1,0,0,0,0,19,14733,315,13,13,8,17,5,0,0
Brendan Gallagher,MTL,R,2016-11-08,false,BOS,4,5,6,14,1,0,0,0,1,0,36,11887,281,14,3,9,4,5,18,23
Alex Galchenyuk,MTL,C,2016-11-08,false,BOS,5,8,9,8,1,2,0,0,0,0,24,12230,278,5,8,9,8,3,56,88
Sam Gagner,CBJ,C,2016-11-15,false,WSH,6,3,4,0,2,2,0,0,1,0,30,10771,233,2,2,13,2,2,29,38
Kurtis Gabriel,MIN,R,2017-01-22,false,NSH,0,1,0,29,0,0,0,0,0,0,3,4539,118,26,1,2,3,0,0,0
Marian Gaborik,LAK,R,2016-12-28,false,VAN,1,3,0,2,1,1,0,0,0,0,28,11522,253,9,2,15,5,1,0,1
Michael Frolik,CGY,R,2016-11-05,false,LAK,5,4,1,4,0,0,2,0,0,0,31,11998,279,9,11,8,4,8,5,3
Cody Franson,BUF,D,2016-11-09,false,OTT,0,3,3,2,0,0,0,0,0,0,22,12696,280,6,6,5,5,0,0,0
Cam Fowler,ANA,D,2016-11-06,false,CGY,4,4,1,2,3,3,0,0,0,0,28,18843,369,9,16,6,11,3,0,0
Gustav Forsling,CHI,D,2016-11-11,false,WSH,0,3,1,2,0,1,0,0,0,0,16,12643,267,7,4,5,8,0,0,0
Filip Forsberg,NSH,L,2016-11-10,false,STL,0,9,-3,4,0,3,0,0,0,0,24,14944,330,21,5,17,6,15,5,6
Derek Forbort,LAK,D,2016-11-08,false,TOR,0,3,1,28,0,0,0,0,0,0,10,11048,269,24,21,3,8,2,0,0
Christian Folin,MIN,D,2016-11-13,false,OTT,0,1,7,10,0,0,0,0,0,0,15,13694,309,21,17,2,2,4,0,0
Marcus Foligno,BUF,L,2016-11-09,false,OTT,2,2,3,6,0,0,0,0,0,0,19,12815,292,40,10,9,8,8,0,1
Nick Foligno,CBJ,L,2016-11-12,false,STL,6,10,6,16,2,5,0,0,0,0,18,13436,306,18,8,11,4,4,10,12
Brian Flynn,MTL,C,2016-12-02,false,SJS,0,2,1,2,0,0,0,0,0,0,12,9507,248,8,8,9,6,4,9,15
Mike Fisher,NSH,C,2016-11-19,false,STL,3,5,-6,25,3,3,0,0,1,0,23,12523,286,36,11,6,0,2,119,100
Valtteri Filppula,TBL,C,2016-11-10,false,NYI,4,5,2,4,0,2,0,0,1,0,15,13855,282,5,6,2,6,6,102,148
Vernon Fiddler,NJD,C,2016-11-11,false,BUF,0,1,-2,13,0,0,0,0,0,0,12,9996,248,9,5,3,9,3,90,77
Kevin Fiala,NSH,L,2016-12-03,false,NJD,5,0,1,2,0,0,0,0,1,0,31,9650,239,10,3,2,6,8,0,0
Micheal Ferland,CGY,L,2016-11-05,false,LAK,2,4,1,0,0,1,0,0,0,0,18,8725,213,27,2,6,8,5,0,0
Eric Fehr,PIT,C,2016-11-08,false,EDM,2,1,-1,2,0,0,0,0,1,0,11,8905,227,13,12,3,2,7,22,19
Taylor Fedun,BUF,D,2017-01-12,false,TBL,0,6,4,2,0,3,0,0,0,0,16,10890,258,3,9,3,6,1,0,0
Justin Faulk,CAR,D,2016-11-18,false,MTL,3,3,-4,8,1,2,0,0,0,0,31,18730,358,21,15,20,13,9,0,0
Jesper Fast,NYR,R,2016-11-06,false,WPG,2,4,6,10,0,0,0,0,0,0,9,10319,258,23,5,7,2,7,6,4
Justin Falk,BUF,D,2016-12-06,false,EDM,0,0,-1,2,0,0,0,0,0,0,11,10311,258,24,6,5,4,1,0,0
Radek Faksa,DAL,C,2016-11-08,false,WPG,1,1,0,15,0,0,0,0,0,0,21,12365,323,12,11,11,4,7,98,103
Robby Fabbri,STL,C,2016-11-06,false,COL,1,3,-3,6,0,1,0,0,0,0,20,12807,283,19,7,7,5,7,2,1
Adam Erne,TBL,L,2017-03-14,false,OTT,1,0,-3,4,0,0,0,0,0,0,23,9634,225,36,4,10,3,2,0,2
Joel Eriksson Ek,MIN,C,2017-04-04,false,CAR,3,4,3,2,0,0,0,0,1,0,11,8152,210,22,7,6,2,3,39,50
Loui Eriksson,VAN,L,2016-11-07,false,NYI,0,4,-4,0,0,1,0,1,0,0,21,14895,310,1,6,9,2,5,0,0
Jonathan Ericsson,DET,D,2016-11-06,false,EDM,0,3,1,28,0,0,0,0,0,0,10,13907,327,18,13,5,8,0,0,0
Toby Enstrom,WPG,D,2016-11-06,false,NYR,1,2,0,10,0,1,1,0,0,0,14,17388,369,3,17,8,8,2,0,0
Tyler Ennis,BUF,L,2017-01-16,false,DAL,2,1,-5,0,0,0,0,0,0,0,31,10655,237,6,3,5,2,5,0,3
Deryk Engelland,CGY,D,2016-11-05,false,LAK,1,3,7,9,0,0,0,0,1,0,16,15175,356,19,31,8,11,2,0,0
Alexei Emelin,MTL,D,2016-11-08,false,BOS,1,2,6,14,0,0,0,0,0,0,9,16370,333,42,25,4,14,2,0,0
Ryan Ellis,NSH,D,2016-11-10,false,STL,1,3,-2,4,0,2,0,0,0,0,18,18489,365,21,24,13,5,3,0,0
Lars Eller,WSH,C,2016-11-11,false,CHI,2,0,0,14,0,0,0,0,0,0,21,11665,255,8,2,10,4,8,77,80
Remi Elie,DAL,L,2017-03-30,false,BOS,1,4,2,6,0,0,0,0,0,0,14,12157,287,27,10,7,12,8,1,0
Oliver Ekman-Larsson,ARI,D,2016-11-10,false,WPG,5,2,1,6,2,0,0,0,1,1,34,19638,358,23,13,15,7,3,0,0
Mattias Ekholm,NSH,D,2016-11-10,false,STL,0,2,1,4,0,1,0,0,0,0,21,18249,355,8,25,14,13,5,0,0
Aaron Ekblad,FLA,D,2016-11-07,false,TBL,2,0,-5,14,2,0,0,0,0,0,34,18206,306,27,13,16,6,7,0,0
Jack Eichel,BUF,C,2016-12-27,false,DET,6,4,1,2,2,3,0,0,2,0,51,14709,280,10,9,13,10,7,56,81
Nikolaj Ehlers,WPG,L,2016-11-06,false,NYR,3,6,2,8,0,1,0,0,0,0,34,14148,284,7,5,17,6,4,0,1
Joel Edmundson,STL,D,2016-11-06,false,COL,0,1,-3,17,0,0,0,0,0,0,12,11749,302,23,15,7,2,2,0,0
Alexander Edler,VAN,D,2016-11-08,false,NYR,1,0,-3,4,1,0,0,0,0,0,26,19135,382,22,37,6,7,3,0,0
Jordan Eberle,EDM,C,2016-11-06,false,DET,3,5,-6,2,1,2,0,0,0,0,38,14308,312,2,6,9,3,6,0,1
Patrick Eaves,DAL,R,2016-11-10,false,CGY,3,5,-5,2,2,3,0,0,0,0,31,13213,313,19,7,19,1,0,0,0
Cody Eakin,DAL,C,2016-12-13,false,ANA,0,1,-7,2,0,0,0,0,0,0,12,11873,300,17,6,7,5,1,80,93
Ryan Dzingel,OTT,L,2016-11-09,false,BUF,5,4,4,0,0,1,1,0,1,0,17,9633,225,8,7,4,4,4,1,2
Christian Dvorak,ARI,C,2016-11-19,false,SJS,1,4,2,2,0,1,0,0,0,0,11,11434,233,9,14,5,3,0,72,81
Brian Dumoulin,PIT,D,2016-11-08,false,EDM,0,1,0,4,0,0,0,0,0,0,17,16364,376,25,16,6,8,2,0,0
Gabriel Dumont,TBL,C,2017-02-10,false,MIN,1,1,-1,9,0,0,0,0,0,0,18,7525,192,26,4,3,2,1,39,28
Matt Dumba,MIN,D,2016-11-12,false,PHI,1,3,3,4,1,1,0,0,0,0,25,17432,333,23,15,10,3,5,0,0
Anthony Duclair,ARI,L,2016-11-10,false,WPG,1,2,0,2,0,0,0,0,0,0,17,10795,242,3,1,5,5,7,0,0
Matt Duchene,COL,C,2016-11-11,false,WPG,6,5,0,2,0,2,0,0,2,0,30,14287,309,4,10,7,7,10,84,58
Brandon Dubinsky,CBJ,C,2016-11-18,false,NYR,1,3,-4,15,0,1,0,0,1,0,17,13494,320,42,8,11,5,6,126,113
Jonathan Drouin,TBL,L,2016-11-21,false,NSH,3,4,-1,4,2,1,0,0,0,0,37,12792,251,8,7,10,12,7,21,25
Leon Draisaitl,EDM,C,2016-11-06,false,DET,3,5,-2,2,2,1,0,0,0,0,25,12872,275,6,6,9,11,9,85,90
Nic Dowd,LAK,C,2016-11-11,false,OTT,2,5,1,2,1,1,0,0,1,1,14,10764,255,33,6,6,6,3,71,84
Drew Doughty,LAK,D,2016-11-08,false,TOR,2,4,3,14,0,1,0,0,0,0,36,21214,437,20,24,12,14,1,1,0
Jake Dotchin,TBL,D,2017-02-23,false,CGY,0,3,4,21,0,0,0,0,0,0,14,13771,298,36,7,12,6,1,0,0
Joonas Donskoi,SJS,R,2016-11-08,false,WSH,2,3,-2,6,1,1,0,0,0,0,21,11436,271,7,5,15,7,9,0,0
Max Domi,ARI,L,2016-11-10,false,WPG,1,10,1,11,0,2,0,0,1,0,27,13801,276,9,7,9,8,5,3,2
Shane Doan,ARI,R,2016-11-10,false,WPG,1,3,-4,2,1,1,0,0,0,0,24,12257,252,21,5,6,5,1,17,21
Brenden Dillon,SJS,D,2016-11-08,false,WSH,0,1,0,10,0,0,0,0,0,0,17,12180,282,27,10,6,2,0,0,0
Phillip Di Giuseppe,CAR,L,2016-12-01,false,BOS,0,0,-6,11,0,0,0,0,0,0,19,9152,212,20,5,11,2,4,0,1
Nicolas Deslauriers,BUF,L,2016-12-27,false,DET,0,0,-4,4,0,0,0,0,0,0,8,6568,147,32,2,4,0,1,0,0
Andrew Desjardins,CHI,L,2016-12-11,false,DAL,0,0,-2,4,0,0,0,0,0,0,17,7832,182,17,3,3,2,3,14,8
David Desharnais,MTL,C,2016-11-08,false,BOS,2,2,1,2,0,0,0,0,0,0,12,10127,238,0,2,2,3,4,34,41
Jason Demers,FLA,D,2016-11-07,false,TBL,0,5,-3,4,0,3,0,1,0,0,12,15263,292,7,9,16,8,9,0,0
Michael Del Zotto,PHI,D,2016-12-06,false,FLA,3,5,-2,4,0,0,0,0,0,0,26,14701,326,56,28,10,5,2,0,0
Dylan DeMelo,SJS,D,2017-01-07,false,DET,1,3,1,8,0,0,0,0,0,0,17,12387,288,18,14,8,5,0,0,0
Danny DeKeyser,DET,D,2016-11-06,false,EDM,1,1,-1,8,0,0,0,0,0,0,8,17482,377,15,31,7,7,1,0,0
Anthony DeAngelo,ARI,D,2016-12-12,false,PIT,2,5,-1,4,1,3,0,0,0,0,20,14888,307,5,19,8,6,1,0,0
Brandon Davidson,EDM,D,2017-01-18,false,FLA,0,1,-1,6,0,0,0,0,0,0,17,11460,264,14,27,6,9,1,0,0
Laurent Dauphin,ARI,C,2016-11-19,false,SJS,1,1,-1,4,0,0,1,0,0,0,14,8683,209,20,6,2,1,7,17,21
Marko Dano,WPG,C,2016-11-25,false,NSH,3,3,0,2,2,0,0,0,0,0,16,9739,229,27,6,8,7,7,1,3
Phillip Danault,MTL,L,2016-11-08,false,BOS,3,3,3,0,0,0,0,0,0,0,17,10079,253,12,11,5,6,1,29,33
Trevor Daley,PIT,D,2016-11-08,false,EDM,1,4,5,8,1,1,0,1,0,0,17,16872,396,4,24,12,2,11,0,0
Klas Dahlbeck,CAR,D,2017-01-31,false,PHI,1,2,-2,14,0,0,0,0,0,0,9,9728,239,18,7,4,5,4,0,0
Austin Czarnik,BOS,C,2016-11-17,false,MIN,2,2,-1,4,0,1,0,0,1,0,19,11261,266,3,8,4,5,3,5,17
Matt Cullen,PIT,C,2016-11-08,false,EDM,3,6,4,4,0,1,0,0,1,0,17,11622,299,8,2,11,5,2,109,82
Lawson Crouse,ARI,L,2016-11-17,false,VAN,1,0,-5,6,0,0,0,0,0,0,14,8284,199,23,9,4,0,4,0,0
Sidney Crosby,PIT,C,2016-11-21,false,NYR,12,4,-1,4,5,1,0,0,1,0,45,14747,328,16,2,13,12,7,140,168
Joseph Cramarossa,ANA,C,2016-11-17,false,NJD,1,2,0,20,0,0,0,0,0,0,6,8619,214,29,9,5,5,4,1,0
Adam Cracknell,DAL,R,2016-11-08,false,WPG,2,1,3,0,0,0,0,0,0,0,17,8134,205,19,9,10,3,2,24,18
Charlie Coyle,MIN,C,2016-11-12,false,PHI,4,6,3,18,2,0,0,0,1,0,27,13885,305,16,12,10,8,7,10,7
Sean Couturier,PHI,C,2016-11-05,false,MTL,3,2,-4,10,0,1,0,0,1,0,22,14427,337,11,9,13,6,7,110,112
Logan Couture,SJS,C,2016-11-08,false,WSH,2,5,-4,2,2,0,0,0,0,0,42,14308,325,2,11,8,13,4,52,96
Nick Cousins,PHI,C,2016-11-15,false,OTT,2,3,1,2,0,1,0,0,0,0,18,8248,185,16,6,0,1,4,4,23
Andrew Copp,WPG,C,2016-11-25,false,NSH,2,2,-1,2,0,0,1,0,0,0,11,9964,249,18,7,6,4,7,22,38
Kyle Connor,WPG,L,2016-11-08,false,DAL,1,3,-7,4,0,2,0,0,1,0,17,11103,234,1,4,10,4,9,1,1
Brett Connolly,WSH,R,2016-11-26,false,TOR,2,1,1,12,1,0,0,0,0,0,18,8418,194,28,1,3,1,5,2,3
Kevin Connauton,ARI,D,2017-02-11,false,PIT,0,1,-4,8,0,0,0,0,0,0,13,9761,235,31,10,8,2,1,0,0
Erik Condra,TBL,R,2017-02-11,false,WPG,0,0,-4,4,0,0,0,0,0,0,8,7519,174,5,7,3,2,3,1,0
J.T. Compher,COL,L,2017-03-25,false,EDM,2,0,-2,2,0,0,0,0,1,0,13,10346,239,9,11,6,2,3,52,51
Blake Comeau,COL,L,2016-11-19,false,MIN,2,1,-1,18,1,0,0,0,0,0,19,11626,280,32,6,5,2,6,36,31
Blake Coleman,NJD,C,2017-03-19,false,CBJ,0,1,-4,4,0,0,0,0,0,0,17,9558,215,27,9,4,7,7,46,55
Ian Cole,PIT,D,2016-11-08,false,EDM,1,1,-1,17,0,0,0,0,0,0,10,14474,331,31,25,13,9,2,0,0
Joe Colborne,COL,C,2016-11-11,false,WPG,3,1,-5,4,2,0,0,0,0,0,16,10001,230,9,4,2,3,3,16,31
Andrew Cogliano,ANA,L,2016-11-06,false,CGY,5,1,3,4,0,0,2,0,0,0,27,11718,302,14,6,2,3,4,1,4
Braydon Coburn,TBL,D,2016-11-07,false,FLA,0,2,-4,8,0,0,0,0,0,0,19,12602,278,17,4,7,3,0,0,0
Cal Clutterbuck,NYI,R,2016-11-07,false,VAN,2,5,3,8,0,0,0,0,1,0,24,12313,307,48,7,9,7,5,1,2
Kyle Clifford,LAK,L,2016-11-10,false,MTL,2,1,2,21,0,0,0,0,0,0,25,7819,181,32,1,7,1,5,0,1
Adam Clendening,NYR,D,2017-01-14,false,MTL,1,5,3,8,1,1,0,0,0,0,15,12555,289,6,9,8,6,3,0,0
Fredrik Claesson,OTT,D,2017-01-26,false,CGY,0,3,0,0,0,0,0,1,0,0,7,8602,211,15,4,2,8,0,0,0
Casey Cizikas,NYI,C,2016-11-07,false,VAN,2,4,2,10,0,1,0,0,1,0,17,11588,301,29,17,3,4,6,103,113
Jakob Chychrun,ARI,D,2016-11-12,false,BOS,1,2,-2,23,0,0,0,0,0,0,17,13861,298,19,14,16,9,2,0,0
Taylor Chorney,WSH,D,2017-01-24,false,OTT,1,2,5,11,0,0,0,0,1,0,12,10565,241,20,20,7,5,3,0,0
Jason Chimera,NYI,L,2016-11-07,false,VAN,1,3,-4,10,0,0,0,0,0,0,19,10852,267,23,5,3,5,2,2,5
Alex Chiasson,CGY,R,2016-11-05,false,LAK,1,2,1,10,0,0,0,0,0,0,17,9618,248,18,2,5,4,4,0,5
Ben Chiarot,WPG,D,2016-11-08,false,DAL,0,3,-4,4,0,0,0,0,0,0,9,10824,231,17,19,1,8,2,0,0
Zdeno Chara,BOS,D,2016-11-08,false,MTL,1,2,8,17,0,0,0,0,0,0,22,18303,349,24,31,9,11,9,0,0
Michael Chaput,VAN,C,2016-12-03,false,TOR,0,2,-5,6,0,0,0,0,0,0,10,8699,214,19,5,0,3,1,61,54
Cody Ceci,OTT,D,2016-11-09,false,BUF,0,2,-6,6,0,0,0,1,0,0,20,17950,411,28,30,10,9,5,0,0
Jeff Carter,LAK,C,2016-11-08,false,TOR,5,4,3,4,0,0,0,0,2,1,39,13892,301,12,6,16,8,4,109,97
William Carrier,BUF,L,2016-12-01,false,NYR,1,0,2,4,0,0,0,0,0,0,18,6687,174,48,2,4,3,2,1,1
Connor Carrick,TOR,D,2016-11-08,false,LAK,1,0,0,18,0,0,0,0,0,0,27,14248,334,15,16,8,10,4,0,0
Daniel Carr,MTL,L,2016-12-08,false,NJD,1,1,1,6,0,0,0,0,1,0,20,8042,194,12,5,5,3,3,1,1
John Carlson,WSH,D,2016-11-11,false,CHI,0,6,3,0,0,1,0,0,0,0,37,18445,337,10,15,20,12,4,0,0
Brandon Carlo,BOS,D,2016-11-08,false,MTL,2,2,7,8,0,0,0,0,0,0,15,17461,348,12,30,9,3,3,0,0
Brian Campbell,CHI,D,2016-11-06,false,DAL,1,5,8,4,0,2,0,0,0,0,13,14514,298,12,12,5,11,0,0,0
Michael Cammalleri,NJD,L,2016-11-23,false,TOR,4,6,4,10,0,2,0,0,1,0,37,12576,275,8,3,13,7,4,3,3
Matt Calvert,CBJ,L,2016-11-12,false,STL,1,1,-3,12,0,0,0,0,0,0,17,12442,294,18,7,8,8,8,2,10
Ryan Callahan,TBL,R,2016-11-23,false,PHI,2,1,2,21,0,0,0,0,1,0,18,11063,258,34,11,7,5,6,3,3
Drake Caggiula,EDM,L,2016-12-11,false,WPG,1,4,-1,2,1,1,0,0,0,0,13,11114,255,24,1,8,5,4,21,32
Paul Byron,MTL,L,2016-11-08,false,BOS,3,5,5,4,0,0,1,0,2,0,15,10570,277,15,5,1,3,7,2,0
Dustin Byfuglien,WPG,D,2016-11-06,false,NYR,0,8,0,10,0,1,0,0,0,0,37,22420,377,37,22,23,19,8,0,0
Alexandre Burrows,VAN,L,2016-11-15,false,NYR,2,2,-1,23,0,0,0,0,0,0,24,9748,257,9,2,5,4,9,0,2
Brent Burns,SJS,D,2016-11-08,false,WSH,5,7,0,4,1,2,0,0,1,0,71,18731,353,13,30,27,27,6,0,0
Alexander Burmistrov,WPG,C,2016-11-08,false,DAL,0,2,-4,0,0,0,0,1,0,0,9,9077,198,11,2,3,4,1,28,51
Andre Burakovsky,WSH,L,2016-11-11,false,CHI,2,4,-2,0,0,0,0,0,0,0,29,12156,244,6,3,8,8,8,0,0
Pavel Buchnevich,NYR,R,2017-01-17,false,DAL,5,8,5,4,1,2,0,0,0,0,22,11843,269,4,3,11,11,6,1,1
Dustin Brown,LAK,R,2016-11-08,false,TOR,2,6,-1,8,0,2,1,0,1,0,24,12757,285,29,3,10,4,5,0,1
Connor Brown,TOR,R,2016-11-08,false,LAK,1,1,-5,4,0,0,0,0,0,0,16,10443,269,15,11,5,1,2,0,0
J.T. Brown,TBL,R,2016-11-10,false,NYI,1,1,-4,12,0,0,1,0,0,0,14,8019,194,15,3,6,3,2,0,1
Patrick Brown,CAR,C,2017-03-23,false,MTL,0,0,-6,0,0,0,0,0,0,0,12,7689,179,28,5,6,3,2,8,4
Troy Brouwer,CGY,R,2016-11-05,false,LAK,4,3,-1,6,0,2,1,0,0,0,21,13404,305,37,9,6,2,5,8,17
Kyle Brodziak,STL,C,2016-11-09,false,CHI,0,1,-1,15,0,0,0,0,0,0,10,7147,204,13,4,3,0,3,27,47
Jonas Brodin,MIN,D,2016-11-12,false,PHI,1,3,6,6,0,0,0,0,1,0,15,15193,332,4,17,14,7,2,0,0
TJ Brodie,CGY,D,2016-11-05,false,LAK,0,2,-11,4,0,1,0,0,0,0,18,18396,403,8,15,8,11,9,0,0
Justin Braun,SJS,D,2016-11-08,false,WSH,0,0,-7,2,0,0,0,0,0,0,14,15542,324,14,29,8,8,8,0,0
Derick Brassard,OTT,C,2016-11-09,false,BUF,1,5,3,4,0,1,0,0,0,0,32,14216,297,17,1,13,6,10,118,117
Tyler Bozak,TOR,C,2016-11-08,false,LAK,5,4,-3,2,1,0,0,0,1,0,25,12245,288,10,5,7,6,7,125,79
Brian Boyle,TBL,C,2016-11-07,false,FLA,3,0,1,12,0,0,0,0,0,0,19,8762,210,20,11,2,3,5,52,48
Johnny Boychuk,NYI,D,2016-11-07,false,VAN,2,3,0,2,0,1,1,0,1,0,36,15808,299,30,37,15,6,3,0,0
Jay Bouwmeester,STL,D,2016-11-06,false,COL,1,1,-1,6,0,0,0,0,0,0,15,17633,393,14,22,8,8,3,0,0
Rene Bourque,COL,R,2016-11-15,false,LAK,5,1,-3,13,2,0,0,0,2,1,25,11523,264,25,8,8,2,6,0,3
Michael Bournival,TBL,L,2017-01-16,false,LAK,1,0,-4,2,0,0,0,0,0,0,17,7504,190,17,4,9,2,4,1,2
Lance Bouma,CGY,C,2016-11-05,false,LAK,0,1,-2,4,0,0,0,0,0,0,8,9047,231,33,12,3,2,3,0,1
Reid Boucher,VAN,C,2017-01-17,false,NSH,1,2,1,2,0,0,0,0,0,0,15,8548,182,13,7,4,1,6,0,0
Robert Bortuzzo,STL,D,2017-01-14,false,SJS,1,1,6,2,0,0,0,0,0,0,16,10934,293,33,24,8,8,2,0,0
Mark Borowiecki,OTT,D,2016-11-09,false,BUF,0,0,3,21,0,0,0,0,0,0,3,9391,255,34,17,4,2,0,0,0
Nick Bonino,PIT,C,2016-11-08,false,EDM,1,3,-3,4,0,1,1,0,0,0,19,13979,336,14,19,5,5,9,115,124
Jared Boll,ANA,R,2016-11-09,false,CBJ,0,1,-4,21,0,0,0,0,0,0,4,5330,135,12,2,1,2,1,0,1
Zach Bogosian,BUF,D,2016-12-23,false,NYI,0,1,-6,13,0,0,0,0,0,0,15,15260,337,19,19,4,5,5,0,0
Mikkel Boedker,SJS,L,2016-11-08,false,WSH,2,0,-5,2,0,0,0,0,0,0,15,11877,286,8,3,11,9,6,2,5
Anton Blidh,BOS,L,2017-01-02,false,NJD,1,1,0,0,0,0,0,0,0,0,23,7420,172,30,2,8,3,3,0,0
Joseph Blandisi,NJD,L,2017-03-05,false,CBJ,1,2,-5,14,0,1,0,0,0,0,11,9070,218,21,1,8,1,1,15,16
Nick Bjugstad,FLA,C,2016-12-16,false,COL,0,1,-7,6,0,1,0,0,0,0,18,10045,224,19,2,5,5,5,32,40
Oliver Bjorkstrand,CBJ,R,2017-03-04,false,OTT,2,3,2,6,0,0,0,0,1,0,23,10841,255,8,4,9,4,5,1,0
Anthony Bitetto,NSH,D,2017-01-20,false,EDM,0,3,0,13,0,0,0,0,0,0,8,9348,234,18,12,7,2,0,0,0
Kevin Bieksa,ANA,D,2016-11-06,false,CGY,1,0,-2,17,1,0,0,0,0,0,28,15826,315,28,9,11,5,2,0,0
Alex Biega,VAN,D,2017-01-12,false,PHI,0,2,0,8,0,0,0,0,0,0,14,12295,287,32,14,14,1,3,0,0
Patrik Berglund,STL,C,2016-11-06,false,COL,1,3,-1,6,0,0,0,0,0,0,20,12097,299,24,4,13,3,3,90,73
Patrice Bergeron,BOS,C,2016-11-13,false,COL,2,2,0,4,0,0,0,0,1,0,48,14341,311,11,10,18,3,4,181,127
Matt Benning,EDM,D,2016-11-25,false,ARI,0,4,7,6,0,1,0,0,0,0,14,12612,285,28,12,9,9,0,0,0
Sam Bennett,CGY,C,2016-11-05,false,LAK,3,4,1,24,1,0,0,0,0,0,17,11378,268,28,1,9,5,6,62,72
Beau Bennett,NJD,R,2016-11-12,false,BUF,0,3,3,2,0,0,0,0,0,0,22,9894,214,7,2,4,3,6,0,2
Jamie Benn,DAL,L,2016-11-08,false,WPG,2,7,-6,21,2,1,0,0,0,0,29,15459,366,20,5,18,8,10,81,63
Jordie Benn,DAL,D,2016-11-11,false,EDM,1,3,3,10,0,1,0,0,0,0,16,14727,337,9,21,8,6,2,0,0
Pierre-Edouard Bellemare,PHI,L,2016-11-05,false,MTL,0,2,2,0,0,0,0,1,0,0,14,10558,255,10,13,7,2,2,75,79
Matt Beleskey,BOS,L,2016-11-10,false,CBJ,1,2,-4,13,0,1,0,0,0,0,22,11885,254,31,7,12,3,3,18,21
Anthony Beauvillier,NYI,C,2016-11-18,false,PIT,2,4,3,2,0,0,0,0,0,0,12,8737,198,17,3,4,2,3,9,9
Nathan Beaulieu,MTL,D,2016-11-08,false,BOS,1,3,9,9,0,1,0,0,1,0,13,13857,292,16,25,5,18,5,0,0
Francois Beauchemin,COL,D,2016-11-11,false,WPG,0,3,1,4,0,1,0,0,0,0,18,15697,350,13,22,8,6,6,0,0
Jay Beagle,WSH,C,2016-11-11,false,CHI,3,3,6,2,0,0,1,0,1,0,21,9359,232,7,5,4,4,1,85,57
Matt Bartkowski,CGY,D,2017-03-17,false,DAL,0,1,3,7,0,0,0,0,0,0,9,11708,287,20,9,4,7,2,0,0
Tyson Barrie,COL,D,2016-11-11,false,WPG,1,5,-8,2,0,3,0,0,1,0,32,17406,360,11,12,18,4,2,0,0
Aleksander Barkov,FLA,C,2016-11-07,false,TBL,2,4,1,0,0,2,0,0,1,1,25,14964,297,4,6,9,2,11,90,88
Mark Barberio,MTL,D,2016-12-31,false,PIT,0,2,2,6,0,0,0,0,0,0,19,11391,256,4,9,3,8,1,0,0
Ivan Barbashev,STL,C,2017-02-28,false,EDM,2,1,3,2,0,0,0,0,1,0,8,8372,193,22,7,3,0,2,32,40
Nicholas Baptiste,BUF,R,2017-02-18,false,STL,3,1,2,6,0,0,0,0,0,0,13,6973,174,12,1,4,1,1,1,2
Justin Bailey,BUF,R,2017-02-09,false,ANA,1,1,2,2,0,0,0,0,0,0,14,7587,183,15,6,4,2,4,0,0
Josh Bailey,NYI,R,2016-11-07,false,VAN,2,5,6,0,0,0,0,0,1,1,23,14953,314,2,14,8,4,7,0,2
Sven Baertschi,VAN,L,2016-11-07,false,NYI,0,2,-5,0,0,0,0,0,0,0,20,11138,254,7,5,3,4,1,1,0
Nicklas Backstrom,WSH,C,2016-11-11,false,CHI,1,8,-1,4,0,4,0,0,0,0,26,14180,298,10,3,2,8,6,112,86
Mikael Backlund,CGY,C,2016-11-05,false,LAK,1,6,0,2,0,1,0,2,0,0,27,13180,311,6,14,6,9,4,110,105
David Backes,BOS,R,2016-11-19,false,WPG,3,4,9,19,0,1,0,0,0,0,29,13963,285,42,10,8,6,3,34,40
Yohann Auvitu,NJD,D,2016-11-11,false,BUF,1,2,4,0,0,1,0,0,0,0,33,13115,279,11,4,8,6,6,0,0
Cam Atkinson,CBJ,R,2016-11-12,false,STL,4,8,-5,4,4,4,0,0,1,0,38,13448,320,7,6,12,0,4,2,0
Andreas Athanasiou,DET,C,2016-11-10,false,VAN,4,1,1,0,0,0,0,0,0,0,20,9444,215,5,4,9,4,2,1,3
Viktor Arvidsson,NSH,L,2016-11-10,false,STL,4,3,-4,2,1,1,1,0,0,0,38,11357,282,6,7,10,4,4,1,1
Joel Armia,WPG,R,2016-12-29,false,CBJ,1,3,1,4,0,0,0,0,0,0,23,11346,263,12,4,5,9,12,2,3
Artem Anisimov,CHI,C,2016-11-06,false,DAL,8,9,11,12,1,3,0,0,3,1,24,14494,313,8,2,9,0,8,82,112
Sven Andrighetto,MTL,R,2017-01-14,false,NYR,1,4,4,2,0,1,0,0,0,0,15,8125,202,16,7,8,1,3,0,0
Andy Andreoff,LAK,L,2016-12-20,false,CBJ,0,0,-2,17,0,0,0,0,0,0,8,8121,185,24,4,7,5,1,17,12
Josh Anderson,CBJ,R,2016-11-12,false,STL,5,1,7,17,0,0,0,0,1,0,18,9555,248,18,10,4,5,2,1,2
Karl Alzner,WSH,D,2016-11-11,false,CHI,2,2,5,6,0,0,0,0,0,0,15,15803,341,14,20,4,7,3,0,0
Sebastian Aho,CAR,R,2016-11-10,false,ANA,0,6,-3,2,0,3,0,0,0,0,26,11514,254,5,2,12,7,3,0,1
Noel Acciari,BOS,C,2016-12-10,false,TOR,0,2,1,4,0,0,0,0,0,0,10,7904,189,29,2,3,2,6,8,12
Pontus Aberg,NSH,L,2017-02-09,false,NYR,1,1,-1,2,0,0,0,0,0,0,11,9519,217,8,2,3,2,4,1,0
Justin Abdelkader,DET,L,2016-11-10,false,VAN,3,1,0,9,2,0,0,0,0,0,17,13173,275,33,4,8,3,4,0,3
Clayton Stoner,ANA,D,2016-11-12,false,NSH,1,2,0,26,0,0,0,0,0,0,13,13717,305,33,14,3,3,2,0,0
Steven Stamkos,TBL,C,2016-11-07,false,FLA,7,7,-2,14,2,3,0,0,1,0,49,14836,298,18,2,14,2,11,89,83
Brad Richardson,ARI,R,2016-11-10,false,WPG,4,4,0,8,0,0,2,1,0,0,23,12191,283,15,7,6,3,10,105,91
Kyle Rau,FLA,C,2016-11-22,false,PHI,2,1,-1,4,0,0,0,0,0,0,13,8615,192,12,2,2,1,3,2,1
Tyler Pitlick,EDM,R,2016-11-06,false,DET,4,1,1,4,0,0,0,0,1,0,19,7216,183,30,4,3,3,1,1,0
Johan Larsson,BUF,C,2016-11-09,false,OTT,2,4,-2,6,0,0,0,0,2,0,14,13476,291,15,12,10,8,6,92,97
Shane Harper,FLA,R,2016-11-07,false,TBL,2,1,-1,18,0,0,0,0,0,0,13,8010,182,17,0,5,3,3,0,0
Erik Gudbranson,VAN,D,2016-11-07,false,NYI,0,2,-7,7,0,0,0,0,0,0,18,15368,330,23,16,3,9,2,0,0
Ryan Garbutt,ANA,C,2016-11-06,false,CGY,1,1,-1,6,0,0,0,1,1,0,16,8841,229,25,8,11,1,1,5,3
Derek Dorsett,VAN,R,2016-11-15,false,NYR,1,3,-6,33,0,0,0,0,0,0,24,8241,218,35,6,2,1,2,1,0
