James van Riemsdyk,TOR,L,2016-11-05,false,VAN,4,6,-1,6,0,2,0,0,0,0,37,11055,251,13,7,8,3,4,1,3
Trevor van Riemsdyk,CHI,D,2016-12-23,false,COL,1,3,5,4,0,0,0,0,0,0,12,12969,278,5,14,1,7,4,0,0
Calvin de Haan,NYI,D,2016-11-05,false,EDM,1,4,7,16,0,0,0,0,0,0,20,13278,259,15,26,6,14,1,0,0
Jason Zucker,MIN,L,2016-11-10,false,PIT,2,5,9,4,0,0,0,0,0,0,17,8687,212,16,3,8,2,7,1,0
Mats Zuccarello,NYR,R,2016-11-05,false,BOS,5,3,4,6,2,0,0,0,0,0,27,13498,281,15,4,7,4,12,1,1
Harry Zolnierczyk,NSH,L,2017-01-26,false,CBJ,1,2,0,4,0,0,0,0,0,0,10,6326,159,15,6,1,0,1,2,3
Mika Zibanejad,NYR,C,2016-11-05,false,BOS,2,7,-1,6,0,4,0,0,0,0,34,12064,277,5,3,22,6,9,120,100
Henrik Zetterberg,DET,L,2016-11-04,false,WPG,2,5,0,0,0,2,0,0,0,0,26,13853,267,8,3,2,8,9,82,77
Travis Zajac,NJD,C,2016-11-08,false,CAR,4,5,1,6,2,1,0,0,1,0,25,14205,312,16,5,3,3,7,135,117
Nikita Zaitsev,TOR,D,2016-11-05,false,VAN,0,6,-4,0,0,2,0,0,0,0,12,15852,337,24,21,8,8,3,0,0
Nikita Zadorov,COL,D,2016-11-08,false,ARI,0,2,-5,12,0,0,0,0,0,0,11,12910,302,30,16,5,6,1,0,0
Pavel Zacha,NJD,C,2016-11-08,false,CAR,1,3,0,6,0,1,0,0,0,0,16,10760,219,17,9,6,2,1,44,62
Keith Yandle,FLA,D,2016-11-05,false,WSH,0,5,0,12,0,2,0,0,0,0,37,16472,286,5,10,16,12,3,0,0
Nail Yakupov,STL,R,2016-11-10,false,NSH,2,2,0,6,0,0,0,0,0,0,15,7789,195,11,1,9,1,4,0,0
Miles Wood,NJD,L,2016-12-18,false,NYR,3,0,0,10,0,0,0,0,0,0,21,8578,217,14,5,15,2,3,1,0
Luke Witkowski,TBL,D,2017-01-17,false,ANA,0,2,-3,13,0,0,0,0,0,0,8,7263,171,24,8,4,5,2,0,0
Daniel Winnik,WSH,L,2016-11-23,false,STL,2,1,3,6,0,0,0,0,1,0,8,7455,176,4,5,2,6,4,2,2
Tommy Wingels,SJS,C,2016-11-08,false,WSH,1,1,-1,0,0,0,0,0,0,0,12,6391,162,13,5,4,3,0,25,31
Scott Wilson,PIT,L,2016-11-05,false,SJS,2,2,-2,2,0,0,0,0,0,0,19,10090,250,24,4,7,3,1,0,0
Colin Wilson,NSH,L,2016-11-08,false,OTT,2,2,-2,6,1,0,0,0,0,0,20,11522,267,9,5,6,8,5,0,1
Tom Wilson,WSH,R,2016-11-08,false,SJS,1,0,4,12,0,0,0,0,0,0,16,9186,214,28,5,0,1,6,0,2
Justin Williams,WSH,R,2016-11-08,false,SJS,1,1,-1,6,0,0,0,0,0,0,20,11585,242,2,8,10,4,5,21,7
Patrick Wiercioch,COL,D,2016-11-08,false,ARI,1,4,-1,11,0,0,0,0,0,0,17,12162,287,14,15,5,3,2,0,0
Chris Wideman,OTT,D,2016-11-17,false,NSH,0,4,-3,8,0,1,0,0,0,0,17,9601,255,7,8,6,7,3,0,0
Dennis Wideman,CGY,D,2016-11-18,false,CHI,2,3,1,4,2,1,0,0,0,0,26,15474,349,11,13,8,14,4,0,0
Ryan White,ARI,C,2016-11-10,false,WPG,1,2,-4,20,0,0,0,0,1,0,12,7580,171,41,6,4,1,2,3,12
Blake Wheeler,WPG,R,2016-11-04,false,DET,3,6,0,12,0,1,1,0,0,0,40,15310,304,20,4,12,9,9,7,5
Zach Werenski,CBJ,D,2016-11-10,false,BOS,3,8,0,2,2,3,0,0,1,1,30,15634,335,10,13,8,8,6,0,0
Alexander Wennberg,CBJ,C,2016-11-10,false,BOS,1,13,5,2,0,8,0,0,0,0,14,12243,269,15,10,3,6,3,80,101
Dale Weise,PHI,R,2016-11-12,false,MIN,0,1,-2,4,0,0,0,0,0,0,10,8900,204,22,3,8,0,3,0,0
Yannick Weber,NSH,D,2016-11-10,false,STL,0,2,4,15,0,0,0,0,0,0,8,8222,205,14,11,6,8,0,0,0
Shea Weber,MTL,D,2016-11-05,false,PHI,4,6,15,8,3,1,0,1,3,0,30,18663,349,29,24,14,15,1,0,0
Jordan Weal,PHI,C,2017-03-16,false,NJD,3,1,4,6,0,0,0,0,0,0,28,10087,238,4,5,8,4,5,4,5
Austin Watson,NSH,L,2016-11-17,false,OTT,0,1,3,12,0,0,0,0,0,0,9,8082,196,23,2,4,0,5,0,2
Joel Ward,SJS,R,2016-11-05,false,PIT,1,0,-7,2,0,0,0,0,0,0,17,11036,261,9,9,9,14,5,34,41
Chris Wagner,ANA,C,2016-11-04,false,ARI,2,0,-2,4,0,0,0,0,0,0,14,8198,208,31,5,5,3,2,25,31
Radim Vrbata,ARI,R,2016-11-08,false,COL,4,5,2,4,0,1,0,0,0,0,28,12124,254,8,2,15,3,8,3,0
Jakub Vrana,WSH,L,2016-12-27,false,NYI,1,2,2,2,1,1,0,0,1,0,21,8462,181,3,6,10,4,3,0,2
Jakub Voracek,PHI,R,2016-11-03,false,NYI,6,5,-2,26,0,3,0,0,1,1,50,13930,287,3,3,9,5,4,0,4
Marc-Edouard Vlasic,SJS,D,2016-11-05,false,PIT,1,3,-3,18,0,2,0,0,1,1,13,15794,318,4,17,6,10,1,0,0
Jimmy Vesey,NYR,L,2016-11-05,false,BOS,6,4,5,2,2,1,0,0,2,0,20,10680,240,8,6,8,4,7,0,0
Kris Versteeg,CGY,R,2016-11-03,false,SJS,2,2,4,2,0,0,0,0,0,0,14,8783,202,1,5,4,5,5,9,5
Joel Vermin,TBL,R,2017-03-21,false,ARI,0,3,3,2,0,0,0,0,0,0,9,8197,190,15,7,7,1,5,2,0
Antoine Vermette,ANA,C,2016-11-04,false,ARI,2,5,2,6,1,1,0,0,0,0,15,11352,295,15,12,10,4,4,120,60
Frank Vatrano,BOS,C,2017-01-14,false,PHI,3,3,0,2,1,1,0,0,0,0,32,10347,235,20,4,13,1,2,0,0
Sami Vatanen,ANA,D,2016-11-04,false,ARI,1,6,2,2,1,4,0,0,0,0,14,16245,332,19,28,4,4,4,0,0
Thomas Vanek,DET,L,2016-11-29,false,DAL,4,6,5,8,2,2,0,0,0,0,19,10196,212,5,1,6,5,6,0,3
Chris VandeVelde,PHI,C,2016-11-03,false,NYI,1,1,-3,0,0,0,0,0,0,0,12,7444,188,19,6,3,2,2,2,5
Scottie Upshall,STL,R,2016-11-10,false,NSH,2,2,-3,9,0,0,0,0,0,0,14,7070,205,15,0,5,3,3,1,2
Fedor Tyutin,COL,D,2016-11-17,false,DAL,0,3,-1,8,0,0,0,0,0,0,7,13270,312,23,15,3,3,2,0,0
Kyle Turris,OTT,C,2016-11-08,false,NSH,6,2,-1,0,1,0,0,0,2,2,26,14094,296,2,10,12,10,4,84,96
Nikita Tryamkin,VAN,D,2016-11-26,false,COL,0,0,3,15,0,0,0,0,0,0,12,11804,269,40,10,12,4,0,0,0
Jacob Trouba,WPG,D,2016-12-03,false,STL,0,3,0,8,0,0,0,0,0,0,24,17241,334,17,28,14,17,10,0,0
Vincent Trocheck,FLA,C,2016-11-05,false,WSH,6,2,-2,4,0,2,0,0,1,1,34,15056,293,26,9,20,10,12,119,126
Jordin Tootoo,CHI,R,2016-11-05,false,DAL,0,0,1,9,0,0,0,0,0,0,18,5025,142,12,1,4,2,2,0,0
Tyler Toffoli,LAK,C,2016-11-05,false,CGY,2,4,5,0,1,0,0,0,0,0,42,13400,284,16,1,18,7,3,0,2
Jonathan Toews,CHI,C,2016-11-05,false,DAL,3,4,3,11,1,3,0,0,2,0,30,15097,334,6,1,8,7,4,176,117
Matthew Tkachuk,CGY,L,2016-11-06,false,ANA,3,3,3,17,0,0,0,0,1,0,22,9075,207,13,3,13,4,3,1,1
Chris Tierney,SJS,C,2016-11-05,false,PIT,0,2,-4,0,0,0,0,0,0,0,12,9204,231,8,9,5,9,5,40,48
Shawn Thornton,FLA,L,2016-12-22,false,BOS,0,1,-3,7,0,0,0,0,0,0,4,4300,110,11,1,6,3,0,0,2
Joe Thornton,SJS,C,2016-11-05,false,PIT,1,8,-1,4,0,4,0,0,0,0,9,13440,285,10,4,0,13,9,79,49
Chris Thorburn,WPG,R,2016-11-13,false,LAK,0,0,-4,28,0,0,0,0,0,0,7,5778,162,19,7,0,1,0,7,6
Nate Thompson,ANA,C,2017-02-25,false,LAK,0,0,0,9,0,0,0,0,0,0,8,6706,181,26,4,1,0,2,48,48
Paul Thompson,FLA,R,2017-01-06,false,NSH,0,3,-2,20,0,0,0,0,0,0,8,5515,142,27,8,5,1,2,0,1
Shea Theodore,ANA,D,2016-12-04,false,CGY,0,2,-4,6,0,0,0,1,0,0,18,13136,269,1,12,12,15,1,0,0
Chris Terry,MTL,L,2016-12-31,false,PIT,2,2,2,4,0,0,0,0,0,0,14,7128,188,9,1,5,8,5,1,1
Teuvo Teravainen,CAR,L,2016-11-08,false,NJD,2,1,-8,0,1,1,0,0,0,0,13,10512,230,4,2,10,7,4,4,13
Matt Tennyson,CAR,D,2016-12-04,false,TBL,0,2,4,0,0,0,0,0,0,0,11,10544,232,15,11,3,7,5,0,0
John Tavares,NYI,C,2016-11-05,false,EDM,5,5,0,12,2,0,0,0,0,0,45,14785,288,8,5,14,5,12,129,119
Tomas Tatar,DET,L,2016-11-04,false,WPG,1,4,-2,6,0,1,0,0,0,0,35,12580,263,13,6,11,4,4,3,1
Vladimir Tarasenko,STL,R,2016-11-05,false,CBJ,5,5,-1,0,1,3,0,0,1,1,52,13701,321,3,6,16,3,8,0,1
Christopher Tanev,VAN,D,2016-12-23,false,CGY,0,3,2,6,0,0,0,0,0,0,6,14875,333,3,23,8,6,2,0,0
Brandon Tanev,WPG,L,2016-11-04,false,DET,2,1,1,2,0,0,0,0,1,0,20,7484,201,18,7,5,1,5,0,0
Brandon Sutter,VAN,C,2016-11-05,false,TOR,1,5,-4,0,0,1,0,0,1,1,28,13808,301,9,7,11,6,4,112,111
Ryan Suter,MIN,D,2016-11-10,false,PIT,3,8,8,6,1,3,0,0,0,0,30,19664,354,14,11,7,4,11,0,0
Andrej Sustr,TBL,D,2016-11-05,false,NJD,0,2,-5,7,0,0,0,0,0,0,11,12308,276,7,15,5,5,5,0,0
P.K. Subban,NSH,D,2016-11-08,false,OTT,3,5,-5,8,2,3,0,0,1,0,30,17774,328,14,28,8,16,7,0,0
Mark Stuart,WPG,D,2017-01-14,false,LAK,1,0,2,8,0,0,0,0,0,0,8,8782,217,16,32,1,6,3,0,0
Ryan Strome,NYI,C,2016-11-05,false,EDM,2,3,-2,6,1,0,0,0,0,0,18,9601,213,9,5,5,8,4,33,26
Mark Streit,PHI,D,2016-11-03,false,NYI,3,6,-4,8,1,4,0,0,0,0,22,14956,331,5,13,11,7,1,0,0
Anton Stralman,TBL,D,2016-11-05,false,NJD,0,6,4,0,0,4,0,0,0,0,18,16223,319,12,10,9,5,4,0,0
Michael Stone,ARI,D,2016-11-29,false,SJS,0,3,-3,2,0,1,0,0,0,0,13,14763,321,22,25,12,4,0,1,0
Mark Stone,OTT,R,2016-11-09,false,BUF,1,4,-2,4,0,0,0,0,1,0,20,12326,262,13,7,3,9,10,3,2
Chris Stewart,MIN,R,2016-11-10,false,PIT,2,3,1,19,0,1,0,0,0,0,4,8368,204,10,2,4,6,4,0,1
Derek Stepan,NYR,C,2016-11-05,false,BOS,1,9,3,2,0,4,1,0,0,0,24,12585,300,3,9,6,7,10,97,118
Lee Stempniak,CAR,R,2016-11-08,false,NJD,4,2,3,8,1,0,0,0,0,0,19,11871,263,21,4,6,6,5,1,2
Alexander Steen,STL,L,2016-11-05,false,CBJ,2,7,-4,6,0,2,0,0,0,0,22,14959,354,6,8,10,3,7,17,37
Troy Stecher,VAN,D,2016-11-25,false,DAL,1,2,-5,9,0,0,0,0,0,0,36,14918,305,6,12,11,5,4,0,0
Paul Stastny,STL,C,2016-11-05,false,CBJ,4,5,-3,14,2,2,0,0,1,0,19,14862,345,8,7,11,3,6,137,129
Viktor Stalberg,CAR,L,2016-11-10,false,ANA,2,0,-3,13,0,0,0,0,1,0,13,8480,216,19,1,3,3,8,0,1
Matt Stajan,CGY,C,2016-11-03,false,SJS,0,4,4,4,0,0,0,0,0,0,12,9177,226,6,13,5,2,2,72,57
Drew Stafford,WPG,R,2016-12-03,false,STL,1,3,1,6,0,0,0,0,1,0,19,10302,232,7,0,6,7,4,1,3
Eric Staal,MIN,C,2016-11-10,false,PIT,5,6,5,2,1,2,0,0,2,0,34,13842,310,9,3,8,3,7,117,101
Jordan Staal,CAR,C,2016-11-08,false,NJD,4,1,-3,6,1,0,0,0,0,0,27,14179,330,22,3,8,4,11,132,86
Marc Staal,NYR,D,2016-11-05,false,BOS,1,2,6,2,0,0,0,1,0,0,13,14351,332,13,12,7,5,8,0,0
Jared Spurgeon,MIN,D,2016-11-17,false,BOS,1,3,5,2,0,0,0,1,0,0,21,16079,325,8,23,3,2,2,0,0
Ryan Sproul,DET,D,2016-11-29,false,DAL,1,4,-3,2,1,2,0,0,0,0,24,11749,257,6,4,9,2,2,0,0
Ryan Spooner,BOS,C,2016-11-08,false,MTL,2,2,-6,6,2,1,0,0,0,0,25,11336,238,6,2,6,7,9,2,5
Jason Spezza,DAL,C,2016-11-19,false,EDM,4,3,-9,2,1,2,0,0,1,0,28,12314,301,3,4,15,6,6,61,53
Nikita Soshnikov,TOR,R,2016-11-26,false,WSH,1,3,1,4,0,1,0,0,0,0,17,6910,174,24,3,5,2,3,1,2
Marcus Sorensen,SJS,R,2017-03-21,false,MIN,1,2,0,2,0,0,0,0,1,0,17,7364,189,9,3,4,8,7,0,0
Carl Soderberg,COL,C,2016-11-08,false,ARI,2,1,-2,4,0,0,0,0,0,0,23,12263,273,4,11,6,3,9,64,72
Devante Smith-Pelly,NJD,R,2016-11-12,false,BUF,1,2,-4,2,0,1,0,0,0,0,23,10103,220,17,4,7,4,3,4,5
Craig Smith,NSH,R,2016-11-10,false,STL,5,0,-1,12,2,0,0,0,0,0,30,10680,241,15,2,21,7,4,14,13
Brendan Smith,DET,D,2016-11-04,false,WPG,1,1,-1,13,1,1,0,0,0,0,17,12437,281,13,13,8,8,0,0,0
Ben Smith,TOR,R,2016-11-08,false,LAK,1,1,-4,0,0,0,0,0,0,0,9,8607,219,7,9,2,3,3,80,75
Reilly Smith,FLA,R,2016-11-05,false,WSH,2,3,-1,0,2,0,0,0,0,0,27,14068,296,9,4,13,4,16,1,0
Gemel Smith,DAL,C,2016-11-15,false,NJD,2,1,1,21,0,0,1,0,0,0,14,9414,240,3,4,6,3,3,21,30
Zack Smith,OTT,C,2016-11-08,false,NSH,2,1,0,19,0,0,1,0,0,0,23,11874,268,23,3,6,11,4,52,41
Anton Slepyshev,EDM,L,2016-12-01,false,WPG,2,2,5,2,0,0,0,0,0,0,19,8359,189,17,2,4,2,2,0,0
Jaccob Slavin,CAR,D,2016-11-08,false,NJD,1,3,-3,2,0,1,0,0,0,0,18,15963,329,5,23,6,7,7,0,0
Brady Skjei,NYR,D,2016-11-05,false,BOS,0,7,3,2,0,2,0,0,0,0,12,11482,261,22,9,7,7,3,0,0
Jeff Skinner,CAR,L,2016-11-10,false,ANA,6,7,-1,8,1,3,0,0,0,0,45,13304,282,9,5,15,6,11,2,8
Jack Skille,VAN,R,2016-11-17,false,ARI,0,1,-6,4,0,0,0,0,0,0,15,7382,176,22,4,2,3,2,0,0
Colton Sissons,NSH,C,2016-11-10,false,STL,0,1,-1,0,0,0,0,0,0,0,5,7530,197,21,6,2,4,4,57,62
Wayne Simmonds,PHI,R,2016-11-03,false,NYI,6,6,-4,12,4,2,0,0,0,0,38,14726,319,30,8,23,4,2,0,1
Jakob Silfverberg,ANA,R,2016-11-04,false,ARI,3,1,3,2,1,0,1,0,1,0,32,13526,312,4,8,9,7,7,1,2
Nick Shore,LAK,C,2016-11-08,false,TOR,0,2,-1,8,0,0,0,0,0,0,16,8433,203,8,4,6,4,2,53,62
Devin Shore,DAL,C,2016-11-06,false,CHI,1,5,0,4,0,1,0,0,0,0,17,10884,256,5,10,7,1,8,54,70
Drew Shore,VAN,C,2017-04-06,false,ARI,0,2,-2,4,0,0,0,0,0,0,9,8386,198,17,2,3,1,4,32,23
Conor Sheary,PIT,L,2016-11-21,false,NYR,3,5,5,4,0,0,0,0,1,0,21,10138,230,6,5,5,6,5,0,0
Riley Sheahan,DET,C,2016-11-04,false,WPG,0,3,-6,6,0,1,0,0,0,0,18,10029,242,3,7,5,2,2,8,7
Logan Shaw,ANA,C,2016-12-17,false,DET,1,0,-1,0,0,0,0,0,0,0,19,6222,172,9,6,6,0,1,11,24
Andrew Shaw,MTL,C,2016-11-05,false,PHI,1,2,5,18,0,0,0,0,0,0,18,10226,233,25,4,8,5,3,49,34
Kevin Shattenkirk,STL,D,2016-11-05,false,CBJ,3,4,-4,15,2,3,0,0,0,0,22,14843,318,10,11,7,6,3,0,0
Patrick Sharp,DAL,L,2016-12-31,false,FLA,1,1,-7,12,0,0,1,0,0,0,28,11856,268,12,7,13,5,1,8,8
Michael Sgarbossa,FLA,C,2017-01-04,false,WPG,0,2,-3,0,0,1,0,0,0,0,12,7305,184,10,5,4,4,1,44,60
Damon Severson,NJD,D,2016-11-08,false,CAR,2,7,-3,6,0,5,0,0,1,0,17,14683,312,11,11,5,17,5,0,0
Devin Setoguchi,LAK,R,2016-11-05,false,CGY,2,2,2,2,0,0,0,0,0,0,16,9269,215,14,1,8,7,4,1,0
Tom Sestito,PIT,L,2017-04-08,false,TOR,0,2,0,48,0,0,0,0,0,0,2,3774,108,19,2,0,1,0,0,0
Andrej Sekera,EDM,D,2016-11-05,false,NYI,0,4,1,4,0,1,0,0,0,0,14,15095,315,10,21,13,5,4,0,0
Dennis Seidenberg,NYI,D,2016-11-05,false,EDM,4,4,10,12,0,0,0,0,0,0,14,13853,267,16,31,3,9,2,0,0
Tyler Seguin,DAL,C,2016-11-06,false,CHI,6,7,-3,2,3,3,0,0,1,0,50,13986,308,10,1,20,6,6,86,78
Lukas Sedlak,CBJ,C,2016-11-15,false,WSH,0,4,4,2,0,0,0,0,0,0,9,7455,181,9,8,8,4,6,34,40
Daniel Sedin,VAN,L,2016-11-05,false,TOR,3,2,-4,2,1,1,0,0,1,0,35,13350,278,5,5,10,2,3,0,1
Henrik Sedin,VAN,C,2016-11-05,false,TOR,4,2,-5,2,1,1,0,0,1,1,17,13717,276,3,2,7,11,2,104,100
Brent Seabrook,CHI,D,2016-11-05,false,DAL,1,6,7,2,1,2,0,0,0,0,16,16589,359,18,14,6,17,1,0,0
Jaden Schwartz,STL,L,2016-11-12,false,CBJ,3,2,-2,4,1,0,0,0,1,0,27,13841,321,11,10,11,3,8,27,25
Justin Schultz,PIT,D,2016-11-05,false,SJS,0,3,3,4,0,2,0,0,0,0,22,12256,284,10,9,7,7,1,0,0
Nick Schultz,PHI,D,2017-01-07,false,TBL,0,4,1,6,0,0,0,0,0,0,12,11617,293,20,25,6,5,1,0,0
Jordan Schroeder,MIN,C,2017-01-15,false,CHI,3,4,2,0,0,0,0,0,0,0,14,6773,159,11,5,3,1,1,0,0
Nate Schmidt,WSH,D,2016-11-08,false,SJS,0,4,-1,2,0,0,0,0,0,0,13,10339,226,10,5,4,13,6,0,0
Nick Schmaltz,CHI,C,2016-11-05,false,DAL,1,2,-1,2,0,1,0,0,0,0,6,7736,186,4,5,2,3,6,25,53
David Schlemko,SJS,D,2016-11-05,false,PIT,0,3,0,2,0,2,0,0,0,0,29,12510,269,7,12,8,7,10,0,0
Luke Schenn,ARI,D,2016-11-08,false,COL,0,1,0,0,0,0,0,0,0,0,15,11246,261,35,20,6,4,4,0,0
Brayden Schenn,PHI,C,2016-11-11,false,TOR,2,7,-6,11,2,3,0,0,0,0,26,12774,271,32,7,17,7,2,14,14
Mark Scheifele,WPG,C,2016-11-04,false,DET,6,6,4,10,1,1,0,0,1,1,34,15339,300,13,8,9,4,10,112,156
Tim Schaller,BOS,C,2016-11-10,false,CBJ,2,2,0,13,0,0,0,0,1,0,17,8579,204,12,7,10,6,4,8,3
Colton Sceviour,FLA,C,2016-11-05,false,WSH,5,3,0,8,1,2,2,0,1,0,25,11078,233,12,11,7,3,5,3,4
Marco Scandella,MIN,D,2016-12-02,false,CGY,0,2,-5,6,0,0,0,0,0,0,15,11502,270,7,8,4,5,2,0,0
Luca Sbisa,VAN,D,2016-11-05,false,TOR,0,1,0,4,0,0,0,0,0,0,4,11840,265,19,18,4,11,4,0,0
David Savard,CBJ,D,2016-11-10,false,BOS,1,2,-1,4,0,0,0,0,0,0,12,15035,327,21,19,16,3,1,0,0
Steven Santini,NJD,D,2017-01-24,false,LAK,2,3,4,0,0,0,0,0,0,0,10,10960,250,28,8,4,3,0,0,0
Zach Sanford,WSH,L,2016-11-12,false,CAR,0,1,0,2,0,0,0,0,0,0,9,7301,161,7,3,3,6,6,5,1
Brandon Saad,CBJ,L,2016-11-10,false,BOS,4,6,3,2,0,0,0,0,0,0,29,12186,286,3,4,14,3,5,1,1
Bobby Ryan,OTT,R,2016-11-08,false,NSH,3,3,1,4,1,1,0,0,0,0,26,11326,245,11,8,7,8,2,0,0
Derek Ryan,CAR,C,2016-12-04,false,TBL,1,3,-4,2,1,2,0,0,1,0,9,9100,201,9,4,5,6,3,63,48
Bryan Rust,PIT,R,2016-11-12,false,TOR,2,2,-3,2,0,0,0,0,0,0,28,9050,230,24,7,3,3,3,0,0
Robbie Russo,DET,D,2017-03-27,false,CAR,0,0,0,0,0,0,0,0,0,0,8,11477,235,13,11,7,10,0,0,0
Kris Russell,EDM,D,2016-11-19,false,DAL,0,3,6,0,0,0,0,0,0,0,15,15076,324,9,34,3,10,6,0,0
Chad Ruhwedel,PIT,D,2017-02-17,false,CBJ,1,2,4,2,0,0,0,0,0,0,18,12170,282,14,8,5,5,4,0,0
Michal Rozsival,CHI,D,2016-12-29,false,NSH,0,1,1,6,0,0,0,0,0,0,6,11149,260,29,19,3,3,2,0,0
Carter Rowney,PIT,R,2017-03-11,false,VAN,0,1,1,0,0,0,0,0,0,0,8,7361,180,20,6,6,2,4,44,35
Antoine Roussel,DAL,L,2016-11-06,false,CHI,1,4,2,38,0,1,0,0,1,0,14,10400,272,13,9,10,9,1,1,0
Evan Rodrigues,BUF,L,2017-03-02,false,ARI,2,2,1,2,0,0,0,0,0,0,20,8928,194,3,2,6,4,7,35,47
Brett Ritchie,DAL,R,2016-11-06,false,CHI,3,1,2,4,0,0,0,0,0,0,24,8951,218,22,3,7,1,1,0,0
Nick Ritchie,ANA,L,2016-11-09,false,CBJ,3,1,3,8,1,0,0,0,1,0,28,10735,258,48,4,12,1,1,2,1
Rasmus Ristolainen,BUF,D,2016-11-07,false,BOS,0,8,0,10,0,6,0,0,0,0,20,17993,364,25,23,13,9,6,0,0
Morgan Rielly,TOR,D,2016-11-05,false,VAN,0,6,-1,7,0,0,0,0,0,0,20,16209,385,4,24,14,13,5,0,0
Tobias Rieder,ARI,R,2016-11-10,false,WPG,3,3,2,0,0,0,0,1,0,0,19,11436,256,4,10,9,5,4,0,2
Mike Ribeiro,NSH,C,2016-11-08,false,OTT,1,5,0,10,1,1,0,0,0,0,13,11602,247,9,2,4,7,1,55,61
Sam Reinhart,BUF,C,2016-11-07,false,BOS,2,4,0,2,1,2,0,0,1,0,31,11861,246,2,5,6,6,3,22,33
Mike Reilly,MIN,D,2017-01-24,false,DAL,0,0,1,2,0,0,0,0,0,0,14,9064,194,2,2,10,5,0,0,0
Zach Redmond,MTL,D,2017-01-18,false,PIT,0,5,5,2,0,0,0,0,0,0,10,9167,200,23,11,5,6,3,0,0
Ryan Reaves,STL,R,2016-11-06,false,COL,0,1,-1,7,0,0,0,0,0,0,8,4547,128,25,0,5,1,2,0,0
Matt Read,PHI,R,2016-11-03,false,NYI,6,1,-2,0,2,0,0,0,0,0,25,10712,252,21,8,5,5,4,0,4
Dennis Rasmussen,CHI,C,2016-11-09,false,STL,1,0,0,2,0,0,0,0,0,0,14,8284,228,11,11,3,4,6,17,26
Victor Rask,CAR,C,2016-11-08,false,NJD,4,6,4,2,2,1,0,0,0,0,23,13797,301,5,3,3,6,6,90,105
Mikko Rantanen,COL,R,2016-11-19,false,MIN,2,3,-4,4,1,2,0,0,0,0,24,12715,271,1,7,8,1,5,8,3
Rickard Rakell,ANA,C,2016-11-25,false,CHI,7,4,2,0,1,2,0,0,2,0,33,12611,280,24,7,11,4,2,10,9
Michael Raffl,PHI,L,2016-11-23,false,TBL,3,1,4,0,0,0,0,0,0,0,13,8973,220,18,5,8,3,3,2,1
Alexander Radulov,MTL,R,2016-11-05,false,PHI,3,6,3,18,1,2,0,0,0,0,19,11447,264,18,7,7,9,8,0,0
Alan Quine,NYI,C,2016-11-25,false,SJS,1,2,1,2,0,0,0,0,1,0,11,7816,182,22,6,1,3,3,28,26
Kyle Quincey,NJD,D,2016-11-08,false,CAR,0,1,4,10,0,0,0,0,0,0,11,11892,283,22,15,2,4,3,0,0
John Quenneville,NJD,C,2017-04-01,false,PHI,1,3,1,2,1,1,0,0,0,0,21,9863,224,15,7,10,4,4,0,0
Mark Pysyk,FLA,D,2016-11-05,false,WSH,1,2,7,2,0,0,0,0,0,0,10,11986,225,3,11,9,2,5,0,0
Tom Pyatt,OTT,L,2016-11-08,false,NSH,2,3,2,2,0,0,0,1,0,0,18,11720,277,6,14,6,3,6,4,8
Teemu Pulkkinen,ARI,L,2017-03-18,false,STL,2,0,-2,6,0,0,0,0,0,0,9,6676,164,4,3,5,5,2,0,1
Jesse Puljujarvi,EDM,R,2016-11-11,false,DAL,1,2,1,0,1,0,0,0,0,0,28,8275,185,5,2,9,6,7,0,0
Matt Puempel,OTT,L,2016-11-17,false,NSH,0,0,-4,7,0,0,0,0,0,0,11,5993,150,10,5,3,0,2,0,1
Ivan Provorov,PHI,D,2016-11-03,false,NYI,0,5,-9,8,0,1,0,0,0,0,14,14290,328,16,18,14,12,2,0,0
Dalton Prout,CBJ,D,2017-01-22,false,OTT,0,3,6,12,0,0,0,0,0,0,5,9773,236,22,15,2,7,2,0,0
Nate Prosser,MIN,D,2016-12-07,false,TOR,0,1,-2,4,0,0,0,0,0,0,9,9136,224,11,17,8,4,0,0,0
Shane Prince,NYI,L,2016-11-23,false,LAK,3,3,-3,4,1,0,0,0,0,0,17,8868,197,16,1,3,3,4,3,1
Benoit Pouliot,EDM,L,2016-11-05,false,NYI,3,1,1,16,0,0,0,0,1,0,14,10920,271,7,12,12,5,3,1,4
Paul Postma,WPG,D,2016-11-10,false,ARI,0,2,0,0,0,0,0,0,0,0,14,9204,208,6,9,4,4,1,0,0
Jason Pominville,MIN,R,2016-11-10,false,PIT,3,3,1,0,0,2,0,0,0,0,23,10894,261,7,7,7,1,5,3,4
Roman Polak,TOR,D,2016-11-15,false,NSH,1,1,-2,15,0,0,0,0,0,0,11,13043,299,44,24,5,5,2,0,0
Brayden Point,TBL,C,2016-11-05,false,NJD,1,4,1,0,1,0,0,0,0,0,29,11530,228,6,5,10,4,4,3,2
Tomas Plekanec,MTL,C,2016-11-05,false,PHI,1,3,1,2,0,2,1,0,1,0,27,12545,303,7,15,5,3,3,108,119
Brandon Pirri,NYR,R,2016-11-05,false,BOS,4,3,4,2,2,1,0,0,2,0,17,8654,198,6,3,11,6,4,22,18
Alex Pietrangelo,STL,D,2016-11-05,false,CBJ,2,4,-4,6,1,2,0,0,1,0,27,18445,369,8,21,9,5,8,0,0
Dion Phaneuf,OTT,D,2016-11-08,false,NSH,1,2,-7,19,0,1,0,0,0,0,32,15996,389,27,29,7,5,2,0,0
Jeff Petry,MTL,D,2016-11-08,false,BOS,2,4,0,6,1,2,0,0,0,0,17,15413,329,24,31,9,11,2,0,0
Alex Petrovic,FLA,D,2016-11-05,false,WSH,0,4,6,4,0,0,0,0,0,0,9,12670,231,21,12,11,7,5,0,0
Nic Petan,WPG,L,2016-11-25,false,NSH,1,6,-3,2,0,4,0,0,0,0,19,11203,251,3,2,6,3,8,54,57
Brett Pesce,CAR,D,2016-11-08,false,NJD,0,3,-2,4,0,1,0,0,0,0,14,14483,316,10,26,10,6,5,0,0
Corey Perry,ANA,R,2016-11-04,false,ARI,4,6,-2,14,0,4,0,0,0,0,36,13516,287,11,3,11,2,5,0,2
David Perron,STL,L,2016-11-05,false,CBJ,3,1,-6,2,1,0,0,0,1,0,27,13197,321,12,6,12,2,3,11,16
Mathieu Perreault,WPG,C,2016-12-01,false,EDM,1,2,-6,8,0,1,0,0,0,0,28,11572,236,18,3,6,4,6,82,77
Brendan Perlini,ARI,L,2016-12-31,false,CGY,3,1,-2,4,0,0,0,0,0,0,18,9833,217,12,2,7,1,2,1,0
Adam Pelech,NYI,D,2017-01-14,false,CAR,1,2,0,0,0,0,0,0,0,0,14,11368,231,18,14,9,6,4,0,0
Tanner Pearson,LAK,L,2016-11-10,false,MTL,5,3,3,0,1,0,0,0,0,0,26,11325,261,19,2,15,5,6,0,3
Joe Pavelski,SJS,C,2016-11-05,false,PIT,4,8,1,10,2,3,0,0,2,0,33,13879,295,26,17,23,14,5,68,61
Greg Pateryn,MTL,D,2016-11-15,false,FLA,1,2,2,0,0,0,0,0,0,0,12,10508,227,16,28,5,7,4,0,0
David Pastrnak,BOS,R,2016-11-10,false,CBJ,9,4,10,2,3,1,0,0,1,0,42,11780,244,9,4,15,5,5,0,1
Zach Parise,MIN,L,2016-11-23,false,WPG,3,4,-1,12,0,1,0,0,0,0,39,13330,291,10,16,11,3,7,0,1
PA Parenteau,NJD,R,2016-11-08,false,CAR,5,1,-1,6,1,0,0,0,0,0,24,10283,232,14,0,3,5,6,0,1
Colton Parayko,STL,D,2016-11-05,false,CBJ,0,3,-3,8,0,1,0,0,0,0,30,15363,362,6,22,9,8,4,0,0
Cedric Paquette,TBL,C,2016-11-07,false,FLA,1,1,0,12,0,0,0,0,0,0,12,6522,163,21,5,3,0,4,9,14
Richard Panik,CHI,R,2016-11-05,false,DAL,6,4,4,4,2,1,0,0,1,0,15,11400,263,32,5,5,6,5,0,2
Artemi Panarin,CHI,L,2016-11-05,false,DAL,5,8,10,6,2,2,0,0,0,0,29,14314,284,4,0,13,7,8,1,0
Kyle Palmieri,NJD,R,2016-11-08,false,CAR,2,3,3,6,1,2,0,0,0,0,26,11284,255,27,6,12,11,3,1,5
Ondrej Palat,TBL,L,2016-11-05,false,NJD,1,3,-8,11,0,2,0,0,0,0,18,12692,260,27,6,7,7,18,0,0
Iiro Pakarinen,EDM,R,2017-04-06,false,SJS,1,2,1,0,0,0,0,0,0,0,12,6036,167,23,6,5,2,2,0,1
Jean-Gabriel Pageau,OTT,C,2016-11-08,false,NSH,1,1,1,2,0,0,0,0,0,0,20,11412,270,18,13,6,5,4,63,48
Max Pacioretty,MTL,L,2016-11-05,false,PHI,2,6,4,10,0,1,0,1,2,0,35,12503,285,16,4,22,6,6,0,0
Magnus Paajarvi,STL,L,2017-02-28,false,EDM,4,1,3,4,0,0,0,0,2,0,22,8517,214,7,8,3,0,5,1,1
Alex Ovechkin,WSH,L,2016-11-08,false,SJS,7,4,-1,8,2,1,0,0,3,1,53,13490,255,30,3,24,8,9,0,1
Xavier Ouellet,DET,D,2016-12-06,false,WPG,0,2,6,5,0,0,0,0,0,0,12,11979,259,7,16,3,3,3,0,1
Steve Ott,DET,C,2016-11-10,false,VAN,1,1,2,17,0,0,0,0,0,0,12,6973,178,28,4,1,0,2,27,16
T.J. Oshie,WSH,R,2016-11-08,false,SJS,6,1,4,10,1,1,0,0,1,0,29,12957,267,11,10,11,7,6,22,16
Brooks Orpik,WSH,D,2016-11-08,false,SJS,0,3,6,2,0,0,0,0,0,0,10,11959,250,25,21,5,9,3,0,0
Dmitry Orlov,WSH,D,2016-11-08,false,SJS,0,2,4,6,0,1,0,0,0,0,19,13932,275,20,15,8,8,8,0,0
Gustav Olofsson,MIN,D,2017-03-21,false,SJS,0,2,-1,2,0,1,0,0,0,0,7,10002,211,10,16,6,1,3,0,0
Jamie Oleksiak,DAL,D,2016-12-08,false,NSH,3,1,1,14,0,0,0,1,0,0,14,11563,262,16,16,2,2,0,0,0
Kyle Okposo,BUF,R,2016-11-09,false,OTT,5,3,4,4,1,3,0,0,0,0,31,13921,268,10,6,13,6,2,7,8
Johnny Oduya,DAL,D,2016-11-06,false,CHI,0,4,2,6,0,0,0,0,0,0,11,13295,310,3,27,7,7,1,0,0
Ryan O'Reilly,BUF,C,2016-11-07,false,BOS,4,4,0,4,2,2,0,0,1,0,40,16043,311,1,4,12,7,14,180,115
Gustav Nyquist,DET,R,2016-11-04,false,WPG,3,6,0,4,0,1,0,0,2,0,22,11654,253,6,1,4,3,7,1,0
William Nylander,TOR,C,2016-11-05,false,VAN,4,8,0,4,3,4,0,0,0,0,34,11714,260,3,6,14,4,11,30,34
Markus Nutivaara,CBJ,D,2016-11-10,false,BOS,0,1,-1,2,0,0,0,0,0,0,9,9312,218,5,5,3,2,2,0,0
Darnell Nurse,EDM,D,2016-11-05,false,NYI,2,2,-1,8,0,0,0,0,0,0,19,12531,280,31,11,6,8,3,0,0
Ryan Nugent-Hopkins,EDM,C,2016-11-05,false,NYI,1,5,-1,4,1,0,0,0,0,0,30,12642,288,7,1,9,1,7,79,88
Joakim Nordstrom,CAR,L,2016-11-08,false,NJD,0,2,-4,2,0,0,0,0,0,0,17,11132,276,13,11,8,4,6,1,1
Jordan Nolan,LAK,C,2016-11-26,false,CHI,0,1,-3,29,0,0,0,0,0,0,8,6890,162,12,1,4,2,1,0,1
Stefan Noesen,ANA,R,2017-01-23,false,WPG,2,0,2,2,0,0,0,0,0,0,12,4717,130,10,1,2,2,3,21,34
Matt Niskanen,WSH,D,2016-11-08,false,SJS,0,5,2,2,0,0,0,0,0,0,19,16071,328,16,14,10,16,7,0,0
Matt Nieto,SJS,L,2016-11-25,false,NYI,0,2,-3,2,0,0,0,0,0,0,21,8861,221,18,5,7,2,5,0,2
Frans Nielsen,DET,C,2016-11-04,false,WPG,2,4,-7,0,0,4,1,0,0,0,20,12336,303,8,5,4,5,2,79,93
Nino Niederreiter,MIN,R,2016-11-10,false,PIT,3,4,7,4,0,0,0,0,0,0,18,9951,238,21,1,5,5,3,0,1
Andrej Nestrasil,CAR,C,2016-12-03,false,NYR,1,2,-3,0,0,0,0,0,0,0,22,8342,192,10,3,4,6,9,3,3
Nikita Nesterov,TBL,D,2016-11-15,false,DET,1,1,1,10,1,0,0,0,0,0,18,12164,253,19,12,5,6,0,0,0
Patrik Nemeth,DAL,D,2016-11-19,false,EDM,0,0,-3,2,0,0,0,0,0,0,14,11926,271,15,15,4,3,3,0,0
Brock Nelson,NYI,C,2016-11-05,false,EDM,3,6,4,2,0,2,0,1,0,0,22,11220,282,8,14,7,4,5,64,92
Chris Neil,OTT,R,2016-11-08,false,NSH,1,0,-3,18,0,0,0,0,0,0,18,6095,155,22,9,2,4,2,0,0
James Neal,NSH,L,2016-11-08,false,OTT,3,4,-3,11,0,1,0,0,0,0,46,14467,293,10,7,9,5,4,1,0
Rick Nash,NYR,R,2016-11-05,false,BOS,6,3,-1,4,1,1,0,0,1,0,38,11805,287,5,9,9,10,13,0,0
Riley Nash,BOS,C,2016-11-07,false,BUF,1,1,0,4,0,0,0,0,0,0,12,9776,226,4,6,8,2,4,66,55
Vladislav Namestnikov,TBL,C,2016-11-05,false,NJD,2,2,-1,4,2,1,0,0,0,0,19,10443,217,5,4,7,4,4,16,20
Jake Muzzin,LAK,D,2016-11-05,false,CGY,1,0,-3,12,1,0,0,0,0,0,29,16741,386,30,21,10,7,3,0,0
Ryan Murray,CBJ,D,2016-11-21,false,COL,0,2,0,8,0,0,0,1,0,0,7,13925,319,4,20,4,2,1,0,0
Ryan Murphy,CAR,D,2017-02-24,false,OTT,0,2,-8,6,0,0,0,0,0,0,2,10285,222,2,12,5,5,5,0,0
Connor Murphy,ARI,D,2016-11-08,false,COL,0,4,-1,10,0,0,0,0,0,0,14,15570,345,23,25,5,2,1,0,0
Matt Moulson,BUF,L,2016-11-07,false,BOS,4,1,0,2,4,1,0,0,0,0,35,10916,225,10,7,6,1,5,0,0
Tyler Motte,CHI,L,2016-11-05,false,DAL,3,3,5,10,0,0,0,0,0,0,21,9488,249,9,12,6,1,9,2,2
Joe Morrow,BOS,D,2016-12-10,false,TOR,0,1,-2,4,0,0,0,0,0,0,16,11456,247,20,14,10,5,1,0,0
Josh Morrissey,WPG,D,2016-11-04,false,DET,0,2,2,4,0,0,0,0,0,0,20,13154,286,16,11,5,4,1,0,0
Dominic Moore,BOS,C,2016-11-07,false,BUF,3,1,1,12,0,0,1,0,1,0,15,9593,231,4,7,3,4,5,43,47
John Moore,NJD,D,2016-11-08,false,CAR,1,3,3,10,0,0,0,0,0,0,17,13641,314,7,11,8,8,0,0,0
Brandon Montour,ANA,D,2017-02-20,false,ARI,1,1,1,6,0,1,0,0,0,0,25,12296,234,5,11,10,8,1,0,0
Sean Monahan,CGY,C,2016-11-03,false,SJS,4,0,-9,6,1,0,0,0,1,1,22,13866,300,6,5,12,10,6,117,119
Torrey Mitchell,MTL,C,2016-11-05,false,PHI,5,1,6,6,0,0,0,0,1,0,9,9132,243,2,6,6,3,4,74,48
John Mitchell,COL,C,2016-11-19,false,MIN,0,0,1,10,0,0,0,0,0,0,7,7974,196,10,8,4,0,4,59,43
Drew Miller,DET,L,2016-11-04,false,WPG,2,0,-2,2,0,0,0,0,1,0,10,8098,200,16,9,1,0,3,1,0
Kevan Miller,BOS,D,2016-12-14,false,PIT,0,0,-5,4,0,0,0,0,0,0,15,13011,284,31,15,4,4,1,0,0
J.T. Miller,NYR,L,2016-11-05,false,BOS,4,8,11,6,1,1,0,0,0,0,28,11163,273,20,11,12,7,7,19,21
Colin Miller,BOS,D,2016-11-07,false,BUF,0,1,-5,4,0,0,0,0,0,0,21,11753,268,14,8,12,6,4,0,0
Marc Methot,OTT,D,2016-11-08,false,NSH,0,2,4,4,0,0,0,0,0,0,21,15362,364,27,18,0,8,2,0,0
Jon Merrill,NJD,D,2016-12-23,false,PIT,0,0,-4,8,0,0,0,0,0,0,8,11342,265,10,14,4,5,1,0,0
Julian Melchiori,WPG,D,2017-03-26,false,VAN,0,0,-3,8,0,0,0,0,0,0,9,13027,278,17,24,5,12,4,0,0
Timo Meier,SJS,R,2017-01-11,false,CGY,1,1,-2,4,0,0,0,0,1,0,35,9511,237,32,2,8,11,10,0,1
Jayson Megna,VAN,C,2016-12-10,false,FLA,3,0,0,4,0,0,0,0,0,0,16,7102,171,16,5,1,0,3,0,1
Adam McQuaid,BOS,D,2016-11-17,false,MIN,0,0,0,11,0,0,0,0,0,0,16,13161,314,25,22,7,3,1,0,0
Brayden McNabb,LAK,D,2017-01-05,false,DET,2,0,1,13,0,0,0,0,0,0,14,13075,299,25,13,11,12,3,0,0
Cody McLeod,COL,L,2016-11-23,false,EDM,0,0,-1,23,0,0,0,0,0,0,5,4556,116,19,0,1,0,1,0,0
Curtis McKenzie,DAL,L,2016-11-11,false,EDM,1,2,2,24,0,0,0,0,0,0,16,6818,177,24,7,3,0,0,1,1
Greg McKegg,FLA,C,2016-11-05,false,WSH,0,2,-3,6,0,0,0,0,0,0,7,7602,182,12,2,4,3,2,6,8
Jamie McGinn,ARI,L,2016-11-19,false,SJS,3,3,-1,8,0,0,0,0,1,0,22,10617,244,22,7,2,5,0,0,1
Brock McGinn,CAR,L,2016-12-10,false,SJS,1,2,1,2,0,0,0,1,0,0,11,7279,179,14,5,4,2,4,0,2
Ryan McDonagh,NYR,D,2016-11-05,false,BOS,0,9,8,4,0,2,0,0,0,0,24,17472,352,12,21,8,10,8,0,0
Connor McDavid,EDM,C,2016-11-05,false,NYI,5,8,2,6,0,4,0,0,2,0,35,15473,316,2,5,13,8,8,74,83
Jay McClement,CAR,C,2016-11-08,false,NJD,0,0,-6,0,0,0,0,0,0,0,6,7610,198,10,2,5,0,5,46,46
Michael McCarron,MTL,R,2017-01-09,false,WSH,1,3,3,16,0,0,0,0,0,0,15,7361,186,35,2,4,2,5,30,43
Jared McCann,FLA,C,2016-11-05,false,WSH,1,0,0,2,0,0,0,0,0,0,16,7218,167,8,2,4,4,5,17,19
Jake McCabe,BUF,D,2016-11-07,false,BOS,0,3,2,8,0,0,0,0,0,0,4,13325,304,10,11,7,3,1,0,0
Scott Mayfield,NYI,D,2017-02-21,false,DET,1,3,6,26,0,0,0,0,0,0,18,9608,197,11,17,6,7,4,0,0
Shawn Matthias,WPG,L,2016-12-27,false,CHI,2,1,2,4,0,0,0,0,1,0,13,9008,217,9,8,8,3,1,1,4
Auston Matthews,TOR,C,2016-11-05,false,VAN,6,5,-2,0,1,3,0,0,0,0,51,12496,261,2,7,16,7,8,54,58
Michael Matheson,FLA,D,2016-11-07,false,TBL,2,2,-2,2,0,1,0,0,0,0,30,14098,245,8,14,7,9,11,1,0
Andreas Martinsen,COL,L,2016-11-08,false,ARI,1,0,0,11,0,0,0,0,0,0,13,8051,209,33,8,5,2,6,1,0
Jordan Martinook,ARI,L,2016-11-08,false,COL,5,2,1,8,1,0,0,1,0,0,19,10648,262,10,9,10,2,4,49,60
Alec Martinez,LAK,D,2016-11-05,false,CGY,2,7,2,2,0,2,0,0,2,2,30,16864,390,26,22,17,7,0,0,0
Paul Martin,SJS,D,2016-11-05,false,PIT,0,2,-4,6,0,0,0,0,0,0,8,13135,285,5,20,2,9,2,0,0
Matt Martin,TOR,L,2016-11-05,false,VAN,0,1,-1,37,0,0,0,0,0,0,13,7321,189,53,2,4,2,4,0,5
Patrick Maroon,EDM,L,2016-11-05,false,NYI,4,1,1,8,0,1,0,0,0,0,23,11172,247,31,1,7,5,1,1,3
Mitchell Marner,TOR,C,2016-11-05,false,VAN,4,6,-2,12,0,1,0,0,3,0,33,11846,261,5,9,12,9,9,4,4
Patrick Marleau,SJS,L,2016-11-05,false,PIT,3,1,-2,4,1,1,0,0,1,0,30,11869,248,14,4,6,7,5,6,9
Andrei Markov,MTL,D,2016-11-05,false,PHI,1,5,-3,2,0,2,0,1,0,0,18,14974,323,5,13,8,12,6,0,0
Martin Marincin,TOR,D,2016-11-12,false,PIT,1,2,-5,0,0,0,0,0,0,0,13,14352,321,15,15,11,8,4,0,0
Jonathan Marchessault,FLA,C,2016-11-05,false,WSH,6,6,4,2,1,3,0,0,2,0,37,13017,244,15,2,11,7,9,34,30
Alexey Marchenko,DET,D,2016-11-04,false,WPG,0,3,1,8,0,0,0,1,0,0,14,13860,319,1,18,10,8,2,0,0
Brad Marchand,BOS,L,2016-11-07,false,BUF,5,9,8,16,1,1,0,0,2,0,26,13457,282,10,5,11,8,12,7,5
Anthony Mantha,DET,R,2016-12-06,false,WPG,4,3,3,2,1,1,0,0,1,0,33,11976,262,6,9,10,6,3,1,1
Josh Manson,ANA,D,2016-11-04,false,ARI,0,2,1,13,0,0,0,0,0,0,11,13904,293,24,11,4,11,2,0,0
Brandon Manning,PHI,D,2016-11-03,false,NYI,2,5,5,11,0,0,1,0,1,0,22,13390,316,29,14,3,13,1,0,0
Evgeni Malkin,PIT,C,2016-11-05,false,SJS,6,6,2,18,0,4,0,0,1,0,26,13395,305,8,6,8,13,7,84,123
Denis Malgin,FLA,C,2016-11-05,false,WSH,2,3,1,4,1,0,0,0,0,0,15,7833,182,9,4,5,3,6,23,40
Nathan MacKinnon,COL,C,2016-11-08,false,ARI,2,5,-4,0,0,3,0,0,0,0,36,13826,305,10,1,15,5,7,95,90
Derek MacKenzie,FLA,C,2016-11-05,false,WSH,0,2,3,7,0,0,0,1,0,0,12,9217,216,24,4,5,2,4,61,69
Andrew MacDonald,PHI,D,2016-11-22,false,FLA,1,3,-2,4,0,0,0,0,0,0,10,13757,319,10,22,1,12,2,0,0
Olli Maatta,PIT,D,2016-11-05,false,SJS,0,1,4,4,0,0,0,0,0,0,13,12771,307,9,23,5,10,2,0,0
Roman Lyubimov,PHI,L,2016-11-11,false,TOR,1,0,-2,0,0,0,0,0,0,0,16,6721,168,11,4,5,2,3,0,2
Milan Lucic,EDM,L,2016-11-05,false,NYI,5,3,-1,9,2,1,0,0,1,0,26,13245,284,31,3,7,11,6,1,1
Adam Lowry,WPG,C,2016-11-04,false,DET,2,1,0,8,0,1,0,0,0,0,19,11302,270,23,10,3,3,5,88,104
Ben Lovejoy,NJD,D,2016-11-08,false,CAR,0,1,0,4,0,0,0,0,0,0,18,14996,309,20,22,5,3,4,0,0
Bryan Little,WPG,C,2016-12-20,false,VAN,4,5,4,2,1,1,0,0,1,1,28,12010,292,4,3,12,4,8,125,95
Anton Lindholm,COL,D,2017-04-08,false,DAL,0,0,-8,2,0,0,0,0,0,0,7,10621,245,38,12,7,4,2,0,0
Hampus Lindholm,ANA,D,2016-12-03,false,EDM,0,2,2,4,0,1,0,0,0,0,14,15429,307,15,16,9,14,6,0,0
Elias Lindholm,CAR,C,2016-11-08,false,NJD,0,2,-6,0,0,1,0,1,0,0,27,13420,292,18,10,13,4,8,81,74
Esa Lindell,DAL,D,2016-11-23,false,NSH,0,1,-7,0,0,1,0,0,0,0,15,13465,295,15,20,6,3,4,0,1
Oscar Lindberg,NYR,C,2016-12-06,false,NYI,0,1,-2,10,0,1,0,0,0,0,10,7234,183,11,8,2,0,1,34,31
John-Michael Liles,BOS,D,2016-11-07,false,BUF,0,3,-4,2,0,2,0,0,0,0,10,11837,266,8,17,3,2,5,1,0
Trevor Lewis,LAK,C,2016-11-05,false,CGY,2,0,-6,0,0,0,0,0,0,0,23,9187,214,23,4,9,1,3,6,7
Mark Letestu,EDM,C,2016-11-05,false,NYI,2,4,0,0,0,0,2,0,2,0,9,9495,262,9,8,5,0,3,73,76
Kris Letang,PIT,D,2016-11-18,false,NYI,2,9,-5,10,1,5,0,0,1,1,39,18401,353,26,22,13,18,8,0,0
Josh Leivo,TOR,L,2017-02-28,false,SJS,1,8,2,4,0,2,0,0,0,0,24,9086,231,5,4,12,2,10,1,1
Jori Lehtera,STL,C,2016-11-12,false,CBJ,1,2,1,8,0,1,0,0,1,0,17,11181,293,7,7,0,3,1,80,64
Artturi Lehkonen,MTL,L,2016-11-05,false,PHI,2,1,0,6,0,0,0,0,0,0,27,9785,246,12,4,5,4,5,0,0
Anders Lee,NYI,L,2016-11-05,false,EDM,1,0,0,4,0,0,0,0,0,0,15,8907,217,37,5,9,1,6,1,1
Nick Leddy,NYI,D,2016-11-07,false,VAN,2,4,-4,4,0,0,0,0,0,0,25,16282,280,10,18,8,4,3,0,0
Curtis Lazar,OTT,C,2016-12-18,false,NYI,0,0,-1,4,0,0,0,0,0,0,15,7261,176,22,5,2,3,4,5,16
Adam Larsson,EDM,D,2016-11-05,false,NYI,1,2,1,6,0,0,0,0,0,0,14,14606,320,36,20,3,14,3,0,0
Philip Larsen,VAN,D,2016-11-05,false,TOR,0,4,-7,4,0,2,0,0,0,0,21,13000,265,4,9,13,3,1,0,0
Dylan Larkin,DET,C,2016-11-04,false,WPG,4,1,-8,13,1,0,0,0,1,0,36,11809,254,7,5,9,12,14,32,40
Nick Lappin,NJD,R,2016-11-21,false,SJS,3,2,0,2,0,0,0,0,0,0,20,8877,198,11,2,7,1,5,2,3
Gabriel Landeskog,COL,L,2016-11-08,false,ARI,3,3,-2,9,2,0,0,0,2,1,25,12847,280,28,4,9,3,12,7,9
Anton Lander,EDM,C,2016-11-06,false,DET,1,2,4,6,0,0,0,0,0,0,6,7676,211,14,6,2,2,4,55,44
Patrik Laine,WPG,R,2016-11-04,false,DET,7,3,-2,2,4,1,0,0,1,1,38,13594,269,14,6,12,16,6,0,2
Andrew Ladd,NYI,L,2016-11-05,false,EDM,0,1,-3,6,0,0,0,0,0,0,25,12871,251,10,3,10,7,8,0,0
Kevin Labanc,SJS,R,2016-12-02,false,MTL,2,2,4,8,0,0,0,0,0,0,16,8627,197,5,2,5,5,1,0,0
Paul LaDue,LAK,D,2017-03-14,false,ARI,0,4,-3,2,0,2,0,0,0,0,17,11877,282,9,6,3,5,2,0,0
Joseph LaBate,VAN,C,2017-03-26,false,WPG,0,0,-2,19,0,0,0,0,0,0,5,4921,136,18,1,2,1,2,1,0
Evgeny Kuznetsov,WSH,C,2016-11-08,false,SJS,1,5,4,2,0,0,0,0,0,0,18,12414,260,5,3,8,9,4,73,104
Chris Kunitz,PIT,L,2016-11-05,false,SJS,1,5,5,14,0,0,0,0,1,0,20,11827,284,39,4,6,9,5,2,3
Dmitry Kulikov,BUF,D,2016-11-09,false,OTT,0,0,-4,10,0,0,0,0,0,0,6,16260,359,12,13,9,7,2,0,0
Nikolay Kulemin,NYI,L,2016-11-10,false,TBL,1,3,4,6,0,0,0,0,0,0,14,9788,256,10,8,10,1,5,4,2
Brett Kulak,CGY,D,2016-11-20,false,DET,0,3,2,10,0,0,0,0,0,0,11,11006,264,6,8,7,4,3,0,0
Tom Kuhnhackl,PIT,R,2016-11-19,false,BUF,0,2,1,4,0,0,0,0,0,0,8,6376,162,17,6,4,1,1,0,1
Nikita Kucherov,TBL,R,2016-11-07,false,FLA,4,11,3,2,2,5,0,0,1,0,31,12437,251,1,4,16,7,12,0,0
Marcus Kruger,CHI,C,2016-11-05,false,DAL,1,2,5,12,0,0,0,0,0,0,8,9392,262,6,4,5,2,4,70,75
Torey Krug,BOS,D,2016-11-07,false,BUF,0,2,-7,6,0,2,0,0,0,0,39,15361,323,15,12,9,11,3,0,0
Niklas Kronwall,DET,D,2016-12-03,false,PIT,0,2,-2,8,0,1,0,0,0,0,12,13726,306,16,22,4,3,0,0,0
David Krejci,BOS,C,2016-11-07,false,BUF,1,4,-7,6,1,2,0,0,0,0,23,12667,253,9,8,9,11,9,85,79
Chris Kreider,NYR,L,2016-11-18,false,CBJ,3,8,-1,6,1,2,0,0,0,0,39,11669,262,26,6,15,7,4,1,1
Lauri Korpikoski,DAL,L,2016-11-06,false,CHI,1,2,2,2,0,0,0,0,0,0,21,9679,255,10,7,6,3,3,0,3
Anze Kopitar,LAK,C,2016-11-05,false,CGY,2,4,0,2,0,1,0,1,0,0,29,15660,304,15,11,19,7,5,153,148
Travis Konecny,PHI,C,2016-11-03,false,NYI,2,6,-1,6,1,0,0,0,0,0,26,11283,251,13,4,17,3,6,0,0
Leo Komarov,TOR,C,2016-11-05,false,VAN,0,3,0,7,0,1,0,0,0,0,15,12393,301,41,9,7,1,4,14,10
Mikko Koivu,MIN,C,2016-11-10,false,PIT,2,3,1,4,0,1,0,1,1,0,18,14588,324,5,15,8,5,6,146,136
Slater Koekkoek,TBL,D,2016-11-23,false,PHI,0,4,6,6,0,0,0,0,0,0,13,9291,216,13,11,6,2,1,0,0
John Klingberg,DAL,D,2016-11-06,false,CHI,2,5,-5,6,0,3,0,0,0,0,18,16989,338,6,19,11,16,1,0,0
Kevin Klein,NYR,D,2016-11-12,false,CGY,0,3,1,0,0,0,0,1,0,0,13,13568,297,20,31,4,5,3,0,0
Oscar Klefbom,EDM,D,2016-11-05,false,NYI,0,2,2,0,0,0,0,0,0,0,23,15473,324,8,25,9,10,3,0,0
Dwight King,LAK,L,2016-11-05,false,CGY,0,2,1,4,0,0,0,0,0,0,16,11359,240,21,3,10,3,2,2,2
Jakub Kindl,FLA,D,2016-12-16,false,COL,0,1,-8,8,0,0,0,0,0,0,7,11130,229,24,14,4,7,2,0,0
Alex Killorn,TBL,L,2016-11-05,false,NJD,6,2,0,10,1,2,0,0,1,0,27,12573,259,22,4,5,11,2,0,1
Phil Kessel,PIT,R,2016-11-05,false,SJS,3,7,-1,6,3,4,0,0,1,0,26,13082,299,2,3,14,5,1,0,3
Ryan Kesler,ANA,C,2016-11-04,false,ARI,2,6,4,20,2,2,0,0,0,0,25,14874,318,21,8,16,7,2,164,99
Tanner Kero,CHI,C,2017-01-17,false,COL,3,2,6,0,0,0,0,0,0,0,14,9771,236,16,12,4,3,4,55,79
Michal Kempny,CHI,D,2016-11-09,false,STL,0,0,5,8,0,0,0,0,0,0,10,11452,267,19,13,12,7,1,0,0
Adrian Kempe,LAK,L,2017-03-13,false,STL,1,4,-1,6,0,2,0,1,1,0,20,8964,205,13,2,7,2,2,23,29
Chris Kelly,OTT,C,2016-11-08,false,NSH,1,2,-1,4,0,0,0,0,0,0,17,9868,246,8,7,7,3,4,51,61
Duncan Keith,CHI,D,2016-11-05,false,DAL,0,9,7,2,0,2,0,0,0,0,30,18228,352,3,11,8,9,4,0,0
Zack Kassian,EDM,R,2016-11-05,false,NYI,2,2,1,14,0,0,0,0,0,0,19,8826,225,30,2,4,5,6,0,0
Ondrej Kase,ANA,R,2016-12-09,false,SJS,1,3,0,0,0,0,0,0,1,0,18,9732,245,11,5,7,10,2,1,3
Melker Karlsson,SJS,C,2016-11-05,false,PIT,2,1,1,4,0,0,0,0,0,0,12,9050,225,9,10,8,3,4,0,2
William Karlsson,CBJ,C,2016-11-10,false,BOS,1,3,1,2,0,0,0,0,1,0,17,10523,260,5,3,9,4,5,74,92
Erik Karlsson,OTT,D,2016-11-08,false,NSH,3,7,5,4,1,2,0,1,0,0,28,19152,390,8,31,19,17,11,0,0
Evander Kane,BUF,L,2016-12-01,false,NYR,0,4,-5,10,0,2,0,0,0,0,29,13532,269,26,7,14,8,8,19,17
Patrick Kane,CHI,R,2016-11-05,false,DAL,4,11,9,8,1,3,0,0,1,0,38,16051,290,5,1,12,2,3,3,11
Sergey Kalinin,NJD,C,2016-11-19,false,LAK,0,1,-2,7,0,0,0,0,0,0,11,8948,215,19,7,3,2,2,3,3
Nazem Kadri,TOR,C,2016-11-05,false,VAN,6,3,-1,37,2,2,0,0,1,1,25,10979,268,19,7,10,6,12,79,100
Tomas Jurco,DET,L,2017-01-24,false,BOS,0,0,-5,2,0,0,0,0,0,0,8,7492,189,5,2,11,3,1,0,0
Roman Josi,NSH,D,2016-11-08,false,OTT,2,5,-7,4,1,3,0,0,0,0,37,17771,349,8,20,6,5,3,0,0
Jacob Josefson,NJD,C,2016-11-25,false,DET,0,2,0,4,0,1,0,0,0,0,12,8532,189,9,3,9,4,2,40,29
Josh Jooris,NYR,R,2016-12-08,false,WPG,1,1,1,6,0,0,0,0,0,0,11,6196,169,21,6,4,1,2,30,29
Seth Jones,CBJ,D,2016-11-23,false,CGY,3,3,-1,0,0,0,0,0,1,1,22,17311,369,15,24,5,9,4,0,0
Jyrki Jokipakka,CGY,D,2016-11-10,false,DAL,1,3,-3,4,0,0,0,0,0,0,5,10886,284,5,11,3,6,1,0,0
Jussi Jokinen,FLA,L,2016-11-27,false,CAR,1,3,0,8,0,0,0,0,1,0,21,13282,269,3,5,7,14,5,6,5
Erik Johnson,COL,D,2016-11-08,false,ARI,0,5,-5,0,0,3,0,0,0,0,26,16334,374,33,34,6,7,6,0,0
Tyler Johnson,TBL,C,2016-11-05,false,NJD,4,2,-7,4,2,1,0,0,0,0,17,13024,267,15,7,8,1,7,109,86
Jack Johnson,CBJ,D,2016-11-10,false,BOS,0,2,4,6,0,0,0,0,0,0,17,15686,335,21,25,6,1,2,0,0
Stephen Johns,DAL,D,2016-11-10,false,CGY,2,2,-1,6,0,0,0,0,1,0,14,13803,318,36,21,9,8,4,0,0
Marcus Johansson,WSH,L,2016-11-08,false,SJS,6,5,3,2,2,2,0,0,2,0,23,12434,240,6,0,4,5,6,1,2
Ryan Johansen,NSH,C,2016-11-08,false,OTT,1,5,1,8,1,4,0,0,0,0,23,12979,277,15,4,11,5,3,105,100
Nick Jensen,DET,D,2017-01-18,false,BOS,0,4,4,2,0,0,0,0,0,0,18,11281,270,12,12,7,6,1,0,0
Boone Jenner,CBJ,C,2016-11-10,false,BOS,1,2,-8,4,0,1,0,0,0,0,26,10589,238,26,11,6,4,4,23,18
Dmitrij Jaskin,STL,R,2016-11-09,false,CHI,0,3,3,4,0,0,0,0,0,0,10,7667,181,19,5,6,2,3,3,4
Calle Jarnkrok,NSH,C,2016-11-08,false,OTT,1,1,-1,2,0,0,0,0,0,0,14,10097,261,5,3,5,4,4,45,61
Jaromir Jagr,FLA,R,2016-11-05,false,WSH,1,4,1,6,1,1,0,0,0,0,25,11837,232,3,2,11,9,9,0,0
Matt Irwin,NSH,D,2016-11-21,false,TBL,3,2,6,0,0,0,0,0,1,0,11,9000,211,24,19,6,7,1,0,0
Jarome Iginla,COL,R,2016-11-08,false,ARI,2,0,-4,27,1,0,0,0,0,0,20,10940,242,19,2,5,7,4,4,4
Zach Hyman,TOR,C,2016-11-05,false,VAN,0,1,-2,6,0,0,0,0,0,0,29,12009,280,19,8,12,1,5,7,9
Ben Hutton,VAN,D,2016-11-05,false,TOR,1,0,-6,10,0,0,0,0,0,0,21,15265,313,12,15,11,9,6,0,0
Matt Hunwick,TOR,D,2016-11-23,false,NJD,0,3,0,0,0,0,0,0,0,0,15,12524,296,24,20,3,8,6,0,0
Brad Hunt,NSH,D,2017-04-08,false,WPG,1,5,-1,2,1,1,0,0,0,0,14,10441,255,0,3,6,3,4,0,0
Jiri Hudler,DAL,R,2016-12-29,false,COL,0,2,-2,4,0,0,0,0,0,0,6,9319,232,6,2,7,2,3,1,2
Jonathan Huberdeau,FLA,L,2017-03-02,false,PHI,4,7,4,2,0,3,0,0,2,1,37,13235,284,13,2,11,12,6,2,4
Marek Hrivik,NYR,L,2016-12-29,false,ARI,0,2,-1,0,0,1,0,0,0,0,12,7702,181,17,4,7,2,4,17,28
Marian Hossa,CHI,R,2016-11-06,false,DAL,6,5,4,2,3,2,0,0,1,1,32,12131,293,3,6,11,2,9,3,0
Bo Horvat,VAN,C,2016-11-05,false,TOR,4,0,-6,8,0,0,1,0,0,0,14,12002,280,16,3,15,1,5,96,105
Patric Hornqvist,PIT,R,2016-11-05,false,SJS,4,6,5,2,3,2,0,0,1,0,44,11034,271,31,16,10,1,6,1,4
Julius Honka,DAL,D,2017-04-01,false,CAR,0,4,-4,2,0,1,0,0,0,0,22,12223,260,5,9,5,6,2,0,0
Korbinian Holzer,ANA,D,2016-12-29,false,CGY,0,3,-3,6,0,0,0,0,0,0,8,10170,227,28,13,5,3,1,0,0
Peter Holland,ARI,C,2016-12-19,false,CGY,0,3,-3,4,0,0,0,0,0,0,21,8756,192,7,1,5,3,2,48,61
Nick Holden,NYR,D,2016-11-05,false,BOS,1,5,11,6,0,0,0,0,0,0,7,14098,323,21,16,7,11,5,0,0
Mike Hoffman,OTT,L,2016-11-08,false,NSH,3,4,-4,6,1,2,0,0,2,0,45,12495,251,5,7,11,3,9,1,2
Joshua Ho-Sang,NYI,R,2017-03-24,false,PIT,3,5,-3,4,1,1,0,0,0,0,15,11607,228,3,2,6,9,3,0,2
Niklas Hjalmarsson,CHI,D,2016-11-06,false,DAL,2,1,6,2,0,0,0,0,0,0,10,15281,344,6,26,0,9,2,0,0
Vinnie Hinostroza,CHI,L,2016-11-23,false,SJS,1,2,0,2,0,0,0,0,0,0,13,7374,172,6,6,6,5,6,12,21
Thomas Hickey,NYI,D,2016-11-05,false,EDM,1,2,1,2,0,1,0,0,0,0,14,13288,261,14,25,5,3,1,0,0
Tomas Hertl,SJS,C,2016-11-05,false,PIT,4,4,0,10,1,0,0,0,1,0,30,12242,280,23,3,12,5,7,55,40
Adam Henrique,NJD,C,2016-11-08,false,CAR,2,2,3,8,0,0,0,0,0,0,20,13463,285,13,11,4,5,7,87,88
Matt Hendricks,EDM,L,2016-12-23,false,SJS,1,2,-3,15,0,0,0,0,1,0,12,8908,218,23,17,4,2,1,40,38
Ales Hemsky,DAL,R,2017-03-24,false,SJS,3,3,0,0,0,1,0,0,0,0,22,10553,274,0,4,9,4,7,0,0
Darren Helm,DET,C,2016-11-04,false,WPG,4,3,8,8,2,0,0,1,1,0,19,11037,268,9,5,4,5,6,76,60
Victor Hedman,TBL,D,2016-11-05,false,NJD,3,7,6,6,1,4,0,0,2,0,20,17485,338,16,22,13,9,7,0,0
Kevin Hayes,NYR,C,2016-11-05,false,BOS,5,6,11,2,0,0,1,0,1,0,18,11669,279,10,8,6,14,11,70,73
Jimmy Hayes,BOS,R,2016-11-10,false,CBJ,0,0,-9,7,0,0,0,0,0,0,17,7813,178,17,1,5,2,2,1,2
John Hayden,CHI,L,2017-04-08,false,LAK,1,3,3,4,0,0,0,0,0,0,22,8413,208,44,2,5,2,5,0,0
Erik Haula,MIN,L,2016-11-23,false,WPG,2,2,2,6,0,0,0,0,0,0,24,10343,246,5,4,4,6,4,67,67
Garnet Hathaway,CGY,R,2016-12-06,false,DAL,1,2,1,23,0,0,0,0,0,0,6,6684,164,31,6,4,1,2,7,7
Scott Hartnell,CBJ,L,2016-11-10,false,BOS,4,4,5,2,1,0,0,0,0,0,15,9024,220,13,5,7,7,2,0,0
Ryan Hartman,CHI,L,2016-11-13,false,MTL,2,1,0,2,0,0,0,0,0,0,22,7165,170,18,6,7,2,4,1,3
Scott Harrington,CBJ,D,2017-02-07,false,DET,1,2,2,6,0,0,0,0,0,0,7,9092,221,14,12,6,4,2,0,0
Martin Hanzal,ARI,C,2016-11-19,false,SJS,3,4,-4,2,0,2,0,0,1,1,33,13326,287,26,12,8,7,4,145,116
Jannik Hansen,VAN,R,2016-11-05,false,TOR,2,4,-1,21,0,0,0,0,0,0,21,11968,271,13,2,8,4,6,0,0
Noah Hanifin,CAR,D,2016-11-08,false,NJD,0,7,-8,6,0,3,0,0,0,0,21,12379,265,8,6,8,10,3,0,0
Travis Hamonic,NYI,D,2016-11-05,false,EDM,2,3,-7,23,0,1,0,0,0,0,15,14242,271,17,24,11,5,4,0,0
Dougie Hamilton,CGY,D,2016-11-03,false,SJS,2,4,1,14,0,1,0,0,1,0,34,13646,324,21,12,6,9,3,0,0
Freddie Hamilton,CGY,C,2016-11-23,false,CBJ,0,0,1,2,0,0,0,0,0,0,12,7052,166,20,0,6,1,3,34,26
Dan Hamhuis,DAL,D,2016-11-08,false,WPG,0,4,-1,8,0,0,0,1,0,0,15,14664,322,20,15,8,4,2,0,0
Taylor Hall,NJD,L,2016-11-08,false,CAR,5,4,0,4,3,1,0,0,2,1,51,14735,291,13,5,15,5,9,1,1
Micheal Haley,SJS,C,2016-11-26,false,ANA,0,2,0,32,0,0,0,0,0,0,8,5599,146,40,6,4,5,2,1,2
Ron Hainsey,CAR,D,2016-11-08,false,NJD,1,2,-1,6,0,0,1,0,0,0,15,15462,321,14,7,9,9,1,0,0
Carl Hagelin,PIT,L,2016-11-05,false,SJS,1,4,2,2,0,0,0,1,0,0,19,11846,293,10,5,8,10,3,0,1
Carl Gunnarsson,STL,D,2016-11-12,false,CBJ,0,1,-1,4,0,0,0,0,0,0,8,9715,236,8,14,3,1,0,0,0
Jake Guentzel,PIT,C,2017-01-31,false,NSH,4,3,3,4,0,0,0,0,0,0,12,10065,225,33,5,5,3,2,7,6
Radko Gudas,PHI,D,2016-11-17,false,WPG,1,6,0,2,0,1,0,0,0,0,21,14922,311,46,36,22,6,3,0,0
Eric Gryba,EDM,D,2016-11-13,false,NYR,0,0,-1,14,0,0,0,0,0,0,14,12560,268,43,12,3,4,3,0,0
Mikhail Grigorenko,COL,C,2016-11-08,false,ARI,0,5,-3,8,0,3,0,0,0,0,19,10334,226,7,4,4,3,6,17,23
Seth Griffith,FLA,C,2016-12-08,false,PIT,0,1,1,0,0,0,0,0,0,0,8,7046,158,19,3,7,3,0,0,3
Andy Greene,NJD,D,2016-11-08,false,CAR,1,1,-1,0,0,0,1,0,0,0,12,16162,331,15,26,10,7,4,0,0
Matt Greene,LAK,D,2016-11-30,false,SJS,1,1,0,8,0,0,0,0,0,0,6,9631,254,44,16,5,9,1,0,0
Mike Green,DET,D,2016-11-04,false,WPG,3,6,-1,12,1,1,0,0,0,0,19,17122,340,12,14,9,9,8,0,0
Kevin Gravel,LAK,D,2016-11-26,false,CHI,0,1,3,4,0,0,0,0,0,0,9,10437,252,19,18,7,5,0,0,0
Tyler Graovac,MIN,C,2016-11-25,false,PIT,2,0,1,0,0,0,0,0,0,0,11,7042,173,15,1,8,0,4,39,37
Derek Grant,BUF,C,2016-11-07,false,BOS,0,0,-3,11,0,0,0,0,0,0,8,8333,206,13,6,5,2,3,64,47
Mikael Granlund,MIN,C,2016-11-10,false,PIT,2,4,1,0,1,1,1,0,1,0,21,13962,301,11,7,15,5,5,3,4
Markus Granlund,VAN,C,2016-11-05,false,TOR,2,1,-2,4,0,0,0,0,0,0,19,11674,266,8,2,8,2,9,11,17
Michael Grabner,NYR,R,2016-11-05,false,BOS,7,3,11,0,0,0,0,1,1,0,23,9124,245,7,7,7,7,14,2,1
Yanni Gourde,TBL,C,2017-03-24,false,DET,1,1,-3,4,0,0,1,0,0,0,15,10533,236,7,3,5,3,10,31,41
Shayne Gostisbehere,PHI,D,2016-11-03,false,NYI,2,5,-3,6,1,2,0,0,1,0,39,15257,323,7,17,25,15,2,0,0
Josh Gorges,BUF,D,2016-11-07,false,BOS,0,0,-1,12,0,0,0,0,0,0,4,13697,325,31,25,5,5,0,0,0
Boyd Gordon,PHI,C,2017-01-04,false,NYR,1,0,-4,2,0,0,0,0,0,0,8,5998,174,4,7,2,0,1,47,38
Cody Goloubef,COL,D,2017-01-14,false,NSH,0,2,-6,15,0,0,0,0,0,0,4,11492,270,8,17,0,1,2,0,0
Alex Goligoski,ARI,D,2016-11-08,false,COL,0,6,-7,4,0,2,0,0,0,0,19,17086,339,12,20,6,8,1,0,0
Nikolay Goldobin,VAN,R,2017-04-06,false,ARI,2,0,2,0,0,0,0,0,1,0,13,7768,191,1,4,6,7,3,0,0
Luke Glendening,DET,C,2016-11-04,false,WPG,1,4,1,4,0,1,0,0,0,0,16,9337,228,30,14,7,0,4,65,61
Claude Giroux,PHI,C,2016-11-03,false,NYI,2,11,-6,2,1,6,0,0,0,0,30,14625,310,12,1,13,2,5,134,130
Zemgus Girgensons,BUF,C,2016-11-07,false,BOS,1,3,-2,4,0,0,0,0,0,0,23,8968,216,16,5,6,0,1,51,51
Dan Girardi,NYR,D,2016-11-13,false,EDM,3,3,7,4,0,0,0,1,3,0,14,12690,298,23,28,5,10,1,0,0
Mark Giordano,CGY,D,2016-11-03,false,SJS,1,4,-1,16,0,1,0,1,0,0,24,18121,375,9,37,13,5,11,0,0
Brian Gionta,BUF,R,2016-11-07,false,BOS,3,3,2,4,0,0,0,0,1,0,29,12097,256,9,4,11,4,3,7,6
Stephen Gionta,NYI,R,2017-03-02,false,DAL,0,4,2,0,0,0,0,0,0,0,9,7835,194,25,3,2,4,0,5,8
Tom Gilbert,LAK,D,2016-11-17,false,EDM,1,3,-2,2,0,1,0,0,0,0,9,11576,267,6,17,6,4,1,0,0
Ryan Getzlaf,ANA,C,2016-11-10,false,CAR,1,12,-2,8,0,5,0,0,0,0,31,13651,295,11,9,11,7,7,91,74
Eric Gelinas,COL,D,2016-12-16,false,FLA,0,1,-3,8,0,0,0,0,0,0,16,8580,203,11,6,7,4,1,0,0
Frederik Gauthier,TOR,C,2017-01-17,false,BUF,2,1,3,21,0,0,0,0,0,0,8,6454,196,9,9,3,1,1,66,63
Brendan Gaunce,VAN,C,2016-11-05,false,TOR,0,1,-2,16,0,0,0,0,0,0,9,6729,178,11,3,2,1,2,37,42
Cameron Gaunce,PIT,D,2017-04-09,false,NYR,1,3,1,13,0,0,0,0,0,0,8,9013,215,23,10,6,5,2,0,0
Johnny Gaudreau,CGY,L,2016-11-03,false,SJS,2,5,-9,0,0,1,0,0,0,0,30,13998,293,3,4,12,15,2,0,0
Jason Garrison,TBL,D,2016-11-05,false,NJD,0,2,-9,4,0,0,0,0,0,0,22,12898,295,15,17,11,10,4,0,0
Jake Gardiner,TOR,D,2016-11-05,false,VAN,2,5,0,2,1,1,0,0,0,0,19,13344,290,13,12,7,16,4,0,0
Brendan Gallagher,MTL,R,2016-11-05,false,PHI,4,5,6,14,1,0,0,0,1,0,36,10857,258,13,1,9,3,5,18,23
Alex Galchenyuk,MTL,C,2016-11-05,false,PHI,4,7,7,8,1,2,0,0,0,0,21,11290,258,5,7,9,8,3,54,81
Sam Gagner,CBJ,C,2016-11-12,false,STL,6,2,3,0,2,2,0,0,1,0,28,9861,214,2,2,12,2,2,27,35
Kurtis Gabriel,MIN,R,2017-01-21,false,ANA,0,1,0,29,0,0,0,0,0,0,3,4229,111,26,1,2,3,0,0,0
Marian Gaborik,LAK,R,2016-12-23,false,DAL,1,3,1,2,1,1,0,0,0,0,25,10557,233,9,2,15,5,1,0,1
Michael Frolik,CGY,R,2016-11-03,false,SJS,5,4,3,4,0,0,2,0,0,0,29,11052,259,7,10,8,4,8,5,3
Cody Franson,BUF,D,2016-11-07,false,BOS,0,3,3,2,0,0,0,0,0,0,21,11648,260,5,4,5,5,0,0,0
Cam Fowler,ANA,D,2016-11-04,false,ARI,4,4,0,2,3,3,0,0,0,0,26,17397,341,9,16,6,11,3,0,0
Gustav Forsling,CHI,D,2016-11-09,false,STL,0,2,2,2,0,0,0,0,0,0,14,11635,245,7,4,5,8,0,0,0
Filip Forsberg,NSH,L,2016-11-08,false,OTT,0,8,-4,4,0,3,0,0,0,0,22,13804,307,19,4,16,5,15,4,6
Derek Forbort,LAK,D,2016-11-05,false,CGY,0,0,-2,28,0,0,0,0,0,0,8,9988,240,23,20,2,6,2,0,0
Christian Folin,MIN,D,2016-11-12,false,PHI,0,1,7,8,0,0,0,0,0,0,13,12524,283,20,16,1,2,4,0,0
Marcus Foligno,BUF,L,2016-11-07,false,BOS,2,2,3,6,0,0,0,0,0,0,17,11779,269,34,9,8,7,8,0,1
Nick Foligno,CBJ,L,2016-11-10,false,BOS,5,8,4,14,2,4,0,0,0,0,16,12526,282,18,7,11,4,3,9,11
Brian Flynn,MTL,C,2016-11-10,false,LAK,0,2,1,2,0,0,0,0,0,0,11,8860,232,8,8,7,6,4,9,14
Mike Fisher,NSH,C,2016-11-17,false,OTT,3,5,-6,25,3,3,0,0,1,0,21,11641,265,34,11,6,0,2,112,91
Valtteri Filppula,TBL,C,2016-11-05,false,NJD,4,5,2,4,0,2,0,0,1,0,15,12725,264,5,6,2,5,5,95,133
Vernon Fiddler,NJD,C,2016-11-08,false,CAR,0,1,-2,13,0,0,0,0,0,0,12,9181,230,8,5,2,8,3,83,70
Kevin Fiala,NSH,L,2016-11-29,false,COL,3,0,-1,2,0,0,0,0,1,0,24,8687,218,9,2,2,5,5,0,0
Micheal Ferland,CGY,L,2016-11-03,false,SJS,2,4,1,0,0,1,0,0,0,0,17,7960,193,25,2,5,6,5,0,0
Eric Fehr,PIT,C,2016-11-05,false,SJS,2,1,-1,2,0,0,0,0,1,0,11,8241,213,12,12,3,1,7,22,19
Taylor Fedun,BUF,D,2017-01-10,false,PHI,0,5,2,2,0,3,0,0,0,0,16,10095,239,3,9,3,6,1,0,0
Justin Faulk,CAR,D,2016-11-15,false,SJS,3,3,-5,8,1,2,0,0,0,0,28,17324,331,18,13,19,13,8,0,0
Jesper Fast,NYR,R,2016-11-05,false,BOS,1,4,5,10,0,0,0,0,0,0,8,9421,240,23,4,7,2,6,6,4
Justin Falk,BUF,D,2016-12-05,false,WSH,0,0,-1,2,0,0,0,0,0,0,11,9397,239,22,5,3,4,1,0,0
Radek Faksa,DAL,C,2016-11-06,false,CHI,1,1,0,10,0,0,0,0,0,0,20,11530,303,11,10,11,4,7,91,94
Robby Fabbri,STL,C,2016-11-05,false,CBJ,0,3,-4,6,0,1,0,0,0,0,19,11880,264,16,7,6,5,5,2,1
Adam Erne,TBL,L,2017-03-13,false,NYR,1,0,-3,4,0,0,0,0,0,0,20,9124,212,29,4,10,3,2,0,2
Joel Eriksson Ek,MIN,C,2017-04-02,false,COL,3,3,2,2,0,0,0,0,1,0,11,7581,195,20,7,6,2,2,35,45
Loui Eriksson,VAN,L,2016-11-05,false,TOR,0,4,-4,0,0,1,0,1,0,0,19,13749,288,1,6,9,2,4,0,0
Jonathan Ericsson,DET,D,2016-11-04,false,WPG,0,3,1,28,0,0,0,0,0,0,9,12995,299,16,13,5,8,0,0,0
Toby Enstrom,WPG,D,2016-11-04,false,DET,1,2,0,10,0,1,1,0,0,0,14,16241,345,3,16,7,7,2,0,0
Tyler Ennis,BUF,L,2016-11-07,false,BOS,1,1,-6,0,0,0,0,0,0,0,29,9883,218,5,3,5,2,5,0,3
Deryk Engelland,CGY,D,2016-11-03,false,SJS,1,3,7,9,0,0,0,0,1,0,15,13806,328,18,27,7,11,2,0,0
Alexei Emelin,MTL,D,2016-11-05,false,PHI,1,2,6,12,0,0,0,0,0,0,9,15087,310,41,23,4,14,1,0,0
Ryan Ellis,NSH,D,2016-11-08,false,OTT,1,3,-2,4,0,2,0,0,0,0,17,16979,339,20,20,11,3,2,0,0
Lars Eller,WSH,C,2016-11-08,false,SJS,2,0,1,12,0,0,0,0,0,0,21,10685,236,7,2,9,4,7,69,73
Remi Elie,DAL,L,2017-03-28,false,MTL,1,4,2,6,0,0,0,0,0,0,12,11238,265,23,9,5,10,7,1,0
Oliver Ekman-Larsson,ARI,D,2016-11-08,false,COL,5,2,1,6,2,0,0,0,1,1,32,18301,332,20,11,14,6,3,0,0
Mattias Ekholm,NSH,D,2016-11-08,false,OTT,0,2,0,4,0,1,0,0,0,0,19,16899,330,8,20,11,12,5,0,0
Aaron Ekblad,FLA,D,2016-11-05,false,WSH,2,0,-5,12,2,0,0,0,0,0,33,16888,281,25,13,15,5,6,0,0
Jack Eichel,BUF,C,2016-12-23,false,NYI,5,3,0,2,2,2,0,0,2,0,46,13627,257,10,8,13,9,7,53,68
Nikolaj Ehlers,WPG,L,2016-11-04,false,DET,3,5,1,8,0,1,0,0,0,0,29,12892,264,7,5,16,6,4,0,1
Joel Edmundson,STL,D,2016-11-05,false,CBJ,0,1,-3,17,0,0,0,0,0,0,11,11642,299,23,15,7,2,2,0,0
Alexander Edler,VAN,D,2016-11-07,false,NYI,1,0,-5,4,1,0,0,0,0,0,24,17556,351,21,34,6,5,2,0,0
Jordan Eberle,EDM,C,2016-11-05,false,NYI,3,5,-6,2,1,2,0,0,0,0,36,13331,292,2,5,9,3,6,0,1
Patrick Eaves,DAL,R,2016-11-08,false,WPG,3,5,-5,2,2,3,0,0,0,0,29,12222,288,19,6,16,1,0,0,0
Cody Eakin,DAL,C,2016-12-11,false,CHI,0,1,-7,0,0,0,0,0,0,0,12,11038,276,16,5,5,3,1,71,87
Ryan Dzingel,OTT,L,2016-11-08,false,NSH,4,4,4,0,0,1,1,0,1,0,14,8687,205,7,7,3,3,4,1,2
Christian Dvorak,ARI,C,2016-11-12,false,BOS,1,4,2,2,0,1,0,0,0,0,8,10625,212,9,13,5,3,0,67,75
Brian Dumoulin,PIT,D,2016-11-05,false,SJS,0,1,1,4,0,0,0,0,0,0,16,15077,347,23,15,6,8,1,0,0
Gabriel Dumont,TBL,C,2017-02-07,false,LAK,1,1,-1,7,0,0,0,0,0,0,18,6916,176,25,4,2,2,1,35,23
Matt Dumba,MIN,D,2016-11-10,false,PIT,1,3,4,4,1,1,0,0,0,0,22,16106,311,19,12,9,3,3,0,0
Anthony Duclair,ARI,L,2016-11-08,false,COL,1,2,0,2,0,0,0,0,0,0,16,9887,225,1,1,4,5,5,0,0
Matt Duchene,COL,C,2016-11-08,false,ARI,6,5,0,2,0,2,0,0,2,0,28,13438,289,4,10,6,6,8,81,54
Brandon Dubinsky,CBJ,C,2016-11-15,false,WSH,1,3,-4,15,0,1,0,0,1,0,16,12376,295,38,8,10,5,5,115,106
Jonathan Drouin,TBL,L,2016-11-19,false,PHI,3,4,-2,4,2,1,0,0,0,0,34,11716,230,7,7,7,12,6,21,23
Leon Draisaitl,EDM,C,2016-11-05,false,NYI,3,4,-3,2,2,1,0,0,0,0,22,11895,255,6,5,8,10,9,81,80
Nic Dowd,LAK,C,2016-11-10,false,MTL,2,5,1,2,1,1,0,0,1,1,13,9935,236,32,4,6,5,2,67,77
Drew Doughty,LAK,D,2016-11-05,false,CGY,2,3,-1,14,0,1,0,0,0,0,32,19803,403,17,22,11,12,0,1,0
Jake Dotchin,TBL,D,2017-02-21,false,EDM,0,3,6,14,0,0,0,0,0,0,14,12495,273,34,7,11,6,1,0,0
Joonas Donskoi,SJS,R,2016-11-05,false,PIT,2,3,-4,6,1,1,0,0,0,0,20,10658,252,5,5,13,6,8,0,0
Max Domi,ARI,L,2016-11-08,false,COL,1,9,1,11,0,2,0,0,1,0,26,12733,258,8,7,9,8,5,3,2
Shane Doan,ARI,R,2016-11-08,false,COL,1,2,-4,2,1,1,0,0,0,0,24,11364,237,21,5,6,5,1,16,20
Brenden Dillon,SJS,D,2016-11-05,false,PIT,0,1,0,8,0,0,0,0,0,0,15,11242,259,25,8,6,2,0,0,0
Phillip Di Giuseppe,CAR,L,2016-11-29,false,NYR,0,0,-6,11,0,0,0,0,0,0,17,8502,195,17,3,10,2,4,0,1
Nicolas Deslauriers,BUF,L,2016-12-22,false,CAR,0,0,-3,4,0,0,0,0,0,0,7,5991,138,31,2,4,0,1,0,0
Andrew Desjardins,CHI,L,2016-12-09,false,NYR,0,0,-1,4,0,0,0,0,0,0,17,7333,172,15,3,3,2,3,14,7
David Desharnais,MTL,C,2016-11-05,false,PHI,2,2,1,2,0,0,0,0,0,0,12,9397,222,0,2,0,3,3,34,40
Jason Demers,FLA,D,2016-11-05,false,WSH,0,5,-5,4,0,3,0,1,0,0,11,14038,269,5,9,14,8,9,0,0
Michael Del Zotto,PHI,D,2016-12-04,false,NSH,3,5,-1,4,0,0,0,0,0,0,25,13378,296,53,24,9,5,2,0,0
Dylan DeMelo,SJS,D,2017-01-05,false,MIN,1,1,-1,6,0,0,0,0,0,0,17,11424,264,18,14,7,5,0,0,0
Danny DeKeyser,DET,D,2016-11-04,false,WPG,1,1,-1,8,0,0,0,0,0,0,8,16083,345,15,31,6,7,1,0,0
Anthony DeAngelo,ARI,D,2016-12-10,false,NSH,2,5,1,4,1,3,0,0,0,0,18,13770,286,5,16,7,6,1,0,0
Brandon Davidson,EDM,D,2017-01-16,false,ARI,0,1,0,6,0,0,0,0,0,0,16,10628,244,14,24,5,9,1,0,0
Laurent Dauphin,ARI,C,2016-11-17,false,VAN,1,1,-1,4,0,0,1,0,0,0,13,8168,192,17,5,2,1,7,13,19
Marko Dano,WPG,C,2016-11-23,false,MIN,3,3,1,2,2,0,0,0,0,0,15,8993,209,23,5,7,7,6,1,3
Phillip Danault,MTL,L,2016-11-05,false,PHI,3,3,4,0,0,0,0,0,0,0,16,9266,232,12,9,4,6,1,28,28
Trevor Daley,PIT,D,2016-11-05,false,SJS,1,3,3,8,1,1,0,1,0,0,17,15576,368,4,23,12,2,9,0,0
Klas Dahlbeck,CAR,D,2017-01-26,false,LAK,1,2,-2,14,0,0,0,0,0,0,8,8834,220,18,7,4,2,4,0,0
Austin Czarnik,BOS,C,2016-11-13,false,COL,2,2,-1,4,0,1,0,0,1,0,19,10440,246,3,8,3,5,3,5,14
Matt Cullen,PIT,C,2016-11-05,false,SJS,3,6,4,4,0,1,0,0,1,0,16,10887,283,6,2,10,5,2,106,77
Lawson Crouse,ARI,L,2016-11-16,false,CGY,1,0,-5,6,0,0,0,0,0,0,13,7560,179,22,7,4,0,4,0,0
Sidney Crosby,PIT,C,2016-11-19,false,BUF,12,4,3,2,5,1,0,0,1,0,43,13447,302,14,2,12,11,6,130,155
Joseph Cramarossa,ANA,C,2016-11-15,false,EDM,1,2,0,20,0,0,0,0,0,0,6,8387,209,28,9,5,5,4,1,0
Adam Cracknell,DAL,R,2016-11-06,false,CHI,2,1,3,0,0,0,0,0,0,0,16,7206,187,17,5,9,3,2,23,17
Charlie Coyle,MIN,C,2016-11-10,false,PIT,4,5,3,18,2,0,0,0,1,0,26,12585,279,14,10,10,7,6,10,7
Sean Couturier,PHI,C,2016-11-03,false,NYI,3,1,-2,10,0,0,0,0,1,0,20,13424,310,10,9,13,5,7,105,105
Logan Couture,SJS,C,2016-11-05,false,PIT,2,4,-5,2,2,0,0,0,0,0,38,13230,301,2,10,8,13,4,49,93
Nick Cousins,PHI,C,2016-11-12,false,MIN,1,3,0,2,0,1,0,0,0,0,16,7678,172,14,6,0,0,4,4,19
Andrew Copp,WPG,C,2016-11-23,false,MIN,2,2,-1,2,0,0,1,0,0,0,11,9213,227,17,7,6,4,7,16,37
Kyle Connor,WPG,L,2016-11-06,false,NYR,1,2,-7,4,0,1,0,0,1,0,17,10249,215,1,4,9,4,8,1,1
Brett Connolly,WSH,R,2016-11-25,false,BUF,2,1,1,12,1,0,0,0,0,0,16,7517,176,27,1,3,1,4,2,3
Kevin Connauton,ARI,D,2017-01-19,false,MIN,0,1,-4,8,0,0,0,0,0,0,13,8971,216,26,9,8,2,1,0,0
Erik Condra,TBL,R,2017-02-10,false,MIN,0,0,-4,4,0,0,0,0,0,0,7,6939,161,4,7,3,2,3,1,0
J.T. Compher,COL,L,2017-03-23,false,EDM,2,0,-1,2,0,0,0,0,1,0,11,9640,220,9,11,6,2,2,50,49
Blake Comeau,COL,L,2016-11-17,false,DAL,2,1,-1,16,1,0,0,0,0,0,18,10601,257,25,6,4,2,5,31,25
Blake Coleman,NJD,C,2017-03-11,false,ARI,0,1,-4,4,0,0,0,0,0,0,15,8742,198,24,9,4,7,7,45,55
Ian Cole,PIT,D,2016-11-05,false,SJS,1,1,-1,17,0,0,0,0,0,0,10,13621,312,28,23,13,9,2,0,0
Joe Colborne,COL,C,2016-11-08,false,ARI,3,1,-5,4,2,0,0,0,0,0,15,9247,213,9,4,1,3,3,15,31
Andrew Cogliano,ANA,L,2016-11-04,false,ARI,4,1,3,4,0,0,2,0,0,0,24,10850,280,14,6,2,3,4,1,4
Braydon Coburn,TBL,D,2016-11-05,false,NJD,0,2,-4,6,0,0,0,0,0,0,18,11651,258,17,4,4,2,0,0,0
Cal Clutterbuck,NYI,R,2016-11-05,false,EDM,1,5,2,8,0,0,0,0,0,0,22,11421,286,42,5,7,7,5,1,2
Kyle Clifford,LAK,L,2016-11-08,false,TOR,2,1,3,21,0,0,0,0,0,0,25,7268,167,29,1,7,1,4,0,1
Adam Clendening,NYR,D,2017-01-13,false,TOR,1,5,4,8,1,1,0,0,0,0,13,11396,263,6,9,8,6,3,0,0
Fredrik Claesson,OTT,D,2017-01-24,false,WSH,0,2,-1,0,0,0,0,1,0,0,7,7883,195,14,4,2,8,0,0,0
Casey Cizikas,NYI,C,2016-11-05,false,EDM,2,4,2,10,0,1,0,0,1,0,16,10790,279,26,16,3,3,6,97,100
Jakob Chychrun,ARI,D,2016-11-10,false,WPG,1,2,-1,23,0,0,0,0,0,0,16,12880,275,18,13,16,9,2,0,0
Taylor Chorney,WSH,D,2017-01-23,false,CAR,1,2,5,11,0,0,0,0,1,0,12,9721,223,19,18,7,4,2,0,0
Jason Chimera,NYI,L,2016-11-05,false,EDM,0,3,-5,10,0,0,0,0,0,0,16,9993,248,22,4,3,5,2,1,4
Alex Chiasson,CGY,R,2016-11-03,false,SJS,1,2,2,10,0,0,0,0,0,0,16,8834,228,18,2,4,4,4,0,5
Ben Chiarot,WPG,D,2016-11-06,false,NYR,0,2,-6,4,0,0,0,0,0,0,7,9747,207,16,14,1,7,1,0,0
Zdeno Chara,BOS,D,2016-11-07,false,BUF,1,2,9,15,0,0,0,0,0,0,19,16865,324,22,26,8,11,9,0,0
Michael Chaput,VAN,C,2016-12-01,false,ANA,0,2,-5,4,0,0,0,0,0,0,10,8011,196,18,5,0,2,1,59,51
Cody Ceci,OTT,D,2016-11-08,false,NSH,0,2,-6,4,0,0,0,1,0,0,18,16464,373,27,28,8,9,5,0,0
Jeff Carter,LAK,C,2016-11-05,false,CGY,3,4,0,4,0,0,0,0,2,1,36,12928,279,10,6,14,8,3,103,91
William Carrier,BUF,L,2016-11-29,false,OTT,1,0,2,4,0,0,0,0,0,0,18,6149,161,47,2,4,3,2,1,1
Connor Carrick,TOR,D,2016-11-05,false,VAN,1,0,4,18,0,0,0,0,0,0,27,13386,314,13,15,7,10,3,0,0
Daniel Carr,MTL,L,2016-12-06,false,STL,1,1,1,6,0,0,0,0,1,0,16,7455,177,12,5,5,3,2,1,1
John Carlson,WSH,D,2016-11-08,false,SJS,0,5,3,0,0,1,0,0,0,0,35,17031,310,8,13,19,12,4,0,0
Brandon Carlo,BOS,D,2016-11-07,false,BUF,2,2,8,8,0,0,0,0,0,0,14,16041,323,12,30,9,2,2,0,0
Brian Campbell,CHI,D,2016-11-05,false,DAL,1,5,9,4,0,2,0,0,0,0,13,13338,274,12,10,4,11,0,0,0
Michael Cammalleri,NJD,L,2016-11-08,false,CAR,3,3,2,10,0,1,0,0,1,0,28,11193,243,8,3,13,7,3,3,3
Matt Calvert,CBJ,L,2016-11-10,false,BOS,1,1,-3,10,0,0,0,0,0,0,16,11482,269,16,6,7,7,8,2,9
Ryan Callahan,TBL,R,2016-11-21,false,NSH,1,1,1,17,0,0,0,0,0,0,16,10216,237,32,10,6,4,6,3,3
Drake Caggiula,EDM,L,2016-12-09,false,MIN,1,4,0,2,1,1,0,0,0,0,12,10278,236,21,1,8,2,3,20,32
Paul Byron,MTL,L,2016-11-05,false,PHI,2,4,3,4,0,0,1,0,1,0,12,9674,255,13,5,1,3,7,2,0
Dustin Byfuglien,WPG,D,2016-11-04,false,DET,0,8,2,10,0,1,0,0,0,0,32,20854,352,34,21,22,19,8,0,0
Alexandre Burrows,VAN,L,2016-11-13,false,DAL,2,2,-1,23,0,0,0,0,0,0,22,8885,238,9,2,3,4,9,0,2
Brent Burns,SJS,D,2016-11-05,false,PIT,4,7,-2,4,1,2,0,0,1,0,69,17274,326,11,27,26,24,4,0,0
Alexander Burmistrov,WPG,C,2016-11-06,false,NYR,0,1,-5,0,0,0,0,0,0,0,7,8289,179,10,2,3,4,1,25,44
Andre Burakovsky,WSH,L,2016-11-08,false,SJS,2,4,-2,0,0,0,0,0,0,0,28,11315,228,5,2,7,7,8,0,0
Pavel Buchnevich,NYR,R,2017-01-14,false,MTL,4,6,4,4,1,2,0,0,0,0,21,10759,242,3,3,11,10,5,1,1
Dustin Brown,LAK,R,2016-11-05,false,CGY,1,6,-2,8,0,2,1,0,0,0,21,11895,265,27,3,10,4,5,0,1
Connor Brown,TOR,R,2016-11-05,false,VAN,1,1,-4,4,0,0,0,0,0,0,15,9595,247,15,9,5,1,2,0,0
J.T. Brown,TBL,R,2016-11-07,false,FLA,1,1,-4,12,0,0,1,0,0,0,13,7307,179,12,3,5,3,2,0,1
Patrick Brown,CAR,C,2017-03-21,false,FLA,0,0,-6,0,0,0,0,0,0,0,11,6950,160,23,5,6,2,2,8,4
Troy Brouwer,CGY,R,2016-11-03,false,SJS,4,3,0,6,0,2,1,0,0,0,18,12443,284,32,7,6,2,5,8,16
Kyle Brodziak,STL,C,2016-11-06,false,COL,0,1,-1,15,0,0,0,0,0,0,9,6446,188,13,4,3,0,2,25,43
Jonas Brodin,MIN,D,2016-11-10,false,PIT,1,3,6,6,0,0,0,0,1,0,15,14099,311,4,17,13,7,2,0,0
TJ Brodie,CGY,D,2016-11-03,false,SJS,0,2,-9,4,0,1,0,0,0,0,18,17082,374,8,14,6,9,9,0,0
Justin Braun,SJS,D,2016-11-05,false,PIT,0,0,-8,2,0,0,0,0,0,0,11,14241,300,14,25,8,8,7,0,0
Derick Brassard,OTT,C,2016-11-08,false,NSH,1,4,3,4,0,1,0,0,0,0,29,12988,270,16,0,11,6,8,104,109
Tyler Bozak,TOR,C,2016-11-05,false,VAN,5,4,-1,2,1,0,0,0,1,0,24,11408,270,10,4,7,5,6,118,75
Brian Boyle,TBL,C,2016-11-05,false,NJD,3,0,1,12,0,0,0,0,0,0,18,7933,194,18,8,2,3,5,52,43
Johnny Boychuk,NYI,D,2016-11-05,false,EDM,2,2,-1,2,0,1,1,0,1,0,33,14522,276,28,32,15,6,3,0,0
Jay Bouwmeester,STL,D,2016-11-05,false,CBJ,1,1,-1,4,0,0,0,0,0,0,14,16142,360,11,19,8,8,2,0,0
Rene Bourque,COL,R,2016-11-13,false,BOS,4,1,-5,13,2,0,0,0,1,1,24,10528,240,24,8,8,2,5,0,3
Michael Bournival,TBL,L,2017-01-13,false,CBJ,1,0,-4,2,0,0,0,0,0,0,17,6951,175,15,4,9,2,4,1,2
Lance Bouma,CGY,C,2016-11-03,false,SJS,0,1,-1,4,0,0,0,0,0,0,8,8677,221,30,10,2,2,3,0,1
Reid Boucher,NSH,C,2016-12-29,false,CHI,1,2,1,2,0,0,0,0,0,0,15,8184,170,12,7,4,1,6,0,0
Robert Bortuzzo,STL,D,2017-01-12,false,LAK,1,1,6,2,0,0,0,0,0,0,15,10047,269,27,22,8,6,2,0,0
Mark Borowiecki,OTT,D,2016-11-08,false,NSH,0,0,3,21,0,0,0,0,0,0,3,8673,238,29,15,4,1,0,0,0
Nick Bonino,PIT,C,2016-11-05,false,SJS,1,3,-4,4,0,1,1,0,0,0,19,13035,315,13,17,4,4,9,107,120
Jared Boll,ANA,R,2016-11-06,false,CGY,0,1,-3,21,0,0,0,0,0,0,3,5173,128,12,2,1,2,1,0,1
Zach Bogosian,BUF,D,2016-12-22,false,CAR,0,0,-5,13,0,0,0,0,0,0,15,14002,313,17,18,2,5,5,0,0
Mikkel Boedker,SJS,L,2016-11-05,false,PIT,2,0,-5,2,0,0,0,0,0,0,15,11154,268,8,3,11,8,6,2,5
Anton Blidh,BOS,L,2016-12-31,false,BUF,1,1,0,0,0,0,0,0,0,0,23,6823,159,27,2,6,3,3,0,0
Joseph Blandisi,NJD,L,2017-03-04,false,BOS,1,2,-4,14,0,1,0,0,0,0,11,8180,201,18,1,5,0,1,15,16
Nick Bjugstad,FLA,C,2016-12-15,false,WPG,0,1,-7,6,0,1,0,0,0,0,14,9318,208,19,2,5,5,5,30,35
Oliver Bjorkstrand,CBJ,R,2017-03-02,false,MIN,2,3,4,6,0,0,0,0,1,0,22,9849,229,6,3,7,4,5,1,0
Anthony Bitetto,NSH,D,2017-01-19,false,CGY,0,3,1,11,0,0,0,0,0,0,8,8727,215,17,12,7,2,0,0,0
Kevin Bieksa,ANA,D,2016-11-04,false,ARI,1,0,-1,17,1,0,0,0,0,0,27,14687,291,24,8,11,4,2,0,0
Alex Biega,VAN,D,2017-01-10,false,NSH,0,2,1,8,0,0,0,0,0,0,11,11559,267,29,14,13,1,3,0,0
Patrik Berglund,STL,C,2016-11-05,false,CBJ,1,3,-1,6,0,0,0,0,0,0,18,11188,278,22,4,11,3,3,83,66
Patrice Bergeron,BOS,C,2016-11-12,false,ARI,2,2,0,4,0,0,0,0,1,0,45,13188,286,11,10,17,3,4,170,113
Matt Benning,EDM,D,2016-11-23,false,COL,0,4,7,4,0,1,0,0,0,0,12,11553,260,22,12,9,9,0,0,0
Sam Bennett,CGY,C,2016-11-03,false,SJS,3,4,2,24,1,0,0,0,0,0,16,10376,247,28,1,9,5,6,60,63
Beau Bennett,NJD,R,2016-11-11,false,BUF,0,3,1,2,0,0,0,0,0,0,21,9008,196,7,2,3,3,6,0,2
Jamie Benn,DAL,L,2016-11-06,false,CHI,2,7,-4,21,2,1,0,0,0,0,28,14516,340,18,4,16,8,10,79,59
Jordie Benn,DAL,D,2016-11-10,false,CGY,1,3,2,10,0,1,0,0,0,0,16,13478,307,9,20,6,6,2,0,0
Pierre-Edouard Bellemare,PHI,L,2016-11-03,false,NYI,0,2,2,0,0,0,0,1,0,0,14,9944,239,8,13,7,2,1,69,73
Matt Beleskey,BOS,L,2016-11-08,false,MTL,0,1,-6,9,0,1,0,0,0,0,20,11019,232,31,6,12,3,3,15,21
Anthony Beauvillier,NYI,C,2016-11-14,false,TBL,1,4,3,2,0,0,0,0,0,0,10,8024,184,16,3,4,2,3,5,6
Nathan Beaulieu,MTL,D,2016-11-05,false,PHI,1,3,9,9,0,1,0,0,1,0,12,12683,272,15,24,4,17,5,0,0
Francois Beauchemin,COL,D,2016-11-08,false,ARI,0,3,1,4,0,1,0,0,0,0,16,14412,316,11,19,7,6,5,0,0
Jay Beagle,WSH,C,2016-11-08,false,SJS,1,3,4,2,0,0,0,0,1,0,17,8760,217,6,5,4,4,1,79,55
Matt Bartkowski,CGY,D,2017-03-15,false,BOS,0,1,3,7,0,0,0,0,0,0,9,10623,262,18,8,4,7,2,0,0
Tyson Barrie,COL,D,2016-11-08,false,ARI,1,4,-8,2,0,3,0,0,1,0,31,16068,328,11,12,17,4,2,0,0
Aleksander Barkov,FLA,C,2016-11-05,false,WSH,2,3,1,0,0,1,0,0,1,1,23,13938,276,4,6,9,2,9,84,84
Mark Barberio,MTL,D,2016-12-29,false,FLA,0,2,1,6,0,0,0,0,0,0,18,10653,238,4,8,3,8,1,0,0
Ivan Barbashev,STL,C,2017-02-20,false,FLA,2,1,3,2,0,0,0,0,1,0,8,7838,181,19,7,3,0,2,30,40
Nicholas Baptiste,BUF,R,2016-11-17,false,TBL,2,0,1,6,0,0,0,0,0,0,12,6261,158,10,1,4,1,0,1,2
Justin Bailey,BUF,R,2017-02-07,false,SJS,1,0,2,2,0,0,0,0,0,0,13,6946,167,15,5,4,2,2,0,0
Josh Bailey,NYI,R,2016-11-05,false,EDM,2,5,5,0,0,0,0,0,1,1,21,13862,292,2,14,7,4,7,0,2
Sven Baertschi,VAN,L,2016-11-05,false,TOR,0,2,-4,0,0,0,0,0,0,0,20,10321,233,7,4,3,4,1,1,0
Nicklas Backstrom,WSH,C,2016-11-08,false,SJS,1,8,-1,4,0,4,0,0,0,0,25,12990,276,8,3,2,8,6,109,79
Mikael Backlund,CGY,C,2016-11-03,false,SJS,1,6,2,2,0,1,0,2,0,0,26,12177,289,6,14,4,9,4,100,99
David Backes,BOS,R,2016-11-17,false,MIN,3,4,9,17,0,1,0,0,0,0,26,12789,264,41,9,8,6,3,34,40
Yohann Auvitu,NJD,D,2016-11-08,false,CAR,0,2,3,0,0,1,0,0,0,0,31,12106,258,11,4,7,6,6,0,0
Cam Atkinson,CBJ,R,2016-11-10,false,BOS,4,4,-7,4,4,3,0,0,1,0,35,12444,295,6,6,12,0,4,2,0
Andreas Athanasiou,DET,C,2016-11-08,false,PHI,4,1,1,0,0,0,0,0,0,0,20,9214,209,5,4,9,4,2,1,3
Viktor Arvidsson,NSH,L,2016-11-08,false,OTT,4,3,-4,2,1,1,1,0,0,0,36,10537,261,6,7,9,4,4,1,0
Joel Armia,WPG,R,2016-12-27,false,CHI,1,3,0,4,0,0,0,0,0,0,23,10526,241,11,4,5,8,11,2,3
Artem Anisimov,CHI,C,2016-11-05,false,DAL,7,8,9,12,1,3,0,0,3,1,21,13241,287,8,1,9,0,6,69,99
Sven Andrighetto,MTL,R,2017-01-12,false,MIN,1,4,4,0,0,1,0,0,0,0,14,7469,180,15,7,6,1,2,0,0
Andy Andreoff,LAK,L,2016-12-18,false,BOS,0,0,-2,12,0,0,0,0,0,0,6,7311,170,21,4,7,5,1,16,12
Josh Anderson,CBJ,R,2016-11-10,false,BOS,5,1,6,17,0,0,0,0,1,0,18,8805,228,17,8,4,5,1,1,2
Karl Alzner,WSH,D,2016-11-08,false,SJS,2,2,5,6,0,0,0,0,0,0,15,14408,313,11,18,4,7,3,0,0
Sebastian Aho,CAR,R,2016-11-08,false,NJD,0,5,-3,2,0,3,0,0,0,0,24,10889,236,5,2,11,7,3,0,0
Noel Acciari,BOS,C,2016-11-07,false,BUF,0,2,1,4,0,0,0,0,0,0,8,7209,172,26,2,3,2,5,7,12
Pontus Aberg,NSH,L,2017-02-07,false,VAN,1,1,1,2,0,0,0,0,0,0,9,8669,197,6,2,2,2,4,1,0
Justin Abdelkader,DET,L,2016-11-08,false,PHI,3,1,0,9,2,0,0,0,0,0,17,11940,253,30,3,8,2,4,0,2
Clayton Stoner,ANA,D,2016-11-10,false,CAR,1,2,0,26,0,0,0,0,0,0,13,12686,284,28,14,3,2,2,0,0
Steven Stamkos,TBL,C,2016-11-05,false,NJD,7,7,0,12,2,3,0,0,1,0,45,13508,274,15,2,12,2,11,79,78
Brad Richardson,ARI,R,2016-11-08,false,COL,4,4,1,6,0,0,2,1,0,0,23,11255,262,11,7,5,3,10,99,87
Kyle Rau,FLA,C,2016-11-20,false,NYR,2,1,-1,4,0,0,0,0,0,0,11,8098,178,12,2,1,1,3,2,1
Teddy Purcell,LAK,L,2016-11-20,false,ANA,0,2,0,0,0,0,0,0,0,0,10,9282,215,7,2,3,3,2,3,0
Tyler Pitlick,EDM,R,2016-11-05,false,NYI,3,1,0,4,0,0,0,0,1,0,13,6305,164,27,4,2,3,1,1,0
Johan Larsson,BUF,C,2016-11-07,false,BOS,2,4,-1,6,0,0,0,0,2,0,14,12370,268,15,12,8,8,5,83,87
Shane Harper,FLA,R,2016-11-05,false,WSH,2,1,-1,18,0,0,0,0,0,0,12,7409,169,17,0,4,2,3,0,0
Erik Gudbranson,VAN,D,2016-11-05,false,TOR,0,2,-6,7,0,0,0,0,0,0,15,14100,304,21,15,3,8,2,0,0
Ryan Garbutt,ANA,C,2016-11-04,false,ARI,1,1,-1,4,0,0,0,1,1,0,15,8116,213,24,7,9,1,1,3,2
Derek Dorsett,VAN,R,2016-11-13,false,DAL,1,2,-5,33,0,0,0,0,0,0,24,7495,199,33,6,2,1,1,0,0
