James van Riemsdyk,TOR,L,2016-10-27,false,FLA,4,1,1,4,0,0,0,0,0,0,22,6588,150,8,3,8,2,4,1,3
Trevor van Riemsdyk,CHI,D,2016-12-13,false,NYR,1,1,3,4,0,0,0,0,0,0,4,7170,158,4,7,1,3,3,0,0
Calvin de Haan,NYI,D,2016-10-26,false,MTL,1,1,4,6,0,0,0,0,0,0,15,7809,158,7,17,3,9,0,0,0
Jason Zucker,MIN,L,2016-10-25,false,BOS,1,4,6,4,0,0,0,0,0,0,10,4317,113,9,2,6,1,5,1,0
Mats Zuccarello,NYR,R,2016-10-26,false,BOS,2,3,4,4,0,0,0,0,0,0,10,7994,167,10,2,5,2,6,1,1
Harry Zolnierczyk,NSH,L,2017-01-14,false,COL,0,1,0,4,0,0,0,0,0,0,3,4197,100,11,5,1,0,1,0,1
Mika Zibanejad,NYR,C,2016-10-26,false,BOS,2,5,0,6,0,2,0,0,0,0,23,7273,166,4,1,16,1,7,70,57
Henrik Zetterberg,DET,L,2016-10-25,false,CAR,0,4,-1,0,0,2,0,0,0,0,8,7489,146,6,2,1,5,6,36,25
Travis Zajac,NJD,C,2016-10-28,false,CHI,3,2,-1,4,1,1,0,0,1,0,14,8120,181,8,1,1,2,6,69,70
Nikita Zaitsev,TOR,D,2016-10-27,false,FLA,0,5,-2,0,0,2,0,0,0,0,6,9414,189,8,10,4,7,3,0,0
Nikita Zadorov,COL,D,2016-10-29,false,ARI,0,2,-2,8,0,0,0,0,0,0,7,7191,171,17,9,4,3,0,0,0
Pavel Zacha,NJD,C,2016-10-28,false,CHI,0,3,-1,2,0,1,0,0,0,0,10,6116,126,8,6,2,2,1,29,37
Keith Yandle,FLA,D,2016-10-27,false,TOR,0,2,0,8,0,1,0,0,0,0,20,10026,171,5,8,6,9,3,0,0
Nail Yakupov,STL,R,2016-10-25,false,CGY,2,2,1,4,0,0,0,0,0,0,10,4709,121,4,0,7,1,4,0,0
Miles Wood,NJD,L,2016-12-08,false,MTL,1,0,-1,8,0,0,0,0,0,0,8,4749,117,6,2,9,2,3,1,0
Luke Witkowski,TBL,D,2016-12-08,false,VAN,0,1,-2,2,0,0,0,0,0,0,6,4205,94,10,6,4,3,2,0,0
Daniel Winnik,WSH,L,2016-11-05,false,FLA,2,0,2,2,0,0,0,0,1,0,5,4441,108,2,4,1,5,3,1,2
Tommy Wingels,SJS,C,2016-10-25,false,ANA,0,1,-1,0,0,0,0,0,0,0,7,3650,89,7,2,1,1,0,18,29
Scott Wilson,PIT,L,2016-10-25,false,FLA,2,0,-3,0,0,0,0,0,0,0,11,5828,138,17,3,3,0,1,0,0
Colin Wilson,NSH,L,2016-10-27,false,LAK,2,0,-3,6,1,0,0,0,0,0,10,6639,156,6,1,2,4,1,0,1
Tom Wilson,WSH,R,2016-10-29,false,VAN,1,0,5,10,0,0,0,0,0,0,8,5059,123,14,3,0,1,1,0,1
Justin Williams,WSH,R,2016-10-29,false,VAN,1,0,0,2,0,0,0,0,0,0,8,6545,143,2,5,6,1,1,10,2
Patrick Wiercioch,COL,D,2016-10-29,false,ARI,1,4,3,9,0,0,0,0,0,0,9,7029,165,8,7,2,1,1,0,0
Chris Wideman,OTT,D,2016-10-28,false,CGY,0,3,-1,6,0,0,0,0,0,0,9,5932,154,3,6,3,3,3,0,0
Dennis Wideman,CGY,D,2016-10-30,false,WSH,2,2,4,2,2,0,0,0,0,0,16,8920,213,8,8,5,7,2,0,0
Ryan White,ARI,C,2016-10-29,false,COL,1,0,-2,10,0,0,0,0,1,0,8,4312,93,24,3,2,1,0,1,7
Blake Wheeler,WPG,R,2016-10-27,false,DAL,3,3,-1,10,0,1,1,0,0,0,24,8938,177,7,1,3,7,4,1,2
Zach Werenski,CBJ,D,2016-10-28,false,ANA,2,4,0,2,2,1,0,0,0,0,24,9192,193,6,6,3,5,3,0,0
Alexander Wennberg,CBJ,C,2016-10-28,false,ANA,1,6,1,2,0,5,0,0,0,0,11,6982,152,11,7,2,5,3,44,59
Dale Weise,PHI,R,2016-10-30,false,CAR,0,1,1,2,0,0,0,0,0,0,3,5196,119,9,0,5,0,2,0,0
Yannick Weber,NSH,D,2016-10-29,false,SJS,0,1,-2,11,0,0,0,0,0,0,5,4813,124,12,5,5,7,0,0,0
Shea Weber,MTL,D,2016-10-26,false,NYI,3,6,12,8,2,1,0,1,2,0,15,10919,207,20,15,11,9,1,0,0
Jordan Weal,PHI,C,2017-03-04,false,WSH,1,0,0,4,0,0,0,0,0,0,19,5767,131,2,2,7,2,2,2,3
Austin Watson,NSH,L,2016-11-05,false,CAR,0,0,2,12,0,0,0,0,0,0,4,4678,115,15,1,4,0,1,0,2
David Warsofsky,PIT,D,2017-03-26,false,PHI,0,1,-3,6,0,0,0,0,0,0,14,6608,158,3,12,9,3,2,0,0
Joel Ward,SJS,R,2016-10-25,false,ANA,1,0,-5,2,0,0,0,0,0,0,12,6335,150,7,6,4,2,2,21,24
Lucas Wallmark,CAR,C,2017-04-01,false,DAL,0,1,0,2,0,0,0,0,0,0,7,4275,105,11,3,3,1,2,25,22
Chris Wagner,ANA,C,2016-10-25,false,SJS,2,0,-1,2,0,0,0,0,0,0,12,4143,113,20,2,3,1,2,8,11
Radim Vrbata,ARI,R,2016-10-27,false,PHI,3,2,3,2,0,0,0,0,0,0,18,7110,151,7,2,10,1,1,2,0
Jakub Vrana,WSH,L,2016-12-13,false,NYI,1,2,0,2,1,1,0,0,1,0,16,4976,107,3,4,9,2,3,0,1
Jakub Voracek,PHI,R,2016-10-25,false,BUF,3,5,-2,24,0,3,0,0,0,0,27,7894,169,1,1,7,4,1,0,2
Marc-Edouard Vlasic,SJS,D,2016-10-25,false,ANA,1,1,0,14,0,1,0,0,1,1,10,9436,187,0,8,5,3,1,0,0
Jimmy Vesey,NYR,L,2016-10-26,false,BOS,4,1,1,0,1,1,0,0,2,0,13,6585,143,3,1,6,1,4,0,0
Kris Versteeg,CGY,R,2016-10-24,false,CHI,2,1,2,0,0,0,0,0,0,0,12,5570,129,0,2,4,3,1,2,2
Joel Vermin,TBL,R,2016-12-16,false,VAN,0,2,3,2,0,0,0,0,0,0,7,5547,126,9,5,5,1,4,1,0
Antoine Vermette,ANA,C,2016-10-25,false,SJS,0,2,0,4,0,0,0,0,0,0,8,6464,179,9,10,5,1,2,73,32
Frank Vatrano,BOS,C,2017-01-05,false,EDM,2,2,1,2,0,1,0,0,0,0,16,6134,142,9,2,6,1,2,0,0
Sami Vatanen,ANA,D,2016-10-25,false,SJS,1,3,-2,0,1,1,0,0,0,0,11,9767,197,11,17,2,1,3,0,0
Phil Varone,OTT,C,2017-03-11,false,COL,0,0,-3,2,0,0,0,0,0,0,1,3351,82,3,1,3,4,3,15,12
Thomas Vanek,DET,L,2016-10-25,false,CAR,4,4,5,4,2,2,0,0,0,0,13,5537,118,3,1,4,3,4,0,1
Chris VandeVelde,PHI,C,2016-10-25,false,BUF,0,1,-2,0,0,0,0,0,0,0,7,4185,106,12,5,2,2,2,2,1
Scottie Upshall,STL,R,2016-10-25,false,CGY,1,1,-3,4,0,0,0,0,0,0,10,4371,122,12,0,3,1,2,0,1
Fedor Tyutin,COL,D,2016-11-06,false,STL,0,3,-2,6,0,0,0,0,0,0,5,7553,176,13,7,3,3,1,0,0
Kyle Turris,OTT,C,2016-10-28,false,CGY,4,1,-2,0,1,0,0,0,1,1,16,8051,173,1,4,10,4,2,49,57
Nikita Tryamkin,VAN,D,2016-11-15,false,NYR,0,0,0,13,0,0,0,0,0,0,8,6967,157,25,7,5,4,0,0,0
Jacob Trouba,WPG,D,2016-11-23,false,MIN,0,0,-2,4,0,0,0,0,0,0,12,10132,198,12,20,10,10,5,0,0
Vincent Trocheck,FLA,C,2016-10-27,false,TOR,3,0,-4,4,0,0,0,0,0,0,20,8947,173,15,3,14,4,7,65,61
Jordin Tootoo,CHI,R,2016-10-24,false,CGY,0,0,1,7,0,0,0,0,0,0,9,2878,85,8,1,4,1,1,0,0
Tyler Toffoli,LAK,C,2016-10-27,false,NSH,2,4,4,0,1,0,0,0,0,0,24,8140,172,7,1,12,6,3,0,1
Jonathan Toews,CHI,C,2016-10-24,false,CGY,0,2,2,9,0,1,0,0,0,0,19,9045,201,5,1,5,2,3,107,69
Matthew Tkachuk,CGY,L,2016-10-28,false,OTT,1,2,2,8,0,0,0,0,0,0,12,4963,115,5,2,6,3,3,0,0
Chris Tierney,SJS,C,2016-10-25,false,ANA,0,1,-3,0,0,0,0,0,0,0,6,5622,134,1,5,3,5,2,17,33
Shawn Thornton,FLA,L,2016-12-06,false,PHI,0,1,-1,0,0,0,0,0,0,0,2,2885,71,6,0,2,2,0,0,1
Joe Thornton,SJS,C,2016-10-25,false,ANA,0,5,1,4,0,2,0,0,0,0,5,8031,168,4,0,0,5,3,35,31
Chris Thorburn,WPG,R,2016-11-04,false,DET,0,0,-3,9,0,0,0,0,0,0,4,3266,85,10,3,0,0,0,6,2
Nate Thompson,ANA,C,2017-02-14,false,MIN,0,0,1,2,0,0,0,0,0,0,5,3847,105,12,4,0,0,0,22,36
Paul Thompson,FLA,R,2016-12-16,false,COL,0,1,-3,4,0,0,0,0,0,0,7,3574,91,20,8,4,1,1,0,1
Shea Theodore,ANA,D,2016-11-22,false,NYI,0,1,-2,4,0,0,0,1,0,0,7,7808,161,0,6,9,12,0,0,0
Chris Terry,MTL,L,2016-12-20,false,ANA,1,1,0,2,0,0,0,0,0,0,7,4511,115,9,1,4,6,4,0,1
Teuvo Teravainen,CAR,L,2016-10-28,false,NYR,2,1,-4,0,1,1,0,0,0,0,7,5964,135,2,2,6,4,0,0,0
Matt Tennyson,CAR,D,2016-11-26,false,OTT,0,0,2,0,0,0,0,0,0,0,9,6146,139,9,4,1,5,3,0,0
John Tavares,NYI,C,2016-10-26,false,MTL,4,2,-1,6,1,0,0,0,0,0,23,8225,168,1,5,10,4,9,62,73
Tomas Tatar,DET,L,2016-10-25,false,CAR,1,1,-2,2,0,1,0,0,0,0,20,6766,141,5,3,7,2,2,1,1
Vladimir Tarasenko,STL,R,2016-10-25,false,CGY,4,4,0,0,1,3,0,0,0,0,33,8203,193,3,5,4,1,5,0,1
Christopher Tanev,VAN,D,2016-11-02,false,MTL,0,1,0,6,0,0,0,0,0,0,4,8467,197,3,19,4,2,1,0,0
Brandon Tanev,WPG,L,2016-10-27,false,DAL,0,0,-2,2,0,0,0,0,0,0,8,3969,112,12,2,1,1,1,0,0
Brandon Sutter,VAN,C,2016-10-25,false,OTT,1,4,1,0,0,1,0,0,1,1,18,8030,181,4,5,9,3,1,67,70
Ryan Suter,MIN,D,2016-10-25,false,BOS,2,5,1,2,1,1,0,0,0,0,15,11316,202,9,7,3,3,9,0,0
Andrej Sustr,TBL,D,2016-10-27,false,MTL,0,2,0,7,0,0,0,0,0,0,6,7023,166,4,7,3,4,5,0,0
Oskar Sundqvist,PIT,C,2017-03-24,false,NYI,0,0,0,2,0,0,0,0,0,0,7,3523,86,11,1,0,2,0,6,14
P.K. Subban,NSH,D,2016-10-27,false,LAK,2,3,-6,8,2,2,0,0,0,0,17,10241,190,9,20,5,10,3,0,0
Mark Stuart,WPG,D,2016-11-23,false,MIN,0,0,1,2,0,0,0,0,0,0,4,4803,120,9,17,1,1,1,0,0
Ryan Strome,NYI,C,2016-10-26,false,MTL,2,3,-1,0,1,0,0,0,0,0,11,5248,120,2,4,3,1,2,13,14
Mark Streit,PHI,D,2016-10-25,false,BUF,2,3,-3,6,1,2,0,0,0,0,14,8757,196,5,6,2,7,1,0,0
Anton Stralman,TBL,D,2016-10-27,false,MTL,0,3,2,0,0,2,0,0,0,0,8,9613,196,9,6,6,3,2,0,0
Michael Stone,ARI,D,2016-11-17,false,VAN,0,3,-2,2,0,1,0,0,0,0,9,8962,188,15,13,5,2,0,0,0
Mark Stone,OTT,R,2016-10-28,false,CGY,1,4,-1,2,0,0,0,0,1,0,14,7396,157,9,3,2,3,7,1,2
Karl Stollery,NJD,D,2017-01-24,false,LAK,0,3,0,11,0,3,0,0,0,0,5,6834,159,12,10,3,2,3,0,0
Chris Stewart,MIN,R,2016-10-25,false,BOS,2,2,-1,19,0,1,0,0,0,0,4,5038,123,4,1,2,4,2,0,1
Derek Stepan,NYR,C,2016-10-26,false,BOS,0,5,0,0,0,2,0,0,0,0,19,7610,179,2,8,5,3,8,59,71
Lee Stempniak,CAR,R,2016-10-28,false,NYR,4,2,2,8,1,0,0,0,0,0,12,6988,157,8,2,3,2,5,0,1
Alexander Steen,STL,L,2016-10-25,false,CGY,2,5,0,2,0,2,0,0,0,0,15,8996,211,5,5,7,1,6,16,34
Troy Stecher,VAN,D,2016-11-13,false,DAL,1,2,-3,9,0,0,0,0,0,0,20,8440,177,4,6,8,2,4,0,0
Paul Stastny,STL,C,2016-10-25,false,CGY,3,4,-2,8,2,2,0,0,1,0,9,8736,203,5,4,6,1,4,87,77
Viktor Stalberg,CAR,L,2016-10-30,false,PHI,2,0,0,4,0,0,0,0,1,0,9,5069,125,12,1,0,2,5,0,1
Matt Stajan,CGY,C,2016-10-24,false,CHI,0,3,4,2,0,0,0,0,0,0,9,5164,128,2,7,2,1,0,36,30
Drew Stafford,WPG,R,2016-11-23,false,MIN,0,1,0,2,0,0,0,0,0,0,8,5587,116,2,0,1,7,1,0,3
Eric Staal,MIN,C,2016-10-25,false,BOS,3,2,0,2,0,0,0,0,1,0,18,7904,183,5,1,4,1,6,68,55
Jordan Staal,CAR,C,2016-10-28,false,NYR,3,0,0,4,0,0,0,0,0,0,15,8156,193,13,1,2,2,4,89,39
Marc Staal,NYR,D,2016-10-26,false,BOS,1,1,0,0,0,0,0,0,0,0,9,8643,205,6,8,5,3,5,0,0
Jared Spurgeon,MIN,D,2016-11-05,false,COL,1,1,2,0,0,0,0,0,0,0,9,8919,189,2,11,2,0,0,0,0
Ryan Sproul,DET,D,2016-11-18,false,WSH,1,3,1,0,1,2,0,0,0,0,16,6895,148,4,3,5,1,1,0,0
Ryan Spooner,BOS,C,2016-10-29,false,DET,1,1,-3,4,1,0,0,0,0,0,14,6336,134,3,0,3,3,5,2,5
Jason Spezza,DAL,C,2016-11-01,false,CBJ,3,1,-7,0,0,0,0,0,1,0,17,7602,186,2,1,13,2,6,32,29
Nikita Soshnikov,TOR,R,2016-11-15,false,NSH,1,1,0,4,0,0,0,0,0,0,10,4016,104,19,0,2,1,2,1,1
Marcus Sorensen,SJS,R,2017-03-12,false,DAL,1,2,2,2,0,0,0,0,1,0,9,3986,105,7,3,3,2,4,0,0
Carl Soderberg,COL,C,2016-10-29,false,ARI,2,1,3,2,0,0,0,0,0,0,11,7356,161,3,9,5,2,4,42,40
Devante Smith-Pelly,NJD,R,2016-10-28,false,CHI,0,2,-2,2,0,1,0,0,0,0,13,6278,136,9,2,5,3,3,4,5
Craig Smith,NSH,R,2016-10-29,false,SJS,2,0,-1,6,1,0,0,0,0,0,17,5917,137,6,1,15,4,2,8,8
Brendan Smith,DET,D,2016-10-25,false,CAR,0,0,0,11,0,0,0,0,0,0,10,6955,164,7,8,5,5,0,0,0
Ben Smith,TOR,R,2016-10-29,false,MTL,0,0,-3,0,0,0,0,0,0,0,5,4876,122,4,4,1,2,0,42,37
Reilly Smith,FLA,R,2016-10-27,false,TOR,1,1,-2,0,1,0,0,0,0,0,14,8258,176,5,3,6,3,9,1,0
Gemel Smith,DAL,C,2016-11-06,false,CHI,2,1,2,4,0,0,1,0,0,0,13,5198,137,2,3,2,2,2,18,21
Zack Smith,OTT,C,2016-10-28,false,CGY,2,1,1,8,0,0,1,0,0,0,14,7124,163,16,1,5,7,3,32,23
Anton Slepyshev,EDM,L,2016-11-15,false,ANA,1,0,1,2,0,0,0,0,0,0,15,4419,100,11,2,1,2,1,0,0
Jaccob Slavin,CAR,D,2016-10-28,false,NYR,0,2,-1,2,0,0,0,0,0,0,12,9324,191,3,15,2,3,4,0,0
Brady Skjei,NYR,D,2016-10-26,false,BOS,0,2,1,2,0,0,0,0,0,0,8,6367,145,15,5,4,6,0,0,0
Jeff Skinner,CAR,L,2016-10-30,false,PHI,5,6,0,2,1,3,0,0,0,0,29,7308,163,7,1,6,3,6,2,5
Jack Skille,VAN,R,2016-11-07,false,NYI,0,0,-5,2,0,0,0,0,0,0,10,4581,111,16,4,2,3,0,0,0
Colton Sissons,NSH,C,2016-10-29,false,SJS,0,0,-2,0,0,0,0,0,0,0,4,4400,115,14,2,1,3,2,32,39
Wayne Simmonds,PHI,R,2016-10-25,false,BUF,4,2,-2,12,3,1,0,0,0,0,20,8588,189,22,4,12,2,0,0,1
Jakob Silfverberg,ANA,R,2016-10-25,false,SJS,0,1,1,2,0,0,0,0,0,0,14,8299,196,3,6,5,4,6,1,1
Nick Shore,LAK,C,2016-10-27,false,NSH,0,1,-4,6,0,0,0,0,0,0,10,5033,124,4,1,3,3,1,36,41
Devin Shore,DAL,C,2016-10-27,false,WPG,1,5,2,0,0,1,0,0,0,0,10,6328,150,3,8,6,0,6,40,48
Drew Shore,VAN,C,2017-03-26,false,WPG,0,2,-1,4,0,0,0,0,0,0,4,4572,113,9,1,2,0,2,13,10
Conor Sheary,PIT,L,2016-11-10,false,MIN,3,4,7,0,0,0,0,0,1,0,9,5289,124,4,5,4,2,0,0,0
Riley Sheahan,DET,C,2016-10-25,false,CAR,0,1,-3,4,0,0,0,0,0,0,14,6160,152,1,4,3,0,1,4,5
Logan Shaw,ANA,C,2016-12-07,false,CAR,1,0,1,0,0,0,0,0,0,0,11,3129,92,5,3,2,0,1,11,24
Andrew Shaw,MTL,C,2016-10-26,false,NYI,1,0,4,10,0,0,0,0,0,0,10,5818,138,15,1,4,4,1,27,20
Kevin Shattenkirk,STL,D,2016-10-25,false,CGY,2,3,-4,2,2,3,0,0,0,0,15,8544,183,6,5,4,2,2,0,0
Patrick Sharp,DAL,L,2016-11-23,false,NSH,1,1,-2,8,0,0,1,0,0,0,17,6813,152,9,3,7,3,0,4,5
Michael Sgarbossa,ANA,C,2016-11-10,false,CAR,0,2,-2,0,0,1,0,0,0,0,7,4353,109,4,3,4,2,0,28,33
Damon Severson,NJD,D,2016-10-28,false,CHI,0,4,-5,4,0,4,0,0,0,0,10,8104,173,6,7,2,10,2,0,0
Devin Setoguchi,LAK,R,2016-10-27,false,NSH,0,2,1,0,0,0,0,0,0,0,7,5586,124,5,0,6,4,4,1,0
Tom Sestito,PIT,L,2016-11-03,false,LAK,0,1,0,14,0,0,0,0,0,0,2,2331,63,15,1,0,0,0,0,0
Andrej Sekera,EDM,D,2016-10-26,false,WSH,0,3,3,4,0,1,0,0,0,0,7,9295,192,5,13,7,4,4,0,0
Dennis Seidenberg,NYI,D,2016-10-26,false,MTL,2,0,6,4,0,0,0,0,0,0,9,7889,160,8,21,3,7,1,0,0
Tyler Seguin,DAL,C,2016-10-27,false,WPG,4,3,-2,0,2,2,0,0,1,0,24,8110,174,6,0,16,5,3,50,43
Lukas Sedlak,CBJ,C,2016-11-04,false,MTL,0,2,3,0,0,0,0,0,0,0,9,4502,110,8,6,2,2,5,23,22
Daniel Sedin,VAN,L,2016-10-25,false,OTT,2,2,-3,2,1,1,0,0,1,0,17,8028,167,2,2,6,2,0,0,0
Henrik Sedin,VAN,C,2016-10-25,false,OTT,3,2,-4,2,1,1,0,0,1,1,10,8199,163,2,1,6,5,1,59,51
Brent Seabrook,CHI,D,2016-10-24,false,CGY,1,4,3,2,1,1,0,0,0,0,12,9896,211,11,8,5,11,0,0,0
Jaden Schwartz,STL,L,2016-11-03,false,DAL,1,1,-2,2,0,0,0,0,1,0,14,8096,189,6,5,6,2,5,24,19
Justin Schultz,PIT,D,2016-10-25,false,FLA,0,1,-2,4,0,1,0,0,0,0,16,7553,173,6,3,3,3,0,0,0
Nick Schultz,PHI,D,2016-10-29,false,PIT,0,3,1,0,0,0,0,0,0,0,4,7228,174,13,16,4,5,1,0,0
Jordan Schroeder,MIN,C,2016-12-31,false,CBJ,2,2,1,0,0,0,0,0,0,0,12,3748,93,7,4,3,0,0,0,0
Nate Schmidt,WSH,D,2016-10-29,false,VAN,0,2,1,2,0,0,0,0,0,0,8,6137,130,6,4,2,6,3,0,0
Nick Schmaltz,CHI,C,2016-10-24,false,CGY,1,0,-2,2,0,0,0,0,0,0,5,4756,114,3,3,1,3,3,20,43
Jordan Schmaltz,STL,D,2017-04-06,false,FLA,0,2,1,4,0,1,0,0,0,0,3,5973,154,3,8,1,2,0,0,0
David Schlemko,SJS,D,2016-10-25,false,ANA,0,0,1,2,0,0,0,0,0,0,17,7070,154,6,9,4,5,3,0,0
Luke Schenn,ARI,D,2016-10-27,false,PHI,0,0,0,0,0,0,0,0,0,0,10,6850,158,22,9,3,4,2,0,0
Brayden Schenn,PHI,C,2016-10-30,false,CAR,2,4,-3,9,2,2,0,0,0,0,12,7903,167,19,4,9,4,1,2,2
Mark Scheifele,WPG,C,2016-10-27,false,DAL,4,4,1,4,1,1,0,0,1,1,21,9087,174,6,6,4,2,7,65,90
Tim Schaller,BOS,C,2016-11-01,false,FLA,1,2,1,13,0,0,0,0,1,0,11,4840,116,7,5,8,4,3,7,3
Colton Sceviour,FLA,C,2016-10-27,false,TOR,2,1,-1,4,0,1,1,0,1,0,16,5527,124,9,5,3,1,3,1,2
Marco Scandella,MIN,D,2016-10-27,false,BUF,0,1,-6,0,0,0,0,0,0,0,8,6871,153,4,6,3,5,0,0,0
Luca Sbisa,VAN,D,2016-10-25,false,OTT,0,1,0,2,0,0,0,0,0,0,2,6689,155,11,14,1,7,2,0,0
David Savard,CBJ,D,2016-10-28,false,ANA,0,2,0,4,0,0,0,0,0,0,7,9453,197,12,13,13,2,0,0,0
Steven Santini,NJD,D,2017-01-13,false,CGY,1,2,7,0,0,0,0,0,0,0,6,6385,144,19,5,3,1,0,0,0
Zach Sanford,WSH,L,2016-11-01,false,WPG,0,1,0,2,0,0,0,0,0,0,6,4435,99,5,1,2,5,2,4,0
Brandon Saad,CBJ,L,2016-10-28,false,ANA,3,2,3,0,0,0,0,0,0,0,19,7003,160,3,2,6,1,3,1,1
Bobby Ryan,OTT,R,2016-10-28,false,CGY,2,2,0,2,1,0,0,0,0,0,14,6563,143,7,4,1,7,2,0,0
Derek Ryan,CAR,C,2016-11-26,false,OTT,0,1,-2,2,0,1,0,0,0,0,4,5584,126,7,4,4,3,2,35,27
Bryan Rust,PIT,R,2016-11-02,false,ANA,1,0,-4,0,0,0,0,0,0,0,14,5018,135,11,2,2,1,2,0,0
Robbie Russo,DET,D,2017-03-18,false,COL,0,0,-2,0,0,0,0,0,0,0,3,6705,142,7,6,4,7,0,0,0
Kris Russell,EDM,D,2016-10-26,false,WSH,0,3,7,0,0,0,0,0,0,0,9,8965,192,5,25,2,7,5,0,0
Chad Ruhwedel,PIT,D,2017-01-18,false,MTL,1,1,3,0,0,0,0,0,0,0,12,7211,171,7,3,4,4,1,0,0
Michal Rozsival,CHI,D,2016-11-25,false,ANA,0,1,1,4,0,0,0,0,0,0,6,6500,151,16,10,3,1,0,0,0
Carter Rowney,PIT,R,2017-02-14,false,VAN,0,1,0,0,0,0,0,0,0,0,5,4447,105,11,6,4,1,2,31,24
Antoine Roussel,DAL,L,2016-10-27,false,WPG,1,2,4,22,0,0,0,0,1,0,10,5803,154,5,4,4,5,1,0,0
Evan Rodrigues,BUF,L,2017-02-18,false,STL,0,2,0,0,0,0,0,0,0,0,8,5179,118,2,1,2,2,2,19,28
Brett Ritchie,DAL,R,2016-10-27,false,WPG,2,1,2,4,0,0,0,0,0,0,13,5779,140,8,1,5,0,1,0,0
Nick Ritchie,ANA,L,2016-10-25,false,SJS,1,1,1,6,0,0,0,0,1,0,17,6892,161,33,2,11,0,1,1,1
Rasmus Ristolainen,BUF,D,2016-10-29,false,FLA,0,7,-3,8,0,6,0,0,0,0,13,10533,221,15,11,8,5,4,0,0
Morgan Rielly,TOR,D,2016-10-27,false,FLA,0,4,-1,2,0,0,0,0,0,0,11,9539,223,2,15,10,7,1,0,0
Tobias Rieder,ARI,R,2016-10-27,false,PHI,1,2,-1,0,0,0,0,1,0,0,12,6932,157,3,3,3,3,3,0,2
Mike Ribeiro,NSH,C,2016-10-27,false,LAK,1,3,-1,6,1,1,0,0,0,0,7,6447,141,4,1,2,3,0,34,34
Sam Reinhart,BUF,C,2016-10-29,false,FLA,1,3,-1,2,1,2,0,0,0,0,18,7336,154,2,1,6,4,0,17,24
Mike Reilly,MIN,D,2016-11-17,false,BOS,0,0,-1,2,0,0,0,0,0,0,8,5480,116,0,1,8,3,0,0,0
Zach Redmond,MTL,D,2016-12-23,false,CBJ,0,4,5,2,0,0,0,0,0,0,4,5274,117,14,9,1,6,3,0,0
Ryan Reaves,STL,R,2016-10-25,false,CGY,0,0,-3,0,0,0,0,0,0,0,5,2639,74,15,0,4,0,1,0,0
Matt Read,PHI,R,2016-10-25,false,BUF,5,0,-1,0,1,0,0,0,0,0,19,6197,151,14,4,2,3,2,0,3
Ty Rattie,CAR,R,2017-01-08,false,BOS,0,1,-1,0,0,0,0,0,0,0,8,4269,102,8,3,2,0,3,0,0
Dennis Rasmussen,CHI,C,2016-10-30,false,LAK,1,0,0,0,0,0,0,0,0,0,9,4489,131,7,7,3,1,3,5,7
Victor Rask,CAR,C,2016-10-28,false,NYR,4,5,2,0,2,1,0,0,0,0,16,7654,177,3,2,3,5,3,52,60
Mikko Rantanen,COL,R,2016-11-08,false,ARI,0,1,-6,2,0,1,0,0,0,0,16,7527,158,0,5,3,0,3,6,1
Rickard Rakell,ANA,C,2016-11-12,false,NSH,4,3,1,0,0,2,0,0,2,0,22,7163,164,16,4,5,2,2,9,7
Michael Raffl,PHI,L,2016-11-12,false,MIN,1,1,2,0,0,0,0,0,0,0,7,5142,125,11,2,6,1,1,1,0
Alexander Radulov,MTL,R,2016-10-26,false,NYI,2,3,2,16,1,1,0,0,0,0,12,7183,161,9,5,5,4,5,0,0
Alan Quine,NYI,C,2016-11-03,false,PHI,1,0,1,2,0,0,0,0,1,0,6,3834,97,14,2,0,2,2,9,8
Kyle Quincey,NJD,D,2016-10-28,false,CHI,0,0,0,8,0,0,0,0,0,0,7,7236,169,17,5,1,2,2,0,0
John Quenneville,NJD,C,2017-03-23,false,TOR,1,2,1,2,1,0,0,0,0,0,13,5624,134,9,5,4,3,1,0,0
Mark Pysyk,FLA,D,2016-10-27,false,TOR,1,0,2,2,0,0,0,0,0,0,3,6394,123,2,6,6,2,3,0,0
Tom Pyatt,OTT,L,2016-10-28,false,CGY,2,1,0,0,0,0,0,1,0,0,11,6683,162,5,7,5,2,4,2,6
Teemu Pulkkinen,MIN,L,2016-10-25,false,BOS,1,0,-1,0,0,0,0,0,0,0,4,3719,95,2,2,2,1,2,0,0
Jesse Puljujarvi,EDM,R,2016-10-30,false,OTT,1,1,0,0,1,0,0,0,0,0,14,4948,107,5,0,5,5,6,0,0
Matt Puempel,OTT,L,2016-11-05,false,BUF,0,0,-1,5,0,0,0,0,0,0,8,3536,87,4,2,2,0,2,0,1
Ivan Provorov,PHI,D,2016-10-25,false,BUF,0,4,-4,2,0,1,0,0,0,0,9,8755,199,13,14,5,6,2,0,0
Dalton Prout,CBJ,D,2016-11-10,false,BOS,0,0,-1,8,0,0,0,0,0,0,2,6205,144,14,8,2,3,1,0,0
Nate Prosser,MIN,D,2016-11-05,false,COL,0,1,0,0,0,0,0,0,0,0,5,5790,137,5,11,3,2,0,0,0
Shane Prince,NYI,L,2016-11-05,false,EDM,3,3,-1,4,1,0,0,0,0,0,12,5324,122,9,0,2,3,2,1,1
Benoit Pouliot,EDM,L,2016-10-26,false,WSH,3,1,1,16,0,0,0,0,1,0,9,5987,152,5,8,10,4,2,0,3
Derrick Pouliot,PIT,D,2016-12-28,false,CAR,0,0,-3,4,0,0,0,0,0,0,10,6068,137,8,5,3,2,0,0,0
Paul Postma,WPG,D,2016-11-01,false,WSH,0,0,-3,0,0,0,0,0,0,0,4,4607,108,3,5,0,2,1,0,0
Jason Pominville,MIN,R,2016-10-25,false,BOS,2,1,1,0,0,0,0,0,0,0,11,5872,143,4,3,3,1,3,2,2
Roman Polak,TOR,D,2016-11-01,false,EDM,1,1,-2,4,0,0,0,0,0,0,7,7114,167,20,12,3,4,0,0,0
Brayden Point,TBL,C,2016-10-27,false,MTL,0,3,3,0,0,0,0,0,0,0,17,6642,133,4,2,6,3,2,2,0
Tomas Plekanec,MTL,C,2016-10-26,false,NYI,0,3,1,2,0,2,0,0,0,0,17,7358,179,3,7,4,3,2,60,73
Brandon Pirri,NYR,R,2016-10-26,false,BOS,4,2,3,0,2,1,0,0,2,0,9,4783,107,3,3,8,5,4,5,7
Alex Pietrangelo,STL,D,2016-10-25,false,CGY,1,3,0,2,1,2,0,0,1,0,14,11042,215,5,11,4,4,5,0,0
Blake Pietila,NJD,L,2017-03-23,false,TOR,0,0,-6,4,0,0,0,0,0,0,5,5241,116,13,3,1,0,1,22,21
Dion Phaneuf,OTT,D,2016-10-28,false,CGY,0,1,-7,15,0,1,0,0,0,0,18,9020,220,18,15,7,4,0,0,0
Jeff Petry,MTL,D,2016-10-27,false,TBL,2,4,1,2,1,2,0,0,0,0,8,9031,188,18,12,5,6,1,0,0
Alex Petrovic,FLA,D,2016-10-27,false,TOR,0,2,2,0,0,0,0,0,0,0,5,6825,130,14,4,6,2,3,0,0
Nic Petan,WPG,L,2016-11-15,false,CHI,1,4,-1,0,0,3,0,0,0,0,13,6752,146,1,2,3,2,6,35,25
Brett Pesce,CAR,D,2016-10-28,false,NYR,0,2,0,2,0,0,0,0,0,0,9,8418,184,3,15,4,3,3,0,0
Corey Perry,ANA,R,2016-10-25,false,SJS,3,2,-1,10,0,1,0,0,0,0,25,8225,175,9,1,6,1,4,0,1
David Perron,STL,L,2016-10-25,false,CGY,3,1,-1,2,1,0,0,0,1,0,17,7788,193,6,3,7,1,3,11,12
Mathieu Perreault,WPG,C,2016-10-27,false,DAL,1,2,-2,6,0,1,0,0,0,0,19,7115,145,13,1,6,3,5,55,52
Brendan Perlini,ARI,L,2016-12-15,false,TOR,1,1,-1,4,0,0,0,0,0,0,7,5959,130,7,0,7,1,2,1,0
Adam Pelech,NYI,D,2016-11-23,false,LAK,1,2,-2,0,0,0,0,0,0,0,8,6598,134,10,9,6,3,3,0,0
Matthew Peca,TBL,C,2017-01-08,false,PIT,1,1,-3,0,0,0,0,0,0,0,7,5165,119,9,2,7,2,0,31,32
Tanner Pearson,LAK,L,2016-10-30,false,CHI,4,2,2,0,1,0,0,0,0,0,21,6663,156,10,1,10,2,4,0,2
Joe Pavelski,SJS,C,2016-10-25,false,ANA,3,6,3,10,1,2,0,0,1,0,26,8109,173,14,12,14,7,4,36,41
Greg Pateryn,MTL,D,2016-10-29,false,TOR,0,2,3,0,0,0,0,0,0,0,6,6351,142,6,13,4,3,3,0,0
David Pastrnak,BOS,R,2016-10-26,false,NYR,5,3,7,2,1,0,0,0,1,0,26,6625,139,6,3,7,4,1,0,1
Zach Parise,MIN,L,2016-10-25,false,BOS,2,3,-3,8,0,1,0,0,0,0,26,7717,179,7,11,10,2,6,0,0
PA Parenteau,NJD,R,2016-10-28,false,CHI,3,1,-2,2,1,0,0,0,0,0,13,5784,130,8,0,0,5,4,0,1
Colton Parayko,STL,D,2016-10-25,false,CGY,0,3,-2,8,0,1,0,0,0,0,14,8620,201,4,16,4,5,2,0,0
Cedric Paquette,TBL,C,2016-10-27,false,MTL,1,1,-1,7,0,0,0,0,0,0,5,3764,94,13,2,2,0,4,0,4
Richard Panik,CHI,R,2016-10-24,false,CGY,6,2,4,4,2,0,0,0,1,0,11,6962,158,17,0,5,2,1,0,2
Artemi Panarin,CHI,L,2016-10-24,false,CGY,2,3,5,2,1,0,0,0,0,0,14,8834,168,2,0,8,5,4,0,0
Kyle Palmieri,NJD,R,2016-10-28,false,CHI,2,2,2,4,1,1,0,0,0,0,16,6772,149,12,2,6,6,2,1,4
Ondrej Palat,TBL,L,2016-10-27,false,MTL,1,3,-5,7,0,2,0,0,0,0,13,7318,153,14,4,4,3,10,0,0
Iiro Pakarinen,EDM,R,2017-02-26,false,NSH,1,2,2,0,0,0,0,0,0,0,8,3410,98,17,6,3,0,0,0,0
Jean-Gabriel Pageau,OTT,C,2016-10-28,false,CGY,1,1,3,0,0,0,0,0,0,0,13,6535,162,12,8,4,3,3,42,29
Max Pacioretty,MTL,L,2016-10-26,false,NYI,1,5,6,6,0,1,0,0,1,0,22,7319,166,10,1,16,4,2,0,0
Magnus Paajarvi,STL,L,2017-02-15,false,DET,2,1,3,0,0,0,0,0,2,0,13,4832,124,5,5,2,0,4,1,1
Alex Ovechkin,WSH,L,2016-10-29,false,VAN,4,1,0,6,1,0,0,0,2,0,29,7850,150,20,1,8,5,8,0,1
Xavier Ouellet,DET,D,2016-11-26,false,MTL,0,1,3,0,0,0,0,0,0,0,9,6277,136,3,5,1,2,2,0,0
Steve Ott,DET,C,2016-10-30,false,FLA,0,1,2,12,0,0,0,0,0,0,7,4138,107,16,2,1,0,1,14,8
T.J. Oshie,WSH,R,2016-10-29,false,VAN,3,1,3,8,1,1,0,0,0,0,20,7298,152,7,5,5,6,5,9,12
Brooks Orpik,WSH,D,2016-10-29,false,VAN,0,2,5,0,0,0,0,0,0,0,6,7103,143,13,16,3,6,3,0,0
Dmitry Orlov,WSH,D,2016-10-29,false,VAN,0,2,-1,0,0,1,0,0,0,0,9,8183,159,11,7,4,6,7,0,0
Gustav Olofsson,MIN,D,2017-02-18,false,NSH,0,2,0,0,0,1,0,0,0,0,4,6232,126,7,11,4,1,2,0,0
Steve Oleksy,PIT,D,2017-01-08,false,TBL,0,1,3,16,0,0,0,0,0,0,8,6087,144,16,12,3,1,1,0,0
Jamie Oleksiak,DAL,D,2016-11-23,false,NSH,1,1,2,12,0,0,0,1,0,0,3,6130,145,5,10,1,2,0,0,0
Kyle Okposo,BUF,R,2016-10-30,false,WPG,4,3,2,4,1,3,0,0,0,0,16,7838,159,4,0,9,3,0,1,3
Johnny Oduya,DAL,D,2016-10-27,false,WPG,0,2,0,4,0,0,0,0,0,0,7,7638,175,2,17,4,5,0,0,0
Ryan O'Reilly,BUF,C,2016-10-29,false,FLA,3,3,-2,0,2,2,0,0,1,0,20,9285,181,1,2,6,6,5,105,63
Cal O'Reilly,BUF,C,2017-01-20,false,DET,0,0,-3,0,0,0,0,0,0,0,2,3931,85,1,2,0,1,2,26,25
Gustav Nyquist,DET,R,2016-10-25,false,CAR,3,5,6,2,0,1,0,0,2,0,14,6366,140,5,0,4,2,5,1,0
William Nylander,TOR,C,2016-10-27,false,FLA,4,5,1,4,3,2,0,0,0,0,27,6508,147,2,3,10,2,5,13,15
Markus Nutivaara,CBJ,D,2016-10-28,false,ANA,0,0,-2,2,0,0,0,0,0,0,2,5442,120,4,2,2,1,2,0,0
Darnell Nurse,EDM,D,2016-10-26,false,WSH,1,2,0,4,0,0,0,0,0,0,7,7272,165,15,7,3,5,1,0,0
Ryan Nugent-Hopkins,EDM,C,2016-10-26,false,WSH,0,4,1,4,0,0,0,0,0,0,14,7286,170,5,0,5,1,4,45,60
Tomas Nosek,DET,L,2017-04-01,false,TOR,1,0,-1,2,0,0,0,0,0,0,15,4164,99,10,2,3,0,4,23,18
Joakim Nordstrom,CAR,L,2016-10-28,false,NYR,0,2,-2,2,0,0,0,0,0,0,9,6445,159,7,6,4,3,5,0,1
Jordan Nolan,LAK,C,2016-11-15,false,COL,0,1,-2,11,0,0,0,0,0,0,4,3661,85,8,0,1,1,0,0,0
Nelson Nogier,WPG,D,2017-04-01,false,OTT,0,0,-3,5,0,0,0,0,0,0,6,4793,110,11,3,0,4,0,0,0
Stefan Noesen,ANA,R,2016-12-20,false,MTL,1,0,1,2,0,0,0,0,0,0,7,2912,77,8,1,1,2,0,16,28
Matt Niskanen,WSH,D,2016-10-29,false,VAN,0,5,3,2,0,0,0,0,0,0,11,9195,190,13,11,6,8,5,0,0
Matt Nieto,SJS,L,2016-11-15,false,CAR,0,0,-4,0,0,0,0,0,0,0,10,5008,122,10,4,4,0,3,0,2
Frans Nielsen,DET,C,2016-10-25,false,CAR,1,2,-1,0,0,2,0,0,0,0,10,7332,175,4,3,2,2,1,42,57
Nino Niederreiter,MIN,R,2016-10-25,false,BOS,1,3,4,2,0,0,0,0,0,0,12,5668,134,13,1,3,3,2,0,1
Andrej Nestrasil,CAR,C,2016-11-08,false,NJD,1,1,-4,0,0,0,0,0,0,0,17,5357,126,7,2,2,3,2,2,2
Nikita Nesterov,TBL,D,2016-10-27,false,MTL,0,0,1,10,0,0,0,0,0,0,11,7140,153,12,5,4,6,0,0,0
Patrik Nemeth,DAL,D,2016-11-06,false,CHI,0,0,1,2,0,0,0,0,0,0,7,7008,153,9,7,1,3,1,0,0
Brock Nelson,NYI,C,2016-10-26,false,MTL,2,3,1,2,0,1,0,1,0,0,12,6556,168,3,8,4,2,5,41,50
Casey Nelson,BUF,D,2016-11-12,false,NJD,0,0,-2,2,0,0,0,0,0,0,7,5293,136,11,3,2,1,0,0,0
Chris Neil,OTT,R,2016-10-28,false,CGY,1,0,-1,11,0,0,0,0,0,0,10,3464,94,12,6,2,3,1,0,0
James Neal,NSH,L,2016-10-27,false,LAK,0,1,-7,9,0,0,0,0,0,0,27,8350,174,5,6,5,3,0,1,0
Rick Nash,NYR,R,2016-10-26,false,BOS,3,2,-4,2,1,1,0,0,0,0,24,7045,167,4,8,5,5,6,0,0
Riley Nash,BOS,C,2016-10-26,false,NYR,0,0,-2,4,0,0,0,0,0,0,8,5823,136,2,4,6,1,4,39,35
Vladislav Namestnikov,TBL,C,2016-10-27,false,MTL,2,2,2,4,2,1,0,0,0,0,10,6208,129,5,2,3,1,2,9,12
Jake Muzzin,LAK,D,2016-10-27,false,NSH,1,0,-3,6,1,0,0,0,0,0,12,9829,226,16,13,6,4,3,0,0
Ryan Murray,CBJ,D,2016-11-10,false,BOS,0,1,0,2,0,0,0,0,0,0,4,7607,177,3,12,0,1,0,0,0
Ryan Murphy,CAR,D,2016-12-31,false,TBL,0,2,-5,0,0,0,0,0,0,0,1,6458,141,2,8,3,3,3,0,0
Connor Murphy,ARI,D,2016-10-27,false,PHI,0,3,0,6,0,0,0,0,0,0,6,9045,198,15,14,1,1,0,0,0
Matt Moulson,BUF,L,2016-10-29,false,FLA,4,1,-2,0,4,1,0,0,0,0,21,5908,130,8,5,4,0,3,0,0
Tyler Motte,CHI,L,2016-10-24,false,CGY,2,2,3,10,0,0,0,0,0,0,11,5925,157,7,6,3,0,6,0,2
Joe Morrow,BOS,D,2016-11-24,false,OTT,0,1,-1,4,0,0,0,0,0,0,11,6745,145,12,6,4,2,0,0,0
Josh Morrissey,WPG,D,2016-10-27,false,DAL,0,1,1,0,0,0,0,0,0,0,11,7250,161,12,7,2,2,0,0,0
Dominic Moore,BOS,C,2016-10-26,false,NYR,2,0,-1,6,0,0,0,0,0,0,12,5479,134,3,4,1,2,1,21,27
John Moore,NJD,D,2016-10-28,false,CHI,1,1,2,10,0,0,0,0,0,0,11,7847,177,5,9,3,3,0,0,0
Brandon Montour,ANA,D,2017-02-07,false,NYR,1,0,2,4,0,0,0,0,0,0,16,6738,132,1,6,6,5,1,0,0
Sean Monahan,CGY,C,2016-10-24,false,CHI,3,0,-6,2,1,0,0,0,1,1,15,8491,181,4,4,6,6,4,76,74
Torrey Mitchell,MTL,C,2016-10-26,false,NYI,3,0,4,2,0,0,0,0,1,0,5,5231,136,1,5,4,2,2,43,27
John Mitchell,COL,C,2016-11-08,false,ARI,0,0,0,2,0,0,0,0,0,0,5,4065,102,6,4,2,0,1,23,19
Zack Mitchell,MIN,R,2016-11-23,false,WPG,0,0,0,0,0,0,0,0,0,0,7,3566,87,12,2,4,1,0,10,8
Drew Miller,DET,L,2016-10-25,false,CAR,2,0,0,2,0,0,0,0,1,0,8,5529,135,7,7,1,0,3,1,0
Kevan Miller,BOS,D,2016-12-05,false,FLA,0,0,1,0,0,0,0,0,0,0,10,8233,179,20,9,4,1,0,0,0
J.T. Miller,NYR,L,2016-10-26,false,BOS,2,4,1,6,1,1,0,0,0,0,20,6497,153,13,6,4,5,3,12,15
Colin Miller,BOS,D,2016-10-26,false,NYR,0,1,-5,2,0,0,0,0,0,0,10,7109,164,8,5,10,3,1,0,0
Marc Methot,OTT,D,2016-10-28,false,CGY,0,2,5,4,0,0,0,0,0,0,13,8598,207,13,9,0,4,1,0,0
Jon Merrill,NJD,D,2016-12-15,false,STL,0,0,-3,6,0,0,0,0,0,0,3,6163,145,8,6,3,4,1,0,0
Julian Melchiori,WPG,D,2017-03-16,false,NYI,0,0,-3,4,0,0,0,0,0,0,2,6748,149,10,11,2,6,1,0,0
Timo Meier,SJS,R,2016-12-31,false,LAK,1,0,-2,4,0,0,0,0,1,0,22,5143,131,18,1,4,7,5,0,0
Jayson Megna,VAN,C,2016-11-29,false,MIN,1,0,-1,2,0,0,0,0,0,0,8,4063,98,11,2,1,0,3,0,0
Adam McQuaid,BOS,D,2016-11-07,false,BUF,0,0,-3,11,0,0,0,0,0,0,10,7366,180,12,10,6,2,0,0,0
Brayden McNabb,LAK,D,2016-10-27,false,NSH,2,0,3,11,0,0,0,0,0,0,5,8879,201,12,6,8,7,1,0,0
Cody McLeod,COL,L,2016-11-13,false,BOS,0,0,0,19,0,0,0,0,0,0,2,2924,71,10,0,1,0,0,0,0
Curtis McKenzie,DAL,L,2016-11-03,false,STL,0,2,1,5,0,0,0,0,0,0,6,3719,97,11,1,2,0,0,1,1
Greg McKegg,FLA,C,2016-10-27,false,TOR,0,2,0,4,0,0,0,0,0,0,5,4612,111,7,1,3,2,2,6,2
Jamie McGinn,ARI,L,2016-11-08,false,COL,3,2,0,6,0,0,0,0,1,0,15,5856,141,12,5,2,3,0,0,0
Brock McGinn,CAR,L,2016-12-01,false,BOS,0,0,-2,0,0,0,0,0,0,0,5,4115,106,7,2,2,2,4,0,2
Ryan McDonagh,NYR,D,2016-10-26,false,BOS,0,6,3,2,0,2,0,0,0,0,12,10503,214,8,13,5,8,3,0,0
Connor McDavid,EDM,C,2016-10-26,false,WSH,4,7,7,6,0,3,0,0,1,0,17,8883,185,1,2,8,6,4,42,48
Max McCormick,OTT,R,2017-02-24,false,CAR,0,0,-3,0,0,0,0,0,0,0,7,2839,72,13,1,2,0,2,15,9
Jay McClement,CAR,C,2016-10-28,false,NYR,0,0,-5,0,0,0,0,0,0,0,4,4785,124,7,2,3,0,4,27,20
Michael McCarron,MTL,R,2016-12-29,false,FLA,0,3,3,7,0,0,0,0,0,0,9,4348,107,19,2,4,2,3,21,18
Jared McCann,FLA,C,2016-10-27,false,TOR,0,0,-1,0,0,0,0,0,0,0,8,4021,94,7,1,2,3,5,7,9
Jake McCabe,BUF,D,2016-10-29,false,FLA,0,1,-1,4,0,0,0,0,0,0,0,7529,179,6,7,3,2,1,0,0
Scott Mayfield,NYI,D,2017-01-26,false,MTL,1,3,5,19,0,0,0,0,0,0,9,5301,114,6,9,3,3,3,0,0
Shawn Matthias,WPG,L,2016-10-27,false,DAL,1,1,2,4,0,0,0,0,0,0,9,5443,129,7,2,7,3,0,1,3
Auston Matthews,TOR,C,2016-10-27,false,FLA,6,4,0,0,1,3,0,0,0,0,30,7023,147,0,5,5,6,3,42,38
Michael Matheson,FLA,D,2016-10-27,false,TOR,2,2,2,2,0,1,0,0,0,0,19,8305,147,5,9,3,8,6,1,0
Andreas Martinsen,COL,L,2016-10-29,false,ARI,1,0,1,4,0,0,0,0,0,0,9,4813,124,16,3,4,0,4,1,0
Jordan Martinook,ARI,L,2016-10-27,false,PHI,3,2,0,4,0,0,0,1,0,0,14,6056,149,5,3,4,1,3,9,19
Alec Martinez,LAK,D,2016-10-27,false,NSH,2,5,2,0,0,2,0,0,2,2,17,9360,225,12,15,10,3,0,0,0
Paul Martin,SJS,D,2016-10-25,false,ANA,0,1,-3,2,0,0,0,0,0,0,5,7801,167,5,13,2,5,1,0,0
Matt Martin,TOR,L,2016-10-27,false,FLA,0,0,-2,12,0,0,0,0,0,0,7,4593,112,25,2,3,1,4,0,4
Patrick Maroon,EDM,L,2016-10-26,false,WSH,2,0,1,6,0,0,0,0,0,0,16,6311,143,12,0,4,3,1,1,1
Mitchell Marner,TOR,C,2016-10-27,false,FLA,1,5,0,12,0,0,0,0,1,0,19,6937,153,3,9,4,3,4,2,1
Patrick Marleau,SJS,L,2016-10-25,false,ANA,2,1,-2,2,1,1,0,0,1,0,21,7090,142,7,1,1,1,2,1,2
Andrei Markov,MTL,D,2016-10-26,false,NYI,0,3,0,0,0,1,0,1,0,0,11,8985,187,3,8,5,4,4,0,0
Martin Marincin,TOR,D,2016-11-01,false,EDM,0,1,-5,0,0,0,0,0,0,0,11,8826,190,8,9,9,3,2,0,0
Jonathan Marchessault,FLA,C,2016-10-27,false,TOR,5,5,5,0,1,2,0,0,1,0,23,7553,150,10,1,9,4,7,22,19
Alexey Marchenko,DET,D,2016-10-25,false,CAR,0,2,2,6,0,0,0,0,0,0,7,8229,195,1,12,4,5,0,0,0
Brad Marchand,BOS,L,2016-10-26,false,NYR,3,7,7,8,0,1,0,0,1,0,15,7737,164,5,3,5,5,7,3,1
Anthony Mantha,DET,R,2016-11-26,false,MTL,2,2,0,0,0,1,0,0,0,0,21,6964,153,4,8,6,3,2,1,0
Josh Manson,ANA,D,2016-10-25,false,SJS,0,1,1,6,0,0,0,0,0,0,7,8029,178,17,7,2,9,2,0,0
Brandon Manning,PHI,D,2016-10-25,false,BUF,1,4,6,4,0,0,0,0,0,0,8,7527,185,23,7,1,6,0,0,0
Evgeni Malkin,PIT,C,2016-10-25,false,FLA,2,4,-1,10,0,3,0,0,0,0,16,8236,190,5,4,7,10,4,62,80
Denis Malgin,FLA,C,2016-10-27,false,TOR,0,1,-1,2,0,0,0,0,0,0,9,4436,103,6,4,1,1,5,10,23
Nathan MacKinnon,COL,C,2016-10-29,false,ARI,1,5,-1,0,0,3,0,0,0,0,20,7823,173,4,0,12,4,4,59,64
Derek MacKenzie,FLA,C,2016-10-27,false,TOR,0,2,4,0,0,0,0,1,0,0,3,5225,128,13,1,1,2,4,39,40
Andrew MacDonald,PHI,D,2016-10-25,false,BUF,0,1,-1,4,0,0,0,0,0,0,5,8090,194,7,9,0,7,0,0,0
Olli Maatta,PIT,D,2016-10-25,false,FLA,0,0,0,4,0,0,0,0,0,0,10,6528,162,4,14,2,3,0,0,0
Roman Lyubimov,PHI,L,2016-10-30,false,CAR,0,0,-1,0,0,0,0,0,0,0,10,3846,98,8,2,2,0,2,0,1
Milan Lucic,EDM,L,2016-10-26,false,WSH,3,2,3,7,1,1,0,0,1,0,18,7667,166,20,2,7,8,6,1,1
Adam Lowry,WPG,C,2016-10-27,false,DAL,0,1,-1,6,0,1,0,0,0,0,4,6565,156,11,8,3,2,2,62,54
Ben Lovejoy,NJD,D,2016-10-28,false,CHI,0,1,0,0,0,0,0,0,0,0,8,8628,180,13,17,3,2,0,0,0
Bryan Little,WPG,C,2016-12-08,false,NYR,3,2,5,0,1,0,0,0,1,1,14,6688,165,3,3,4,4,5,64,51
Anton Lindholm,COL,D,2017-03-27,false,CGY,0,0,-5,0,0,0,0,0,0,0,3,6065,138,17,5,2,4,0,0,0
Hampus Lindholm,ANA,D,2016-11-22,false,NYI,0,2,3,2,0,1,0,0,0,0,10,9213,184,8,6,7,7,5,0,0
Elias Lindholm,CAR,C,2016-10-28,false,NYR,0,1,-4,0,0,1,0,0,0,0,15,7659,168,12,8,6,1,5,45,36
Esa Lindell,DAL,D,2016-11-03,false,STL,0,1,-1,0,0,1,0,0,0,0,8,7828,171,8,10,4,0,3,0,1
Petteri Lindbohm,STL,D,2017-04-04,false,WPG,0,0,-4,4,0,0,0,0,0,0,10,5453,134,10,5,2,1,1,0,0
Oscar Lindberg,NYR,C,2016-11-18,false,CBJ,0,1,-1,8,0,1,0,0,0,0,5,4161,110,5,6,1,0,0,21,16
John-Michael Liles,BOS,D,2016-10-26,false,NYR,0,2,-4,2,0,1,0,0,0,0,7,7287,162,6,11,2,2,4,0,0
Trevor Lewis,LAK,C,2016-10-27,false,NSH,0,0,-6,0,0,0,0,0,0,0,15,5297,120,13,2,7,0,3,1,2
Mark Letestu,EDM,C,2016-10-26,false,WSH,2,2,1,0,0,0,2,0,2,0,8,5636,155,6,3,2,0,3,42,46
Kris Letang,PIT,D,2016-11-05,false,SJS,1,5,1,4,1,2,0,0,0,0,25,10705,209,16,10,8,10,3,0,0
Josh Leivo,TOR,L,2017-02-18,false,OTT,1,5,4,2,0,1,0,0,0,0,14,4698,123,3,1,8,0,6,1,0
Jori Lehtera,STL,C,2016-11-03,false,DAL,0,1,-1,4,0,0,0,0,0,0,14,6283,172,3,4,0,1,0,41,35
Artturi Lehkonen,MTL,L,2016-10-26,false,NYI,2,1,2,2,0,0,0,0,0,0,21,6031,150,11,3,3,3,4,0,0
Anders Lee,NYI,L,2016-10-26,false,MTL,1,0,0,2,0,0,0,0,0,0,7,5316,134,17,4,7,0,2,0,1
Nick Leddy,NYI,D,2016-10-27,false,PIT,1,1,-6,2,0,0,0,0,0,0,12,10084,172,7,14,3,1,2,0,0
Curtis Lazar,OTT,C,2016-12-01,false,PHI,0,0,-1,2,0,0,0,0,0,0,8,4396,105,15,4,1,3,3,4,11
Adam Larsson,EDM,D,2016-10-26,false,WSH,0,1,3,4,0,0,0,0,0,0,6,8420,192,19,11,1,9,2,0,0
Philip Larsen,VAN,D,2016-10-25,false,OTT,0,3,-5,2,0,2,0,0,0,0,13,7232,150,2,3,11,1,1,0,0
Dylan Larkin,DET,C,2016-10-25,false,CAR,2,1,-2,11,0,0,0,0,1,0,19,6560,138,5,4,4,6,6,30,36
Nick Lappin,NJD,R,2016-11-11,false,BUF,1,2,2,2,0,0,0,0,0,0,12,4767,108,5,0,0,0,3,1,2
Gabriel Landeskog,COL,L,2016-10-29,false,ARI,2,2,1,2,1,0,0,0,1,1,15,7550,166,16,3,5,3,7,6,9
Anton Lander,EDM,C,2016-10-28,false,VAN,0,2,4,2,0,0,0,0,0,0,2,4591,125,5,6,1,1,2,39,25
Patrik Laine,WPG,R,2016-10-27,false,DAL,6,2,0,2,4,1,0,0,1,1,23,8064,157,8,3,10,8,3,0,1
Andrew Ladd,NYI,L,2016-10-26,false,MTL,0,1,-3,0,0,0,0,0,0,0,15,7880,159,7,2,8,2,3,0,0
Kevin Labanc,SJS,R,2016-11-23,false,CHI,1,0,2,4,0,0,0,0,0,0,8,5181,115,5,2,3,2,1,0,0
Paul LaDue,LAK,D,2017-03-02,false,TOR,0,2,-1,2,0,0,0,0,0,0,9,6665,161,5,2,1,3,0,0,0
Joseph LaBate,VAN,C,2017-03-13,false,BOS,0,0,0,12,0,0,0,0,0,0,1,2615,71,8,1,2,1,1,0,0
Evgeny Kuznetsov,WSH,C,2016-10-29,false,VAN,1,3,3,0,0,0,0,0,0,0,14,7329,155,3,2,6,4,2,44,63
Sean Kuraly,BOS,C,2017-04-04,false,TBL,0,1,-1,2,0,0,0,0,0,0,11,3780,99,6,1,1,0,2,1,2
Chris Kunitz,PIT,L,2016-10-25,false,FLA,0,2,1,8,0,0,0,0,0,0,16,7028,166,29,1,2,5,5,1,3
Dmitry Kulikov,BUF,D,2016-10-30,false,WPG,0,0,-2,6,0,0,0,0,0,0,4,9172,212,8,2,6,4,2,0,0
Nikolay Kulemin,NYI,L,2016-10-30,false,TOR,0,3,1,4,0,0,0,0,0,0,6,5784,154,4,5,4,0,2,4,2
Brett Kulak,CGY,D,2016-11-10,false,DAL,0,3,7,8,0,0,0,0,0,0,6,7031,171,3,7,6,2,0,0,0
Tom Kuhnhackl,PIT,R,2016-10-25,false,FLA,0,1,0,2,0,0,0,0,0,0,3,3638,92,14,4,1,0,0,0,1
Nikita Kucherov,TBL,R,2016-10-27,false,MTL,1,6,4,0,0,2,0,0,0,0,14,6364,132,0,3,8,4,5,0,0
Marcus Kruger,CHI,C,2016-10-24,false,CGY,1,1,2,2,0,0,0,0,0,0,5,5060,142,5,2,3,2,3,42,42
Torey Krug,BOS,D,2016-10-26,false,NYR,0,0,-4,2,0,0,0,0,0,0,21,8830,183,9,7,4,7,2,0,0
Niklas Kronwall,DET,D,2016-11-20,false,CGY,0,1,-4,2,0,0,0,0,0,0,11,7979,176,8,9,3,1,0,0,0
David Krejci,BOS,C,2016-10-26,false,NYR,0,3,-4,4,0,1,0,0,0,0,8,7140,141,6,5,7,7,6,45,44
Chris Kreider,NYR,L,2016-11-03,false,EDM,3,6,-1,4,1,2,0,0,0,0,30,6880,158,20,5,8,3,4,0,0
Lauri Korpikoski,DAL,L,2016-10-27,false,WPG,1,1,4,2,0,0,0,0,0,0,15,5288,142,4,3,2,2,3,0,2
Anze Kopitar,LAK,C,2016-10-27,false,NSH,2,4,0,2,0,1,0,1,0,0,20,9423,181,8,8,14,6,3,91,92
Travis Konecny,PHI,C,2016-10-25,false,BUF,1,5,3,6,1,0,0,0,0,0,17,6368,144,6,4,11,3,4,0,0
Leo Komarov,TOR,C,2016-10-27,false,FLA,0,2,-2,2,0,1,0,0,0,0,9,7516,174,26,7,4,0,2,7,4
Mikko Koivu,MIN,C,2016-10-25,false,BOS,1,2,0,2,0,1,0,0,1,0,12,8495,188,4,13,2,4,2,84,72
Slater Koekkoek,TBL,D,2016-11-14,false,NYI,0,3,4,2,0,0,0,0,0,0,5,5650,127,9,7,4,0,1,0,0
John Klingberg,DAL,D,2016-10-27,false,WPG,0,3,-1,6,0,3,0,0,0,0,10,9891,194,2,15,7,9,0,0,0
Kevin Klein,NYR,D,2016-11-01,false,STL,0,0,-1,0,0,0,0,0,0,0,10,8107,179,12,18,3,3,2,0,0
Oscar Klefbom,EDM,D,2016-10-26,false,WSH,0,2,5,0,0,0,0,0,0,0,12,8731,190,3,14,5,8,2,0,0
Dwight King,LAK,L,2016-10-27,false,NSH,0,1,0,2,0,0,0,0,0,0,9,6888,145,16,2,3,3,2,2,2
Jakub Kindl,FLA,D,2016-12-01,false,DET,0,1,-4,4,0,0,0,0,0,0,4,6623,133,16,8,3,5,2,0,0
Alex Killorn,TBL,L,2016-10-27,false,MTL,6,1,1,0,1,1,0,0,1,0,15,7327,153,14,2,4,7,2,0,1
Jujhar Khaira,EDM,L,2017-02-28,false,STL,1,0,1,2,0,0,0,0,1,0,9,3481,92,11,2,2,2,1,6,12
Phil Kessel,PIT,R,2016-10-25,false,FLA,2,2,-4,2,2,2,0,0,1,0,16,7920,180,1,3,7,1,1,0,0
Ryan Kesler,ANA,C,2016-10-25,false,SJS,0,3,2,9,0,1,0,0,0,0,15,9347,200,15,7,8,3,1,94,60
Tanner Kero,CHI,C,2017-01-06,false,CAR,0,0,1,0,0,0,0,0,0,0,5,5634,142,10,9,2,1,2,30,41
Michal Kempny,CHI,D,2016-10-28,false,NJD,0,0,3,6,0,0,0,0,0,0,5,6892,160,11,7,5,5,1,0,0
Adrian Kempe,LAK,L,2017-02-27,false,MIN,0,2,-3,4,0,1,0,0,0,0,12,5255,115,8,1,4,1,0,1,3
Chris Kelly,OTT,C,2016-10-28,false,CGY,1,1,0,2,0,0,0,0,0,0,13,5861,145,2,4,5,1,1,28,36
Duncan Keith,CHI,D,2016-10-24,false,CGY,0,6,4,2,0,2,0,0,0,0,16,10848,213,2,8,7,3,2,0,0
Zack Kassian,EDM,R,2016-10-26,false,WSH,2,2,1,2,0,0,0,0,0,0,8,5407,141,14,1,1,2,5,0,0
Ondrej Kase,ANA,R,2016-11-29,false,MTL,0,2,0,0,0,0,0,0,0,0,5,5184,134,8,2,4,6,1,0,2
Melker Karlsson,SJS,C,2016-10-25,false,ANA,1,0,0,0,0,0,0,0,0,0,6,4996,122,5,7,3,1,2,0,1
William Karlsson,CBJ,C,2016-10-28,false,ANA,1,1,2,0,0,0,0,0,1,0,9,5862,147,4,2,6,3,1,41,45
Erik Karlsson,OTT,D,2016-10-28,false,CGY,3,5,4,2,1,1,0,1,0,0,18,10880,228,4,15,11,11,6,0,0
Kasperi Kapanen,TOR,R,2017-04-08,false,PIT,1,0,-2,0,0,0,0,0,0,0,8,4567,123,4,2,1,2,1,0,0
Evander Kane,BUF,L,2016-11-19,false,PIT,0,1,-6,10,0,1,0,0,0,0,13,7389,157,16,4,6,4,3,11,12
Patrick Kane,CHI,R,2016-10-24,false,CGY,2,6,7,4,0,1,0,0,0,0,22,9672,174,3,1,8,2,1,1,10
Steven Kampfer,NYR,D,2017-03-13,false,TBL,1,1,-2,6,0,0,0,0,0,0,5,5421,133,13,8,4,3,1,0,0
Sergey Kalinin,NJD,C,2016-11-08,false,CAR,0,1,-2,7,0,0,0,0,0,0,5,5168,125,10,4,1,1,2,1,2
Nazem Kadri,TOR,C,2016-10-27,false,FLA,2,3,-1,9,1,2,0,0,0,0,9,6574,151,6,5,5,5,7,50,57
Tomas Jurco,DET,L,2016-12-11,false,PHI,0,0,-3,2,0,0,0,0,0,0,6,4229,104,4,0,6,1,0,0,0
Roman Josi,NSH,D,2016-10-27,false,LAK,1,3,-6,4,1,3,0,0,0,0,21,10251,199,4,10,3,3,1,0,0
Jacob Josefson,NJD,C,2016-11-12,false,BUF,0,2,0,4,0,1,0,0,0,0,9,5159,117,8,2,3,2,1,26,12
Josh Jooris,NYR,R,2016-11-21,false,PIT,1,0,2,2,0,0,0,0,0,0,7,3517,93,13,3,4,1,2,18,13
Seth Jones,CBJ,D,2016-10-28,false,ANA,1,2,0,0,0,0,0,0,0,0,12,10129,213,8,14,3,5,4,0,0
Jyrki Jokipakka,CGY,D,2016-10-28,false,OTT,1,3,2,4,0,0,0,0,0,0,4,6297,164,2,5,3,5,1,0,0
Jussi Jokinen,FLA,L,2016-11-15,false,MTL,0,3,-2,8,0,0,0,0,0,0,10,7792,159,3,5,4,6,2,6,5
Ryan Johnston,MTL,D,2017-01-11,false,WPG,0,0,-3,4,0,0,0,0,0,0,3,4145,102,1,2,1,3,1,0,0
Erik Johnson,COL,D,2016-10-29,false,ARI,0,4,-2,0,0,2,0,0,0,0,19,9706,222,22,16,5,3,4,0,0
Tyler Johnson,TBL,C,2016-10-27,false,MTL,1,2,-5,2,1,1,0,0,0,0,9,7516,158,5,4,5,1,5,66,55
Jack Johnson,CBJ,D,2016-10-28,false,ANA,0,0,1,4,0,0,0,0,0,0,8,9266,192,14,16,4,1,1,0,0
Stephen Johns,DAL,D,2016-11-01,false,CBJ,1,1,-3,2,0,0,0,0,0,0,10,8103,186,15,12,7,4,2,0,0
Marcus Johansson,WSH,L,2016-10-29,false,VAN,3,4,3,0,1,2,0,0,1,0,13,7165,142,4,0,2,2,5,1,2
Ryan Johansen,NSH,C,2016-10-27,false,LAK,0,4,-2,6,0,4,0,0,0,0,9,6835,153,9,3,7,3,1,55,49
Nick Jensen,DET,D,2017-01-05,false,LAK,0,3,1,2,0,0,0,0,0,0,11,6835,160,6,7,6,4,1,0,0
Nicklas Jensen,NYR,R,2017-01-07,false,CBJ,0,0,-2,0,0,0,0,0,0,0,8,3874,96,7,2,3,1,2,0,0
Boone Jenner,CBJ,C,2016-10-28,false,ANA,0,1,-6,2,0,0,0,0,0,0,15,6129,134,17,7,5,1,2,7,5
Dmitrij Jaskin,STL,R,2016-10-29,false,LAK,0,1,1,2,0,0,0,0,0,0,7,4173,102,8,2,3,2,3,3,4
Calle Jarnkrok,NSH,C,2016-10-27,false,LAK,1,0,0,2,0,0,0,0,0,0,8,5797,147,3,2,4,2,4,23,28
Jaromir Jagr,FLA,R,2016-10-27,false,TOR,1,3,1,4,1,1,0,0,0,0,20,7515,153,0,2,9,7,5,0,0
Matt Irwin,NSH,D,2016-11-10,false,STL,3,2,4,0,0,0,0,0,1,0,8,5047,120,13,10,1,3,0,0,0
Jarome Iginla,COL,R,2016-10-29,false,ARI,1,0,-1,25,1,0,0,0,0,0,14,6511,142,14,1,2,7,4,1,1
Zach Hyman,TOR,C,2016-10-27,false,FLA,0,1,1,4,0,0,0,0,0,0,17,6815,157,6,7,5,0,3,5,8
Ben Hutton,VAN,D,2016-10-25,false,OTT,1,0,2,6,0,0,0,0,0,0,9,8998,181,7,9,6,6,2,0,0
Matt Hunwick,TOR,D,2016-11-12,false,PIT,0,2,-3,0,0,0,0,0,0,0,9,7341,171,18,8,2,1,2,0,0
Brad Hunt,STL,D,2017-01-05,false,CAR,1,3,-2,2,1,1,0,0,0,0,9,6026,159,0,1,5,1,1,0,0
Jiri Hudler,DAL,R,2016-12-15,false,NYR,0,1,-1,2,0,0,0,0,0,0,3,6031,150,2,1,5,2,3,1,2
Jonathan Huberdeau,FLA,L,2017-02-20,false,STL,4,4,6,2,0,1,0,0,2,1,23,7025,164,5,0,6,7,2,2,2
Marek Hrivik,NYR,L,2016-12-17,false,NSH,0,0,0,0,0,0,0,0,0,0,10,4935,113,9,3,6,2,2,9,9
Marian Hossa,CHI,R,2016-10-28,false,NJD,2,3,-1,0,2,2,0,0,0,0,21,6747,164,1,3,8,0,3,1,0
Bo Horvat,VAN,C,2016-10-25,false,OTT,3,0,-1,0,0,0,1,0,0,0,8,6983,161,7,1,7,0,3,48,67
Patric Hornqvist,PIT,R,2016-10-25,false,FLA,2,3,0,2,2,1,0,0,1,0,21,6430,159,23,6,5,0,3,1,4
Julius Honka,DAL,D,2016-12-03,false,COL,0,3,-6,2,0,1,0,0,0,0,17,7557,159,2,4,4,2,1,0,0
Korbinian Holzer,ANA,D,2016-11-20,false,LAK,0,2,0,4,0,0,0,0,0,0,5,6170,133,13,9,3,2,0,0,0
Peter Holland,TOR,C,2016-11-12,false,PIT,0,1,-2,4,0,0,0,0,0,0,12,4564,103,3,1,1,1,1,26,30
Nick Holden,NYR,D,2016-10-26,false,BOS,0,2,4,0,0,0,0,0,0,0,3,8383,198,11,10,6,8,3,0,0
Mike Hoffman,OTT,L,2016-10-28,false,CGY,0,4,-3,6,0,2,0,0,0,0,26,7064,145,4,2,7,1,7,1,1
Joshua Ho-Sang,NYI,R,2017-03-13,false,CAR,2,2,-5,2,1,0,0,0,0,0,7,6736,137,2,2,3,4,1,0,0
Niklas Hjalmarsson,CHI,D,2016-10-28,false,NJD,1,1,1,2,0,0,0,0,0,0,7,8980,200,2,12,0,7,1,0,0
Vinnie Hinostroza,CHI,L,2016-11-11,false,WSH,0,0,-1,0,0,0,0,0,0,0,3,4066,93,4,5,1,2,5,4,4
Thomas Hickey,NYI,D,2016-10-26,false,MTL,1,1,2,2,0,0,0,0,0,0,8,7475,156,6,9,2,2,0,0,0
Tomas Hertl,SJS,C,2016-10-25,false,ANA,2,1,1,6,0,0,0,0,0,0,17,7033,155,13,1,4,3,5,13,18
Adam Henrique,NJD,C,2016-10-28,false,CHI,1,1,2,2,0,0,0,0,0,0,10,8095,165,6,7,3,3,5,51,52
Matt Hendricks,EDM,L,2016-12-08,false,PHI,0,1,-4,6,0,0,0,0,0,0,6,4894,126,12,8,3,1,1,14,17
Ales Hemsky,DAL,R,2017-03-14,false,EDM,0,2,-4,0,0,1,0,0,0,0,12,5847,153,0,2,7,3,2,0,0
Darren Helm,DET,C,2016-10-25,false,CAR,4,2,9,2,2,0,0,0,1,0,13,6490,160,5,2,2,3,5,39,36
Seth Helgeson,NJD,D,2017-02-04,false,CBJ,1,0,2,10,0,0,0,0,0,0,3,5716,133,13,8,5,0,0,0,0
Victor Hedman,TBL,D,2016-10-27,false,MTL,1,4,3,0,0,2,0,0,1,0,8,10157,203,9,15,8,6,5,0,0
Kevin Hayes,NYR,C,2016-10-26,false,BOS,2,1,3,0,0,0,0,0,0,0,10,6808,157,5,5,2,9,7,40,36
Jimmy Hayes,BOS,R,2016-10-26,false,NYR,0,0,-7,0,0,0,0,0,0,0,13,4679,105,16,1,4,2,2,1,1
John Hayden,CHI,L,2017-03-27,false,TBL,1,2,3,0,0,0,0,0,0,0,14,5477,129,30,1,3,1,3,0,0
Erik Haula,MIN,L,2016-11-13,false,OTT,1,2,3,4,0,0,0,0,0,0,16,6390,152,1,3,1,3,4,38,45
Garnet Hathaway,CGY,R,2016-11-25,false,BOS,1,0,1,9,0,0,0,0,0,0,4,3693,89,15,4,1,0,1,7,5
Scott Hartnell,CBJ,L,2016-10-28,false,ANA,2,3,3,2,0,0,0,0,0,0,7,5274,130,9,4,3,5,1,0,0
Ryan Hartman,CHI,L,2016-11-03,false,COL,1,1,-1,0,0,0,0,0,0,0,10,4044,95,10,5,4,1,1,1,2
Scott Harrington,CBJ,D,2017-01-24,false,NYI,1,2,5,2,0,0,0,0,0,0,3,5335,127,4,7,3,2,1,0,0
Martin Hanzal,ARI,C,2016-10-27,false,PHI,2,1,-1,2,0,0,0,0,0,0,21,8140,171,16,7,6,5,3,96,57
Jannik Hansen,VAN,R,2016-10-25,false,OTT,1,2,1,2,0,0,0,0,0,0,9,7030,161,4,0,6,2,5,0,0
Markus Hannikainen,CBJ,L,2017-02-04,false,NJD,1,0,-1,2,0,0,0,0,0,0,6,3846,95,14,4,3,0,0,0,0
Noah Hanifin,CAR,D,2016-10-28,false,NYR,0,6,-5,4,0,3,0,0,0,0,12,7021,152,4,3,4,6,2,0,0
Travis Hamonic,NYI,D,2016-10-26,false,MTL,0,2,-8,16,0,0,0,0,0,0,6,9186,177,11,8,9,4,3,0,0
Dougie Hamilton,CGY,D,2016-10-24,false,CHI,0,2,-3,12,0,1,0,0,0,0,19,8113,194,13,4,3,6,3,0,0
Freddie Hamilton,CGY,C,2016-11-15,false,MIN,0,0,0,0,0,0,0,0,0,0,8,4267,98,16,0,5,0,1,19,13
Dan Hamhuis,DAL,D,2016-10-27,false,WPG,0,2,0,4,0,0,0,0,0,0,8,8913,192,9,10,1,2,1,0,0
Taylor Hall,NJD,L,2016-10-28,false,CHI,5,2,-1,2,3,1,0,0,2,1,29,8435,166,10,4,6,3,3,1,0
Micheal Haley,SJS,C,2016-11-05,false,PIT,0,2,-1,27,0,0,0,0,0,0,2,3117,83,22,4,2,3,1,0,0
Ron Hainsey,CAR,D,2016-10-28,false,NYR,0,0,-3,4,0,0,0,0,0,0,6,8475,184,8,3,4,1,0,0,0
Carl Hagelin,PIT,L,2016-10-25,false,FLA,1,0,-3,0,0,0,0,0,0,0,8,6876,168,5,1,4,5,2,0,1
Carl Gunnarsson,STL,D,2016-11-03,false,DAL,0,0,-1,0,0,0,0,0,0,0,7,4959,122,3,9,3,0,0,0,0
Jake Guentzel,PIT,C,2017-01-18,false,MTL,4,2,2,2,0,0,0,0,0,0,9,5701,133,24,3,5,0,2,2,3
Radko Gudas,PHI,D,2016-11-05,false,MTL,1,3,0,2,0,1,0,0,0,0,11,8564,179,29,20,15,2,2,0,0
Eric Gryba,EDM,D,2016-10-30,false,OTT,0,0,1,8,0,0,0,0,0,0,6,6963,153,23,7,0,2,1,0,0
Mikhail Grigorenko,COL,C,2016-10-29,false,ARI,0,4,0,6,0,2,0,0,0,0,11,6389,135,2,1,4,2,3,5,4
Seth Griffith,FLA,C,2016-11-26,false,CBJ,0,1,1,0,0,0,0,0,0,0,5,4407,99,8,2,5,2,0,0,3
Andy Greene,NJD,D,2016-10-28,false,CHI,0,0,-2,0,0,0,0,0,0,0,9,9116,184,9,16,2,4,1,0,0
Matt Greene,LAK,D,2016-11-08,false,TOR,1,1,1,4,0,0,0,0,0,0,4,5534,146,25,7,2,5,1,0,0
Mike Green,DET,D,2016-10-25,false,CAR,3,4,3,6,1,1,0,0,0,0,8,10020,198,11,10,4,5,5,0,0
Kevin Gravel,LAK,D,2016-11-15,false,COL,0,1,3,4,0,0,0,0,0,0,8,6376,154,13,11,4,5,0,0,0
Tyler Graovac,MIN,C,2016-11-15,false,CGY,1,0,0,0,0,0,0,0,0,0,6,3834,102,9,0,4,0,2,28,26
Derek Grant,BUF,C,2016-10-29,false,FLA,0,0,-3,2,0,0,0,0,0,0,4,5066,128,6,3,2,0,2,40,31
Mikael Granlund,MIN,C,2016-10-25,false,BOS,0,3,0,0,0,1,0,0,0,0,10,7985,169,6,3,10,3,2,2,3
Markus Granlund,VAN,C,2016-10-25,false,OTT,2,1,2,4,0,0,0,0,0,0,10,6819,158,4,2,5,2,4,8,9
Petter Granberg,NSH,D,2016-12-29,false,CHI,0,0,-2,8,0,0,0,0,0,0,0,3676,86,12,5,1,1,0,0,0
Michael Grabner,NYR,R,2016-10-26,false,BOS,2,1,2,0,0,0,0,0,0,0,9,5008,135,5,4,3,5,4,2,1
Yanni Gourde,TBL,C,2017-03-14,false,OTT,1,1,0,0,0,0,1,0,0,0,8,5964,133,3,2,5,2,7,7,11
Shayne Gostisbehere,PHI,D,2016-10-25,false,BUF,1,3,-1,4,0,1,0,0,1,0,20,9070,192,6,11,9,10,2,0,0
Josh Gorges,BUF,D,2016-10-29,false,FLA,0,0,-3,8,0,0,0,0,0,0,3,8003,193,12,12,2,3,0,0,0
Boyd Gordon,PHI,C,2016-10-25,false,BUF,1,0,0,2,0,0,0,0,0,0,6,3679,110,3,3,1,0,1,29,26
Cody Goloubef,COL,D,2016-12-27,false,CGY,0,2,-5,9,0,0,0,0,0,0,3,6870,159,7,12,0,1,2,0,0
Alex Goligoski,ARI,D,2016-10-27,false,PHI,0,4,-7,2,0,2,0,0,0,0,9,9684,194,7,12,2,3,0,0,0
Nikolay Goldobin,VAN,R,2017-03-25,false,MIN,1,0,2,0,0,0,0,0,1,0,10,4330,105,1,3,1,1,3,0,0
Luke Glendening,DET,C,2016-10-25,false,CAR,0,4,3,2,0,1,0,0,0,0,10,5956,146,17,10,7,0,4,44,39
Tanner Glass,NYR,L,2017-03-22,false,NYI,1,1,0,10,0,0,0,0,0,0,6,4124,108,19,2,4,0,2,1,0
Claude Giroux,PHI,C,2016-10-25,false,BUF,0,8,-5,2,0,5,0,0,0,0,16,8615,184,6,1,6,0,2,80,75
Zemgus Girgensons,BUF,C,2016-10-29,false,FLA,1,1,-3,0,0,0,0,0,0,0,10,5090,126,7,2,4,0,0,32,27
Dan Girardi,NYR,D,2016-11-01,false,STL,2,2,6,2,0,0,0,0,2,0,12,6957,165,14,12,3,6,1,0,0
Mark Giordano,CGY,D,2016-10-24,false,CHI,1,4,-1,14,0,1,0,1,0,0,16,11024,220,3,20,7,3,8,0,0
Brian Gionta,BUF,R,2016-10-29,false,FLA,2,2,2,2,0,0,0,0,0,0,16,7240,151,4,2,5,2,1,6,4
Stephen Gionta,NYI,R,2017-02-16,false,NYR,0,3,1,0,0,0,0,0,0,0,4,4718,115,16,3,0,2,0,1,1
Tom Gilbert,LAK,D,2016-10-30,false,CHI,0,3,-2,0,0,1,0,0,0,0,3,7170,160,4,8,3,2,1,0,0
Ryan Getzlaf,ANA,C,2016-10-25,false,SJS,1,7,0,6,0,2,0,0,0,0,22,7969,172,6,5,8,3,5,60,45
Eric Gelinas,COL,D,2016-11-19,false,MIN,0,1,-1,6,0,0,0,0,0,0,9,5252,127,3,3,5,2,0,0,0
Luke Gazdic,NJD,L,2017-01-02,false,BOS,0,0,-1,12,0,0,0,0,0,0,3,3037,72,10,4,0,0,1,0,0
Frederik Gauthier,TOR,C,2017-01-03,false,WSH,2,1,3,4,0,0,0,0,0,0,5,4024,124,7,8,1,1,1,42,46
Brendan Gaunce,VAN,C,2016-10-25,false,OTT,0,1,0,2,0,0,0,0,0,0,5,4088,107,4,1,1,1,2,17,23
Cameron Gaunce,PIT,D,2017-03-11,false,VAN,0,2,1,8,0,0,0,0,0,0,5,4552,108,11,4,3,0,2,0,0
Johnny Gaudreau,CGY,L,2016-10-24,false,CHI,1,2,-7,0,0,0,0,0,0,0,24,8097,174,2,3,7,8,0,0,0
Frederick Gaudreau,NSH,C,2016-12-08,false,DAL,0,1,1,0,0,0,0,0,0,0,7,3743,95,0,4,1,1,1,4,7
Jason Garrison,TBL,D,2016-10-27,false,MTL,0,2,-3,4,0,0,0,0,0,0,14,7536,174,6,12,9,9,3,0,0
Jake Gardiner,TOR,D,2016-10-27,false,FLA,0,4,2,2,0,0,0,0,0,0,10,7625,168,11,4,3,7,2,0,0
Brendan Gallagher,MTL,R,2016-10-26,false,NYI,4,3,6,6,1,0,0,0,1,0,26,6476,153,7,1,7,2,3,12,17
Alex Galchenyuk,MTL,C,2016-10-26,false,NYI,1,4,6,6,0,1,0,0,0,0,10,6861,154,1,3,6,5,3,21,49
Sam Gagner,CBJ,C,2016-11-01,false,DAL,3,1,2,0,2,1,0,0,1,0,15,5625,117,1,2,7,2,1,20,21
Kurtis Gabriel,MIN,R,2016-12-15,false,NSH,0,1,0,24,0,0,0,0,0,0,2,2520,71,13,1,2,2,0,0,0
Marian Gaborik,LAK,R,2016-12-13,false,BUF,1,3,0,2,1,1,0,0,0,0,20,6323,137,2,2,11,2,1,0,1
Michael Frolik,CGY,R,2016-10-24,false,CHI,3,1,-2,4,0,0,1,0,0,0,14,6467,154,4,7,4,3,3,4,1
Cody Franson,BUF,D,2016-10-29,false,FLA,0,2,0,2,0,0,0,0,0,0,10,6339,153,3,3,3,2,0,0,0
Cam Fowler,ANA,D,2016-10-25,false,SJS,3,2,0,0,2,1,0,0,0,0,16,10334,206,5,7,3,5,2,0,0
Gustav Forsling,CHI,D,2016-10-24,false,CGY,0,1,0,0,0,0,0,0,0,0,9,6793,138,5,3,2,5,0,0,0
Filip Forsberg,NSH,L,2016-10-27,false,LAK,0,5,-5,4,0,3,0,0,0,0,15,8137,181,13,2,6,1,7,2,5
Derek Forbort,LAK,D,2016-10-27,false,NSH,0,0,-3,9,0,0,0,0,0,0,5,5205,124,11,10,2,4,2,0,0
Christian Folin,MIN,D,2016-10-27,false,BUF,0,1,8,8,0,0,0,0,0,0,4,7187,169,18,7,0,2,4,0,0
Marcus Foligno,BUF,L,2016-10-29,false,FLA,1,2,1,4,0,0,0,0,0,0,8,6860,160,17,5,4,5,5,0,1
Nick Foligno,CBJ,L,2016-10-28,false,ANA,1,7,2,4,1,3,0,0,0,0,10,7219,163,12,4,9,2,3,7,7
Brian Flynn,MTL,C,2016-10-29,false,TOR,0,1,0,2,0,0,0,0,0,0,9,5199,140,6,3,6,2,3,6,9
Mike Fisher,NSH,C,2016-10-29,false,SJS,3,1,-4,2,3,1,0,0,1,0,15,7464,166,23,8,4,0,1,74,60
Christian Fischer,ARI,R,2017-03-27,false,STL,3,0,0,0,0,0,0,0,1,0,10,5177,115,9,0,2,3,0,0,0
Valtteri Filppula,TBL,C,2016-10-27,false,MTL,3,2,4,4,0,0,0,0,1,0,7,7441,152,4,2,1,2,3,50,70
Vernon Fiddler,NJD,C,2016-10-28,false,CHI,0,0,-1,11,0,0,0,0,0,0,8,5486,134,5,3,2,6,2,47,42
Kevin Fiala,NSH,L,2016-10-27,false,LAK,2,0,-1,0,0,0,0,0,1,0,12,5344,132,4,0,0,4,3,0,0
Micheal Ferland,CGY,L,2016-10-24,false,CHI,2,1,0,0,0,1,0,0,0,0,11,4662,113,13,2,5,4,2,0,0
Eric Fehr,PIT,C,2016-10-25,false,FLA,1,0,-3,2,0,0,0,0,1,0,10,4897,123,9,5,3,0,4,19,17
Taylor Fedun,BUF,D,2016-12-01,false,NYR,0,4,1,2,0,3,0,0,0,0,8,6396,147,1,4,3,3,1,0,0
Justin Faulk,CAR,D,2016-10-28,false,NYR,2,3,-6,6,1,2,0,0,0,0,14,10069,196,8,8,11,6,5,0,0
Jesper Fast,NYR,R,2016-10-26,false,BOS,0,4,6,4,0,0,0,0,0,0,4,5488,143,13,3,3,2,5,3,2
Hudson Fasching,BUF,R,2017-03-16,false,LAK,0,0,-2,2,0,0,0,0,0,0,5,3897,95,11,1,1,1,0,0,0
Justin Falk,BUF,D,2016-11-23,false,DET,0,0,-2,2,0,0,0,0,0,0,4,5490,143,15,3,1,2,1,0,0
Radek Faksa,DAL,C,2016-10-27,false,WPG,1,1,1,6,0,0,0,0,0,0,10,6941,180,6,5,7,4,4,52,53
Robby Fabbri,STL,C,2016-10-25,false,CGY,0,3,-4,4,0,1,0,0,0,0,11,7233,161,7,6,4,4,3,1,0
Adam Erne,TBL,L,2017-03-03,false,PIT,1,0,-2,2,0,0,0,0,0,0,12,5357,128,21,2,6,2,2,0,1
Joel Eriksson Ek,MIN,C,2016-11-05,false,COL,2,3,3,0,0,0,0,0,1,0,7,4466,121,10,4,3,1,1,21,35
Loui Eriksson,VAN,L,2016-10-25,false,OTT,0,4,-2,0,0,1,0,1,0,0,10,8357,169,0,2,4,0,1,0,0
Jonathan Ericsson,DET,D,2016-10-25,false,CAR,0,2,3,26,0,0,0,0,0,0,7,7300,174,5,8,3,1,0,0,0
Toby Enstrom,WPG,D,2016-10-27,false,DAL,0,2,1,6,0,1,0,0,0,0,10,9522,206,1,9,4,3,1,0,0
Tyler Ennis,BUF,L,2016-10-29,false,FLA,1,1,-4,0,0,0,0,0,0,0,22,5965,129,2,2,2,0,2,0,0
Deryk Engelland,CGY,D,2016-10-24,false,CHI,0,1,2,7,0,0,0,0,0,0,10,8082,193,5,18,5,5,1,0,0
Alexei Emelin,MTL,D,2016-10-26,false,NYI,1,2,4,6,0,0,0,0,0,0,6,8455,180,31,9,2,8,0,0,0
Ryan Ellis,NSH,D,2016-10-27,false,LAK,0,2,-1,2,0,2,0,0,0,0,12,10030,197,14,16,4,2,0,0,0
Lars Eller,WSH,C,2016-10-29,false,VAN,1,0,1,10,0,0,0,0,0,0,13,6362,139,3,0,4,2,5,37,44
Remi Elie,DAL,L,2017-03-17,false,CGY,1,2,-1,2,0,0,0,0,0,0,7,6641,160,19,7,2,5,4,1,0
Oliver Ekman-Larsson,ARI,D,2016-10-27,false,PHI,5,0,-1,4,2,0,0,0,1,1,20,10817,192,12,7,7,5,2,0,0
Mattias Ekholm,NSH,D,2016-10-27,false,LAK,0,1,0,0,0,0,0,0,0,0,11,9833,196,7,10,7,6,4,0,0
Aaron Ekblad,FLA,D,2016-10-27,false,TOR,1,0,-2,2,1,0,0,0,0,0,23,10170,169,17,10,6,1,4,0,0
Jack Eichel,BUF,C,2016-12-13,false,LAK,5,3,4,2,2,2,0,0,2,0,23,7891,149,2,6,6,3,2,30,41
Nikolaj Ehlers,WPG,L,2016-10-27,false,DAL,1,2,-1,2,0,1,0,0,0,0,14,7307,141,5,1,10,2,2,0,0
Joel Edmundson,STL,D,2016-10-25,false,CGY,0,1,0,2,0,0,0,0,0,0,5,6687,172,15,7,1,2,1,0,0
Alexander Edler,VAN,D,2016-10-25,false,OTT,1,0,-2,4,1,0,0,0,0,0,17,10292,208,13,26,4,5,2,0,0
Jordan Eberle,EDM,C,2016-10-26,false,WSH,3,3,1,2,1,0,0,0,0,0,22,7622,169,2,3,5,0,1,0,1
Patrick Eaves,DAL,R,2016-10-29,false,MIN,1,3,-3,0,1,1,0,0,0,0,16,6877,157,12,2,6,0,0,0,0
Cody Eakin,DAL,C,2016-11-29,false,DET,0,1,-3,0,0,0,0,0,0,0,6,6697,166,3,5,2,2,1,57,58
Ryan Dzingel,OTT,L,2016-10-28,false,CGY,4,3,4,0,0,1,1,0,1,0,11,4956,119,4,5,2,0,2,0,2
Christian Dvorak,ARI,C,2016-10-29,false,COL,0,3,1,2,0,1,0,0,0,0,2,5773,115,6,8,2,2,0,30,39
Brian Dumoulin,PIT,D,2016-10-25,false,FLA,0,0,-3,4,0,0,0,0,0,0,10,8943,200,13,10,3,5,1,0,0
Gabriel Dumont,TBL,C,2017-01-24,false,CHI,0,1,-2,0,0,0,0,0,0,0,14,4339,107,19,3,2,2,0,20,13
Matt Dumba,MIN,D,2016-10-25,false,BOS,1,3,2,2,1,1,0,0,0,0,12,9336,179,14,9,5,3,3,0,0
Anthony Duclair,ARI,L,2016-10-27,false,PHI,0,1,-2,0,0,0,0,0,0,0,10,5697,123,1,1,4,4,1,0,0
Matt Duchene,COL,C,2016-10-29,false,ARI,5,2,3,2,0,1,0,0,2,0,17,7424,158,2,6,4,4,2,31,21
Brandon Dubinsky,CBJ,C,2016-10-28,false,ANA,0,1,-8,11,0,0,0,0,0,0,10,7118,169,22,4,8,4,2,62,67
Jonathan Drouin,TBL,L,2016-10-27,false,MTL,2,3,-3,2,2,1,0,0,0,0,22,7632,151,5,6,6,8,3,15,17
Leon Draisaitl,EDM,C,2016-10-26,false,WSH,2,4,-1,0,1,1,0,0,0,0,18,6713,147,2,2,4,6,6,46,42
Justin Dowling,DAL,C,2017-04-02,false,TBL,0,2,-1,2,0,1,0,0,0,0,11,4868,126,1,0,2,1,2,34,27
Nic Dowd,LAK,C,2016-10-30,false,CHI,1,3,0,2,1,1,0,0,0,0,8,5290,128,23,3,6,2,0,33,38
Drew Doughty,LAK,D,2016-10-27,false,NSH,2,2,1,4,0,1,0,0,0,0,20,11595,232,13,12,7,8,0,1,0
Jake Dotchin,TBL,D,2017-02-07,false,LAK,0,1,3,8,0,0,0,0,0,0,7,6769,154,23,5,6,4,0,0,0
Joonas Donskoi,SJS,R,2016-10-25,false,ANA,0,2,-2,2,0,1,0,0,0,0,11,5968,144,1,1,5,2,5,0,0
Max Domi,ARI,L,2016-10-27,false,PHI,0,5,-1,6,0,1,0,0,0,0,15,7699,149,7,4,5,3,4,2,2
Shane Doan,ARI,R,2016-10-27,false,PHI,1,2,-4,2,1,1,0,0,0,0,16,6559,139,15,1,5,3,1,12,7
Brenden Dillon,SJS,D,2016-10-25,false,ANA,0,1,0,6,0,0,0,0,0,0,9,6446,149,13,2,2,0,0,0,0
Jason Dickinson,DAL,C,2017-04-02,false,TBL,0,0,-3,0,0,0,0,0,0,0,4,4831,120,3,3,3,0,3,4,9
Phillip Di Giuseppe,CAR,L,2016-11-01,false,OTT,0,0,-4,9,0,0,0,0,0,0,13,5071,117,11,2,7,1,3,0,0
Nicolas Deslauriers,BUF,L,2016-10-29,false,FLA,0,0,-3,4,0,0,0,0,0,0,6,3665,86,16,1,3,0,1,0,0
Andrew Desjardins,CHI,L,2016-11-26,false,LAK,0,0,0,4,0,0,0,0,0,0,13,4588,116,7,2,3,0,1,5,7
David Desharnais,MTL,C,2016-10-26,false,NYI,2,2,2,0,0,0,0,0,0,0,9,5538,132,0,1,0,1,3,28,20
Jason Demers,FLA,D,2016-10-27,false,TOR,0,1,-3,4,0,0,0,0,0,0,8,8329,155,3,5,12,3,7,0,0
Michael Del Zotto,PHI,D,2016-11-19,false,TBL,1,3,-1,4,0,0,0,0,0,0,16,7686,170,28,13,6,3,2,0,0
Dylan DeMelo,SJS,D,2016-12-20,false,CGY,1,1,-2,2,0,0,0,0,0,0,14,6546,154,13,9,2,4,0,0,0
Danny DeKeyser,DET,D,2016-10-25,false,CAR,1,0,4,6,0,0,0,0,0,0,4,9657,205,9,18,3,5,0,0,0
Anthony DeAngelo,ARI,D,2016-11-23,false,VAN,2,3,1,0,1,2,0,0,0,0,11,8315,167,0,9,4,3,1,0,0
Jacob De La Rose,MTL,L,2017-02-02,false,PHI,0,0,-2,4,0,0,0,0,0,0,4,4563,121,18,2,3,0,2,14,11
Brandon Davidson,EDM,D,2016-12-29,false,LAK,0,1,3,4,0,0,0,0,0,0,11,6241,144,11,9,4,4,1,0,0
Laurent Dauphin,ARI,C,2016-10-29,false,COL,1,1,-1,4,0,0,1,0,0,0,6,4467,103,11,4,0,1,5,8,11
Marko Dano,WPG,C,2016-11-13,false,LAK,3,1,0,2,2,0,0,0,0,0,10,4985,113,12,3,2,3,1,1,1
Phillip Danault,MTL,L,2016-10-26,false,NYI,2,2,2,0,0,0,0,0,0,0,9,5226,131,5,7,2,3,1,15,22
Trevor Daley,PIT,D,2016-10-25,false,FLA,1,1,0,4,1,0,0,0,0,0,12,9044,212,4,13,7,0,4,0,0
Klas Dahlbeck,CAR,D,2016-11-08,false,NJD,1,1,1,8,0,0,0,0,0,0,5,5019,122,10,5,3,2,2,0,0
Austin Czarnik,BOS,C,2016-11-05,false,NYR,1,0,-3,4,0,0,0,0,0,0,7,6175,143,1,4,3,2,2,4,12
Matt Cullen,PIT,C,2016-10-25,false,FLA,1,5,2,0,0,1,0,0,0,0,11,7186,182,5,2,8,3,0,76,48
Lawson Crouse,ARI,L,2016-11-03,false,NSH,1,0,-3,2,0,0,0,0,0,0,7,4139,97,15,3,1,0,0,0,0
Sidney Crosby,PIT,C,2016-11-08,false,EDM,8,2,5,0,2,1,0,0,1,0,23,7564,176,6,2,10,6,2,71,88
Joseph Cramarossa,ANA,C,2016-11-04,false,ARI,1,0,-1,15,0,0,0,0,0,0,5,4425,110,19,4,4,3,2,1,0
Adam Cracknell,DAL,R,2016-10-27,false,WPG,2,1,1,0,0,0,0,0,0,0,13,4225,112,11,3,5,2,1,10,3
Charlie Coyle,MIN,C,2016-10-25,false,BOS,3,2,0,18,1,0,0,0,1,0,16,6966,158,9,7,7,3,4,4,4
Sean Couturier,PHI,C,2016-10-25,false,BUF,3,1,1,4,0,0,0,0,1,0,11,7866,182,5,4,8,4,5,51,65
Logan Couture,SJS,C,2016-10-25,false,ANA,2,3,-1,2,2,0,0,0,0,0,18,7519,178,0,4,4,4,1,36,60
Nick Cousins,PHI,C,2016-10-27,false,ARI,1,2,1,2,0,0,0,0,0,0,7,4464,104,8,4,0,0,0,1,7
Andrew Copp,WPG,C,2016-11-13,false,LAK,2,2,0,0,0,0,1,0,0,0,6,4836,126,11,5,3,2,3,13,30
Kyle Connor,WPG,L,2016-10-28,false,COL,1,1,-4,2,0,1,0,0,1,0,11,5544,119,1,3,4,1,4,0,0
Brett Connolly,WSH,R,2016-11-12,false,CAR,1,0,1,2,0,0,0,0,0,0,10,3760,92,16,1,2,0,2,0,0
Kevin Connauton,ARI,D,2016-11-23,false,VAN,0,1,0,6,0,0,0,0,0,0,5,5568,136,15,4,7,2,0,0,0
Erik Condra,TBL,R,2016-12-23,false,WSH,0,0,-3,2,0,0,0,0,0,0,5,4226,99,3,5,3,2,2,1,0
Cory Conacher,TBL,C,2016-12-23,false,WSH,1,1,-2,4,1,0,0,0,0,0,10,5139,127,0,0,5,5,3,1,1
J.T. Compher,COL,L,2017-03-13,false,ARI,0,0,-2,2,0,0,0,0,0,0,8,5713,128,3,9,3,2,1,28,30
Blake Comeau,COL,L,2016-10-29,false,ARI,1,1,1,12,1,0,0,0,0,0,12,6303,151,14,2,2,1,1,16,18
Blake Coleman,NJD,C,2017-03-02,false,WSH,0,1,-1,4,0,0,0,0,0,0,10,4872,112,12,6,3,5,4,26,31
Ian Cole,PIT,D,2016-10-25,false,FLA,1,0,-3,6,0,0,0,0,0,0,7,8119,185,14,13,6,3,1,0,0
Joe Colborne,COL,C,2016-10-29,false,ARI,3,1,-1,2,2,0,0,0,0,0,10,5305,126,5,4,0,2,1,12,27
Andrew Cogliano,ANA,L,2016-10-25,false,SJS,3,0,2,2,0,0,1,0,0,0,12,6574,171,8,5,1,0,1,1,3
Braydon Coburn,TBL,D,2016-10-27,false,MTL,0,1,-1,6,0,0,0,0,0,0,13,6857,154,11,2,2,2,0,0,0
Cal Clutterbuck,NYI,R,2016-10-26,false,MTL,1,3,1,6,0,0,0,0,0,0,12,6798,177,30,4,3,3,1,1,0
Kyle Clifford,LAK,L,2016-10-29,false,STL,0,0,0,9,0,0,0,0,0,0,11,4132,95,20,1,6,1,2,0,0
Adam Clendening,NYR,D,2016-12-01,false,BUF,0,3,4,4,0,1,0,0,0,0,4,6892,152,3,5,5,1,2,0,0
Fredrik Claesson,OTT,D,2016-12-01,false,PHI,0,0,-1,0,0,0,0,0,0,0,2,4678,121,10,3,1,4,0,0,0
Casey Cizikas,NYI,C,2016-10-26,false,MTL,0,3,1,2,0,0,0,0,0,0,9,6320,168,17,8,1,2,3,65,59
Jakob Chychrun,ARI,D,2016-10-29,false,COL,1,2,2,19,0,0,0,0,0,0,6,6859,146,10,5,8,5,1,0,0
Taylor Chorney,WSH,D,2017-01-01,false,OTT,1,1,3,4,0,0,0,0,1,0,9,5648,128,12,8,4,3,2,0,0
Jason Chimera,NYI,L,2016-10-26,false,MTL,0,3,-2,6,0,0,0,0,0,0,9,5984,153,10,2,3,4,1,1,2
Alex Chiasson,CGY,R,2016-10-24,false,CHI,1,0,1,8,0,0,0,0,0,0,12,4687,121,10,1,3,4,3,0,3
Ben Chiarot,WPG,D,2016-10-28,false,COL,0,0,-3,2,0,0,0,0,0,0,2,4970,110,6,3,0,5,0,0,0
Zdeno Chara,BOS,D,2016-10-26,false,NYR,1,2,5,9,0,0,0,0,0,0,9,9832,192,14,11,4,5,6,0,0
Michael Chaput,VAN,C,2016-11-19,false,CHI,0,1,-1,2,0,0,0,0,0,0,4,4018,102,11,3,0,1,1,30,19
Peter Cehlarik,BOS,L,2017-02-28,false,ARI,0,2,1,0,0,1,0,0,0,0,3,6106,135,6,4,5,7,4,2,0
Cody Ceci,OTT,D,2016-10-28,false,CGY,0,1,-4,4,0,0,0,1,0,0,10,9497,215,11,18,6,3,3,0,0
Jeff Carter,LAK,C,2016-10-27,false,NSH,2,3,0,2,0,0,0,0,1,1,21,7660,165,6,4,10,6,2,68,52
William Carrier,BUF,L,2016-11-17,false,TBL,0,0,1,0,0,0,0,0,0,0,12,3784,95,24,2,3,3,1,0,1
Connor Carrick,TOR,D,2016-10-27,false,FLA,1,0,2,2,0,0,0,0,0,0,18,7944,184,8,7,4,4,1,0,0
Daniel Carr,MTL,L,2016-11-15,false,FLA,1,1,2,4,0,0,0,0,1,0,11,4600,108,10,3,4,3,0,1,1
Ryan Carpenter,SJS,C,2017-01-24,false,WPG,2,2,5,2,0,0,0,0,0,0,13,4220,116,11,1,1,2,1,22,23
John Carlson,WSH,D,2016-10-29,false,VAN,0,1,0,0,0,0,0,0,0,0,23,9993,181,3,12,11,5,4,0,0
Brandon Carlo,BOS,D,2016-10-26,false,NYR,1,1,5,4,0,0,0,0,0,0,7,9381,191,8,21,8,2,1,0,0
Brian Campbell,CHI,D,2016-10-24,false,CGY,1,4,6,2,0,1,0,0,0,0,10,7397,150,10,4,2,6,0,0,0
Michael Cammalleri,NJD,L,2016-10-28,false,CHI,0,2,0,6,0,1,0,0,0,0,16,6584,142,5,1,8,6,3,2,0
Matt Calvert,CBJ,L,2016-10-28,false,ANA,1,0,-4,2,0,0,0,0,0,0,11,6743,154,11,4,4,4,6,2,3
Ryan Callahan,TBL,R,2016-11-12,false,SJS,0,1,0,17,0,0,0,0,0,0,9,5671,138,20,3,5,2,4,2,1
Drake Caggiula,EDM,L,2016-12-01,false,WPG,0,2,-1,2,0,0,0,0,0,0,7,5795,132,10,1,6,2,2,13,19
Paul Byron,MTL,L,2016-10-26,false,NYI,2,3,2,2,0,0,1,0,1,0,10,5352,144,2,2,1,1,5,1,0
Dustin Byfuglien,WPG,D,2016-10-27,false,DAL,0,5,-1,2,0,1,0,0,0,0,14,12063,208,20,14,15,11,3,0,0
Alexandre Burrows,VAN,L,2016-11-03,false,OTT,0,0,-2,4,0,0,0,0,0,0,9,4579,130,9,1,0,1,5,0,1
Brent Burns,SJS,D,2016-10-25,false,ANA,3,6,1,4,0,1,0,0,1,0,35,10042,193,5,16,12,13,2,0,0
Alexander Burmistrov,WPG,C,2016-10-28,false,COL,0,1,-1,0,0,0,0,0,0,0,3,4946,109,7,2,2,3,1,14,36
Andre Burakovsky,WSH,L,2016-10-29,false,VAN,2,2,-2,0,0,0,0,0,0,0,18,6721,135,3,2,4,2,2,0,0
Pavel Buchnevich,NYR,R,2016-11-05,false,BOS,1,2,2,4,1,1,0,0,0,0,14,6337,146,3,2,8,6,4,0,1
Dustin Brown,LAK,R,2016-10-27,false,NSH,1,4,-2,4,0,2,1,0,0,0,13,6859,149,17,2,6,2,5,0,0
Connor Brown,TOR,R,2016-10-27,false,FLA,1,0,-1,4,0,0,0,0,0,0,8,5441,137,3,5,4,1,0,0,0
J.T. Brown,TBL,R,2016-10-27,false,MTL,0,0,-2,6,0,0,0,0,0,0,7,4428,110,8,1,3,3,1,0,0
Patrick Brown,CAR,C,2017-03-13,false,NYI,0,0,-6,0,0,0,0,0,0,0,5,4093,97,12,4,2,1,1,0,0
Troy Brouwer,CGY,R,2016-10-24,false,CHI,3,2,0,4,0,1,1,0,0,0,11,7089,165,21,4,4,2,4,6,11
Kyle Brodziak,STL,C,2016-10-27,false,DET,0,0,-2,6,0,0,0,0,0,0,5,3597,102,7,2,2,0,2,11,24
Jonas Brodin,MIN,D,2016-10-25,false,BOS,1,3,5,4,0,0,0,0,1,0,6,7544,173,3,10,8,5,0,0,0
TJ Brodie,CGY,D,2016-10-24,false,CHI,0,1,-8,2,0,1,0,0,0,0,11,9990,222,1,7,4,5,5,0,0
Justin Braun,SJS,D,2016-10-25,false,ANA,0,0,-5,2,0,0,0,0,0,0,7,8204,176,6,15,4,3,3,0,0
Derick Brassard,OTT,C,2016-10-28,false,CGY,1,4,0,0,0,1,0,0,0,0,15,7354,158,9,0,5,2,4,55,64
Tyler Bozak,TOR,C,2016-10-27,false,FLA,3,2,1,0,0,0,0,0,1,0,11,6727,159,4,2,5,2,3,72,48
Brian Boyle,TBL,C,2016-10-27,false,MTL,1,0,0,5,0,0,0,0,0,0,11,4327,104,13,2,1,3,4,33,26
Johnny Boychuk,NYI,D,2016-10-26,false,MTL,2,2,1,0,0,1,1,0,1,0,22,8178,161,15,18,7,5,3,0,0
Jay Bouwmeester,STL,D,2016-10-25,false,CGY,0,1,1,4,0,0,0,0,0,0,7,9592,214,6,12,6,4,2,0,0
Rene Bourque,COL,R,2016-11-03,false,CHI,1,1,-2,4,1,0,0,0,0,0,11,5898,132,16,6,4,1,3,0,3
Michael Bournival,TBL,L,2016-12-29,false,TOR,1,0,-1,0,0,0,0,0,0,0,10,4084,98,7,4,7,0,2,1,2
Lance Bouma,CGY,C,2016-10-24,false,CHI,0,1,1,2,0,0,0,0,0,0,2,5272,133,13,6,2,1,1,0,1
Reid Boucher,NJD,C,2016-11-19,false,LAK,0,2,1,2,0,0,0,0,0,0,11,5043,105,6,4,4,0,4,0,0
Robert Bortuzzo,STL,D,2016-11-23,false,WSH,1,0,6,2,0,0,0,0,0,0,8,5697,157,14,11,2,5,0,0,0
Mark Borowiecki,OTT,D,2016-10-28,false,CGY,0,0,2,9,0,0,0,0,0,0,2,5411,141,17,12,4,0,0,0,0
Nick Bonino,PIT,C,2016-10-25,false,FLA,0,2,-5,4,0,1,0,0,0,0,13,8003,186,8,11,2,2,6,67,70
Jared Boll,ANA,R,2016-10-26,false,NSH,0,1,-1,6,0,0,0,0,0,0,2,2675,70,9,1,0,1,1,0,1
Zach Bogosian,BUF,D,2016-10-29,false,FLA,0,0,-1,4,0,0,0,0,0,0,12,8625,199,4,13,1,4,2,0,0
Brock Boeser,VAN,R,2017-04-06,false,ARI,3,1,1,0,1,0,0,0,1,0,20,7052,149,5,0,2,3,1,0,0
Mikkel Boedker,SJS,L,2016-10-25,false,ANA,1,0,-3,2,0,0,0,0,0,0,6,6436,154,5,2,5,3,2,2,3
Anton Blidh,BOS,L,2016-12-20,false,NYI,1,1,2,0,0,0,0,0,0,0,16,4271,92,18,0,4,2,3,0,0
Joseph Blandisi,NJD,L,2017-02-19,false,NYI,1,0,-3,7,0,0,0,0,0,0,9,4382,115,9,0,2,0,1,8,11
Nick Bjugstad,FLA,C,2016-12-05,false,BOS,0,0,-2,6,0,0,0,0,0,0,5,5245,114,8,1,1,4,2,7,10
Oliver Bjorkstrand,CBJ,R,2017-02-17,false,PIT,1,1,0,6,0,0,0,0,1,0,10,5453,130,5,2,5,2,1,1,0
Anthony Bitetto,NSH,D,2017-01-08,false,CHI,0,2,-1,7,0,0,0,0,0,0,2,4227,107,12,6,4,1,0,0,0
Kevin Bieksa,ANA,D,2016-10-25,false,SJS,0,0,1,6,0,0,0,0,0,0,18,8714,175,18,6,5,2,1,0,0
Alex Biega,VAN,D,2016-12-18,false,CBJ,0,1,1,4,0,0,0,0,0,0,7,6518,152,15,7,10,0,2,0,0
Bryan Bickell,CAR,L,2016-10-30,false,PHI,1,0,-1,4,1,0,0,0,1,0,6,4075,94,10,1,4,1,3,0,2
Patrik Berglund,STL,C,2016-10-25,false,CGY,1,2,1,4,0,0,0,0,0,0,11,6625,164,7,4,7,2,2,46,36
Patrice Bergeron,BOS,C,2016-11-03,false,TBL,1,2,1,2,0,0,0,0,1,0,21,8010,177,7,7,7,2,4,108,76
Matt Benning,EDM,D,2016-11-13,false,NYR,0,2,2,2,0,1,0,0,0,0,8,6907,152,4,7,8,3,0,0,0
Sam Bennett,CGY,C,2016-10-24,false,CHI,1,2,-2,14,1,0,0,0,0,0,10,6199,153,17,0,8,4,2,42,38
Beau Bennett,NJD,R,2016-10-29,false,TBL,0,0,-2,2,0,0,0,0,0,0,12,4943,109,6,0,2,2,4,0,1
Jamie Benn,DAL,L,2016-10-27,false,WPG,2,2,-5,11,2,1,0,0,0,0,20,8313,194,11,3,8,7,4,40,30
Jordie Benn,DAL,D,2016-11-01,false,CBJ,0,3,-1,6,0,1,0,0,0,0,8,7733,176,7,17,5,1,0,0,0
Pierre-Edouard Bellemare,PHI,L,2016-10-25,false,BUF,0,1,2,0,0,0,0,0,0,0,5,6008,146,3,10,3,0,0,37,40
Matt Beleskey,BOS,L,2016-10-26,false,NYR,0,0,-7,2,0,0,0,0,0,0,8,6608,142,19,2,10,1,2,9,14
Anthony Beauvillier,NYI,C,2016-10-27,false,PIT,1,4,4,2,0,0,0,0,0,0,7,4477,106,12,2,3,2,1,1,1
Nathan Beaulieu,MTL,D,2016-10-26,false,NYI,0,2,7,4,0,1,0,0,0,0,9,7929,172,10,11,2,12,5,0,0
Francois Beauchemin,COL,D,2016-10-29,false,ARI,0,2,4,2,0,1,0,0,0,0,5,8638,187,7,10,4,5,4,0,0
Jay Beagle,WSH,C,2016-10-29,false,VAN,0,1,2,2,0,0,0,0,0,0,10,4957,125,1,4,2,2,1,45,30
Matt Bartkowski,CGY,D,2017-03-03,false,DET,0,0,3,0,0,0,0,0,0,0,3,5898,151,9,6,3,2,2,0,0
Tyson Barrie,COL,D,2016-10-29,false,ARI,1,4,-2,2,0,3,0,0,1,0,15,9365,185,7,5,12,4,1,0,0
Aleksander Barkov,FLA,C,2016-10-27,false,TOR,2,3,3,0,0,1,0,0,1,1,12,8164,169,1,5,6,1,5,55,43
Mark Barberio,MTL,D,2016-12-17,false,WSH,0,1,2,4,0,0,0,0,0,0,8,5435,128,2,6,2,5,0,0,0
Ivan Barbashev,STL,C,2017-02-09,false,TOR,1,0,2,2,0,0,0,0,0,0,7,4104,97,15,3,1,0,1,13,21
Nicholas Baptiste,BUF,R,2016-11-07,false,BOS,1,0,1,2,0,0,0,0,0,0,8,3727,89,4,1,2,1,0,0,1
Justin Bailey,BUF,R,2017-01-10,false,PHI,1,0,1,0,0,0,0,0,0,0,5,4330,108,10,2,3,0,1,0,0
Josh Bailey,NYI,R,2016-10-26,false,MTL,1,4,2,0,0,0,0,0,1,1,11,8049,180,2,10,4,2,4,0,2
Casey Bailey,OTT,R,2017-02-24,false,CAR,0,0,-1,0,0,0,0,0,0,0,10,3358,78,4,4,0,0,1,0,1
Sven Baertschi,VAN,L,2016-10-25,false,OTT,0,1,-2,0,0,0,0,0,0,0,10,6173,138,6,2,0,3,1,1,0
Nicklas Backstrom,WSH,C,2016-10-29,false,VAN,0,4,-1,4,0,2,0,0,0,0,17,7505,162,5,1,1,6,4,64,46
Mikael Backlund,CGY,C,2016-10-24,false,CHI,0,4,-3,0,0,1,0,1,0,0,16,7255,174,2,8,3,8,4,60,54
David Backes,BOS,R,2016-11-07,false,BUF,2,2,4,11,0,1,0,0,0,0,15,7773,157,28,5,4,2,2,31,38
Yohann Auvitu,NJD,D,2016-10-28,false,CHI,0,2,2,0,0,1,0,0,0,0,20,7194,152,5,1,3,3,4,0,0
Cam Atkinson,CBJ,R,2016-10-28,false,ANA,2,2,-6,2,2,2,0,0,0,0,17,7258,172,2,2,10,0,3,1,0
Andreas Athanasiou,DET,C,2016-10-29,false,BOS,2,1,3,0,0,0,0,0,0,0,9,4824,110,2,2,1,2,1,0,3
Viktor Arvidsson,NSH,L,2016-10-27,false,LAK,4,2,-1,2,1,1,1,0,0,0,19,5802,150,3,5,4,2,3,1,0
Joel Armia,WPG,R,2016-10-28,false,COL,1,2,2,2,0,0,0,0,0,0,13,5945,134,5,2,4,6,8,1,2
Josh Archibald,PIT,R,2017-04-04,false,CBJ,2,0,3,2,0,0,1,0,0,0,8,4013,101,20,1,5,0,0,0,1
Artem Anisimov,CHI,C,2016-10-24,false,CGY,4,5,6,8,0,2,0,0,1,0,12,7775,167,2,1,4,0,2,35,65
Sven Andrighetto,MTL,R,2016-12-12,false,BOS,0,2,2,0,0,0,0,0,0,0,8,4344,101,8,5,2,1,2,0,0
Andy Andreoff,LAK,L,2016-10-27,false,NSH,0,0,-1,8,0,0,0,0,0,0,4,4633,104,16,3,4,3,0,7,6
Josh Anderson,CBJ,R,2016-10-28,false,ANA,2,0,3,11,0,0,0,0,1,0,11,5038,130,7,2,2,1,1,1,2
Karl Alzner,WSH,D,2016-10-29,false,VAN,1,2,5,6,0,0,0,0,0,0,11,8313,178,6,11,4,4,1,0,0
Sebastian Aho,CAR,R,2016-10-28,false,NYR,0,5,0,2,0,3,0,0,0,0,13,6332,135,3,1,9,5,1,0,0
Kenny Agostino,STL,L,2017-02-18,false,BUF,1,2,0,2,0,1,0,0,0,0,17,5366,117,9,3,7,4,1,0,0
Noel Acciari,BOS,C,2016-10-26,false,NYR,0,2,0,2,0,0,0,0,0,0,4,4279,101,16,1,3,1,3,5,6
Pontus Aberg,NSH,L,2016-11-25,false,WPG,1,1,3,2,0,0,0,0,0,0,7,5272,118,4,0,1,1,3,1,0
Justin Abdelkader,DET,L,2016-10-29,false,BOS,1,0,-2,7,1,0,0,0,0,0,8,6871,148,22,3,4,2,3,0,2
Jake Virtanen,VAN,R,2016-10-29,false,WSH,0,1,1,2,0,0,0,0,0,0,10,4468,115,12,4,4,0,3,3,0
Dylan Strome,ARI,C,2016-11-17,false,VAN,0,1,-5,0,0,0,0,0,0,0,6,5747,130,3,2,6,0,3,31,46
Clayton Stoner,ANA,D,2016-11-01,false,LAK,0,2,-1,26,0,0,0,0,0,0,5,7262,167,15,8,2,2,1,0,0
Steven Stamkos,TBL,C,2016-10-27,false,MTL,5,4,0,8,1,1,0,0,1,0,25,7831,159,10,0,6,0,7,44,45
Hunter Shinkaruk,CGY,C,2016-11-28,false,NYI,0,1,-3,2,0,0,0,0,0,0,5,4445,96,3,3,2,1,2,0,0
Brad Richardson,ARI,R,2016-10-27,false,PHI,3,3,-1,4,0,0,2,1,0,0,15,6043,145,6,3,4,1,4,47,47
Kyle Rau,FLA,C,2016-11-05,false,WSH,0,1,-1,4,0,0,0,0,0,0,4,5023,112,9,2,1,0,2,2,1
Teddy Purcell,LAK,L,2016-11-11,false,OTT,0,1,-1,0,0,0,0,0,0,0,9,5755,130,6,0,2,3,0,2,0
Tyler Pitlick,EDM,R,2016-10-26,false,WSH,3,0,0,0,0,0,0,0,1,0,8,3444,92,16,1,1,2,1,1,0
Tyler Myers,WPG,D,2016-10-27,false,DAL,2,0,1,6,0,0,0,0,0,0,12,9811,197,9,14,5,8,3,0,0
Taylor Leier,PHI,L,2016-12-21,false,WSH,1,1,0,2,0,0,0,0,0,0,6,3405,84,3,0,3,0,2,0,1
Johan Larsson,BUF,C,2016-10-29,false,FLA,1,2,-2,6,0,0,0,0,1,0,5,7479,160,7,9,6,5,1,45,50
Danton Heinen,BOS,C,2016-11-01,false,FLA,0,0,-2,2,0,0,0,0,0,0,6,5512,113,5,2,2,2,4,0,0
Shane Harper,FLA,R,2016-10-27,false,TOR,2,1,1,11,0,0,0,0,0,0,9,4484,103,15,0,1,2,3,0,0
Joel Hanley,MTL,D,2016-12-23,false,CBJ,0,0,-3,4,0,0,0,0,0,0,5,4266,105,8,4,0,3,1,0,0
Erik Gudbranson,VAN,D,2016-10-25,false,OTT,0,1,1,2,0,0,0,0,0,0,8,8076,173,10,3,2,6,1,0,0
Ryan Garbutt,ANA,C,2016-10-25,false,SJS,1,0,-1,2,0,0,0,0,1,0,5,4298,122,14,5,5,1,1,2,1
Derek Dorsett,VAN,R,2016-11-03,false,OTT,0,1,-1,16,0,0,0,0,0,0,9,3841,103,22,3,1,0,1,0,0
Zac Dalpe,MIN,C,2016-10-25,false,BOS,1,2,-1,9,0,0,0,0,0,0,8,3641,97,5,4,2,0,1,25,26
Tyler Bertuzzi,DET,L,2016-11-26,false,MTL,0,0,-1,0,0,0,0,0,0,0,3,3825,90,12,0,4,3,1,1,1
Cody Bass,NSH,C,2016-11-12,false,ANA,0,0,0,19,0,0,0,0,0,0,1,2920,79,12,3,0,1,2,0,2
