James van Riemsdyk,TOR,L,2016-12-17,false,PIT,12,10,-2,12,2,3,0,0,1,0,86,28912,641,38,15,26,9,12,1,3
Trevor van Riemsdyk,CHI,D,2017-02-04,false,DAL,2,5,8,8,0,0,0,0,1,0,35,33247,734,12,48,16,20,12,0,0
Calvin de Haan,NYI,D,2016-12-16,false,BUF,1,6,8,26,0,0,0,0,0,0,44,32961,649,48,86,17,20,7,0,0
Jason Zucker,MIN,L,2016-12-17,false,ARI,6,11,17,12,0,0,0,0,0,0,49,24420,565,28,14,31,8,17,1,2
Mats Zuccarello,NYR,R,2016-12-11,false,NJD,7,12,2,8,2,2,0,0,0,0,64,33732,697,33,14,17,14,24,3,2
Mika Zibanejad,NYR,C,2017-02-11,false,COL,7,14,4,8,0,5,0,0,0,0,64,30238,711,10,17,40,16,18,288,258
Henrik Zetterberg,DET,L,2016-12-13,false,ARI,6,14,2,8,1,3,0,0,0,0,66,34824,708,16,13,16,14,17,238,222
Travis Zajac,NJD,C,2016-12-17,false,OTT,8,15,-1,14,3,2,0,1,1,0,63,36584,772,40,10,10,8,14,331,293
Nikita Zaitsev,TOR,D,2016-12-17,false,PIT,1,10,-9,6,0,3,0,0,0,0,43,39572,876,70,43,30,23,15,0,0
Nikita Zadorov,COL,D,2016-12-20,false,MIN,0,5,-11,35,0,0,0,0,0,0,21,31386,727,73,37,18,10,8,0,0
Pavel Zacha,NJD,C,2016-12-27,false,PIT,2,5,-13,10,1,2,0,0,0,0,31,25196,537,26,16,11,8,5,94,128
Keith Yandle,FLA,D,2016-12-13,false,MIN,1,12,1,18,1,4,0,0,0,0,71,39400,738,10,32,34,23,8,0,0
Nail Yakupov,STL,R,2017-02-02,false,TOR,3,3,-7,10,0,0,0,0,0,0,24,19168,468,23,6,15,3,9,0,0
Miles Wood,NJD,L,2017-01-24,false,LAK,7,4,-5,33,1,0,0,0,0,0,53,21964,522,38,11,23,8,8,1,0
Luke Witkowski,TBL,D,2017-04-02,false,DAL,0,3,-2,37,0,0,0,0,0,0,19,17555,416,66,18,7,7,3,0,0
Daniel Winnik,WSH,L,2017-01-09,false,MTL,6,4,9,17,0,0,1,0,2,0,35,22022,503,13,18,14,14,10,4,6
Tommy Wingels,SJS,C,2017-01-05,false,MIN,4,2,-1,13,0,0,0,0,2,0,36,17659,462,54,17,7,8,1,53,71
Scott Wilson,PIT,L,2016-12-20,false,NYR,4,6,-1,2,0,0,0,0,1,0,58,20635,513,70,14,16,5,7,1,0
Colin Wilson,NSH,L,2016-12-19,false,PHI,5,10,3,8,2,0,0,0,0,0,52,26755,617,19,11,17,8,14,0,5
Tom Wilson,WSH,R,2016-12-17,false,MTL,2,0,4,25,0,0,0,0,0,0,33,22985,533,69,11,5,5,15,0,4
Justin Williams,WSH,R,2016-12-17,false,MTL,7,4,-5,18,2,2,0,0,0,0,62,28672,591,11,19,34,14,15,38,27
Patrick Wiercioch,COL,D,2016-12-22,false,TOR,2,6,-8,17,0,0,0,0,0,0,37,31937,737,29,32,12,8,3,0,0
Chris Wideman,OTT,D,2016-12-27,false,NYR,1,7,3,12,0,1,0,0,1,0,43,23647,614,29,19,16,15,4,0,0
Dennis Wideman,CGY,D,2016-12-27,false,COL,2,9,2,18,2,2,0,0,0,0,53,37856,824,31,34,18,25,10,0,0
Ryan White,ARI,C,2016-12-21,false,EDM,2,3,-7,60,0,0,0,0,1,0,22,19009,448,98,18,9,3,3,35,46
Blake Wheeler,WPG,R,2016-12-08,false,NYR,8,14,4,18,1,5,1,1,0,0,82,37113,785,45,19,26,22,15,40,47
Zach Werenski,CBJ,D,2016-12-20,false,LAK,6,15,7,8,3,8,0,0,1,1,78,38976,827,21,35,31,16,11,0,0
Alexander Wennberg,CBJ,C,2016-12-20,false,LAK,6,20,9,9,1,12,0,0,2,0,35,32704,725,27,24,9,14,15,207,266
Dale Weise,PHI,R,2016-12-21,false,WSH,2,2,0,10,1,0,0,0,1,0,36,21850,505,52,6,16,9,8,1,0
Yannick Weber,NSH,D,2016-12-19,false,PHI,0,3,7,19,0,0,0,0,0,0,28,20424,495,35,23,16,12,2,0,0
Shea Weber,MTL,D,2016-12-16,false,SJS,8,10,18,18,7,3,0,1,3,0,79,46443,862,65,61,36,35,4,0,0
Austin Watson,NSH,L,2016-12-27,false,MIN,1,6,6,26,0,0,0,1,0,0,31,20813,504,53,16,14,0,9,0,3
Joel Ward,SJS,R,2016-12-14,false,OTT,2,7,0,12,0,0,1,0,1,0,42,28917,680,29,23,20,20,15,73,82
Chris Wagner,ANA,C,2017-03-10,false,STL,4,1,-1,6,0,0,0,0,0,0,31,16735,423,72,15,13,9,3,38,63
Radim Vrbata,ARI,R,2016-12-15,false,TOR,8,12,-6,6,2,2,0,0,0,0,91,30711,662,25,9,32,10,16,11,13
Jakub Voracek,PHI,R,2016-12-10,false,DAL,11,21,-2,32,2,11,0,0,2,2,107,35476,746,9,8,38,16,12,0,6
Marc-Edouard Vlasic,SJS,D,2016-12-16,false,MTL,3,4,2,31,1,2,0,0,2,1,55,38147,767,8,57,28,26,6,0,0
Jimmy Vesey,NYR,L,2016-12-13,false,CHI,10,7,2,6,4,2,0,0,3,0,55,26221,578,22,13,17,13,16,1,4
Kris Versteeg,CGY,R,2017-01-07,false,VAN,7,11,0,10,3,4,0,0,1,0,48,24832,537,2,12,14,15,14,9,7
Antoine Vermette,ANA,C,2016-12-13,false,DAL,6,6,0,20,2,1,0,0,0,0,48,28996,757,26,22,20,11,7,326,173
Frank Vatrano,BOS,C,2017-03-02,false,NYR,10,6,-2,8,4,1,0,0,1,0,84,25213,582,37,9,36,5,6,2,5
Sami Vatanen,ANA,D,2016-12-13,false,DAL,2,10,5,10,2,6,0,0,0,0,41,39361,787,35,57,10,15,11,0,0
Thomas Vanek,DET,L,2017-01-10,false,CHI,10,16,4,14,3,3,0,0,1,0,73,26949,595,18,1,15,12,12,5,9
Chris VandeVelde,PHI,C,2016-12-10,false,DAL,5,5,-4,6,0,0,0,0,0,0,29,20719,522,47,26,10,7,5,16,12
Scottie Upshall,STL,R,2016-12-19,false,EDM,3,3,-7,15,0,0,0,0,0,0,29,18415,514,29,4,12,5,7,1,3
Fedor Tyutin,COL,D,2016-12-31,false,NYR,1,7,-14,10,0,0,0,0,0,0,22,34052,790,60,41,4,8,7,0,0
Kyle Turris,OTT,C,2016-12-14,false,SJS,12,8,2,25,1,3,0,0,3,2,59,34552,746,9,23,22,24,7,238,242
Nikita Tryamkin,VAN,D,2017-01-04,false,ARI,1,3,3,27,0,0,0,0,0,0,28,29555,668,73,33,21,16,5,0,0
Jacob Trouba,WPG,D,2017-01-13,false,ARI,2,12,2,22,0,0,0,1,0,0,64,42636,837,47,60,30,32,15,0,0
Vincent Trocheck,FLA,C,2016-12-13,false,MIN,7,8,-11,10,0,3,0,0,1,1,73,37710,731,75,17,36,29,25,306,303
Jordin Tootoo,CHI,R,2017-01-02,false,STL,0,0,-2,16,0,0,0,0,0,0,28,11785,303,28,5,11,6,6,1,0
Tyler Toffoli,LAK,C,2016-12-16,false,PIT,8,12,15,12,2,1,0,1,1,1,90,31917,701,35,2,36,16,9,1,2
Jonathan Toews,CHI,C,2016-12-30,false,CAR,6,12,2,19,3,3,0,0,2,0,79,37437,775,18,11,20,18,13,393,275
Matthew Tkachuk,CGY,L,2016-12-19,false,ARI,6,11,5,60,1,3,0,0,1,0,54,25794,573,31,7,25,9,15,4,5
Chris Tierney,SJS,C,2016-12-14,false,OTT,3,7,-2,0,0,0,1,1,1,0,31,24646,622,15,18,11,22,12,144,161
Shawn Thornton,FLA,L,2017-02-17,false,ANA,1,2,-5,30,0,0,0,0,0,0,20,12863,329,28,5,13,6,1,5,7
Joe Thornton,SJS,C,2016-12-14,false,OTT,2,17,3,22,0,7,0,0,0,0,32,34344,729,24,10,13,31,28,178,135
Chris Thorburn,WPG,R,2017-01-09,false,CGY,3,0,-5,65,0,0,1,0,0,0,19,14210,399,49,18,2,3,3,9,12
Nate Thompson,ANA,C,2017-04-09,false,LAK,1,1,4,14,0,0,0,0,0,0,19,18694,484,69,9,5,5,6,130,115
Shea Theodore,ANA,D,2017-02-14,false,MIN,1,7,-11,26,1,1,0,1,0,0,50,30502,642,13,24,24,23,4,0,0
Teuvo Teravainen,CAR,L,2016-12-16,false,WSH,8,7,-2,6,3,4,0,0,1,0,53,28933,633,9,6,23,20,12,65,91
Matt Tennyson,CAR,D,2017-01-23,false,WSH,0,4,-4,2,0,0,0,0,0,0,27,25582,585,38,30,10,9,9,0,0
John Tavares,NYI,C,2016-12-16,false,BUF,9,14,0,22,3,3,0,0,0,0,90,36239,715,10,7,31,24,22,324,298
Tomas Tatar,DET,L,2016-12-13,false,ARI,4,7,-10,12,0,1,0,0,0,0,66,31237,685,29,11,30,10,12,3,3
Vladimir Tarasenko,STL,R,2016-12-13,false,NSH,14,20,-2,4,3,10,0,0,3,2,108,33179,786,8,11,41,11,20,0,1
Christopher Tanev,VAN,D,2017-02-09,false,CBJ,0,5,6,6,0,0,0,0,0,0,20,35992,822,7,54,13,16,7,0,0
Brandon Tanev,WPG,L,2016-12-08,false,NYR,2,1,-5,24,0,0,0,0,1,0,41,21514,584,73,24,14,7,15,0,0
Brandon Sutter,VAN,C,2016-12-13,false,CAR,7,9,-16,2,2,2,0,0,1,1,70,35482,787,21,18,29,10,12,282,242
Ryan Suter,MIN,D,2016-12-17,false,ARI,5,13,22,14,2,5,1,0,0,0,58,48568,873,29,33,21,12,19,0,0
Andrej Sustr,TBL,D,2016-12-14,false,CGY,1,4,-8,25,0,0,0,0,1,0,46,31725,693,21,39,9,15,12,0,0
P.K. Subban,NSH,D,2017-01-20,false,EDM,7,10,-10,25,3,4,0,0,2,0,83,44974,835,26,45,21,36,17,0,0
Mark Stuart,WPG,D,2017-03-13,false,NSH,1,0,3,19,0,0,0,0,0,0,14,21186,515,44,57,3,15,3,0,0
Ryan Strome,NYI,C,2016-12-23,false,BUF,5,5,-4,14,1,2,0,0,1,0,51,25425,542,22,9,15,16,14,87,116
Mark Streit,PHI,D,2016-12-10,false,DAL,5,11,-6,14,1,5,0,0,1,0,55,35819,806,15,32,16,14,7,0,0
Anton Stralman,TBL,D,2017-01-03,false,WPG,1,10,0,4,0,5,0,0,0,0,49,41284,809,42,29,25,8,9,0,0
Michael Stone,ARI,D,2017-01-14,false,ANA,0,6,-10,6,0,3,0,0,0,0,37,36273,792,65,68,28,11,0,1,0
Mark Stone,OTT,R,2016-12-17,false,NJD,9,14,-1,8,4,5,0,0,2,0,47,33076,676,22,26,16,22,36,5,5
Chris Stewart,MIN,R,2016-12-17,false,ARI,5,3,0,40,0,1,0,0,0,0,22,18516,450,35,10,5,6,8,1,4
Derek Stepan,NYR,C,2016-12-11,false,NJD,5,16,8,10,0,6,1,0,1,0,65,32324,736,5,23,12,21,19,251,283
Lee Stempniak,CAR,R,2016-12-16,false,WSH,6,9,4,18,2,2,0,0,0,0,46,28754,637,42,8,22,21,16,1,2
Alexander Steen,STL,L,2016-12-28,false,PHI,3,15,-12,31,0,8,0,0,0,0,44,35262,841,9,26,19,8,19,36,62
Troy Stecher,VAN,D,2017-01-02,false,COL,1,9,-3,15,0,4,0,0,0,0,74,37513,741,20,30,32,11,10,0,0
Paul Stastny,STL,C,2016-12-13,false,NSH,7,8,-1,22,2,4,0,0,2,0,48,36530,840,26,18,18,4,14,349,285
Viktor Stalberg,CAR,L,2016-12-17,false,BUF,7,2,-3,23,0,0,1,0,2,0,46,22228,568,58,8,14,13,18,0,2
Matt Stajan,CGY,C,2016-12-08,false,ARI,3,7,5,10,0,0,0,1,1,0,25,24299,578,24,22,19,5,9,156,134
Drew Stafford,WPG,R,2017-01-13,false,ARI,3,7,-1,10,1,1,0,0,1,0,49,24696,567,27,1,12,16,5,2,7
Eric Staal,MIN,C,2016-12-17,false,ARI,10,14,13,12,1,4,0,1,4,0,86,34591,751,18,13,23,10,24,266,252
Jordan Staal,CAR,C,2017-01-03,false,NJD,7,7,-1,11,2,0,1,0,1,0,62,33161,774,60,12,25,16,22,292,197
Marc Staal,NYR,D,2016-12-11,false,NJD,3,3,8,12,0,0,0,1,0,0,32,35220,796,29,45,16,20,11,0,0
Jared Spurgeon,MIN,D,2016-12-27,false,NSH,3,10,22,12,0,1,0,1,1,1,58,42808,832,19,61,17,8,9,0,0
Ryan Spooner,BOS,C,2016-12-14,false,PIT,4,7,-2,8,2,1,0,0,1,1,58,25711,553,12,6,14,13,12,8,15
Jason Spezza,DAL,C,2016-12-29,false,COL,7,15,-12,19,1,9,1,0,2,0,69,29941,705,7,10,42,18,14,175,155
Nikita Soshnikov,TOR,R,2017-01-13,false,NYR,1,3,0,6,0,1,0,0,0,0,38,19314,503,56,16,18,9,6,2,12
Carl Soderberg,COL,C,2016-12-18,false,WPG,4,5,-3,14,1,0,0,0,0,0,55,28497,656,14,21,13,7,14,172,154
Devante Smith-Pelly,NJD,R,2016-12-29,false,WSH,2,4,-7,6,0,2,0,0,0,0,50,24210,545,56,9,19,10,9,12,13
Craig Smith,NSH,R,2016-12-19,false,PHI,6,5,0,20,2,1,0,0,0,0,55,25960,601,39,6,40,14,12,38,39
Brendan Smith,DET,D,2017-02-15,false,STL,2,3,-1,34,1,2,0,0,1,0,38,32985,738,39,34,17,26,4,0,0
Ben Smith,TOR,R,2017-02-04,false,BOS,2,1,-4,4,0,0,0,0,0,0,25,21062,538,22,30,9,5,9,183,166
Reilly Smith,FLA,R,2016-12-13,false,MIN,4,7,-6,8,2,0,0,0,1,0,58,34670,717,27,7,25,9,25,1,1
Zack Smith,OTT,C,2016-12-14,false,SJS,4,4,-1,31,0,0,1,0,0,0,58,29031,656,52,17,20,23,14,129,122
Anton Slepyshev,EDM,L,2017-02-16,false,PHI,3,5,4,2,0,0,0,0,0,0,44,20312,474,47,9,10,11,11,1,2
Jaccob Slavin,CAR,D,2016-12-16,false,WSH,1,10,2,2,0,4,0,1,0,0,42,41787,813,12,61,18,17,22,0,0
Brady Skjei,NYR,D,2016-12-11,false,NJD,1,13,2,10,0,3,0,0,0,0,36,30093,669,46,25,15,25,4,0,1
Jeff Skinner,CAR,L,2016-12-17,false,BUF,12,14,-5,16,4,7,0,0,0,0,112,33004,676,13,10,40,23,33,5,11
Jack Skille,VAN,R,2016-12-30,false,ANA,4,2,-1,6,0,0,0,0,0,0,35,15742,391,44,8,12,5,8,0,0
Colton Sissons,NSH,C,2017-01-08,false,CHI,5,1,3,2,0,0,1,0,0,0,15,18959,490,57,14,6,6,7,87,89
Wayne Simmonds,PHI,R,2016-12-10,false,DAL,15,12,-8,42,8,6,1,0,1,0,77,34742,786,65,22,42,16,12,6,4
Jakob Silfverberg,ANA,R,2016-12-13,false,DAL,8,12,7,4,1,2,1,0,2,0,85,32795,771,19,15,27,18,15,1,3
Nick Shore,LAK,C,2016-12-18,false,BOS,1,4,-2,12,0,0,0,0,0,0,29,21519,515,23,12,12,9,7,126,155
Devin Shore,DAL,C,2016-12-11,false,CHI,5,8,-3,4,0,3,0,0,0,0,37,23405,571,17,25,15,5,12,115,132
Conor Sheary,PIT,L,2016-12-28,false,CAR,8,13,10,12,1,1,0,0,2,0,69,26718,611,10,12,16,11,11,0,0
Riley Sheahan,DET,C,2016-12-13,false,ARI,0,5,-12,12,0,1,0,0,0,0,48,25058,596,29,16,17,9,9,78,62
Logan Shaw,ANA,C,2017-01-23,false,WPG,2,1,-4,6,0,0,1,0,0,0,39,17119,467,34,12,11,3,7,34,72
Andrew Shaw,MTL,C,2017-01-14,false,NYR,6,9,12,80,1,2,0,0,0,0,59,26547,584,75,13,17,10,12,117,93
Kevin Shattenkirk,STL,D,2016-12-13,false,NSH,7,14,-5,25,5,8,0,0,0,0,61,36339,805,34,25,23,15,10,0,0
Patrick Sharp,DAL,L,2017-02-11,false,CAR,6,6,-12,25,0,0,1,0,0,0,90,29209,675,20,11,30,13,7,21,22
Michael Sgarbossa,FLA,C,2017-02-22,false,EDM,2,6,-4,4,1,1,0,0,0,0,32,21330,526,34,15,10,9,4,126,160
Damon Severson,NJD,D,2016-12-17,false,OTT,3,12,-16,27,0,6,0,0,1,0,47,38026,802,33,26,16,29,12,0,0
Devin Setoguchi,LAK,R,2016-12-29,false,EDM,4,5,-3,6,0,1,0,0,0,0,42,23757,554,42,7,19,16,9,2,2
Andrej Sekera,EDM,D,2016-12-09,false,MIN,4,9,9,8,0,3,1,0,0,0,33,38424,790,19,53,27,22,18,0,0
Dennis Seidenberg,NYI,D,2017-01-06,false,COL,4,9,16,20,0,0,0,0,0,0,31,34576,665,43,62,7,18,2,0,0
Tyler Seguin,DAL,C,2016-12-11,false,CHI,10,19,-11,14,7,6,0,0,1,0,101,34048,750,28,8,45,13,13,185,169
Lukas Sedlak,CBJ,C,2016-12-23,false,MTL,2,5,5,10,0,0,0,0,0,0,24,16855,418,30,13,18,6,8,89,90
Daniel Sedin,VAN,L,2016-12-13,false,CAR,9,11,-6,12,4,3,0,0,1,0,83,34013,713,8,9,26,12,10,2,2
Henrik Sedin,VAN,C,2016-12-13,false,CAR,7,12,-10,6,1,6,0,0,1,1,33,35436,710,6,4,11,21,5,215,227
Brent Seabrook,CHI,D,2016-12-15,false,NYI,2,16,4,6,2,6,0,0,0,0,47,40372,849,46,43,22,36,8,0,0
Jaden Schwartz,STL,L,2016-12-20,false,DAL,12,9,2,6,3,1,0,0,3,1,75,34714,814,30,20,30,7,20,33,41
Justin Schultz,PIT,D,2016-12-14,false,BOS,5,12,18,6,1,3,0,0,0,0,56,30562,705,23,28,17,14,7,0,0
Jordan Schroeder,MIN,C,2017-03-12,false,CHI,4,7,6,0,0,0,0,0,0,0,30,17694,393,24,12,9,5,8,11,14
Nate Schmidt,WSH,D,2016-12-31,false,NJD,0,6,4,10,0,0,0,0,0,0,31,27332,583,28,14,22,27,21,0,0
Nick Schmaltz,CHI,C,2017-01-22,false,VAN,2,4,-3,2,0,1,0,0,0,0,22,20790,472,13,10,4,7,18,51,105
David Schlemko,SJS,D,2016-12-31,false,LAK,1,7,3,8,1,2,0,0,0,0,58,30890,681,22,44,20,20,17,0,0
Luke Schenn,ARI,D,2016-12-23,false,TOR,0,2,-1,37,0,0,0,0,0,0,38,28890,666,101,46,18,11,6,0,0
Brayden Schenn,PHI,C,2016-12-17,false,DAL,9,12,-5,24,6,7,0,0,4,1,69,31926,692,71,18,30,15,4,84,86
Mark Scheifele,WPG,C,2016-12-15,false,FLA,14,14,3,24,3,2,0,0,1,1,76,37018,730,28,14,17,14,23,249,306
Tim Schaller,BOS,C,2016-12-18,false,LAK,4,6,-8,19,0,0,0,0,1,0,45,23127,540,34,16,26,13,9,22,17
Colton Sceviour,FLA,C,2016-12-13,false,MIN,5,6,-8,12,1,2,2,0,1,0,58,26685,571,40,26,24,10,14,22,19
Marco Scandella,MIN,D,2017-01-14,false,DAL,2,2,1,12,0,0,0,0,0,0,40,30885,682,21,40,13,14,9,0,0
Luca Sbisa,VAN,D,2016-12-13,false,CAR,0,7,3,20,0,0,0,0,0,0,27,31575,686,52,52,9,21,7,0,0
David Savard,CBJ,D,2016-12-20,false,LAK,1,9,18,20,0,0,0,0,0,0,48,38445,843,51,52,31,16,9,0,0
Steven Santini,NJD,D,2017-03-09,false,COL,2,5,-2,8,0,0,0,0,0,0,31,29001,676,61,32,13,9,1,0,0
Zach Sanford,STL,L,2017-03-21,false,COL,3,3,0,8,0,0,0,0,2,0,25,18427,443,18,16,11,11,13,10,9
Brandon Saad,CBJ,L,2016-12-20,false,LAK,11,14,14,6,1,0,0,0,2,0,79,31278,730,8,10,32,11,21,1,2
Bobby Ryan,OTT,R,2016-12-27,false,NYR,7,7,2,10,1,2,0,0,0,0,49,27518,594,41,15,19,14,8,1,2
Derek Ryan,CAR,C,2017-01-14,false,NYI,8,10,-3,10,2,4,1,0,2,0,38,26106,591,16,15,15,19,10,153,117
Bryan Rust,PIT,R,2016-12-20,false,NYR,9,6,1,4,0,0,0,1,1,1,59,23000,576,57,17,22,12,7,1,2
Kris Russell,EDM,D,2016-12-29,false,LAK,0,5,2,8,0,0,0,0,0,0,35,38660,823,35,89,17,25,15,0,0
Chad Ruhwedel,PIT,D,2017-03-29,false,CHI,2,6,6,8,0,1,0,0,0,0,43,31416,716,31,25,17,10,8,0,0
Antoine Roussel,DAL,L,2016-12-11,false,CHI,5,11,4,85,0,3,0,0,2,0,37,27930,729,41,19,20,18,7,3,4
Evan Rodrigues,BUF,L,2017-04-09,false,TBL,4,2,-7,4,1,0,0,0,0,0,51,23265,506,12,12,23,9,12,104,146
Brett Ritchie,DAL,R,2016-12-11,false,CHI,7,2,1,17,1,0,0,0,0,0,66,22634,558,56,8,21,6,3,1,0
Nick Ritchie,ANA,L,2016-12-17,false,DET,7,4,0,16,1,0,0,0,1,0,59,24726,610,93,9,23,5,5,2,2
Rasmus Ristolainen,BUF,D,2016-12-17,false,CAR,2,19,-1,12,1,11,0,0,2,2,71,47917,920,83,57,32,25,11,0,0
Morgan Rielly,TOR,D,2016-12-17,false,PIT,1,14,-6,9,1,2,0,0,0,0,71,41006,946,15,52,35,40,13,0,0
Tobias Rieder,ARI,R,2016-12-19,false,CGY,7,6,-3,2,1,2,0,1,0,0,62,31076,695,10,14,25,7,15,1,3
Mike Ribeiro,NSH,C,2016-12-17,false,NYR,4,15,-1,12,2,3,0,0,0,0,27,29205,618,22,5,8,18,7,138,169
Sam Reinhart,BUF,C,2016-12-17,false,CAR,6,9,-1,4,2,4,0,0,1,0,67,31148,628,8,12,16,15,8,46,72
Ryan Reaves,STL,R,2016-12-17,false,CHI,2,3,1,18,0,0,0,0,1,0,20,13795,365,69,6,9,2,5,0,0
Matt Read,PHI,R,2017-01-07,false,TBL,6,4,-1,4,2,0,0,0,0,0,45,26575,622,48,18,12,8,10,3,8
Dennis Rasmussen,CHI,C,2016-12-17,false,STL,3,3,1,6,0,0,0,0,0,0,35,22407,576,29,26,8,10,12,75,90
Victor Rask,CAR,C,2016-12-16,false,WSH,10,15,1,6,3,3,0,1,2,0,71,33920,731,8,12,15,18,17,178,200
Mikko Rantanen,COL,R,2016-12-29,false,DAL,5,11,-13,8,2,4,0,0,0,0,47,32927,677,5,15,20,12,20,18,8
Rickard Rakell,ANA,C,2017-01-06,false,ARI,16,7,-1,6,4,3,0,0,3,0,77,31481,686,40,13,27,10,8,21,19
Michael Raffl,PHI,L,2017-01-04,false,NYR,7,3,1,13,0,0,0,0,2,0,40,24916,601,54,10,20,8,12,2,2
Alexander Radulov,MTL,R,2016-12-20,false,ANA,6,17,7,22,2,5,0,0,0,0,64,31016,677,26,12,28,21,21,2,2
Alan Quine,NYI,C,2017-01-13,false,FLA,3,6,2,2,1,0,0,0,1,0,42,21822,513,46,14,8,6,10,127,120
Kyle Quincey,NJD,D,2016-12-17,false,OTT,2,7,5,14,0,0,0,0,0,0,39,31530,737,48,46,4,17,9,0,0
Mark Pysyk,FLA,D,2016-12-13,false,MIN,1,5,1,6,0,0,0,0,0,0,32,32670,636,21,37,17,9,14,0,1
Tom Pyatt,OTT,L,2016-12-14,false,SJS,2,5,-1,8,0,0,0,1,0,0,33,28617,682,15,38,11,6,14,9,14
Matt Puempel,NYR,L,2017-02-02,false,BUF,6,1,-9,11,3,0,0,0,1,0,34,17168,428,21,7,18,3,6,0,1
Ivan Provorov,PHI,D,2016-12-10,false,DAL,3,10,-4,12,0,2,0,0,1,0,52,36892,826,44,57,25,30,7,0,0
Nate Prosser,MIN,D,2017-03-09,false,TBL,0,4,-4,6,0,1,0,0,0,0,14,23610,540,23,57,13,9,3,0,0
Shane Prince,NYI,L,2017-01-06,false,COL,5,8,-8,6,1,1,0,0,2,0,48,22849,518,26,8,8,13,12,3,2
Benoit Pouliot,EDM,L,2016-12-21,false,ARI,5,2,-2,24,0,0,0,0,1,0,40,26697,643,16,17,18,13,7,4,9
Paul Postma,WPG,D,2016-12-22,false,VAN,0,7,1,4,0,0,0,0,0,0,23,21400,489,14,21,8,11,2,0,0
Jason Pominville,MIN,R,2016-12-17,false,ARI,5,8,3,2,0,2,0,0,0,0,60,26144,628,20,19,23,3,11,16,15
Roman Polak,TOR,D,2016-12-29,false,TBL,2,2,0,28,0,0,0,0,0,0,24,31140,722,99,44,14,12,7,0,1
Brayden Point,TBL,C,2016-12-14,false,CGY,2,9,0,8,2,2,0,0,0,0,56,26996,539,11,9,17,11,12,24,17
Tomas Plekanec,MTL,C,2016-12-16,false,SJS,2,12,5,8,0,3,1,0,1,0,58,31277,768,31,24,13,9,12,278,286
Brandon Pirri,NYR,R,2016-12-11,false,NJD,6,6,0,15,4,2,0,0,3,0,47,22855,512,19,11,25,9,12,84,67
Alex Pietrangelo,STL,D,2016-12-13,false,NSH,5,10,-9,12,3,3,0,0,1,0,69,45223,924,16,62,24,10,20,0,0
Dion Phaneuf,OTT,D,2016-12-14,false,SJS,4,8,-7,41,2,3,0,0,0,0,73,41439,958,54,66,21,19,5,0,0
Jeff Petry,MTL,D,2016-12-17,false,WSH,6,7,9,10,2,2,0,0,1,0,61,39131,828,63,56,29,29,7,0,0
Alex Petrovic,FLA,D,2017-03-02,false,PHI,1,10,7,33,0,0,0,0,0,0,32,32010,631,66,34,18,16,13,0,0
Nic Petan,WPG,L,2017-01-24,false,SJS,1,11,-3,10,0,7,0,0,0,0,33,22695,514,7,7,17,6,9,93,106
Brett Pesce,CAR,D,2016-12-16,false,WSH,1,6,5,4,0,1,0,0,0,0,36,37409,772,22,59,20,18,20,0,0
Corey Perry,ANA,R,2016-12-13,false,DAL,7,19,-3,25,2,10,0,0,1,0,90,33993,720,30,11,38,5,8,0,4
David Perron,STL,L,2016-12-13,false,NSH,7,9,-8,20,2,3,0,0,2,0,58,32616,774,25,8,28,7,19,20,22
Mathieu Perreault,WPG,C,2017-01-11,false,MTL,4,7,-13,18,1,2,0,0,0,0,62,29035,628,44,10,13,7,21,97,90
Brendan Perlini,ARI,L,2017-02-14,false,EDM,8,4,-4,8,1,1,0,0,1,0,50,26746,544,24,10,21,5,2,1,0
Adam Pelech,NYI,D,2017-03-13,false,CAR,1,5,-5,2,0,0,0,0,0,0,24,29190,580,38,43,13,24,11,0,0
Tanner Pearson,LAK,L,2016-12-20,false,CBJ,7,6,7,5,1,2,0,0,0,0,55,28284,653,54,7,36,6,10,1,6
Joe Pavelski,SJS,C,2016-12-14,false,OTT,10,17,6,12,3,8,0,0,3,0,104,35410,756,68,33,46,37,15,181,165
Greg Pateryn,DAL,D,2017-03-24,false,SJS,1,6,-1,4,0,0,0,0,0,0,32,26584,579,54,55,17,18,4,0,0
David Pastrnak,BOS,R,2016-12-27,false,CBJ,19,7,14,12,4,1,0,0,3,1,103,31527,646,23,16,36,19,17,0,1
Zach Parise,MIN,L,2017-01-08,false,ANA,8,12,-2,18,3,4,0,0,0,0,94,32913,716,24,38,25,7,22,4,1
PA Parenteau,NJD,R,2016-12-20,false,NSH,7,5,-10,16,2,0,0,0,0,0,56,27807,605,27,2,10,16,8,1,8
Colton Parayko,STL,D,2016-12-13,false,NSH,0,14,2,10,0,4,0,0,0,0,77,37809,887,24,50,30,13,13,0,0
Cedric Paquette,TBL,C,2016-12-16,false,VAN,3,4,-2,37,0,0,0,0,0,0,33,19415,453,74,20,15,3,13,93,113
Richard Panik,CHI,R,2016-12-11,false,DAL,7,5,4,10,2,1,0,0,1,0,51,25212,567,64,19,13,12,15,0,5
Artemi Panarin,CHI,L,2016-12-11,false,DAL,11,13,10,15,3,3,0,0,1,1,81,35623,686,10,3,32,20,18,1,0
Kyle Palmieri,NJD,R,2016-12-20,false,NSH,4,12,0,12,2,5,0,0,1,0,58,29292,642,60,14,31,16,10,5,8
Ondrej Palat,TBL,L,2016-12-14,false,CGY,4,9,-3,17,0,4,0,0,0,0,46,31745,656,58,17,19,14,30,2,6
Jean-Gabriel Pageau,OTT,C,2016-12-14,false,SJS,4,5,2,4,0,0,0,0,1,0,55,28873,671,68,27,14,12,6,152,126
Max Pacioretty,MTL,L,2016-12-16,false,SJS,12,12,10,20,2,2,0,1,4,0,90,32944,739,29,12,50,24,21,0,3
Magnus Paajarvi,STL,L,2017-04-06,false,FLA,8,4,9,6,1,0,0,0,3,0,49,22094,549,28,16,11,0,10,1,2
Alex Ovechkin,WSH,L,2016-12-17,false,MTL,14,9,-1,24,6,3,0,0,5,1,120,33710,644,77,10,56,14,13,0,1
Xavier Ouellet,DET,D,2017-01-18,false,BOS,2,5,6,38,0,0,0,0,0,0,42,32674,714,29,43,22,8,6,0,1
Steve Ott,DET,C,2016-12-23,false,FLA,2,1,-4,47,0,0,0,0,0,0,24,18616,460,62,11,7,2,6,76,54
T.J. Oshie,WSH,R,2017-01-03,false,TOR,12,7,14,10,2,2,1,1,2,0,66,31901,651,43,22,30,13,23,32,39
Brooks Orpik,WSH,D,2016-12-17,false,MTL,0,6,9,10,0,0,0,0,0,0,32,31117,642,63,45,10,16,6,0,0
Dmitry Orlov,WSH,D,2016-12-17,false,MTL,1,11,8,18,0,2,0,0,0,0,45,34313,699,47,35,22,23,15,0,0
Jamie Oleksiak,DAL,D,2017-03-06,false,WSH,5,2,-1,31,0,0,0,1,1,0,24,28482,654,43,35,8,17,7,0,0
Kyle Okposo,BUF,R,2016-12-20,false,FLA,9,13,1,8,4,8,0,0,0,0,78,34977,677,27,8,23,19,10,40,36
Johnny Oduya,DAL,D,2017-01-07,false,STL,1,5,2,10,0,0,0,0,0,0,21,33318,763,17,64,22,16,7,0,0
Ryan O'Reilly,BUF,C,2017-01-10,false,PHI,8,16,4,6,3,10,0,0,2,0,90,38867,775,4,16,29,11,24,403,306
Gustav Nyquist,DET,R,2016-12-13,false,ARI,4,12,-1,4,0,2,0,0,2,0,61,30096,648,21,10,19,11,15,3,0
William Nylander,TOR,C,2016-12-19,false,ANA,6,14,-3,10,4,7,0,0,0,0,80,29618,653,8,10,34,12,24,42,56
Markus Nutivaara,CBJ,D,2016-12-20,false,LAK,1,4,5,2,0,0,0,0,0,0,30,23249,534,17,18,9,6,3,0,0
Darnell Nurse,EDM,D,2017-03-10,false,PIT,3,2,-5,17,0,0,0,0,0,0,54,31594,671,74,32,18,21,9,0,0
Ryan Nugent-Hopkins,EDM,C,2016-12-09,false,MIN,5,10,-8,12,3,2,0,0,1,0,81,32139,723,17,8,21,5,16,194,253
Joakim Nordstrom,CAR,L,2016-12-16,false,WSH,2,4,-5,8,0,0,1,0,1,0,40,24763,620,40,23,15,10,9,3,7
Jordan Nolan,LAK,C,2017-01-07,false,MIN,2,3,-2,40,0,0,0,0,0,0,26,19401,443,39,2,18,4,3,2,2
Stefan Noesen,NJD,R,2017-03-09,false,COL,5,2,2,4,0,0,0,0,0,0,42,18136,440,35,7,12,10,8,22,37
Matt Niskanen,WSH,D,2016-12-21,false,PHI,2,12,6,12,1,1,0,1,1,0,59,39830,792,46,39,27,30,14,0,0
Matt Nieto,COL,L,2017-02-11,false,NYR,4,3,-6,6,0,0,0,0,1,0,51,25920,627,29,22,12,11,15,1,3
Frans Nielsen,DET,C,2016-12-13,false,ARI,6,10,-11,0,0,7,2,0,0,0,60,31413,762,27,21,14,8,12,230,208
Nino Niederreiter,MIN,R,2016-12-17,false,ARI,8,12,14,4,3,0,0,0,1,0,55,26387,602,52,8,18,8,10,0,1
Nikita Nesterov,TBL,D,2017-01-13,false,CBJ,2,7,2,18,1,0,0,0,0,0,38,29106,589,48,15,10,11,5,0,0
Patrik Nemeth,DAL,D,2017-03-08,false,OTT,0,2,-5,12,0,0,0,0,0,0,31,27110,612,32,33,11,13,8,0,0
Brock Nelson,NYI,C,2016-12-16,false,BUF,7,12,2,14,1,3,0,1,0,0,66,29180,687,24,25,16,15,15,125,166
Chris Neil,OTT,R,2016-12-17,false,NJD,1,1,-6,45,0,0,0,0,0,0,28,14348,368,64,11,6,6,6,0,0
James Neal,NSH,L,2016-12-27,false,MIN,14,6,-4,17,2,3,0,0,2,0,99,33946,697,41,10,24,16,19,1,1
Rick Nash,NYR,R,2016-12-18,false,NJD,13,7,-1,12,4,2,1,0,2,0,88,28961,718,19,21,24,26,21,0,0
Riley Nash,BOS,C,2016-12-12,false,MTL,1,3,-2,6,0,0,0,1,0,0,44,25734,593,18,12,18,5,16,144,134
Vladislav Namestnikov,TBL,C,2016-12-16,false,VAN,3,9,-7,15,2,3,0,0,0,0,40,25657,516,17,14,17,8,6,67,73
Jake Muzzin,LAK,D,2016-12-16,false,PIT,3,4,-8,16,1,0,0,0,0,0,64,40142,922,64,45,26,20,6,0,0
Ryan Murray,CBJ,D,2016-12-31,false,MIN,0,4,7,20,0,0,0,1,0,0,23,32804,746,8,42,11,5,4,0,0
Connor Murphy,ARI,D,2016-12-23,false,TOR,0,6,-12,23,0,0,0,0,0,0,29,37342,825,67,44,9,14,10,0,0
Matt Moulson,BUF,L,2016-12-17,false,CAR,8,5,-1,2,7,3,0,0,1,0,60,24545,499,19,8,19,4,8,0,0
Tyler Motte,CHI,L,2016-12-27,false,WPG,4,3,3,14,0,0,0,0,0,0,44,21095,540,26,23,13,4,13,4,6
Josh Morrissey,WPG,D,2016-12-08,false,NYR,1,3,4,16,0,0,0,0,1,0,31,33078,706,48,47,12,11,4,0,0
Dominic Moore,BOS,C,2016-12-12,false,MTL,7,3,2,14,0,0,2,0,1,0,34,23317,547,20,16,7,10,8,140,115
John Moore,NJD,D,2016-12-17,false,OTT,5,6,-3,29,0,1,0,0,0,0,43,35145,797,25,31,22,26,0,0,0
Sean Monahan,CGY,C,2016-12-08,false,ARI,8,8,-7,8,2,2,0,0,2,1,55,32099,704,16,8,22,15,19,281,253
Torrey Mitchell,MTL,C,2016-12-16,false,SJS,7,4,9,18,0,0,0,0,1,0,26,23786,631,18,24,12,19,19,177,161
John Mitchell,COL,C,2016-12-29,false,DAL,1,0,-5,16,0,0,0,0,1,0,31,23236,529,35,24,10,4,15,154,122
Drew Miller,DET,L,2017-01-10,false,CHI,5,1,-9,14,0,0,0,0,1,0,27,18767,465,41,26,5,1,7,1,0
Kevan Miller,BOS,D,2017-02-01,false,WSH,1,5,-5,17,0,0,0,1,0,0,29,30953,669,67,40,7,9,4,0,0
J.T. Miller,NYR,L,2016-12-11,false,NJD,9,13,12,10,1,2,2,0,2,0,60,28522,662,47,27,18,18,21,46,66
Colin Miller,BOS,D,2016-12-31,false,BUF,2,3,-2,16,1,0,0,0,0,0,51,29623,653,31,18,32,10,8,0,0
Marc Methot,OTT,D,2016-12-22,false,ANA,0,3,14,8,0,0,0,0,0,0,43,37050,875,63,38,3,20,5,0,0
Jon Merrill,NJD,D,2017-02-18,false,NYI,1,4,0,18,0,0,0,0,0,0,24,33597,747,24,47,15,13,9,0,0
Timo Meier,SJS,R,2017-03-28,false,NYR,3,3,1,6,0,0,0,0,1,0,73,22751,555,61,5,28,27,22,1,4
Jayson Megna,VAN,C,2017-01-22,false,CHI,3,3,-1,4,0,1,0,0,0,0,34,21343,490,40,8,6,4,6,0,1
Adam McQuaid,BOS,D,2016-12-22,false,FLA,0,1,5,17,0,0,0,0,0,0,34,31743,745,69,52,12,13,5,0,0
Brayden McNabb,LAK,D,2017-02-21,false,COL,2,2,6,27,0,0,0,0,0,0,30,28450,668,64,37,17,24,9,0,0
Cody McLeod,NSH,L,2017-01-17,false,VAN,2,0,-1,57,0,0,0,0,0,0,13,11098,287,56,4,6,0,3,0,0
Curtis McKenzie,DAL,L,2017-01-24,false,MIN,3,6,4,46,0,0,0,0,1,0,44,19565,492,58,18,13,3,5,2,3
Greg McKegg,FLA,C,2017-02-17,false,ANA,3,3,-3,11,0,0,0,0,0,0,26,18481,448,33,12,5,5,5,41,38
Jamie McGinn,ARI,L,2016-12-27,false,DAL,6,3,-4,19,0,0,0,0,2,0,58,24371,565,62,10,10,9,1,0,1
Brock McGinn,CAR,L,2017-01-21,false,CBJ,5,7,-1,2,0,0,0,1,1,0,40,22470,549,39,18,16,6,14,1,3
Ryan McDonagh,NYR,D,2016-12-11,false,NJD,1,16,11,11,1,5,0,0,0,0,50,43247,863,30,58,21,21,16,0,0
Connor McDavid,EDM,C,2016-12-09,false,MIN,12,26,7,14,1,10,0,1,3,0,90,37800,750,8,8,27,20,20,152,211
Jay McClement,CAR,C,2016-12-16,false,WSH,1,1,-9,8,0,0,0,0,0,0,20,21423,540,28,22,11,5,12,136,137
Michael McCarron,MTL,R,2017-04-07,false,TBL,1,4,-3,41,0,0,0,0,0,0,30,17558,435,71,11,14,6,7,76,99
Jake McCabe,BUF,D,2016-12-17,false,CAR,0,7,0,16,0,1,0,0,0,0,30,38591,826,35,39,22,13,8,0,0
Shawn Matthias,WPG,L,2017-02-04,false,COL,7,2,0,6,0,0,1,0,1,0,40,24425,590,26,11,16,6,8,5,8
Auston Matthews,TOR,C,2016-12-17,false,PIT,14,9,-1,6,3,5,0,0,1,0,107,31705,669,6,25,46,14,30,155,175
Michael Matheson,FLA,D,2016-12-15,false,WPG,2,7,-4,12,0,1,0,0,0,0,68,36060,667,25,37,21,20,22,1,0
Andreas Martinsen,COL,L,2016-12-18,false,WPG,1,2,-6,20,0,0,0,1,0,0,31,18748,485,83,13,16,3,14,1,0
Jordan Martinook,ARI,L,2016-12-15,false,TOR,6,7,1,14,1,0,0,1,0,0,48,29461,711,27,27,23,9,16,176,239
Alec Martinez,LAK,D,2016-12-16,false,PIT,6,11,-3,10,1,3,0,0,3,2,62,40893,932,65,61,34,15,0,0,1
Paul Martin,SJS,D,2016-12-14,false,OTT,1,8,6,10,0,0,0,0,0,0,23,33866,721,18,48,5,21,8,0,0
Matt Martin,TOR,L,2016-12-17,false,PIT,2,2,2,58,0,0,0,0,0,0,26,16719,425,117,10,11,3,7,0,6
Patrick Maroon,EDM,L,2016-12-09,false,MIN,8,5,4,28,0,2,0,0,1,0,63,27534,609,63,4,20,13,9,4,6
Mitchell Marner,TOR,C,2016-12-17,false,PIT,8,15,-3,18,1,4,0,0,3,0,78,30879,659,14,19,38,24,26,7,10
Patrick Marleau,SJS,L,2016-12-14,false,OTT,7,4,-3,8,1,3,0,0,2,0,71,31113,669,34,11,28,11,15,15,22
Andrei Markov,MTL,D,2016-12-16,false,SJS,2,19,6,12,0,8,0,1,0,0,44,39420,822,21,28,18,26,12,0,0
Jonathan Marchessault,FLA,C,2016-12-29,false,MTL,11,12,1,12,3,4,0,0,2,0,82,33272,630,42,10,32,20,26,59,65
Alexey Marchenko,DET,D,2017-01-20,false,BUF,0,6,6,12,0,0,0,1,0,0,27,32365,744,8,44,14,16,3,0,0
Brad Marchand,BOS,L,2016-12-12,false,MTL,8,17,8,30,1,4,0,0,3,0,78,33339,717,22,10,33,20,22,10,11
Anthony Mantha,DET,R,2017-01-18,false,BOS,11,11,9,16,1,2,0,0,2,1,69,30851,651,25,19,25,17,12,3,4
Josh Manson,ANA,D,2016-12-13,false,DAL,0,6,-1,44,0,0,0,0,0,0,32,33966,715,74,30,15,27,8,0,0
Brandon Manning,PHI,D,2016-12-19,false,NSH,3,6,-3,25,0,0,1,0,1,0,41,32536,765,62,26,14,22,1,0,0
Evgeni Malkin,PIT,C,2016-12-14,false,BOS,12,21,7,44,3,8,0,0,3,0,96,33454,705,18,12,29,29,21,187,230
Denis Malgin,FLA,C,2016-12-20,false,BUF,4,4,-1,8,1,0,0,0,1,1,42,21597,481,19,9,13,5,8,55,92
Nathan MacKinnon,COL,C,2016-12-18,false,WPG,8,13,-12,0,1,5,2,0,2,0,108,36038,775,20,11,36,14,18,296,270
Derek MacKenzie,FLA,C,2016-12-13,false,MIN,3,4,4,13,0,0,0,1,0,0,37,21748,519,73,16,16,6,11,150,144
Andrew MacDonald,PHI,D,2016-12-30,false,SJS,2,9,-1,8,0,0,0,0,0,0,19,35652,806,15,62,15,22,2,0,0
Olli Maatta,PIT,D,2016-12-14,false,BOS,0,2,11,6,0,0,0,0,0,0,37,32810,766,29,55,13,18,5,0,0
Roman Lyubimov,PHI,L,2017-01-10,false,BUF,3,1,-1,6,0,0,0,0,0,0,29,18263,475,22,11,16,5,8,0,5
Milan Lucic,EDM,L,2016-12-09,false,MIN,8,13,-2,18,2,7,0,0,1,0,75,32312,672,77,9,29,16,7,3,2
Adam Lowry,WPG,C,2016-12-08,false,NYR,6,2,-3,19,1,2,0,0,0,0,39,28745,716,76,21,16,9,13,227,246
Ben Lovejoy,NJD,D,2016-12-17,false,OTT,1,2,-7,14,0,0,0,0,1,0,32,36394,786,41,55,13,13,8,0,0
Bryan Little,WPG,C,2017-01-31,false,STL,13,14,1,8,4,3,0,0,2,1,64,32006,753,12,11,23,8,13,330,252
Hampus Lindholm,ANA,D,2017-01-10,false,DAL,1,4,8,20,0,2,0,0,1,0,41,39555,820,47,37,23,22,8,0,0
Elias Lindholm,CAR,C,2016-12-30,false,CHI,4,9,-5,6,0,2,0,2,0,0,62,32352,718,40,27,25,13,23,153,140
Esa Lindell,DAL,D,2017-01-04,false,MTL,4,3,5,8,0,1,0,0,2,1,40,36615,797,45,50,17,15,10,0,1
Oscar Lindberg,NYR,C,2017-01-19,false,TOR,1,6,-1,18,0,1,0,0,0,0,42,20896,516,44,19,17,4,5,134,134
John-Michael Liles,BOS,D,2017-02-09,false,SJS,0,5,0,4,0,3,0,0,0,0,25,29295,649,21,37,15,6,9,2,0
Trevor Lewis,LAK,C,2016-12-16,false,PIT,5,6,-6,10,0,1,0,0,1,0,49,25119,566,69,10,23,7,6,25,39
Mark Letestu,EDM,C,2016-12-17,false,TBL,6,8,-1,2,3,1,2,1,3,0,42,24826,630,25,13,14,11,6,170,176
Kris Letang,PIT,D,2017-01-14,false,DET,4,19,-5,20,2,9,0,0,1,1,89,45347,881,57,53,30,36,25,0,0
Jori Lehtera,STL,C,2016-12-22,false,TBL,4,6,-2,12,0,1,0,0,1,0,33,27842,717,24,14,2,7,8,207,185
Artturi Lehkonen,MTL,L,2017-01-04,false,DAL,7,2,3,6,1,1,0,0,1,0,64,24791,621,23,10,23,8,15,0,0
Anders Lee,NYI,L,2016-12-16,false,BUF,9,3,4,16,2,0,0,0,2,0,57,24363,572,72,14,20,9,11,1,4
Nick Leddy,NYI,D,2016-12-18,false,OTT,4,9,-11,6,1,4,0,0,0,0,58,41457,727,29,45,25,9,16,0,0
Curtis Lazar,OTT,C,2017-02-16,false,NJD,0,1,-8,4,0,0,0,0,0,0,23,15243,386,51,12,7,4,6,28,42
Adam Larsson,EDM,D,2016-12-09,false,MIN,2,4,-5,26,0,0,0,0,0,0,32,36182,792,91,50,13,23,12,0,0
Dylan Larkin,DET,C,2016-12-13,false,ARI,9,2,-10,17,3,0,0,0,1,0,92,30235,646,15,7,23,21,26,58,80
Nick Lappin,NJD,R,2017-01-02,false,BOS,4,3,-6,17,0,0,0,0,0,0,42,21895,502,29,6,13,4,12,2,4
Gabriel Landeskog,COL,L,2017-01-12,false,ANA,7,6,-10,30,2,0,0,0,2,1,63,33948,737,67,14,15,13,34,22,28
Patrik Laine,WPG,R,2016-12-08,false,NYR,17,8,3,8,7,2,0,0,3,1,78,33236,668,37,14,30,31,17,0,2
Andrew Ladd,NYI,L,2016-12-16,false,BUF,4,3,-7,18,0,0,0,0,1,0,52,29420,623,31,20,21,16,21,2,2
Kevin Labanc,SJS,R,2017-01-14,false,STL,7,5,4,12,0,1,0,0,2,1,43,24209,566,11,6,22,16,10,2,2
Evgeny Kuznetsov,WSH,C,2016-12-17,false,MTL,3,14,6,14,0,4,0,0,0,0,52,31068,640,17,7,23,25,12,183,253
Chris Kunitz,PIT,L,2016-12-27,false,NJD,2,13,6,22,0,3,0,0,2,0,58,27369,627,91,9,19,12,14,3,4
Dmitry Kulikov,BUF,D,2017-02-12,false,VAN,1,1,-9,20,0,0,0,0,0,0,29,40986,883,41,47,20,16,10,0,0
Nikolay Kulemin,NYI,L,2016-12-20,false,BOS,4,5,1,6,0,0,0,0,1,0,28,24493,623,34,21,18,9,11,7,4
Tom Kuhnhackl,PIT,R,2017-02-14,false,VAN,2,4,5,10,0,0,0,0,0,0,22,17654,477,51,20,11,2,3,1,2
Nikita Kucherov,TBL,R,2016-12-29,false,TOR,13,20,7,20,4,6,0,0,3,0,91,33258,668,8,12,39,27,26,0,0
Marcus Kruger,CHI,C,2016-12-11,false,DAL,2,5,10,18,0,0,0,0,0,0,29,25085,657,13,23,13,5,12,175,175
Torey Krug,BOS,D,2016-12-12,false,MTL,1,12,-5,22,0,4,0,0,0,0,89,39274,814,27,23,37,22,8,0,1
Niklas Kronwall,DET,D,2017-02-03,false,NYI,0,5,-2,14,0,2,0,0,0,0,31,33133,752,44,46,10,9,2,0,0
David Krejci,BOS,C,2016-12-12,false,MTL,4,13,-6,14,1,4,0,0,1,0,62,33143,654,29,27,28,16,18,216,203
Chris Kreider,NYR,L,2016-12-23,false,MIN,11,13,5,19,2,4,0,0,2,0,79,30303,658,51,15,32,18,8,3,2
Lauri Korpikoski,DAL,L,2016-12-13,false,ANA,4,5,0,6,0,0,0,1,0,0,50,25137,653,19,14,13,9,7,0,4
Anze Kopitar,LAK,C,2016-12-28,false,VAN,3,13,0,10,0,4,0,1,0,0,65,38035,756,39,21,31,14,12,365,332
Travis Konecny,PHI,C,2016-12-10,false,DAL,4,11,-4,33,2,1,0,0,0,0,61,26471,607,47,10,26,9,11,0,3
Leo Komarov,TOR,C,2016-12-17,false,PIT,3,7,1,17,0,2,1,0,0,0,37,30567,762,99,19,13,8,10,31,35
Mikko Koivu,MIN,C,2016-12-17,false,ARI,7,10,12,10,0,4,0,1,2,1,47,35827,796,8,34,21,10,15,382,320
John Klingberg,DAL,D,2016-12-15,false,NYR,2,12,-8,16,0,6,0,0,0,0,38,41126,855,16,44,26,36,14,0,0
Kevin Klein,NYR,D,2016-12-18,false,NJD,0,9,7,7,0,1,0,1,0,0,27,31533,701,69,73,8,16,9,0,0
Oscar Klefbom,EDM,D,2016-12-09,false,MIN,4,7,-5,0,1,3,0,0,2,0,68,38978,795,17,53,32,19,6,0,0
Dwight King,LAK,L,2016-12-16,false,PIT,5,5,3,6,0,0,0,0,1,0,46,27707,594,50,12,13,8,8,3,6
Jakub Kindl,FLA,D,2017-03-16,false,CBJ,0,4,-10,24,0,0,0,0,0,0,33,26994,577,37,29,14,12,7,0,0
Alex Killorn,TBL,L,2016-12-14,false,CGY,10,5,-3,26,2,3,1,0,2,0,69,31431,628,44,12,17,14,6,1,6
Phil Kessel,PIT,R,2016-12-14,false,BOS,10,21,3,12,3,9,0,0,2,0,77,32534,697,6,7,29,16,4,2,6
Ryan Kesler,ANA,C,2016-12-13,false,DAL,12,13,5,26,7,5,0,0,2,0,72,38339,813,42,28,37,21,4,393,274
Tanner Kero,CHI,C,2017-03-04,false,NSH,5,6,13,4,0,0,0,0,0,0,33,24388,569,28,32,10,8,7,137,160
Michal Kempny,CHI,D,2017-01-10,false,DET,2,4,-2,18,0,0,0,0,0,0,37,27432,615,56,37,26,16,3,0,0
Chris Kelly,OTT,C,2016-12-14,false,SJS,2,2,-6,8,0,0,0,0,1,0,32,23671,584,28,18,11,10,10,113,142
Duncan Keith,CHI,D,2016-12-11,false,DAL,0,18,7,6,0,4,0,0,0,0,67,47091,879,12,35,18,22,8,0,0
Zack Kassian,EDM,R,2016-12-17,false,TBL,2,5,1,45,0,0,0,0,0,0,47,21561,521,68,6,11,9,8,1,0
Ondrej Kase,ANA,R,2017-01-15,false,STL,4,7,-2,12,0,0,0,0,2,1,50,21690,560,21,10,20,17,13,1,3
Melker Karlsson,SJS,C,2016-12-31,false,LAK,4,4,6,6,0,0,0,0,0,0,25,21615,553,24,28,15,9,5,0,3
William Karlsson,CBJ,C,2016-12-20,false,LAK,4,7,9,2,0,0,0,1,1,0,47,25651,629,14,5,18,10,13,158,196
Erik Karlsson,OTT,D,2016-12-14,false,SJS,7,21,1,16,1,9,0,1,2,0,76,48859,981,28,81,47,45,21,0,0
Evander Kane,BUF,L,2017-01-12,false,TBL,11,5,-8,55,1,3,0,0,2,0,93,33730,670,52,14,30,16,22,34,40
Patrick Kane,CHI,R,2016-12-11,false,DAL,8,20,3,18,2,6,0,0,2,0,92,39460,697,13,4,31,11,12,4,27
Sergey Kalinin,NJD,C,2017-01-02,false,BOS,2,2,-9,13,0,0,0,0,0,0,32,23238,562,42,14,8,6,5,35,54
Nazem Kadri,TOR,C,2016-12-17,false,PIT,10,8,-3,55,3,2,0,0,2,1,91,28984,697,45,14,34,17,25,213,239
Roman Josi,NSH,D,2016-12-17,false,NYR,5,12,-1,10,2,6,0,0,1,0,89,45304,865,20,46,33,17,7,0,0
Jacob Josefson,NJD,C,2017-02-16,false,OTT,1,7,4,16,0,1,0,0,1,0,37,22504,517,27,11,23,8,6,129,114
Josh Jooris,ARI,R,2017-02-18,false,SJS,3,3,3,12,0,0,0,0,0,0,40,20249,504,32,14,8,3,7,102,95
Seth Jones,CBJ,D,2017-01-03,false,EDM,7,10,8,12,0,2,0,0,2,2,63,41325,894,32,56,21,18,10,0,0
Jyrki Jokipakka,CGY,D,2017-01-11,false,SJS,1,5,-1,8,0,0,0,0,0,0,17,26293,613,16,24,6,17,5,0,0
Jussi Jokinen,FLA,L,2017-01-06,false,NSH,3,5,-8,16,1,1,0,0,2,0,60,32549,707,8,13,20,29,10,19,16
Erik Johnson,COL,D,2017-03-09,false,NJD,1,11,-3,4,0,5,0,0,0,0,62,39088,892,53,74,22,17,14,0,0
Tyler Johnson,TBL,C,2016-12-14,false,CGY,8,8,-5,14,4,4,0,0,1,0,62,33024,690,28,15,25,9,12,281,234
Jack Johnson,CBJ,D,2016-12-20,false,LAK,1,6,16,16,1,0,0,0,0,0,39,38823,842,37,48,16,10,6,0,0
Stephen Johns,DAL,D,2017-01-14,false,MIN,4,4,0,19,0,0,0,0,1,0,39,32964,745,86,58,21,20,6,0,0
Marcus Johansson,WSH,L,2016-12-17,false,MTL,12,10,6,6,3,4,0,0,5,2,51,31860,625,15,0,17,23,17,7,9
Ryan Johansen,NSH,C,2016-12-17,false,NYR,6,15,-1,18,3,7,0,0,3,0,72,33842,727,39,10,31,15,14,265,246
Nick Jensen,DET,D,2017-03-04,false,EDM,3,5,2,8,0,0,0,0,0,0,38,29721,688,30,29,13,15,4,0,0
Boone Jenner,CBJ,C,2016-12-20,false,LAK,5,5,-1,14,0,1,0,0,1,0,70,26989,621,77,24,22,6,13,41,29
Dmitrij Jaskin,STL,R,2016-12-28,false,PHI,1,8,4,10,0,0,0,0,0,0,32,20864,497,55,9,16,7,7,3,4
Calle Jarnkrok,NSH,C,2016-12-17,false,NYR,5,2,-1,4,0,0,0,0,0,0,38,25165,632,17,7,15,10,7,138,156
Jaromir Jagr,FLA,R,2016-12-13,false,MIN,6,9,2,20,3,2,0,0,0,0,71,30465,594,10,2,15,18,17,0,0
Matt Irwin,NSH,D,2016-12-30,false,STL,3,5,12,8,0,0,0,0,1,0,48,29362,670,71,48,23,16,7,0,0
Jarome Iginla,COL,R,2016-12-18,false,WPG,4,4,-5,35,2,3,0,0,0,0,63,27306,587,32,8,21,9,14,6,6
Zach Hyman,TOR,C,2016-12-17,false,PIT,5,5,-1,12,0,0,0,0,2,0,70,29694,689,43,24,21,6,22,8,12
Ben Hutton,VAN,D,2016-12-13,false,CAR,4,4,-13,14,1,3,0,0,1,1,61,39242,786,25,48,20,26,15,0,0
Matt Hunwick,TOR,D,2017-01-06,false,NJD,0,8,5,8,0,0,0,0,0,0,29,32278,752,45,48,18,22,18,0,0
Jiri Hudler,DAL,R,2017-03-17,false,CGY,3,7,-4,4,1,0,0,0,1,0,23,21509,522,9,3,11,6,11,3,2
Jonathan Huberdeau,FLA,L,2017-04-08,false,BUF,10,16,-2,13,3,4,0,0,2,1,83,32331,674,18,6,24,23,15,4,5
Marian Hossa,CHI,R,2016-12-13,false,NYR,15,6,8,6,3,3,0,0,4,3,67,31902,711,11,16,26,10,22,4,7
Bo Horvat,VAN,C,2016-12-13,false,CAR,8,9,-4,14,0,1,2,0,0,0,50,31118,731,32,10,36,7,15,267,240
Patric Hornqvist,PIT,R,2016-12-27,false,NJD,8,12,10,12,6,3,0,0,1,0,110,29203,661,90,29,22,3,12,1,4
Korbinian Holzer,ANA,D,2017-04-01,false,EDM,1,5,-3,14,0,0,0,0,0,0,12,24203,535,67,29,8,11,2,0,0
Peter Holland,ARI,C,2017-02-26,false,BUF,1,6,-12,14,0,0,0,0,0,0,50,23735,511,25,6,21,8,7,144,171
Nick Holden,NYR,D,2016-12-11,false,NJD,4,10,12,8,1,1,0,0,1,1,22,35591,787,54,36,19,25,12,0,1
Mike Hoffman,OTT,L,2016-12-22,false,ANA,10,12,-5,27,6,5,0,0,3,1,91,30769,621,22,12,33,15,21,4,2
Niklas Hjalmarsson,CHI,D,2016-12-13,false,NYR,3,4,6,6,0,0,0,0,0,0,25,39664,861,11,67,6,26,9,0,0
Vinnie Hinostroza,CHI,L,2016-12-30,false,CAR,4,5,0,10,0,0,0,0,1,0,48,21419,471,20,15,16,10,19,66,98
Thomas Hickey,NYI,D,2016-12-16,false,BUF,2,4,2,8,0,1,0,0,1,1,37,33347,689,38,56,18,17,5,0,0
Tomas Hertl,SJS,C,2017-02-28,false,TOR,8,9,1,12,1,1,0,0,3,0,71,30520,692,48,18,27,11,20,134,101
Adam Henrique,NJD,C,2016-12-17,false,OTT,7,9,-3,12,1,1,1,0,1,1,47,32999,715,38,23,18,17,10,233,251
Matt Hendricks,EDM,L,2017-02-21,false,TBL,4,3,-2,25,0,0,0,0,1,0,30,19863,493,55,32,8,5,3,85,68
Darren Helm,DET,C,2017-02-18,false,WSH,6,5,2,10,2,2,0,1,1,0,55,28142,666,45,12,13,14,14,179,161
Victor Hedman,TBL,D,2016-12-14,false,CGY,5,17,4,14,2,7,0,0,2,0,56,44921,852,39,50,31,26,16,0,0
Kevin Hayes,NYR,C,2016-12-11,false,NJD,11,10,16,8,1,1,1,2,3,0,49,29828,691,23,20,17,32,21,178,199
Jimmy Hayes,BOS,R,2016-12-22,false,FLA,2,1,-4,22,0,0,0,0,1,0,53,17912,421,44,6,13,7,10,3,10
Erik Haula,MIN,L,2017-01-12,false,MTL,6,6,4,10,0,0,0,0,2,0,59,25656,606,18,14,15,8,12,188,165
Scott Hartnell,CBJ,L,2016-12-20,false,LAK,5,12,7,11,1,1,0,0,0,0,43,22772,558,26,19,16,16,4,3,2
Ryan Hartman,CHI,L,2016-12-20,false,OTT,6,6,7,8,0,0,0,0,2,0,60,21976,497,49,12,12,8,14,7,9
Martin Hanzal,ARI,C,2016-12-27,false,DAL,7,5,-15,31,3,2,0,0,1,1,67,33019,713,68,22,25,20,11,333,283
Jannik Hansen,SJS,R,2017-03-11,false,NSH,6,8,3,29,0,0,0,0,1,0,59,29372,683,25,9,24,10,15,0,0
Noah Hanifin,CAR,D,2016-12-16,false,WSH,2,8,-9,18,2,4,0,0,0,0,44,30499,642,19,19,17,19,10,0,0
Travis Hamonic,NYI,D,2016-12-23,false,BUF,2,10,-13,49,0,1,0,0,0,0,51,37369,687,40,61,22,24,8,0,0
Dougie Hamilton,CGY,D,2016-12-08,false,ARI,4,10,2,26,0,2,0,1,2,1,85,35000,812,39,35,22,19,5,0,0
Dan Hamhuis,DAL,D,2016-12-15,false,NYR,1,7,0,8,1,0,0,1,0,0,36,35207,789,37,43,16,11,5,0,0
Taylor Hall,NJD,L,2017-01-06,false,TOR,9,16,-5,10,4,3,0,0,2,1,96,36320,707,28,15,33,15,19,2,3
Micheal Haley,SJS,C,2017-01-16,false,WPG,0,5,1,56,0,0,0,0,0,0,20,15069,385,69,10,12,11,13,20,36
Ron Hainsey,CAR,D,2016-12-16,false,WSH,2,6,-8,15,0,0,1,0,0,0,31,39724,808,46,43,14,20,6,0,0
Carl Hagelin,PIT,L,2016-12-14,false,BOS,3,8,7,2,0,0,0,1,0,0,63,28782,679,30,12,18,14,8,2,1
Carl Gunnarsson,STL,D,2017-01-19,false,WSH,0,3,-7,4,0,0,0,0,0,0,16,24506,625,22,35,11,3,1,0,0
Jake Guentzel,PIT,C,2017-03-11,false,VAN,10,9,4,8,0,1,0,0,0,0,57,28298,612,55,14,15,5,9,8,9
Radko Gudas,PHI,D,2017-01-04,false,NYR,1,9,0,43,0,1,0,0,0,0,48,35702,793,123,77,35,25,11,0,0
Eric Gryba,EDM,D,2017-02-22,false,FLA,1,4,-3,49,0,0,0,0,1,0,32,29485,659,111,35,12,14,6,0,0
Mikhail Grigorenko,COL,C,2016-12-20,false,MIN,3,7,-5,10,0,3,0,0,0,0,38,26311,582,9,8,9,11,14,49,47
Andy Greene,NJD,D,2016-12-17,false,OTT,3,4,-7,2,0,0,1,0,1,1,36,39296,832,28,67,23,21,11,0,0
Mike Green,DET,D,2016-12-13,false,ARI,6,10,-5,20,1,3,0,0,1,1,54,44065,872,26,36,23,23,11,0,0
Kevin Gravel,LAK,D,2017-01-18,false,SJS,0,2,4,6,0,1,0,0,0,0,27,24951,610,47,40,23,16,0,0,0
Tyler Graovac,MIN,C,2017-01-07,false,LAK,3,0,1,4,0,0,0,0,1,0,24,17983,440,34,9,17,1,11,105,108
Derek Grant,BUF,C,2016-12-27,false,DET,0,3,-3,19,0,0,0,0,0,0,28,18931,483,19,17,11,7,8,139,124
Mikael Granlund,MIN,C,2016-12-17,false,ARI,7,13,11,2,1,5,1,0,2,0,50,34870,744,18,19,28,13,11,5,7
Markus Granlund,VAN,C,2016-12-13,false,CAR,6,5,-12,8,1,1,0,0,1,1,50,30176,684,13,3,23,4,16,36,55
Michael Grabner,NYR,R,2016-12-13,false,CHI,13,4,17,6,0,0,0,1,1,0,67,24109,626,15,19,21,11,26,2,2
Shayne Gostisbehere,PHI,D,2016-12-14,false,COL,4,12,-5,14,1,8,0,0,1,0,70,36637,755,9,36,55,29,7,0,0
Josh Gorges,BUF,D,2016-12-23,false,NYI,0,1,-3,23,0,0,0,0,0,0,13,34236,804,67,53,9,6,1,0,1
Cody Goloubef,COL,D,2017-03-11,false,OTT,0,5,-10,25,0,0,0,0,0,0,27,31153,710,24,32,6,7,5,0,0
Alex Goligoski,ARI,D,2016-12-15,false,TOR,1,11,-9,6,0,3,0,0,0,0,39,41941,852,42,57,12,19,2,0,0
Luke Glendening,DET,C,2016-12-13,false,ARI,1,6,-2,12,0,1,0,0,0,0,38,25106,623,82,38,18,3,10,136,109
Claude Giroux,PHI,C,2016-12-10,false,DAL,9,20,2,12,4,11,0,0,1,1,77,35004,766,21,10,31,12,11,376,306
Zemgus Girgensons,BUF,C,2016-12-17,false,CAR,2,3,-4,4,0,0,0,0,0,0,48,21011,497,43,10,13,6,2,100,93
Dan Girardi,NYR,D,2016-12-18,false,NJD,3,4,10,6,0,0,0,1,3,0,27,34401,777,54,83,11,23,3,0,0
Mark Giordano,CGY,D,2016-12-08,false,ARI,3,8,7,26,1,3,1,1,0,0,66,44112,922,24,76,30,7,17,0,0
Brian Gionta,BUF,R,2016-12-17,false,CAR,7,6,1,12,0,1,0,0,1,0,63,30719,641,26,11,18,11,10,14,12
Ryan Getzlaf,ANA,C,2016-12-19,false,TOR,4,24,-7,14,2,11,0,0,1,0,56,37134,787,35,32,31,29,24,228,206
Brendan Gaunce,VAN,C,2016-12-23,false,CGY,0,4,0,27,0,0,0,0,0,0,21,15222,399,41,6,7,3,3,63,68
Johnny Gaudreau,CGY,L,2017-01-04,false,COL,10,16,-11,0,2,8,0,0,1,0,87,34170,680,3,5,29,42,15,0,0
Jason Garrison,TBL,D,2016-12-17,false,EDM,1,3,-4,6,0,0,0,0,0,0,37,32915,727,29,45,23,16,7,0,0
Jake Gardiner,TOR,D,2016-12-17,false,PIT,6,8,4,12,2,3,0,0,1,1,55,37059,782,27,24,17,32,17,0,0
Brendan Gallagher,MTL,R,2016-12-16,false,SJS,5,12,9,25,1,1,0,0,1,0,78,27365,647,29,9,30,10,15,19,28
Alex Galchenyuk,MTL,C,2017-01-21,false,BUF,11,16,5,18,4,7,0,0,2,1,54,29303,651,14,17,20,18,9,152,215
Sam Gagner,CBJ,C,2016-12-22,false,PIT,13,12,10,6,5,6,0,0,1,0,79,24478,524,4,6,22,11,6,45,60
Marian Gaborik,LAK,R,2017-02-04,false,PHI,6,7,4,8,1,1,0,0,2,0,71,27357,596,12,5,29,13,3,0,1
Michael Frolik,CGY,R,2016-12-08,false,ARI,6,9,2,10,0,0,2,0,1,1,70,29737,678,22,22,21,16,21,8,8
Cody Franson,BUF,D,2016-12-17,false,CAR,1,6,2,14,1,0,0,0,0,0,45,32880,728,29,30,13,14,5,0,0
Cam Fowler,ANA,D,2016-12-13,false,DAL,7,11,4,2,4,5,0,0,2,0,65,43305,847,13,40,17,27,9,0,0
Gustav Forsling,CHI,D,2016-12-23,false,COL,1,3,5,2,0,1,0,0,0,0,37,26947,581,14,14,14,24,1,0,0
Filip Forsberg,NSH,L,2016-12-17,false,NYR,3,14,-8,12,0,3,0,0,0,0,78,33554,766,44,8,42,15,29,5,10
Derek Forbort,LAK,D,2016-12-16,false,PIT,2,8,5,38,0,0,0,0,0,0,28,32957,754,59,68,13,15,3,1,0
Christian Folin,MIN,D,2017-01-14,false,DAL,1,4,11,20,0,0,0,0,0,0,23,28057,639,46,36,11,8,7,0,0
Marcus Foligno,BUF,L,2016-12-17,false,CAR,4,5,2,17,0,0,0,0,0,0,42,28443,628,94,24,20,10,10,0,1
Nick Foligno,CBJ,L,2016-12-23,false,MTL,10,17,9,33,5,8,0,0,1,0,64,33214,733,43,20,27,17,11,25,26
Brian Flynn,MTL,C,2017-01-09,false,WSH,4,3,4,4,0,0,0,0,0,0,30,22686,611,12,17,15,8,9,60,62
Mike Fisher,NSH,C,2016-12-27,false,MIN,9,9,-5,33,4,5,0,0,2,0,56,29593,679,61,21,18,4,9,279,237
Valtteri Filppula,TBL,C,2016-12-16,false,VAN,6,16,7,8,0,5,0,0,1,0,42,32128,666,10,16,9,14,13,229,284
Vernon Fiddler,NJD,C,2016-12-17,false,OTT,1,2,-5,21,0,0,1,0,0,0,29,22656,574,32,16,11,14,4,195,179
Kevin Fiala,NSH,L,2017-01-08,false,CHI,6,3,0,10,0,0,0,0,1,0,72,24371,563,33,8,18,12,19,0,0
Micheal Ferland,CGY,L,2016-12-08,false,ARI,4,6,-2,15,2,1,0,0,0,0,33,19160,486,62,9,15,13,15,0,3
Eric Fehr,PIT,C,2016-12-23,false,NJD,4,2,-3,6,0,0,0,0,2,0,34,20157,510,40,22,7,8,17,30,27
Justin Faulk,CAR,D,2016-12-23,false,BOS,7,9,-9,12,1,4,0,0,1,0,94,41602,813,57,31,36,23,24,0,0
Jesper Fast,NYR,R,2016-12-11,false,NJD,2,10,9,12,0,0,0,0,0,0,24,25064,613,44,14,10,8,20,9,12
Justin Falk,BUF,D,2017-01-21,false,MTL,0,3,-1,15,0,0,0,0,0,0,18,23805,595,51,16,15,11,5,0,0
Radek Faksa,DAL,C,2016-12-11,false,CHI,2,7,4,17,0,0,0,0,0,0,47,29123,744,44,26,28,10,19,223,262
Robby Fabbri,STL,C,2016-12-15,false,NJD,8,10,-8,19,3,3,0,0,0,0,54,29456,672,35,11,19,6,15,12,9
Loui Eriksson,VAN,L,2016-12-13,false,CAR,6,6,-9,0,2,1,0,1,1,0,59,34010,723,4,11,13,8,10,0,0
Jonathan Ericsson,DET,D,2016-12-20,false,TBL,0,6,2,49,0,0,0,0,0,0,25,33144,772,47,21,15,13,1,0,0
Toby Enstrom,WPG,D,2016-12-15,false,FLA,1,7,-2,18,0,4,1,0,0,0,26,41272,858,13,43,14,20,7,0,0
Tyler Ennis,BUF,L,2017-02-25,false,COL,4,5,-3,2,0,1,0,0,0,0,52,22774,474,24,14,10,6,12,3,12
Deryk Engelland,CGY,D,2016-12-08,false,ARI,1,5,8,34,0,0,0,0,1,0,39,33199,754,57,51,14,17,6,1,0
Alexei Emelin,MTL,D,2016-12-16,false,SJS,1,3,8,35,0,0,0,0,0,0,32,38503,788,111,55,14,38,7,0,0
Ryan Ellis,NSH,D,2017-01-05,false,TBL,5,9,8,19,0,4,0,1,2,0,45,43720,860,35,60,23,16,12,0,0
Lars Eller,WSH,C,2016-12-21,false,PHI,3,3,-3,22,0,0,0,0,0,0,40,24866,551,24,8,23,13,11,147,167
Oliver Ekman-Larsson,ARI,D,2016-12-15,false,TOR,6,9,-5,18,3,5,0,0,1,1,64,43557,839,43,29,32,18,11,0,0
Mattias Ekholm,NSH,D,2016-12-17,false,NYR,0,8,-6,10,0,1,0,1,0,0,49,42381,830,18,54,28,26,10,0,0
Aaron Ekblad,FLA,D,2016-12-13,false,MIN,7,2,-13,26,2,1,0,0,2,1,100,41660,732,57,25,33,23,12,0,0
Jack Eichel,BUF,C,2017-02-04,false,OTT,12,11,-3,4,5,5,0,0,3,1,123,35814,670,17,20,44,25,18,172,235
Nikolaj Ehlers,WPG,L,2016-12-08,false,NYR,4,19,1,12,0,3,0,0,1,0,64,31951,668,17,9,35,17,13,0,2
Joel Edmundson,STL,D,2017-01-12,false,LAK,1,8,-2,37,0,0,0,0,0,0,37,30635,750,63,38,17,9,4,0,0
Alexander Edler,VAN,D,2017-01-12,false,PHI,1,7,-6,8,1,1,0,0,0,0,53,43265,852,59,72,27,17,10,2,1
Jordan Eberle,EDM,C,2016-12-09,false,MIN,8,15,-5,4,3,6,0,0,0,0,83,31680,678,7,13,31,9,10,3,2
Patrick Eaves,DAL,R,2016-12-13,false,ANA,11,8,-6,10,5,3,0,0,1,0,76,30048,699,37,19,33,5,9,0,1
Cody Eakin,DAL,C,2017-02-02,false,WPG,1,3,-8,34,0,1,0,0,1,0,33,27776,690,35,14,21,15,7,200,210
Ryan Dzingel,OTT,L,2016-12-14,false,SJS,7,9,6,8,1,1,1,0,1,0,41,25318,579,22,13,15,10,12,2,5
Christian Dvorak,ARI,C,2016-12-23,false,TOR,3,8,3,6,0,1,0,0,0,0,23,24408,525,30,23,11,5,3,131,163
Brian Dumoulin,PIT,D,2016-12-16,false,LAK,0,6,-6,10,0,1,0,0,0,0,42,34672,801,51,39,10,14,8,0,0
Gabriel Dumont,TBL,C,2017-03-21,false,ARI,2,1,-2,25,0,0,0,0,0,0,28,16554,418,59,12,7,4,4,85,65
Matt Dumba,MIN,D,2016-12-17,false,ARI,4,7,10,20,1,2,0,0,1,1,58,36450,735,36,22,24,16,10,0,0
Anthony Duclair,ARI,L,2016-12-21,false,EDM,1,4,-2,10,0,0,0,0,0,0,35,23767,552,12,7,13,17,16,4,0
Matt Duchene,COL,C,2016-12-27,false,CGY,12,10,-9,2,2,4,0,0,3,1,78,33508,707,14,22,23,14,25,208,127
Brandon Dubinsky,CBJ,C,2016-12-23,false,MTL,3,11,9,24,0,3,0,0,2,0,39,32009,745,83,20,19,14,16,299,269
Jonathan Drouin,TBL,L,2016-12-31,false,CAR,11,11,1,8,6,4,0,0,2,0,85,30736,610,21,8,20,25,21,31,38
Leon Draisaitl,EDM,C,2016-12-09,false,MIN,13,13,-6,2,7,4,0,0,1,1,66,31267,657,10,12,26,22,19,233,214
Nic Dowd,LAK,C,2016-12-23,false,DAL,4,9,-7,4,1,3,0,0,2,1,39,24136,572,76,16,13,9,3,164,178
Drew Doughty,LAK,D,2016-12-16,false,PIT,5,11,6,20,1,4,0,0,0,0,66,48305,990,50,52,24,31,2,1,0
Jake Dotchin,TBL,D,2017-04-01,false,MTL,0,7,7,33,0,0,0,0,0,0,47,33127,694,73,16,26,17,3,0,0
Joonas Donskoi,SJS,R,2016-12-16,false,MTL,2,8,0,8,1,3,0,0,0,0,51,26282,627,12,11,27,19,16,5,4
Max Domi,ARI,L,2017-02-11,false,PIT,6,13,-6,24,1,4,0,0,1,0,62,30902,648,21,12,21,19,16,3,4
Shane Doan,ARI,R,2016-12-15,false,TOR,3,6,-3,20,1,1,0,0,0,0,66,27536,579,51,15,16,13,7,49,55
Brenden Dillon,SJS,D,2016-12-16,false,MTL,0,2,-3,24,0,0,0,0,0,0,29,28746,658,75,26,16,8,2,0,0
Phillip Di Giuseppe,CAR,L,2017-03-23,false,MTL,1,6,-11,15,0,1,0,0,1,1,61,22853,531,80,10,22,9,10,0,2
Nicolas Deslauriers,BUF,L,2017-02-18,false,STL,0,0,-5,23,0,0,0,0,0,0,15,12467,287,78,5,8,1,1,0,3
Andrew Desjardins,CHI,L,2017-01-24,false,TBL,0,0,-7,6,0,0,0,0,0,0,30,16785,389,47,9,8,7,5,23,22
David Desharnais,MTL,C,2017-02-25,false,TOR,4,6,5,4,0,2,0,0,1,0,29,23619,544,2,6,7,7,13,72,81
Jason Demers,FLA,D,2016-12-13,false,MIN,4,6,-3,12,0,3,0,1,0,0,35,36749,732,38,33,30,14,12,0,0
Michael Del Zotto,PHI,D,2017-01-21,false,NJD,4,6,-10,16,0,0,0,0,0,0,53,35270,784,110,59,22,15,4,0,0
Danny DeKeyser,DET,D,2016-12-13,false,ARI,2,4,-7,15,0,0,0,0,1,1,27,40885,864,34,58,18,20,6,0,0
Anthony DeAngelo,ARI,D,2017-03-16,false,DET,4,7,-8,20,2,5,0,0,1,0,53,32355,659,21,40,17,15,3,0,0
Brandon Davidson,MTL,D,2017-03-14,false,CHI,0,2,1,16,0,0,0,0,0,0,33,27626,642,34,47,12,16,4,0,0
Marko Dano,WPG,C,2017-03-04,false,COL,3,7,2,10,2,0,0,0,0,0,33,20647,498,69,13,20,10,14,1,3
Phillip Danault,MTL,L,2016-12-16,false,SJS,6,6,1,6,0,0,0,0,1,0,46,23716,592,26,24,14,15,8,114,91
Trevor Daley,PIT,D,2016-12-14,false,BOS,3,8,6,25,1,3,0,1,0,0,46,37710,869,9,49,26,10,15,0,0
Klas Dahlbeck,CAR,D,2017-03-18,false,NSH,1,2,-9,20,0,0,0,0,0,0,25,24501,566,55,28,18,10,5,0,0
Austin Czarnik,BOS,C,2016-12-20,false,NYI,4,5,-4,8,0,2,0,0,1,0,42,24344,578,13,17,15,8,12,19,36
Matt Cullen,PIT,C,2016-12-14,false,BOS,7,7,4,12,0,1,1,0,1,0,34,24954,644,14,8,17,13,6,210,186
Lawson Crouse,ARI,L,2016-12-23,false,TOR,2,1,-11,25,0,0,0,0,1,0,33,20991,498,76,13,11,2,8,0,1
Sidney Crosby,PIT,C,2016-12-27,false,NJD,25,16,8,12,9,4,0,0,3,0,105,34425,733,33,8,23,32,14,330,360
Joseph Cramarossa,ANA,C,2017-01-08,false,MIN,3,4,-2,37,0,0,0,1,0,0,18,18575,475,68,16,9,10,5,2,0
Adam Cracknell,DAL,R,2016-12-15,false,NYR,3,2,4,2,0,0,0,0,1,0,40,18379,465,41,19,17,5,3,43,41
Charlie Coyle,MIN,C,2016-12-17,false,ARI,10,12,12,20,3,0,0,0,2,0,65,32019,685,36,28,18,13,14,13,17
Sean Couturier,PHI,C,2017-01-15,false,WSH,8,4,-5,18,0,2,0,1,1,0,54,32883,748,18,18,21,16,18,260,243
Logan Couture,SJS,C,2016-12-14,false,OTT,11,9,2,8,6,1,0,0,1,0,85,33296,749,19,31,28,34,13,117,209
Nick Cousins,PHI,C,2016-12-19,false,NSH,3,6,-4,12,1,1,0,0,0,0,39,19661,470,27,11,11,5,9,65,99
Andrew Copp,WPG,C,2017-01-09,false,CGY,4,3,-1,8,0,0,1,0,1,0,34,20940,542,42,14,11,8,12,49,59
Brett Connolly,WSH,R,2017-01-16,false,PIT,7,1,7,24,1,0,0,0,0,0,38,19581,436,53,6,6,6,8,4,6
Blake Comeau,COL,L,2016-12-27,false,CGY,5,2,-4,36,2,0,1,0,0,0,43,28441,649,61,11,16,6,16,68,71
Ian Cole,PIT,D,2016-12-14,false,BOS,2,9,16,28,0,0,0,0,0,0,32,32151,727,65,60,25,17,6,0,0
Joe Colborne,COL,C,2017-01-04,false,CGY,3,1,-13,14,2,0,0,0,0,0,27,21117,501,41,7,6,8,5,37,56
Andrew Cogliano,ANA,L,2016-12-13,false,DAL,7,7,4,10,0,0,2,0,0,0,70,27003,693,26,15,9,9,11,2,7
Braydon Coburn,TBL,D,2016-12-14,false,CGY,1,4,1,22,0,0,0,0,0,0,39,29155,651,35,22,11,13,0,0,0
Cal Clutterbuck,NYI,R,2016-12-18,false,OTT,2,9,5,16,0,0,0,0,1,0,50,26823,682,106,12,17,12,16,2,2
Kyle Clifford,LAK,L,2016-12-31,false,SJS,2,4,1,45,0,0,0,0,0,0,52,19167,450,63,2,15,3,8,0,1
Adam Clendening,NYR,D,2017-04-05,false,WSH,2,9,4,17,1,1,0,0,0,0,38,28371,636,20,26,19,20,7,0,0
Fredrik Claesson,OTT,D,2017-04-04,false,DET,3,8,7,4,0,0,0,1,0,0,22,22213,536,51,21,10,13,3,0,0
Casey Cizikas,NYI,C,2016-12-31,false,WPG,4,9,8,18,0,1,0,0,1,0,33,25778,675,72,36,8,11,12,225,238
Jakob Chychrun,ARI,D,2017-01-06,false,ANA,1,6,-3,35,0,0,0,0,0,0,32,29416,652,45,49,25,19,7,0,0
Jason Chimera,NYI,L,2016-12-16,false,BUF,4,6,-8,18,0,0,0,0,0,0,39,23762,581,53,17,9,7,4,9,12
Alex Chiasson,CGY,R,2016-12-08,false,ARI,5,6,3,21,0,1,1,0,1,0,41,24112,588,31,3,10,9,9,1,13
Ben Chiarot,WPG,D,2016-12-10,false,CGY,0,6,-5,10,0,0,0,0,0,0,21,26614,558,38,45,3,20,4,0,0
Zdeno Chara,BOS,D,2016-12-23,false,CAR,2,6,7,25,0,1,0,0,0,0,45,41832,789,51,62,20,23,18,0,0
Michael Chaput,VAN,C,2017-01-07,false,CGY,1,3,-5,15,0,0,0,0,0,0,16,18370,453,31,8,5,4,5,116,111
Cody Ceci,OTT,D,2016-12-14,false,SJS,0,2,-10,8,0,0,0,1,0,0,52,41982,950,60,66,19,30,10,1,0
Jeff Carter,LAK,C,2016-12-16,false,PIT,14,10,5,12,4,2,1,0,6,2,99,32605,706,40,14,35,12,9,290,239
William Carrier,BUF,L,2017-01-17,false,TOR,4,2,2,17,0,0,0,0,1,0,34,16418,430,88,6,11,5,6,1,1
Connor Carrick,TOR,D,2016-12-28,false,FLA,1,2,4,30,0,0,0,0,0,0,43,30729,713,33,41,23,24,6,0,0
Daniel Carr,MTL,L,2017-01-26,false,NYI,2,6,4,6,0,0,0,0,1,0,41,18493,464,19,12,17,5,7,2,1
John Carlson,WSH,D,2016-12-17,false,MTL,1,13,-2,0,1,7,0,0,0,0,73,42349,793,32,38,44,44,15,0,0
Brandon Carlo,BOS,D,2016-12-12,false,MTL,2,5,7,17,0,0,0,0,0,0,42,40489,797,31,51,19,22,5,0,0
Brian Campbell,CHI,D,2016-12-11,false,DAL,2,6,8,10,1,2,0,0,0,0,32,33928,726,19,30,17,26,1,0,0
Michael Cammalleri,NJD,L,2016-12-29,false,WSH,9,10,-5,17,1,4,0,0,2,1,74,32681,660,22,8,30,14,16,11,9
Matt Calvert,CBJ,L,2016-12-31,false,MIN,5,2,6,35,0,0,2,0,1,0,43,25433,607,29,20,21,9,13,2,11
Drake Caggiula,EDM,L,2017-01-20,false,NSH,3,5,-2,6,1,2,0,0,0,0,37,23930,549,54,6,17,9,11,62,95
Paul Byron,MTL,L,2016-12-16,false,SJS,10,7,9,10,0,0,1,0,2,0,41,26410,683,42,9,7,9,15,3,1
Dustin Byfuglien,WPG,D,2016-12-08,false,NYR,3,16,0,29,0,4,0,0,0,0,83,50236,861,77,54,44,41,25,0,0
Alexandre Burrows,VAN,L,2016-12-22,false,WPG,6,8,1,31,0,0,0,1,0,0,60,26232,653,20,4,14,7,23,0,4
Brent Burns,SJS,D,2016-12-14,false,OTT,13,15,7,8,3,5,0,1,2,1,131,44204,821,37,56,60,61,19,0,0
Alexander Burmistrov,ARI,C,2017-01-31,false,LAK,1,7,-6,10,1,1,0,1,0,0,21,22030,488,41,10,9,9,5,85,145
Andre Burakovsky,WSH,L,2016-12-27,false,NYI,4,9,1,8,0,1,0,0,0,0,50,25120,525,11,10,18,16,19,0,1
Pavel Buchnevich,NYR,R,2017-03-07,false,FLA,8,9,5,13,1,2,0,0,0,0,42,24177,574,12,8,19,18,11,1,3
Dustin Brown,LAK,R,2016-12-16,false,PIT,4,10,-10,10,2,2,1,0,1,0,63,28745,660,82,10,22,9,8,0,2
Connor Brown,TOR,R,2016-12-17,false,PIT,4,5,2,4,0,0,0,0,1,0,46,25703,660,24,25,15,5,12,0,2
J.T. Brown,TBL,R,2016-12-28,false,MTL,2,2,-6,43,0,0,1,0,1,0,36,19951,476,49,14,10,5,4,6,15
Troy Brouwer,CGY,R,2016-12-08,false,ARI,6,7,-6,18,1,3,1,1,1,0,42,31445,709,64,23,17,12,13,12,26
Kyle Brodziak,STL,C,2016-12-15,false,NJD,3,3,-2,21,0,0,0,0,1,0,26,17759,492,26,18,9,2,9,99,113
Jonas Brodin,MIN,D,2016-12-17,false,ARI,3,10,5,14,2,2,0,0,2,0,43,36308,777,10,53,19,11,6,0,0
TJ Brodie,CGY,D,2016-12-08,false,ARI,1,6,-16,8,0,2,1,1,0,0,32,41931,903,13,38,18,29,22,0,0
Justin Braun,SJS,D,2016-12-14,false,OTT,1,4,0,6,0,0,0,0,0,0,31,36413,764,42,53,26,20,15,0,0
Derick Brassard,OTT,C,2016-12-14,false,SJS,4,8,-1,10,1,2,0,0,0,0,66,31576,674,35,6,27,15,18,256,249
Tyler Bozak,TOR,C,2016-12-17,false,PIT,6,13,1,6,1,2,0,0,1,0,56,29652,676,23,7,18,17,22,282,206
Brian Boyle,TBL,C,2016-12-17,false,EDM,6,3,5,29,1,1,0,0,0,0,46,22247,504,47,16,17,6,7,95,94
Johnny Boychuk,NYI,D,2016-12-18,false,OTT,4,6,-1,6,0,1,1,0,1,0,67,36087,709,67,66,35,21,5,1,0
Jay Bouwmeester,STL,D,2016-12-13,false,NSH,1,5,-6,16,0,0,0,0,0,0,39,40944,901,28,32,14,17,5,0,0
Rene Bourque,COL,R,2016-12-22,false,TOR,9,3,-13,21,2,0,0,0,2,1,55,27204,620,41,15,27,5,15,0,3
Lance Bouma,CGY,C,2017-01-19,false,NSH,2,2,-1,17,0,0,0,0,1,0,26,21013,519,73,21,13,7,6,1,5
Reid Boucher,VAN,C,2017-03-23,false,STL,4,3,-2,4,0,0,0,0,0,0,51,20318,450,16,11,12,5,14,0,1
Robert Bortuzzo,STL,D,2017-03-15,false,ANA,1,3,9,13,0,0,0,0,0,0,36,25660,694,64,45,19,11,3,0,0
Mark Borowiecki,OTT,D,2016-12-18,false,NYI,0,1,-2,56,0,0,0,0,0,0,13,24638,665,141,41,12,7,3,0,0
Nick Bonino,PIT,C,2016-12-14,false,BOS,5,8,-1,8,1,2,1,0,0,0,49,30079,721,20,41,13,11,13,233,238
Jared Boll,ANA,R,2017-01-10,false,DAL,0,1,-4,53,0,0,0,0,0,0,9,10699,294,31,7,5,3,1,0,1
Zach Bogosian,BUF,D,2017-02-02,false,NYR,1,4,-13,21,0,0,0,0,1,1,38,36744,767,39,56,11,18,7,0,0
Mikkel Boedker,SJS,L,2016-12-14,false,OTT,2,3,-4,6,0,0,0,0,0,0,33,26397,638,28,10,22,19,11,2,8
Nick Bjugstad,FLA,C,2017-02-20,false,STL,4,4,-12,12,0,1,0,0,0,0,53,24237,565,42,4,18,11,11,78,84
Kevin Bieksa,ANA,D,2016-12-13,false,DAL,1,0,-3,28,1,0,0,0,0,0,45,35373,711,73,34,15,16,3,0,0
Alex Biega,VAN,D,2017-03-23,false,STL,0,3,-3,18,0,0,0,0,0,0,28,24377,607,79,21,21,5,5,0,0
Patrik Berglund,STL,C,2016-12-13,false,NSH,1,6,-8,12,0,1,0,0,0,0,49,26775,670,52,16,25,7,10,188,171
Patrice Bergeron,BOS,C,2016-12-18,false,LAK,4,5,1,8,1,1,0,0,2,0,103,34331,726,23,19,37,8,13,396,297
Matt Benning,EDM,D,2017-01-08,false,OTT,1,7,4,15,0,2,0,0,0,0,40,30507,681,60,33,19,22,2,0,0
Sam Bennett,CGY,C,2016-12-08,false,ARI,6,9,-2,32,2,0,0,1,0,0,47,27775,628,53,12,19,9,20,101,120
Beau Bennett,NJD,R,2016-12-29,false,WSH,1,6,-7,10,1,1,0,0,0,0,51,24796,522,34,6,24,8,7,1,6
Jamie Benn,DAL,L,2016-12-11,false,CHI,8,16,-7,29,5,4,0,0,2,1,68,36232,847,47,19,26,16,25,123,102
Jordie Benn,DAL,D,2016-12-17,false,PHI,2,7,2,20,0,2,0,0,0,0,33,34619,793,18,56,24,13,4,0,0
Pierre-Edouard Bellemare,PHI,L,2016-12-10,false,DAL,1,3,1,2,0,0,0,1,0,0,45,26539,644,34,28,17,5,9,195,198
Matt Beleskey,BOS,L,2017-02-01,false,WSH,2,5,-8,36,0,2,0,0,0,0,55,26499,583,70,15,23,8,6,27,40
Anthony Beauvillier,NYI,C,2017-01-19,false,DAL,4,7,3,6,0,0,0,0,0,0,35,21447,484,33,12,12,12,8,21,25
Nathan Beaulieu,MTL,D,2016-12-29,false,FLA,1,8,13,25,0,3,0,0,1,0,43,33982,701,30,49,17,36,7,0,0
Francois Beauchemin,COL,D,2016-12-18,false,WPG,0,6,0,12,0,2,0,0,0,0,44,37140,802,28,65,18,28,15,0,0
Jay Beagle,WSH,C,2016-12-17,false,MTL,5,6,7,6,0,0,1,1,2,0,41,23518,568,20,14,8,10,6,235,152
Tyson Barrie,COL,D,2016-12-18,false,WPG,2,11,-18,12,0,5,0,0,1,0,69,41826,846,16,29,33,21,9,0,0
Aleksander Barkov,FLA,C,2016-12-13,false,MIN,6,14,5,4,0,5,0,0,2,2,74,34922,690,20,14,21,15,21,227,245
Mark Barberio,COL,D,2017-02-11,false,NYR,0,6,-1,10,0,2,0,0,0,0,31,28331,600,12,28,13,18,8,0,0
Ivan Barbashev,STL,C,2017-04-09,false,COL,5,7,5,2,0,0,0,0,1,0,20,21224,489,34,14,10,3,9,83,124
Justin Bailey,BUF,R,2017-03-17,false,ANA,2,2,2,4,0,0,0,0,1,0,35,19312,446,25,14,12,10,8,0,1
Josh Bailey,NYI,R,2016-12-16,false,BUF,5,12,0,4,1,3,0,0,1,1,62,34254,712,13,23,27,21,17,5,3
Sven Baertschi,VAN,L,2016-12-20,false,WPG,7,10,1,0,0,2,0,0,2,0,57,27021,629,16,11,11,6,13,1,0
Nicklas Backstrom,WSH,C,2016-12-17,false,MTL,9,18,4,18,2,11,0,0,2,1,62,33583,682,23,10,17,25,25,263,231
Mikael Backlund,CGY,C,2016-12-08,false,ARI,4,8,0,10,1,2,0,3,1,0,72,32035,736,20,20,26,16,18,270,286
David Backes,BOS,R,2016-12-22,false,FLA,8,9,0,31,2,2,0,0,1,0,78,32870,661,98,21,25,16,13,38,43
Cam Atkinson,CBJ,R,2016-12-20,false,LAK,14,19,8,6,6,9,2,0,3,1,89,32453,749,12,12,25,4,13,2,0
Andreas Athanasiou,DET,C,2017-01-18,false,BOS,10,5,4,9,0,0,0,0,1,0,60,22941,534,12,7,27,6,7,28,33
Viktor Arvidsson,NSH,L,2016-12-17,false,NYR,9,11,4,10,1,2,2,1,0,0,98,28709,681,10,14,33,10,13,2,1
Joel Armia,WPG,R,2017-02-04,false,COL,3,4,-6,12,0,0,0,0,1,0,55,27834,643,26,11,13,12,16,2,4
Artem Anisimov,CHI,C,2016-12-13,false,NYR,13,13,13,18,2,3,0,0,6,1,52,33681,682,13,10,18,2,15,210,262
Sven Andrighetto,COL,R,2017-03-09,false,NJD,2,8,1,4,0,1,0,0,0,0,33,21318,499,30,12,18,3,9,0,0
Andy Andreoff,LAK,L,2017-03-14,false,ARI,0,2,-2,32,0,0,0,0,0,0,31,19271,444,58,7,17,8,4,37,24
Josh Anderson,CBJ,R,2016-12-20,false,LAK,8,4,8,32,0,0,0,0,2,0,46,21838,550,59,19,15,12,7,6,16
Karl Alzner,WSH,D,2016-12-17,false,MTL,2,2,5,10,0,0,0,0,0,0,32,36351,783,38,52,13,19,9,0,0
Sebastian Aho,CAR,R,2016-12-16,false,WSH,5,11,-2,4,0,4,0,0,0,0,70,28380,633,11,2,25,20,10,7,8
Justin Abdelkader,DET,L,2017-01-24,false,BOS,4,6,-6,19,2,0,0,1,0,0,47,28903,626,69,11,19,11,9,4,8
Tyler Pitlick,EDM,R,2016-12-17,false,TBL,7,3,0,6,0,0,0,0,1,0,51,17940,444,68,13,10,8,3,8,6
Johan Larsson,BUF,C,2016-12-17,false,CAR,5,5,-4,16,1,0,0,0,2,0,42,31248,660,28,20,20,13,11,218,227
Erik Gudbranson,VAN,D,2016-12-13,false,CAR,1,5,-14,18,0,0,0,0,1,0,40,36603,765,66,44,15,23,4,0,0
