James van Riemsdyk,TOR,L,2016-11-29,false,EDM,10,9,-3,10,1,3,0,0,1,0,64,20555,463,25,12,14,6,11,1,3
Trevor van Riemsdyk,CHI,D,2017-01-15,false,MIN,1,3,4,6,0,0,0,0,0,0,26,24500,530,9,31,12,15,9,0,0
Calvin de Haan,NYI,D,2016-11-30,false,PIT,1,6,5,22,0,0,0,0,0,0,35,24251,472,35,55,12,17,5,0,0
Jason Zucker,MIN,L,2016-11-29,false,VAN,3,9,12,8,0,0,0,0,0,0,32,16858,401,23,9,22,5,12,1,2
Mats Zuccarello,NYR,R,2016-11-25,false,PHI,7,8,2,8,2,1,0,0,0,0,49,24679,512,30,10,11,9,20,3,1
Harry Zolnierczyk,NSH,L,2017-03-07,false,ANA,1,2,-2,10,0,0,0,0,0,0,16,11221,271,24,10,2,1,6,2,3
Mika Zibanejad,NYR,C,2017-01-22,false,DET,7,10,2,6,0,5,0,0,0,0,57,22176,517,10,13,32,10,11,221,184
Henrik Zetterberg,DET,L,2016-11-26,false,MTL,3,11,3,4,1,2,0,0,0,0,45,25570,505,15,7,10,11,14,173,162
Travis Zajac,NJD,C,2016-11-29,false,WPG,5,10,0,12,2,1,0,0,1,0,50,26796,569,29,9,8,5,9,244,221
Nikita Zaitsev,TOR,D,2016-11-29,false,EDM,0,9,-7,4,0,2,0,0,0,0,28,29216,637,50,37,15,18,10,0,0
Nikita Zadorov,COL,D,2016-12-03,false,DAL,0,3,-7,24,0,0,0,0,0,0,16,22493,534,47,28,12,8,5,0,0
Pavel Zacha,NJD,C,2016-11-29,false,WPG,2,5,-10,10,1,2,0,0,0,0,23,18892,398,22,13,8,7,2,64,82
Keith Yandle,FLA,D,2016-11-27,false,CAR,1,10,2,14,1,3,0,0,0,0,54,29555,542,8,27,23,18,8,0,0
Nail Yakupov,STL,R,2017-01-07,false,DAL,3,3,-1,10,0,0,0,0,0,0,19,13647,339,17,4,11,3,7,0,0
Miles Wood,NJD,L,2017-01-07,false,EDM,5,2,-2,22,0,0,0,0,0,0,34,15875,387,27,7,19,4,7,1,0
Luke Witkowski,TBL,D,2017-03-16,false,TOR,0,3,-3,26,0,0,0,0,0,0,14,12927,310,47,12,7,6,3,0,0
Daniel Winnik,WSH,L,2016-12-17,false,MTL,4,3,7,10,0,0,0,0,1,0,18,15695,362,10,10,9,10,7,4,4
Tommy Wingels,SJS,C,2016-12-07,false,OTT,4,1,1,4,0,0,0,0,2,0,24,12407,327,37,11,6,6,0,40,47
Scott Wilson,PIT,L,2016-12-03,false,DET,3,4,-2,2,0,0,0,0,0,0,41,16195,400,49,12,11,4,5,1,0
Colin Wilson,NSH,L,2016-12-03,false,NJD,4,6,1,8,2,0,0,0,0,0,42,19923,458,15,10,9,8,9,0,3
Tom Wilson,WSH,R,2016-12-01,false,NYI,1,0,1,21,0,0,0,0,0,0,24,17085,394,47,5,5,4,11,0,3
Justin Williams,WSH,R,2016-12-01,false,NYI,2,2,-4,16,1,0,0,0,0,0,49,21134,434,6,10,27,10,13,28,17
Patrick Wiercioch,COL,D,2016-12-06,false,NSH,2,6,0,13,0,0,0,0,0,0,27,23152,542,18,26,10,4,3,0,0
Chris Wideman,OTT,D,2016-12-07,false,SJS,1,6,-1,12,0,1,0,0,1,0,33,17918,473,20,17,12,14,3,0,0
Dennis Wideman,CGY,D,2016-12-06,false,DAL,2,5,0,16,2,2,0,0,0,0,47,27996,618,22,23,11,20,9,0,0
Ryan White,ARI,C,2016-12-03,false,CBJ,1,2,-6,37,0,0,0,0,1,0,19,14035,330,69,10,7,2,2,19,30
Blake Wheeler,WPG,R,2016-11-23,false,MIN,7,8,-1,14,1,3,1,0,0,0,65,27234,563,40,12,20,17,11,17,21
Zach Werenski,CBJ,D,2016-12-01,false,COL,5,11,3,4,3,5,0,0,1,1,62,29090,615,16,27,21,11,7,0,0
Alexander Wennberg,CBJ,C,2016-12-01,false,COL,5,15,6,4,1,9,0,0,2,0,26,23416,518,24,17,7,8,7,152,194
Dale Weise,PHI,R,2016-12-03,false,CHI,2,2,0,8,1,0,0,0,1,0,31,16614,381,35,6,13,5,8,0,0
Yannick Weber,NSH,D,2016-12-03,false,NJD,0,3,7,15,0,0,0,0,0,0,21,15457,385,27,16,13,9,0,0,0
Shea Weber,MTL,D,2016-11-26,false,DET,8,10,18,12,7,3,0,1,3,0,58,34060,631,53,50,26,32,2,0,0
Jordan Weal,PHI,C,2017-04-08,false,CBJ,8,3,4,6,1,0,0,0,1,0,47,18854,434,6,8,13,6,11,14,14
Austin Watson,NSH,L,2016-12-08,false,DAL,1,4,7,21,0,0,0,1,0,0,22,15246,371,38,10,7,0,6,0,3
Joel Ward,SJS,R,2016-11-26,false,ANA,2,3,-2,4,0,0,1,0,1,0,34,21337,502,17,13,15,17,9,55,61
Chris Wagner,ANA,C,2017-01-04,false,DET,2,0,-4,6,0,0,0,0,0,0,21,12759,326,48,9,11,6,2,33,54
Radim Vrbata,ARI,R,2016-12-01,false,LAK,7,9,-4,6,1,2,0,0,0,0,66,22805,495,17,5,26,9,11,7,8
Jakub Voracek,PHI,R,2016-11-25,false,NYR,7,10,-9,32,0,6,0,0,1,1,79,25690,538,8,4,25,12,6,0,4
Marc-Edouard Vlasic,SJS,D,2016-11-26,false,ANA,3,4,1,26,1,2,0,0,2,1,41,28423,572,7,36,19,16,3,0,0
Jimmy Vesey,NYR,L,2016-11-25,false,PHI,7,6,3,2,2,1,0,0,2,0,35,19292,421,17,10,12,9,15,0,1
Kris Versteeg,CGY,R,2016-12-19,false,ARI,5,9,4,6,1,4,0,0,1,0,30,17841,398,2,10,11,14,12,9,5
Antoine Vermette,ANA,C,2016-11-26,false,SJS,4,5,0,16,1,1,0,0,0,0,38,21022,546,21,16,15,6,5,232,117
Frank Vatrano,BOS,C,2017-02-09,false,SJS,6,3,-8,6,3,1,0,0,1,0,62,19241,438,30,6,31,3,5,0,2
Sami Vatanen,ANA,D,2016-11-26,false,SJS,1,8,4,4,1,5,0,0,0,0,30,28490,574,30,44,9,8,7,0,0
Thomas Vanek,DET,L,2016-12-20,false,TBL,5,12,2,14,2,3,0,0,0,0,50,19641,425,11,1,10,7,11,4,6
Chris VandeVelde,PHI,C,2016-11-25,false,NYR,3,2,-4,4,0,0,0,0,0,0,17,14028,354,28,15,6,4,5,15,9
Scottie Upshall,STL,R,2016-12-03,false,WPG,3,3,-6,13,0,0,0,0,0,0,25,13635,381,24,1,11,3,4,1,3
Fedor Tyutin,COL,D,2016-12-14,false,PHI,0,7,-8,10,0,0,0,0,0,0,16,25220,586,42,29,4,6,5,0,0
Kyle Turris,OTT,C,2016-11-27,false,NYR,10,3,1,6,1,0,0,0,3,2,43,25093,542,6,19,17,17,5,150,170
Nikita Tryamkin,VAN,D,2016-12-18,false,CBJ,0,3,3,17,0,0,0,0,0,0,18,21973,492,60,22,17,10,2,0,0
Jacob Trouba,WPG,D,2016-12-27,false,CHI,1,7,1,16,0,0,0,0,0,0,42,31226,617,34,49,21,30,13,0,0
Vincent Trocheck,FLA,C,2016-11-27,false,CAR,6,7,-6,8,0,3,0,0,1,1,51,27125,515,51,14,29,20,17,225,216
Jordin Tootoo,CHI,R,2016-12-09,false,NYR,0,0,0,16,0,0,0,0,0,0,23,9061,237,18,3,9,4,4,1,0
Tyler Toffoli,LAK,C,2016-11-26,false,CHI,5,9,12,0,2,1,0,1,0,0,70,24242,530,27,2,30,12,6,0,2
Jonathan Toews,CHI,C,2016-12-13,false,NYR,4,8,2,15,1,3,0,0,2,0,55,26973,575,13,9,13,15,11,300,197
Matthew Tkachuk,CGY,L,2016-11-30,false,TOR,6,4,4,45,1,0,0,0,1,0,39,18716,410,23,4,22,8,10,1,5
Chris Tierney,SJS,C,2016-11-26,false,ANA,1,6,-2,0,0,0,1,1,1,0,20,17167,434,13,14,8,15,10,84,106
Shawn Thornton,FLA,L,2017-01-20,false,VAN,1,1,-3,9,0,0,0,0,0,0,12,9151,234,18,2,10,6,1,4,5
Joe Thornton,SJS,C,2016-11-26,false,ANA,2,11,2,6,0,5,0,0,0,0,21,24840,531,20,9,6,20,17,134,96
Chris Thorburn,WPG,R,2016-12-03,false,STL,2,0,-4,43,0,0,1,0,0,0,15,10873,306,40,16,2,1,1,8,10
Nate Thompson,ANA,C,2017-03-22,false,EDM,0,0,1,9,0,0,0,0,0,0,14,13767,353,54,8,3,4,5,94,91
Shea Theodore,ANA,D,2017-01-12,false,COL,1,6,-8,16,1,0,0,1,0,0,38,22869,482,8,20,23,19,3,0,0
Teuvo Teravainen,CAR,L,2016-11-29,false,NYR,5,5,-3,2,1,3,0,0,1,0,35,20621,444,8,4,19,9,10,20,23
Matt Tennyson,CAR,D,2016-12-31,false,TBL,0,2,-2,0,0,0,0,0,0,0,18,19195,434,24,25,9,9,8,0,0
John Tavares,NYI,C,2016-11-30,false,PIT,6,11,0,18,2,3,0,0,0,0,67,26936,525,10,6,25,17,16,237,222
Tomas Tatar,DET,L,2016-11-26,false,MTL,3,4,-7,8,0,1,0,0,0,0,50,22938,491,20,10,22,9,9,3,3
Vladimir Tarasenko,STL,R,2016-11-26,false,MIN,9,13,-1,2,2,7,0,0,1,1,77,24330,581,4,9,30,7,13,0,1
Christopher Tanev,VAN,D,2017-01-17,false,NSH,0,5,5,6,0,0,0,0,0,0,12,26408,597,5,37,9,13,6,0,0
Brandon Tanev,WPG,L,2016-11-23,false,MIN,2,1,-3,19,0,0,0,0,1,0,31,15667,425,54,17,11,5,9,0,0
Brandon Sutter,VAN,C,2016-11-26,false,COL,5,6,-10,0,1,1,0,0,1,1,56,25935,573,14,13,21,8,7,208,181
Ryan Suter,MIN,D,2016-11-29,false,VAN,4,11,11,8,1,5,1,0,0,0,50,36228,642,17,25,18,8,13,0,0
Andrej Sustr,TBL,D,2016-11-25,false,CBJ,0,3,-5,15,0,0,0,0,0,0,28,23395,520,18,29,8,11,9,0,0
P.K. Subban,NSH,D,2016-11-29,false,COL,5,10,-6,18,3,4,0,0,2,0,51,32603,606,23,36,14,27,13,0,0
Mark Stuart,WPG,D,2017-02-07,false,MIN,1,0,2,15,0,0,0,0,0,0,12,15219,370,31,48,2,10,3,0,0
Ryan Strome,NYI,C,2016-12-04,false,DET,2,4,-4,14,1,1,0,0,0,0,38,18572,399,18,7,10,13,7,56,71
Mark Streit,PHI,D,2016-11-25,false,NYR,4,8,-5,14,1,4,0,0,1,0,42,26598,603,12,20,14,12,3,0,0
Anton Stralman,TBL,D,2016-12-16,false,VAN,1,7,1,0,0,5,0,0,0,0,28,30111,582,29,23,18,6,7,0,0
Michael Stone,ARI,D,2016-12-21,false,EDM,0,6,-6,4,0,3,0,0,0,0,29,27440,596,48,48,21,8,0,1,0
Mark Stone,OTT,R,2016-11-29,false,BUF,7,8,1,6,2,2,0,0,2,0,35,23599,490,18,16,11,17,28,3,4
Chris Stewart,MIN,R,2016-11-29,false,VAN,2,3,-1,29,0,1,0,0,0,0,13,14343,342,28,5,5,6,5,0,1
Derek Stepan,NYR,C,2016-11-25,false,PHI,4,10,3,6,0,4,1,0,1,0,47,23042,537,3,17,11,14,15,181,213
Lee Stempniak,CAR,R,2016-11-29,false,NYR,4,6,2,12,1,2,0,0,0,0,32,21178,463,35,5,14,14,14,1,2
Alexander Steen,STL,L,2016-12-09,false,NJD,3,13,-9,29,0,7,0,0,0,0,37,26064,616,8,18,17,5,10,30,58
Troy Stecher,VAN,D,2016-12-16,false,TBL,1,6,-6,15,0,3,0,0,0,0,65,27739,544,17,23,20,9,8,0,0
Paul Stastny,STL,C,2016-11-26,false,MIN,6,7,1,18,2,4,0,0,2,0,36,26923,618,14,10,13,4,11,259,213
Viktor Stalberg,CAR,L,2016-12-01,false,BOS,6,1,1,21,0,0,1,0,2,0,38,16014,417,44,5,9,10,16,0,2
Matt Stajan,CGY,C,2016-11-23,false,CBJ,1,4,3,8,0,0,0,0,0,0,19,17498,412,19,15,13,4,6,112,80
Drew Stafford,WPG,R,2016-12-27,false,CHI,2,3,1,8,0,0,0,0,1,0,36,18747,431,24,1,7,15,5,2,6
Eric Staal,MIN,C,2016-11-29,false,VAN,5,11,6,6,1,3,0,1,2,0,65,25397,555,16,7,18,6,19,197,191
Jordan Staal,CAR,C,2016-12-13,false,VAN,6,5,-2,6,2,0,0,0,1,0,47,24283,569,46,6,18,12,18,230,151
Marc Staal,NYR,D,2016-11-25,false,PHI,1,3,7,6,0,0,0,1,0,0,19,25867,593,21,32,10,14,9,0,0
Jared Spurgeon,MIN,D,2016-12-09,false,EDM,1,8,12,6,0,1,0,1,0,0,46,31163,608,11,51,9,6,6,0,0
Ryan Sproul,DET,D,2017-02-09,false,WSH,1,6,-6,4,1,2,0,0,0,0,39,20709,469,10,12,14,7,3,0,0
Ryan Spooner,BOS,C,2016-11-29,false,PHI,3,5,-1,8,2,1,0,0,0,0,48,19516,419,10,4,12,13,11,8,11
Jason Spezza,DAL,C,2016-12-10,false,PHI,5,9,-15,8,1,6,0,0,2,0,54,21682,511,6,8,26,14,8,127,110
Nikita Soshnikov,TOR,R,2016-12-19,false,ANA,1,3,0,6,0,1,0,0,0,0,34,14201,361,46,12,14,7,4,1,8
Carl Soderberg,COL,C,2016-12-01,false,CBJ,3,4,-1,14,1,0,0,0,0,0,41,21857,511,9,14,9,6,13,134,121
Devante Smith-Pelly,NJD,R,2016-12-03,false,NSH,2,4,-5,2,0,2,0,0,0,0,39,17870,395,35,9,14,6,8,8,9
Craig Smith,NSH,R,2016-12-03,false,NJD,6,3,1,18,2,1,0,0,0,0,46,19526,444,25,5,29,11,8,29,31
Brendan Smith,DET,D,2016-12-29,false,OTT,2,3,-2,22,1,2,0,0,1,0,29,23812,535,27,22,12,20,1,0,0
Ben Smith,TOR,R,2016-12-03,false,VAN,1,1,-3,0,0,0,0,0,0,0,15,15538,394,12,20,6,4,6,133,120
Reilly Smith,FLA,R,2016-11-27,false,CAR,4,3,-5,4,2,0,0,0,1,0,47,25477,518,19,6,24,6,21,1,1
Zack Smith,OTT,C,2016-11-27,false,NYR,3,3,0,29,0,0,1,0,0,0,48,21998,493,45,10,15,21,8,89,82
Anton Slepyshev,EDM,L,2017-01-25,false,ANA,3,3,5,2,0,0,0,0,0,0,38,14628,346,30,5,8,8,7,1,1
Jaccob Slavin,CAR,D,2016-11-29,false,NYR,1,5,0,2,0,1,0,0,0,0,31,29807,586,10,42,9,11,16,0,0
Brady Skjei,NYR,D,2016-11-25,false,PHI,0,11,3,8,0,2,0,0,0,0,23,22210,500,35,21,13,16,4,0,1
Jeff Skinner,CAR,L,2016-12-01,false,BOS,9,11,-2,14,2,6,0,0,0,0,78,24779,504,11,8,30,14,27,4,9
Jack Skille,VAN,R,2016-12-11,false,WSH,3,1,-3,4,0,0,0,0,0,0,29,11750,291,37,7,5,4,5,0,0
Colton Sissons,NSH,C,2016-12-17,false,NYR,2,1,0,0,0,0,1,0,0,0,8,13343,348,42,8,4,6,6,80,81
Wayne Simmonds,PHI,R,2016-11-25,false,NYR,10,9,-6,19,5,4,1,0,0,0,55,25569,586,47,18,26,12,8,4,3
Jakob Silfverberg,ANA,R,2016-11-26,false,SJS,7,7,8,4,1,1,1,0,2,0,53,24629,573,15,14,16,13,10,1,3
Nick Shore,LAK,C,2016-11-30,false,SJS,0,3,-3,10,0,0,0,0,0,0,21,15473,371,20,11,9,6,4,95,116
Devin Shore,DAL,C,2016-11-25,false,VAN,1,7,-7,4,0,3,0,0,0,0,25,18036,441,13,17,11,2,10,92,105
Conor Sheary,PIT,L,2016-12-12,false,ARI,7,9,11,8,0,1,0,0,2,0,51,19652,449,8,7,12,9,11,0,0
Riley Sheahan,DET,C,2016-11-26,false,MTL,0,4,-10,12,0,1,0,0,0,0,30,17766,424,18,12,13,7,4,42,38
Logan Shaw,ANA,C,2017-01-08,false,MIN,1,1,-3,6,0,0,0,0,0,0,29,11406,318,20,9,9,1,6,21,56
Andrew Shaw,MTL,C,2016-11-26,false,DET,4,4,8,41,1,0,0,0,0,0,42,19389,428,54,11,14,7,10,87,62
Kevin Shattenkirk,STL,D,2016-11-26,false,MIN,4,10,-1,21,3,6,0,0,0,0,41,26845,588,24,19,17,13,7,0,0
Patrick Sharp,DAL,L,2017-01-21,false,WSH,4,5,-5,21,0,0,1,0,0,0,60,21387,493,18,9,19,7,2,13,13
Michael Sgarbossa,FLA,C,2017-01-23,false,ARI,2,2,-6,2,1,1,0,0,0,0,26,15816,386,23,12,5,8,1,95,114
Damon Severson,NJD,D,2016-11-29,false,WPG,3,10,-6,14,0,5,0,0,1,0,37,27673,586,24,18,12,24,8,0,0
Devin Setoguchi,LAK,R,2016-11-26,false,CHI,3,4,-2,6,0,1,0,0,0,0,30,17476,407,27,4,13,11,6,2,2
Andrej Sekera,EDM,D,2016-11-25,false,ARI,2,4,6,8,0,1,0,0,0,0,22,26694,564,15,37,18,12,11,0,0
Dennis Seidenberg,NYI,D,2016-12-15,false,CHI,4,6,11,14,0,0,0,0,0,0,24,25773,487,30,51,6,15,2,0,0
Tyler Seguin,DAL,C,2016-11-25,false,VAN,7,15,-8,6,4,6,0,0,1,0,78,24891,563,20,5,30,10,9,146,136
Lukas Sedlak,CBJ,C,2016-12-05,false,ARI,0,4,5,4,0,0,0,0,0,0,17,12197,294,23,8,13,6,7,59,61
Daniel Sedin,VAN,L,2016-11-26,false,COL,6,7,-4,6,2,2,0,0,1,0,61,24644,520,7,7,19,5,8,0,1
Henrik Sedin,VAN,C,2016-11-26,false,COL,5,7,-5,4,1,3,0,0,1,1,26,25649,519,5,3,10,16,3,164,165
Brent Seabrook,CHI,D,2016-11-25,false,ANA,2,11,8,2,2,3,0,0,0,0,37,30255,634,36,32,15,26,3,0,0
Jaden Schwartz,STL,L,2016-12-06,false,MTL,10,7,6,4,2,0,0,0,3,1,58,26014,609,23,17,24,5,19,27,27
Justin Schultz,PIT,D,2016-11-26,false,NJD,0,5,6,4,0,2,0,0,0,0,40,22339,511,19,18,14,11,6,0,0
Nick Schultz,PHI,D,2017-03-21,false,WPG,0,4,-1,8,0,0,0,0,0,0,22,20040,499,36,43,13,9,1,0,0
Jordan Schroeder,MIN,C,2017-02-10,false,TBL,3,5,5,0,0,0,0,0,0,0,22,12968,292,15,8,7,1,7,5,5
Nate Schmidt,WSH,D,2016-12-09,false,BUF,0,6,1,6,0,0,0,0,0,0,25,19958,431,19,11,14,20,14,0,0
Nick Schmaltz,CHI,C,2016-11-25,false,ANA,1,3,-2,2,0,1,0,0,0,0,13,15781,359,10,10,4,6,15,36,80
David Schlemko,SJS,D,2016-11-29,false,ARI,0,5,2,6,0,2,0,0,0,0,43,23125,507,14,28,17,15,16,0,0
Luke Schenn,ARI,D,2016-12-08,false,CGY,0,2,-2,9,0,0,0,0,0,0,22,20427,476,76,31,10,9,4,0,0
Brayden Schenn,PHI,C,2016-12-01,false,OTT,3,11,-6,15,3,6,0,0,1,0,48,23480,516,54,14,23,12,3,38,39
Mark Scheifele,WPG,C,2016-11-23,false,MIN,11,12,5,20,3,2,0,0,1,1,56,27417,538,27,12,14,11,18,186,246
Tim Schaller,BOS,C,2016-12-03,false,BUF,3,4,-3,15,0,0,0,0,1,0,33,16366,384,23,12,16,11,7,18,12
Colton Sceviour,FLA,C,2016-11-27,false,CAR,5,4,-4,10,1,2,2,0,1,0,43,19579,406,25,20,17,6,9,20,18
Marco Scandella,MIN,D,2016-12-23,false,NYR,1,2,-2,10,0,0,0,0,0,0,31,22112,500,15,26,9,9,8,0,0
Luca Sbisa,VAN,D,2016-11-26,false,COL,0,4,3,13,0,0,0,0,0,0,12,22173,490,38,33,8,14,5,0,0
David Savard,CBJ,D,2016-12-01,false,COL,1,4,10,12,0,0,0,0,0,0,30,28175,612,41,37,27,6,7,0,0
Steven Santini,NJD,D,2017-02-19,false,NYI,2,4,1,6,0,0,0,0,0,0,23,20904,486,45,23,11,6,1,0,0
Zach Sanford,WSH,L,2017-02-18,false,DET,2,1,0,4,0,0,0,0,1,0,21,13300,314,12,8,7,10,9,10,8
Brandon Saad,CBJ,L,2016-12-01,false,COL,7,12,9,4,0,0,0,0,1,0,52,22765,537,6,7,27,6,11,1,2
Bobby Ryan,OTT,R,2016-12-07,false,SJS,3,5,0,6,1,1,0,0,0,0,34,19598,418,25,12,12,10,4,1,1
Derek Ryan,CAR,C,2016-12-30,false,CHI,4,8,-4,6,2,4,1,0,2,0,23,17937,408,14,12,11,13,6,104,89
Bryan Rust,PIT,R,2016-12-03,false,DET,3,4,-5,2,0,0,0,0,0,0,40,16655,421,39,13,13,7,5,1,2
Kris Russell,EDM,D,2016-12-08,false,PHI,0,5,6,6,0,0,0,0,0,0,26,28060,599,22,64,10,18,11,0,0
Chad Ruhwedel,PIT,D,2017-03-11,false,VAN,2,5,6,4,0,1,0,0,0,0,32,21448,493,19,17,12,5,5,0,0
Michal Rozsival,CHI,D,2017-04-06,false,ANA,1,2,-3,14,0,0,0,0,1,0,16,20454,464,47,25,6,10,5,0,0
Carter Rowney,PIT,R,2017-03-31,false,NYR,1,2,0,4,0,0,0,0,1,0,18,13457,338,45,11,7,3,8,68,67
Antoine Roussel,DAL,L,2016-11-25,false,VAN,4,9,2,61,0,3,0,0,2,0,26,20364,529,30,13,17,17,5,1,3
Evan Rodrigues,BUF,L,2017-03-21,false,PIT,3,2,-1,2,0,0,0,0,0,0,40,16872,368,10,7,17,6,9,69,94
Brett Ritchie,DAL,R,2016-11-25,false,VAN,6,2,-1,13,1,0,0,0,0,0,45,16120,391,38,6,13,4,1,1,0
Nick Ritchie,ANA,L,2016-12-01,false,VAN,5,2,1,12,1,0,0,0,1,0,45,18556,451,73,8,19,2,3,2,1
Rasmus Ristolainen,BUF,D,2016-11-29,false,OTT,0,11,-5,12,0,9,0,0,0,0,52,34718,687,52,41,25,15,9,0,0
Morgan Rielly,TOR,D,2016-11-29,false,EDM,1,11,-4,7,1,1,0,0,0,0,45,30353,700,10,43,23,29,10,0,0
Tobias Rieder,ARI,R,2016-12-05,false,CBJ,7,4,2,2,1,0,0,1,0,0,47,22119,503,8,12,17,7,8,0,2
Mike Ribeiro,NSH,C,2016-11-29,false,COL,3,10,0,12,2,2,0,0,0,0,19,20995,444,13,3,6,13,6,95,110
Sam Reinhart,BUF,C,2016-11-29,false,OTT,5,7,-1,4,2,4,0,0,1,0,56,22763,462,5,8,13,12,7,46,68
Ryan Reaves,STL,R,2016-12-01,false,TBL,0,2,0,9,0,0,0,0,0,0,15,9905,263,52,5,9,2,5,0,0
Matt Read,PHI,R,2016-11-25,false,NYR,6,3,-2,2,2,0,0,0,0,0,34,19695,468,42,13,9,6,8,1,5
Dennis Rasmussen,CHI,C,2016-12-01,false,NJD,1,2,2,2,0,0,0,0,0,0,23,15939,421,22,19,6,7,9,50,64
Victor Rask,CAR,C,2016-11-29,false,NYR,8,9,4,4,3,1,0,0,2,0,50,25279,532,8,7,9,9,14,131,144
Mikko Rantanen,COL,R,2016-12-11,false,TOR,4,8,-8,6,2,3,0,0,0,0,35,23673,501,4,12,15,7,12,18,8
Rickard Rakell,ANA,C,2016-12-19,false,TOR,14,7,0,6,3,3,0,0,3,0,64,22876,509,29,10,18,8,4,11,11
Michael Raffl,PHI,L,2016-12-11,false,DET,6,2,7,11,0,0,0,0,2,0,27,17829,437,35,8,18,5,8,2,2
Alexander Radulov,MTL,R,2016-12-02,false,SJS,4,14,5,18,1,4,0,0,0,0,42,21214,478,24,10,19,20,16,2,1
Alan Quine,NYI,C,2016-12-20,false,BOS,2,3,-2,2,1,0,0,0,1,0,29,15299,361,35,14,5,6,5,82,73
Kyle Quincey,NJD,D,2016-11-29,false,WPG,2,4,8,12,0,0,0,0,0,0,29,22700,527,32,34,3,12,7,0,0
Mark Pysyk,FLA,D,2016-11-27,false,CAR,1,2,3,4,0,0,0,0,0,0,21,23276,449,17,30,11,4,10,0,1
Tom Pyatt,OTT,L,2016-11-27,false,NYR,2,4,1,4,0,0,0,1,0,0,30,21193,507,12,28,9,6,9,8,11
Jesse Puljujarvi,EDM,R,2016-12-08,false,PHI,1,7,5,8,1,0,0,0,0,0,39,15776,364,8,10,15,10,9,0,1
Matt Puempel,NYR,L,2016-12-20,false,PIT,2,0,-5,9,0,0,0,0,0,0,20,11841,294,20,6,11,1,5,0,1
Ivan Provorov,PHI,D,2016-11-25,false,NYR,1,8,-9,8,0,2,0,0,0,0,38,26640,601,32,39,22,22,6,0,0
Dalton Prout,NJD,D,2017-03-19,false,CBJ,0,4,-2,22,0,0,0,0,0,0,11,18395,439,31,20,6,8,2,0,0
Nate Prosser,MIN,D,2017-01-31,false,EDM,0,3,-1,4,0,0,0,0,0,0,12,17329,403,18,39,11,8,2,0,0
Shane Prince,NYI,L,2016-12-15,false,CHI,4,5,-6,4,1,0,0,0,1,0,38,16891,376,22,5,4,8,10,3,2
Benoit Pouliot,EDM,L,2016-12-01,false,WPG,4,1,-1,22,0,0,0,0,1,0,30,20358,489,11,15,16,9,4,3,7
Paul Postma,WPG,D,2016-12-04,false,CHI,0,4,-1,2,0,0,0,0,0,0,18,16079,360,14,15,5,8,1,0,0
Jason Pominville,MIN,R,2016-11-29,false,VAN,5,5,2,0,0,2,0,0,0,0,46,19127,460,14,14,15,3,7,11,10
Roman Polak,TOR,D,2016-12-11,false,COL,1,1,0,22,0,0,0,0,0,0,16,22826,527,78,34,13,9,6,0,1
Brayden Point,TBL,C,2016-11-25,false,CBJ,2,7,-1,6,2,2,0,0,0,0,40,19380,393,8,8,14,5,7,4,3
Tomas Plekanec,MTL,C,2016-11-26,false,DET,1,6,0,8,0,3,1,0,1,0,44,22748,557,22,20,9,5,8,206,203
Brandon Pirri,NYR,R,2016-11-25,false,PHI,5,5,0,11,3,1,0,0,3,0,31,16560,375,15,7,19,9,6,70,49
Alex Pietrangelo,STL,D,2016-11-26,false,MIN,4,7,-8,12,2,3,0,0,1,0,57,33512,676,14,43,18,6,18,0,0
Dion Phaneuf,OTT,D,2016-11-27,false,NYR,2,4,-6,29,0,1,0,0,0,0,52,29840,706,37,48,15,14,3,0,0
Jeff Petry,MTL,D,2016-11-29,false,ANA,3,6,5,10,1,2,0,0,0,0,38,28913,610,48,47,16,24,4,0,0
Alex Petrovic,FLA,D,2017-02-15,false,SJS,1,8,9,25,0,0,0,0,0,0,21,23017,437,46,23,14,12,9,0,0
Nic Petan,WPG,L,2017-01-09,false,CGY,1,8,-3,6,0,5,0,0,0,0,26,17689,402,6,5,13,5,9,71,86
Brett Pesce,CAR,D,2016-11-29,false,NYR,0,4,2,4,0,1,0,0,0,0,24,26440,551,15,39,15,12,14,0,0
Corey Perry,ANA,R,2016-11-26,false,SJS,4,14,-3,16,0,8,0,0,0,0,68,25207,533,20,7,26,3,7,0,4
David Perron,STL,L,2016-11-26,false,MIN,6,9,-5,14,2,3,0,0,2,0,45,23840,579,20,7,21,4,12,12,18
Mathieu Perreault,WPG,C,2016-12-22,false,VAN,2,5,-8,16,0,1,0,0,0,0,45,21312,451,34,5,10,6,15,95,88
Brendan Perlini,ARI,L,2017-01-23,false,FLA,7,2,-4,6,1,1,0,0,1,0,37,19345,401,18,10,14,3,2,1,0
Adam Pelech,NYI,D,2017-02-06,false,TOR,1,5,-1,2,0,0,0,0,0,0,21,21332,430,31,23,11,20,8,0,0
Tanner Pearson,LAK,L,2016-12-01,false,ARI,7,4,7,0,1,1,0,0,0,0,38,20859,479,41,3,28,6,8,0,4
Joe Pavelski,SJS,C,2016-11-26,false,ANA,7,13,4,12,2,5,0,0,2,0,72,25758,550,40,26,34,24,13,131,117
Greg Pateryn,MTL,D,2017-02-11,false,STL,1,5,1,4,0,0,0,0,0,0,26,18928,412,35,40,14,13,4,0,0
David Pastrnak,BOS,R,2016-12-07,false,WSH,16,6,15,4,4,1,0,0,3,1,74,22535,470,14,9,24,14,13,0,1
Zach Parise,MIN,L,2016-12-15,false,NSH,5,7,0,14,1,1,0,0,0,0,67,24384,532,18,28,17,5,18,2,1
PA Parenteau,NJD,R,2016-11-29,false,WPG,5,3,-5,14,1,0,0,0,0,0,42,20884,453,20,1,7,11,8,1,5
Colton Parayko,STL,D,2016-11-26,false,MIN,0,11,0,10,0,3,0,0,0,0,60,27714,654,15,38,20,13,10,0,0
Cedric Paquette,TBL,C,2016-11-27,false,BOS,1,4,-1,16,0,0,0,0,0,0,21,13259,322,50,9,9,3,10,61,69
Richard Panik,CHI,R,2016-11-25,false,ANA,6,4,2,4,2,1,0,0,1,0,31,18639,423,48,10,10,9,13,0,2
Artemi Panarin,CHI,L,2016-11-25,false,ANA,8,12,10,13,2,3,0,0,1,1,58,25763,511,7,3,25,12,15,1,0
Kyle Palmieri,NJD,R,2016-12-03,false,NSH,3,8,5,10,1,3,0,0,1,0,45,21541,473,43,11,22,12,7,3,6
Ondrej Palat,TBL,L,2016-11-25,false,CBJ,4,8,-4,15,0,4,0,0,0,0,34,23178,474,41,11,15,12,25,1,4
Jean-Gabriel Pageau,OTT,C,2016-11-27,false,NYR,3,3,3,4,0,0,0,0,1,0,40,21599,498,54,17,10,8,5,122,98
Max Pacioretty,MTL,L,2016-11-26,false,DET,5,9,6,14,1,1,0,1,3,0,59,23543,531,23,9,37,15,17,0,0
Magnus Paajarvi,STL,L,2017-03-21,false,COL,6,3,4,4,1,0,0,0,3,0,35,15840,395,23,13,8,0,7,1,2
Alex Ovechkin,WSH,L,2016-12-01,false,NYI,12,6,-1,16,4,2,0,0,4,1,90,24625,465,57,8,44,14,12,0,1
Xavier Ouellet,DET,D,2017-01-01,false,TOR,1,4,4,32,0,0,0,0,0,0,28,23636,511,23,30,12,7,5,0,1
Steve Ott,DET,C,2016-12-04,false,NYI,2,1,-2,35,0,0,0,0,0,0,21,13385,335,44,8,3,1,5,50,37
T.J. Oshie,WSH,R,2016-12-16,false,CAR,10,5,13,10,2,2,1,1,1,0,48,23145,476,26,15,20,12,13,25,28
Brooks Orpik,WSH,D,2016-12-01,false,NYI,0,5,7,6,0,0,0,0,0,0,21,22381,463,48,35,9,15,5,0,0
Dmitry Orlov,WSH,D,2016-12-01,false,NYI,1,6,4,12,0,1,0,0,0,0,35,25032,500,36,26,15,20,9,0,0
Jamie Oleksiak,DAL,D,2017-02-12,false,NSH,5,1,1,23,0,0,0,1,1,0,21,20460,473,31,28,7,8,3,0,0
Kyle Okposo,BUF,R,2016-12-01,false,NYR,7,9,0,6,3,8,0,0,0,0,65,25551,496,19,6,19,16,8,38,35
Johnny Oduya,DAL,D,2016-12-15,false,NYR,1,5,3,6,0,0,0,0,0,0,16,24785,568,10,52,13,12,6,0,0
Ryan O'Reilly,BUF,C,2016-12-13,false,LAK,7,10,-1,6,3,6,0,0,2,0,75,28841,564,3,8,20,10,20,305,216
Gustav Nyquist,DET,R,2016-11-26,false,MTL,4,10,3,4,0,2,0,0,2,0,44,22472,473,14,4,13,5,12,1,0
William Nylander,TOR,C,2016-11-30,false,CGY,6,10,-3,6,4,5,0,0,0,0,54,21307,466,5,8,25,7,14,36,44
Markus Nutivaara,CBJ,D,2016-12-01,false,COL,1,2,4,2,0,0,0,0,0,0,21,16750,390,12,12,9,5,2,0,0
Darnell Nurse,EDM,D,2016-11-25,false,ARI,3,2,-4,17,0,0,0,0,0,0,38,23387,505,54,21,13,15,7,0,0
Ryan Nugent-Hopkins,EDM,C,2016-11-25,false,ARI,3,7,-1,4,2,0,0,0,1,0,65,23409,533,13,4,17,2,10,155,181
Joakim Nordstrom,CAR,L,2016-11-29,false,NYR,1,3,-3,6,0,0,0,0,1,0,33,17726,449,30,18,10,5,8,3,5
Jordan Nolan,LAK,C,2016-12-20,false,CBJ,2,2,-3,38,0,0,0,0,0,0,17,13633,309,29,2,12,3,2,1,1
Stefan Noesen,NJD,R,2017-02-19,false,NYI,4,2,2,4,0,0,0,0,0,0,30,12290,307,25,4,8,5,5,21,36
Matt Niskanen,WSH,D,2016-12-01,false,NYI,0,9,2,6,0,1,0,1,0,0,44,29703,586,30,30,22,26,11,0,0
Matt Nieto,COL,L,2017-01-21,false,SJS,1,3,-4,6,0,0,0,0,0,0,34,17712,442,27,13,9,8,10,0,3
Frans Nielsen,DET,C,2016-11-26,false,MTL,5,7,-7,0,0,5,2,0,0,0,44,22978,546,20,17,10,5,6,163,158
Nino Niederreiter,MIN,R,2016-11-29,false,VAN,7,7,9,4,3,0,0,0,0,0,41,18987,440,33,4,10,7,8,0,1
Nikita Nesterov,TBL,D,2016-12-17,false,EDM,2,4,4,18,1,0,0,0,0,0,25,22066,438,33,14,8,10,4,0,0
Patrik Nemeth,DAL,D,2017-02-04,false,CHI,0,2,-4,8,0,0,0,0,0,0,26,20408,456,24,24,7,7,7,0,0
Brock Nelson,NYI,C,2016-11-30,false,PIT,5,9,1,8,1,2,0,1,0,0,44,20942,502,20,19,14,10,11,114,141
Chris Neil,OTT,R,2016-11-29,false,BUF,1,1,-5,29,0,0,0,0,0,0,22,10999,278,50,10,3,5,4,0,0
James Neal,NSH,L,2016-12-08,false,DAL,11,5,0,15,2,2,0,0,1,0,74,25011,508,27,9,16,12,13,1,1
Rick Nash,NYR,R,2016-11-25,false,PHI,9,5,0,10,3,1,0,0,1,0,65,21319,524,13,17,14,16,17,0,0
Riley Nash,BOS,C,2016-11-27,false,TBL,1,3,0,6,0,0,0,1,0,0,31,18600,429,10,8,13,4,10,97,95
Vladislav Namestnikov,TBL,C,2016-11-25,false,CBJ,3,7,3,10,2,3,0,0,0,0,32,19490,390,8,7,11,7,5,46,60
Jake Muzzin,LAK,D,2016-11-26,false,CHI,3,3,-1,14,1,0,0,0,0,0,53,30075,689,49,36,19,15,4,0,0
Ryan Murray,CBJ,D,2016-12-13,false,EDM,0,3,5,12,0,0,0,1,0,0,16,24401,554,6,35,7,5,4,0,0
Ryan Murphy,CAR,D,2017-03-18,false,NSH,0,2,-10,8,0,0,0,0,0,0,11,17609,381,2,27,7,8,9,0,0
Connor Murphy,ARI,D,2016-12-03,false,CBJ,0,4,-7,14,0,0,0,0,0,0,24,29003,642,52,36,7,9,5,0,0
Matt Moulson,BUF,L,2016-11-29,false,OTT,7,2,-3,2,6,2,0,0,1,0,48,19042,383,11,8,18,4,5,0,0
Tyler Motte,CHI,L,2016-12-04,false,WPG,3,3,3,14,0,0,0,0,0,0,31,15765,415,21,18,10,2,10,4,4
Josh Morrissey,WPG,D,2016-11-23,false,MIN,1,3,0,12,0,0,0,0,1,0,26,24077,515,32,37,9,7,2,0,0
Dominic Moore,BOS,C,2016-11-27,false,TBL,6,3,2,12,0,0,2,0,1,0,26,17452,409,8,14,6,7,5,109,90
John Moore,NJD,D,2016-11-29,false,WPG,4,6,4,10,0,1,0,0,0,0,36,26106,587,20,20,15,22,0,0,0
Brandon Montour,ANA,D,2017-03-28,false,VAN,2,3,9,10,0,1,0,0,0,0,43,22303,427,17,19,18,15,2,0,0
Sean Monahan,CGY,C,2016-11-23,false,CBJ,5,3,-10,8,1,0,0,0,1,1,41,24067,523,11,7,18,14,12,203,187
Torrey Mitchell,MTL,C,2016-11-26,false,DET,5,2,6,8,0,0,0,0,1,0,12,17076,449,10,18,9,10,13,127,111
John Mitchell,COL,C,2016-12-11,false,TOR,1,0,-3,12,0,0,0,0,1,0,24,17507,401,29,20,10,3,9,120,94
Drew Miller,DET,L,2016-12-20,false,TBL,2,0,-8,10,0,0,0,0,1,0,16,13016,324,33,18,3,1,5,1,0
Kevan Miller,BOS,D,2017-01-07,false,FLA,0,2,-6,15,0,0,0,0,0,0,23,22786,497,45,30,5,7,4,0,0
J.T. Miller,NYR,L,2016-11-25,false,PHI,8,11,13,8,1,1,1,0,2,0,49,20447,490,37,17,16,14,15,26,40
Colin Miller,BOS,D,2016-12-08,false,COL,2,2,-5,8,1,0,0,0,0,0,34,21352,482,23,12,21,10,5,0,0
Marc Methot,OTT,D,2016-11-27,false,NYR,0,3,7,4,0,0,0,0,0,0,34,26985,650,45,29,3,16,4,0,0
Jon Merrill,NJD,D,2017-01-15,false,VAN,1,3,-2,14,0,0,0,0,0,0,17,23849,529,19,31,8,9,6,0,0
Timo Meier,SJS,R,2017-02-07,false,BUF,2,2,-1,4,0,0,0,0,1,0,59,17254,423,52,4,23,17,17,1,3
Jayson Megna,VAN,C,2017-01-02,false,COL,3,0,-1,4,0,0,0,0,0,0,22,14128,326,25,8,5,2,4,0,1
Adam McQuaid,BOS,D,2016-12-07,false,WSH,0,0,0,13,0,0,0,0,0,0,26,23771,561,47,38,11,11,2,0,0
Brayden McNabb,LAK,D,2017-02-01,false,COL,2,1,2,23,0,0,0,0,0,0,20,21498,500,50,24,15,22,6,0,0
Cody McLeod,COL,L,2016-12-22,false,TOR,0,0,-3,45,0,0,0,0,0,0,10,7952,199,40,0,5,0,2,0,0
Curtis McKenzie,DAL,L,2016-12-17,false,PHI,3,4,5,30,0,0,0,0,1,0,31,13331,341,38,15,9,2,0,2,2
Greg McKegg,FLA,C,2017-01-06,false,NSH,2,2,-2,6,0,0,0,0,0,0,20,14300,339,25,9,4,5,3,22,20
Jamie McGinn,ARI,L,2016-12-10,false,NSH,4,3,-4,12,0,0,0,0,2,0,43,17849,414,43,9,7,9,0,0,1
Brock McGinn,CAR,L,2017-01-05,false,STL,1,4,-1,2,0,0,0,1,0,0,27,15440,381,30,13,10,5,9,1,3
Ryan McDonagh,NYR,D,2016-11-25,false,PHI,0,13,11,9,0,3,0,0,0,0,36,31411,636,22,38,12,17,11,0,0
Connor McDavid,EDM,C,2016-11-25,false,ARI,10,18,6,8,0,7,0,0,3,0,62,27855,560,4,8,20,13,15,128,171
Jay McClement,CAR,C,2016-11-29,false,NYR,0,1,-5,8,0,0,0,0,0,0,16,14418,377,21,13,10,3,7,87,85
Michael McCarron,MTL,R,2017-02-28,false,CBJ,1,4,0,30,0,0,0,0,0,0,26,12606,318,52,7,9,4,5,61,78
Jared McCann,FLA,C,2017-01-13,false,NYI,1,3,-1,2,0,0,0,0,0,0,32,14585,329,20,6,11,7,6,32,43
Jake McCabe,BUF,D,2016-11-29,false,OTT,0,3,-3,12,0,0,0,0,0,0,16,27265,597,22,24,16,10,3,0,0
Scott Mayfield,NYI,D,2017-04-04,false,NSH,1,6,-2,33,0,0,0,0,0,0,33,18367,376,35,32,14,10,8,0,0
Shawn Matthias,WPG,L,2017-01-16,false,SJS,6,1,2,6,0,0,1,0,1,0,34,17460,428,20,9,10,6,4,3,6
Auston Matthews,TOR,C,2016-11-29,false,EDM,10,8,-1,2,1,5,0,0,1,0,79,22861,480,3,14,31,13,20,107,118
Michael Matheson,FLA,D,2016-11-29,false,CHI,2,5,0,6,0,1,0,0,0,0,46,25866,465,20,26,16,14,17,1,0
Andreas Martinsen,COL,L,2016-12-01,false,CBJ,1,2,-3,18,0,0,0,1,0,0,28,15123,397,70,12,11,3,13,1,0
Jordan Martinook,ARI,L,2016-12-01,false,LAK,5,6,5,10,1,0,0,1,0,0,33,21152,516,19,18,17,6,10,126,152
Alec Martinez,LAK,D,2016-11-26,false,CHI,5,9,0,6,0,3,0,0,2,2,49,30182,694,45,40,28,13,0,0,1
Paul Martin,SJS,D,2016-11-26,false,ANA,0,7,1,6,0,0,0,0,0,0,16,24421,532,11,33,3,14,3,0,0
Matt Martin,TOR,L,2016-11-29,false,EDM,2,2,2,46,0,0,0,0,0,0,21,12898,322,92,5,7,2,6,0,5
Patrick Maroon,EDM,L,2016-11-25,false,ARI,6,4,5,21,0,1,0,0,0,0,51,20922,461,44,3,15,8,4,2,4
Mitchell Marner,TOR,C,2016-11-29,false,EDM,7,12,-3,16,1,3,0,0,3,0,57,22081,479,12,17,26,17,23,6,7
Patrick Marleau,SJS,L,2016-11-26,false,ANA,6,2,-2,4,1,2,0,0,2,0,54,22051,470,25,6,19,7,12,14,20
Andrei Markov,MTL,D,2016-11-26,false,DET,2,15,5,6,0,7,0,1,0,0,32,29154,607,15,19,15,21,10,0,0
Martin Marincin,TOR,D,2017-02-02,false,STL,1,6,2,8,0,0,0,1,0,0,21,24566,562,22,26,17,14,5,0,0
Jonathan Marchessault,FLA,C,2016-11-27,false,CAR,10,7,2,10,3,3,0,0,2,0,59,23836,444,31,6,19,14,17,50,41
Alexey Marchenko,DET,D,2016-12-13,false,ARI,0,5,-1,12,0,0,0,1,0,0,19,23287,542,2,30,13,12,2,0,0
Brad Marchand,BOS,L,2016-11-27,false,TBL,6,13,8,22,1,3,0,0,3,0,54,24209,515,15,7,20,15,16,9,7
Anthony Mantha,DET,R,2017-01-01,false,TOR,9,7,10,12,1,1,0,0,2,1,54,22313,484,14,16,17,12,8,2,2
Josh Manson,ANA,D,2016-11-26,false,SJS,0,5,0,38,0,0,0,0,0,0,21,24902,525,59,20,7,19,4,0,0
Brandon Manning,PHI,D,2016-12-03,false,CHI,3,6,2,18,0,0,1,0,1,0,34,24534,569,51,24,9,17,1,0,0
Evgeni Malkin,PIT,C,2016-11-26,false,NJD,8,13,3,36,1,6,0,0,1,0,62,24949,529,12,11,20,20,13,150,184
Denis Malgin,FLA,C,2016-11-27,false,CAR,4,4,2,6,1,0,0,0,1,1,31,15665,346,12,6,10,3,8,43,75
Nathan MacKinnon,COL,C,2016-12-01,false,CBJ,5,10,-3,0,0,4,1,0,1,0,82,26688,579,15,7,29,9,13,218,191
Derek MacKenzie,FLA,C,2016-11-27,false,CAR,2,3,5,9,0,0,0,1,0,0,26,16623,380,52,12,10,4,8,114,105
Andrew MacDonald,PHI,D,2016-12-10,false,DAL,1,8,1,6,0,0,0,0,0,0,13,25391,581,14,48,11,18,2,0,0
Olli Maatta,PIT,D,2016-11-26,false,NJD,0,1,6,6,0,0,0,0,0,0,26,24061,567,21,38,13,17,4,0,0
Roman Lyubimov,PHI,L,2016-12-14,false,COL,3,1,1,2,0,0,0,0,0,0,24,13522,349,20,8,14,3,6,0,4
Milan Lucic,EDM,L,2016-11-25,false,ARI,6,9,-1,9,2,4,0,0,1,0,50,23816,498,55,7,20,15,7,3,1
Adam Lowry,WPG,C,2016-11-23,false,MIN,5,2,-3,17,1,2,0,0,0,0,31,21003,513,53,12,10,7,8,165,187
Ben Lovejoy,NJD,D,2016-11-29,false,WPG,0,2,-6,8,0,0,0,0,0,0,24,26466,563,30,42,12,7,6,0,0
Bryan Little,WPG,C,2017-01-13,false,ARI,7,10,2,6,2,1,0,0,1,1,51,22728,554,8,6,20,6,11,240,180
Hampus Lindholm,ANA,D,2016-12-22,false,OTT,1,3,2,6,0,2,0,0,1,0,30,29103,592,35,31,19,20,7,0,0
Elias Lindholm,CAR,C,2016-11-29,false,NYR,2,5,-6,2,0,2,0,2,0,0,44,24475,530,27,23,21,11,17,129,119
Esa Lindell,DAL,D,2016-12-13,false,ANA,2,2,-2,6,0,1,0,0,1,0,23,25923,572,30,36,11,7,8,0,1
Oscar Lindberg,NYR,C,2016-12-27,false,OTT,0,3,-2,14,0,1,0,0,0,0,34,15167,370,34,15,10,4,4,102,90
John-Michael Liles,BOS,D,2016-11-27,false,TBL,0,5,-2,4,0,3,0,0,0,0,19,21453,481,14,28,9,4,8,1,0
Trevor Lewis,LAK,C,2016-11-26,false,CHI,2,4,-2,4,0,0,0,0,0,0,34,17625,406,45,8,12,5,4,22,37
Mark Letestu,EDM,C,2016-12-01,false,WPG,4,5,-2,0,2,0,2,0,2,0,19,17035,449,20,12,7,8,4,127,116
Kris Letang,PIT,D,2016-12-08,false,FLA,2,13,-2,18,1,5,0,0,1,1,71,34181,664,44,42,25,29,18,0,0
Jori Lehtera,STL,C,2016-12-08,false,NYI,3,4,1,12,0,1,0,0,1,0,26,20475,531,18,11,0,5,6,152,129
Artturi Lehkonen,MTL,L,2016-12-17,false,WSH,6,1,3,6,1,0,0,0,1,0,47,18241,453,20,8,15,7,9,0,0
Anders Lee,NYI,L,2016-11-30,false,PIT,5,1,1,12,1,0,0,0,1,0,36,17084,405,57,12,13,4,8,1,4
Nick Leddy,NYI,D,2016-12-01,false,WSH,4,6,-9,6,1,2,0,0,0,0,46,30341,526,23,37,20,7,8,0,0
Curtis Lazar,OTT,C,2017-01-17,false,STL,0,0,-6,4,0,0,0,0,0,0,20,11752,296,43,8,5,4,4,21,29
Adam Larsson,EDM,D,2016-11-25,false,ARI,2,3,-1,12,0,0,0,0,0,0,26,27053,582,71,34,11,19,5,0,0
Philip Larsen,VAN,D,2017-02-28,false,DET,1,5,-6,4,0,2,0,0,0,0,30,22626,478,8,17,15,12,3,0,0
Dylan Larkin,DET,C,2016-11-26,false,MTL,6,1,-6,17,1,0,0,0,1,0,66,22256,468,11,6,16,18,25,44,61
Nick Lappin,NJD,R,2016-12-11,false,NYR,4,3,-2,11,0,0,0,0,0,0,30,16336,374,22,4,10,2,10,2,4
Gabriel Landeskog,COL,L,2016-12-22,false,TOR,4,5,-8,26,2,0,0,0,2,1,42,24175,523,54,10,12,9,25,14,19
Anton Lander,EDM,C,2017-02-11,false,CHI,1,3,2,6,0,0,0,0,0,0,12,12902,351,28,7,5,4,8,79,62
Patrik Laine,WPG,R,2016-11-23,false,MIN,12,6,-2,8,5,2,0,0,2,1,58,24622,491,22,11,19,26,9,0,2
Andrew Ladd,NYI,L,2016-11-30,false,PIT,2,2,-4,14,0,0,0,0,0,0,36,21948,459,24,12,16,13,13,1,2
Kevin Labanc,SJS,R,2016-12-27,false,ANA,6,2,4,10,0,0,0,0,2,1,31,17231,405,8,3,13,10,7,0,1
Paul LaDue,LAK,D,2017-04-08,false,CHI,0,8,-5,4,0,4,0,0,0,0,27,20335,472,17,13,7,12,3,0,0
Evgeny Kuznetsov,WSH,C,2016-12-01,false,NYI,3,6,5,10,0,1,0,0,0,0,34,22746,470,12,5,15,16,9,133,188
Chris Kunitz,PIT,L,2016-12-10,false,TBL,2,10,4,18,0,2,0,0,2,0,40,20784,483,69,6,15,11,8,3,4
Dmitry Kulikov,BUF,D,2017-01-26,false,DAL,0,1,-9,16,0,0,0,0,0,0,20,29764,644,29,34,16,11,6,0,0
Nikolay Kulemin,NYI,L,2016-12-04,false,DET,2,3,1,6,0,0,0,0,0,0,18,18146,462,24,17,15,8,7,5,2
Tom Kuhnhackl,PIT,R,2016-12-14,false,BOS,2,3,5,6,0,0,0,0,0,0,15,12922,340,30,15,7,2,3,0,1
Nikita Kucherov,TBL,R,2016-11-27,false,BOS,11,15,12,15,2,5,0,0,3,0,59,24448,482,5,11,33,17,21,0,0
Marcus Kruger,CHI,C,2016-11-25,false,ANA,1,4,6,18,0,0,0,0,0,0,20,17441,467,9,14,11,3,10,119,127
Torey Krug,BOS,D,2016-11-27,false,TBL,1,7,-7,15,0,4,0,0,0,0,66,28389,596,22,18,22,14,4,0,0
Niklas Kronwall,DET,D,2016-12-27,false,BUF,0,2,-1,10,0,1,0,0,0,0,22,25049,570,32,34,9,6,2,0,0
David Krejci,BOS,C,2016-11-27,false,TBL,2,11,-5,12,1,4,0,0,1,0,44,23611,469,21,20,16,16,13,145,149
Chris Kreider,NYR,L,2016-12-08,false,WPG,7,11,1,13,2,3,0,0,1,0,59,22243,476,46,14,26,12,8,2,2
Lauri Korpikoski,DAL,L,2016-11-25,false,VAN,4,4,1,4,0,0,0,1,0,0,36,18844,487,13,12,9,7,7,0,3
Anze Kopitar,LAK,C,2016-12-10,false,OTT,2,12,4,4,0,4,0,1,0,0,47,28244,553,33,15,25,10,10,283,239
Travis Konecny,PHI,C,2016-11-25,false,NYR,4,8,-5,29,2,1,0,0,0,0,49,20017,456,37,7,22,6,10,0,0
Leo Komarov,TOR,C,2016-11-29,false,EDM,3,7,3,11,0,2,1,0,0,0,26,22855,555,74,14,9,3,7,25,28
Mikko Koivu,MIN,C,2016-11-29,false,VAN,4,7,4,6,0,3,0,1,1,0,35,26510,588,6,25,15,10,12,287,240
Slater Koekkoek,TBL,D,2016-12-22,false,STL,0,4,0,8,0,0,0,0,0,0,23,17192,399,22,19,11,4,1,0,0
John Klingberg,DAL,D,2016-11-28,false,STL,2,9,-8,12,0,5,0,0,0,0,26,29925,628,12,30,16,24,6,0,0
Kevin Klein,NYR,D,2016-12-03,false,CAR,0,7,4,0,0,1,0,1,0,0,20,23616,526,41,57,5,13,9,0,0
Oscar Klefbom,EDM,D,2016-11-25,false,ARI,3,5,0,0,0,2,0,0,2,0,56,29404,586,16,36,23,16,4,0,0
Dwight King,LAK,L,2016-11-26,false,CHI,4,4,7,6,0,0,0,0,1,0,32,20341,437,34,7,13,7,5,3,4
Jakub Kindl,FLA,D,2017-01-09,false,NJD,0,2,-9,16,0,0,0,0,0,0,24,19466,412,33,23,11,12,4,0,0
Alex Killorn,TBL,L,2016-11-25,false,CBJ,8,4,0,16,2,3,0,0,2,0,52,22864,457,35,9,11,11,4,1,5
Phil Kessel,PIT,R,2016-11-26,false,NJD,6,15,-3,10,3,6,0,0,1,0,57,24250,524,6,5,21,12,3,0,4
Ryan Kesler,ANA,C,2016-11-26,false,SJS,8,8,9,22,5,3,0,0,2,0,53,28251,588,37,19,28,10,2,301,201
Tanner Kero,CHI,C,2017-02-11,false,EDM,4,4,9,2,0,0,0,0,0,0,21,17617,421,23,26,6,7,5,97,126
Michal Kempny,CHI,D,2016-12-04,false,WPG,0,2,0,14,0,0,0,0,0,0,27,20931,470,44,26,20,15,2,0,0
Adrian Kempe,LAK,L,2017-04-02,false,ARI,2,4,-3,6,0,2,0,1,1,0,31,16198,385,20,7,10,8,5,63,83
Chris Kelly,OTT,C,2016-11-27,false,NYR,1,2,-2,4,0,0,0,0,0,0,30,17345,433,21,16,10,8,7,89,106
Duncan Keith,CHI,D,2016-11-25,false,ANA,0,14,8,6,0,3,0,0,0,0,49,33996,640,7,22,13,17,6,0,0
Zack Kassian,EDM,R,2016-12-01,false,WPG,2,3,0,27,0,0,0,0,0,0,32,16073,394,47,6,9,6,6,1,0
Ondrej Kase,ANA,R,2016-12-30,false,VAN,2,5,-4,12,0,0,0,0,1,0,34,16143,417,17,8,14,14,8,1,3
Melker Karlsson,SJS,C,2016-12-13,false,TOR,2,4,7,6,0,0,0,0,0,0,17,15919,408,19,16,11,7,5,0,2
William Karlsson,CBJ,C,2016-12-01,false,COL,4,5,6,2,0,0,0,1,1,0,33,18939,463,9,4,13,8,11,109,153
Erik Karlsson,OTT,D,2016-11-27,false,NYR,4,13,6,10,1,3,0,1,1,0,51,35761,730,19,67,38,34,16,0,0
Evander Kane,BUF,L,2016-12-23,false,NYI,6,5,-7,20,1,3,0,0,0,0,64,24324,486,39,9,19,11,14,29,30
Patrick Kane,CHI,R,2016-11-25,false,ANA,7,15,2,12,2,4,0,0,2,0,73,29309,530,8,2,20,7,9,3,17
Sergey Kalinin,NJD,C,2016-12-15,false,STL,0,1,-9,11,0,0,0,0,0,0,21,16521,402,30,10,7,3,3,15,27
Nazem Kadri,TOR,C,2016-11-29,false,EDM,10,7,-1,53,3,2,0,0,2,1,60,20832,501,31,9,25,12,20,148,179
Tomas Jurco,CHI,L,2017-03-10,false,DET,0,0,-8,4,0,0,0,0,0,0,18,13617,335,13,5,15,4,2,0,1
Roman Josi,NSH,D,2016-11-29,false,COL,2,12,-3,4,1,6,0,0,0,0,64,32894,630,16,35,22,13,7,0,0
Jacob Josefson,NJD,C,2017-01-24,false,LAK,0,3,-1,10,0,1,0,0,0,0,26,16019,371,19,8,16,7,4,76,69
Josh Jooris,ARI,R,2017-01-13,false,WPG,1,2,2,10,0,0,0,0,0,0,23,14136,356,24,10,8,1,4,70,66
Seth Jones,CBJ,D,2016-12-16,false,CGY,4,7,6,4,0,0,0,0,1,1,45,30853,661,25,44,11,13,5,0,0
Jyrki Jokipakka,CGY,D,2016-12-16,false,CBJ,1,4,0,6,0,0,0,0,0,0,12,19988,480,12,18,6,11,3,0,0
Jussi Jokinen,FLA,L,2016-12-16,false,COL,2,3,-6,14,0,0,0,0,1,0,37,23764,504,6,9,13,17,7,14,12
Erik Johnson,COL,D,2016-12-01,false,CBJ,1,10,-2,4,0,5,0,0,0,0,46,29505,675,44,59,15,12,12,0,0
Tyler Johnson,TBL,C,2016-11-25,false,CBJ,7,7,-4,8,4,3,0,0,1,0,42,23920,492,23,12,12,8,9,199,165
Jack Johnson,CBJ,D,2016-12-01,false,COL,0,4,9,12,0,0,0,0,0,0,29,28829,614,33,37,13,8,3,0,0
Stephen Johns,DAL,D,2016-12-10,false,PHI,2,3,-1,17,0,0,0,0,1,0,27,24636,566,56,40,14,13,4,0,0
Marcus Johansson,WSH,L,2016-12-01,false,NYI,9,6,5,4,2,2,0,0,4,1,40,23172,447,10,0,11,15,13,6,9
Ryan Johansen,NSH,C,2016-11-29,false,COL,5,11,4,14,3,5,0,0,3,0,52,24379,516,22,6,22,10,11,179,179
Nick Jensen,DET,D,2017-02-11,false,CBJ,2,4,4,4,0,0,0,0,0,0,27,21155,487,22,22,10,12,3,0,0
Boone Jenner,CBJ,C,2016-12-01,false,COL,3,4,-5,12,0,1,0,0,1,0,49,19603,441,52,20,17,6,11,37,22
Dmitrij Jaskin,STL,R,2016-12-01,false,TBL,0,5,4,6,0,0,0,0,0,0,22,15178,361,40,5,11,5,4,3,4
Calle Jarnkrok,NSH,C,2016-11-29,false,COL,3,1,-1,4,0,0,0,0,0,0,23,18678,471,11,5,13,7,7,97,119
Jaromir Jagr,FLA,R,2016-11-27,false,CAR,3,8,2,12,1,2,0,0,0,0,51,21808,423,5,2,15,12,14,0,0
Matt Irwin,NSH,D,2016-12-13,false,STL,3,3,9,4,0,0,0,0,1,0,32,19885,458,47,34,18,13,5,0,0
Jarome Iginla,COL,R,2016-12-01,false,CBJ,3,2,1,31,1,1,0,0,0,0,47,20071,441,22,5,12,9,10,5,4
Zach Hyman,TOR,C,2016-11-29,false,EDM,3,4,-1,10,0,0,0,0,1,0,49,21626,504,34,15,16,5,17,7,12
Ben Hutton,VAN,D,2016-11-26,false,COL,2,3,-10,12,0,3,0,0,1,1,39,28149,575,17,36,16,17,11,0,0
Matt Hunwick,TOR,D,2016-12-17,false,PIT,0,7,5,8,0,0,0,0,0,0,23,23497,548,40,33,14,18,13,0,0
Jiri Hudler,DAL,R,2017-01-19,false,NYI,2,5,1,4,0,0,0,0,1,0,17,15920,394,8,2,8,5,8,3,2
Jonathan Huberdeau,FLA,L,2017-03-23,false,ARI,6,11,5,6,1,3,0,0,2,1,56,23613,501,18,3,17,18,10,2,4
Marian Hossa,CHI,R,2016-11-26,false,LAK,11,6,5,6,3,3,0,0,3,2,49,22777,527,6,13,24,3,13,4,6
Bo Horvat,VAN,C,2016-11-26,false,COL,7,8,-3,14,0,1,2,0,0,0,34,22481,530,29,8,28,4,9,183,179
Patric Hornqvist,PIT,R,2016-12-10,false,TBL,6,12,8,8,5,3,0,0,1,0,81,21493,504,62,25,18,3,9,1,4
Korbinian Holzer,ANA,D,2017-02-03,false,FLA,1,5,-1,10,0,0,0,0,0,0,11,18342,403,52,24,6,8,2,0,0
Peter Holland,ARI,C,2017-01-14,false,ANA,1,5,-6,10,0,0,0,0,0,0,39,17973,386,17,2,19,4,4,102,128
Nick Holden,NYR,D,2016-11-25,false,PHI,2,9,11,6,1,0,0,0,0,0,15,25965,581,44,26,11,15,9,0,0
Mike Hoffman,OTT,L,2016-12-01,false,PHI,8,9,-2,12,4,4,0,0,2,0,74,22686,456,14,10,24,12,13,4,2
Niklas Hjalmarsson,CHI,D,2016-11-26,false,LAK,2,3,4,2,0,0,0,0,0,0,16,28465,624,7,47,5,13,7,0,0
Vinnie Hinostroza,CHI,L,2016-12-13,false,NYR,1,3,-3,4,0,0,0,0,0,0,26,14786,325,13,10,12,7,11,47,74
Thomas Hickey,NYI,D,2016-11-30,false,PIT,2,4,-1,4,0,1,0,0,1,1,28,24870,497,32,45,13,12,2,0,0
Tomas Hertl,SJS,C,2017-02-07,false,BUF,5,6,-3,12,1,1,0,0,2,0,49,22102,506,42,7,17,8,13,93,73
Adam Henrique,NJD,C,2016-11-29,false,WPG,4,6,6,10,0,0,0,0,1,1,34,24370,520,29,20,15,12,8,165,178
Matt Hendricks,EDM,L,2017-01-25,false,ANA,2,2,-5,23,0,0,0,0,1,0,24,14768,366,38,24,5,4,2,63,49
Darren Helm,DET,C,2017-01-31,false,NJD,5,4,5,10,2,1,0,1,1,0,39,20362,494,32,9,9,11,13,132,116
Victor Hedman,TBL,D,2016-11-25,false,CBJ,4,12,4,14,2,4,0,0,2,0,40,32419,628,25,35,23,19,14,0,0
Kevin Hayes,NYR,C,2016-11-25,false,PHI,10,9,16,6,0,1,1,1,2,0,35,21454,502,13,18,12,23,16,128,144
Jimmy Hayes,BOS,R,2016-12-01,false,CAR,1,0,-9,16,0,0,0,0,0,0,36,13606,320,31,2,7,5,7,1,5
Erik Haula,MIN,L,2016-12-15,false,NSH,5,5,5,8,0,0,0,0,1,0,43,19511,464,11,11,10,7,10,136,123
Garnet Hathaway,CGY,R,2017-01-11,false,SJS,1,4,2,39,0,0,0,0,0,0,19,11952,303,46,14,6,3,7,10,8
Scott Hartnell,CBJ,L,2016-12-01,false,COL,5,9,8,4,1,0,0,0,0,0,32,16686,412,19,14,9,11,4,1,1
Ryan Hartman,CHI,L,2016-12-04,false,WPG,5,1,0,2,0,0,0,0,1,0,43,15013,341,31,11,9,7,6,4,6
Scott Harrington,CBJ,D,2017-04-09,false,TOR,1,2,3,10,0,0,0,0,0,0,16,17169,404,21,24,9,5,4,0,0
Martin Hanzal,ARI,C,2016-12-10,false,NSH,6,4,-10,18,2,2,0,0,1,1,53,24368,530,48,18,15,16,9,249,208
Jannik Hansen,VAN,R,2017-02-11,false,BOS,5,7,-1,27,0,0,0,0,1,0,44,21564,492,19,5,20,7,12,0,0
Noah Hanifin,CAR,D,2016-11-29,false,NYR,1,7,-7,14,1,3,0,0,0,0,39,22833,469,16,10,12,13,8,0,0
Travis Hamonic,NYI,D,2016-12-06,false,NYR,2,4,-13,42,0,1,0,0,0,0,29,27211,505,29,46,19,17,7,0,0
Dougie Hamilton,CGY,D,2016-11-23,false,CBJ,2,8,-2,22,0,1,0,0,1,0,58,24975,582,34,22,17,13,3,0,0
Freddie Hamilton,CGY,C,2017-02-18,false,VAN,1,0,-2,6,0,0,0,0,1,0,24,12597,302,38,1,8,1,3,63,46
Dan Hamhuis,DAL,D,2016-11-29,false,DET,0,5,-5,8,0,0,0,1,0,0,27,26741,594,28,38,11,10,4,0,0
Taylor Hall,NJD,L,2016-12-17,false,OTT,8,12,-5,8,4,3,0,0,2,1,76,27216,535,27,13,23,10,12,1,3
Micheal Haley,SJS,C,2016-12-27,false,ANA,0,3,0,42,0,0,0,0,0,0,13,10535,272,58,7,7,8,9,5,9
Ron Hainsey,CAR,D,2016-11-29,false,NYR,1,5,-2,10,0,0,1,0,0,0,26,28877,588,33,25,11,16,4,0,0
Carl Hagelin,PIT,L,2016-11-26,false,NJD,2,5,1,2,0,0,0,1,0,0,48,21744,520,21,10,17,12,6,0,1
Carl Gunnarsson,STL,D,2016-12-06,false,MTL,0,2,-3,4,0,0,0,0,0,0,12,18402,475,17,26,8,1,1,0,0
Jake Guentzel,PIT,C,2017-02-21,false,CAR,6,6,3,6,0,0,0,0,0,0,31,20148,441,44,8,10,4,7,8,8
Radko Gudas,PHI,D,2016-12-11,false,DET,1,7,2,27,0,1,0,0,0,0,37,26351,578,91,55,25,18,8,0,0
Eric Gryba,EDM,D,2017-01-08,false,OTT,1,2,-2,36,0,0,0,0,1,0,24,22217,482,84,20,10,8,3,0,0
Mikhail Grigorenko,COL,C,2016-12-03,false,DAL,3,5,-2,8,0,3,0,0,0,0,33,18203,410,8,7,6,5,12,43,45
Seth Griffith,FLA,C,2016-12-31,false,DAL,0,5,6,6,0,1,0,0,0,0,21,17254,395,29,5,19,6,4,2,4
Andy Greene,NJD,D,2016-11-29,false,WPG,2,3,-3,2,0,0,1,0,1,1,24,29299,619,22,48,18,15,7,0,0
Matt Greene,LAK,D,2016-12-23,false,DAL,1,1,3,19,0,0,0,0,0,0,13,17880,464,66,24,10,15,1,0,0
Mike Green,DET,D,2016-11-26,false,MTL,4,8,1,16,1,2,0,0,1,1,37,32184,630,18,28,18,18,9,0,0
Kevin Gravel,LAK,D,2016-12-28,false,VAN,0,2,6,4,0,1,0,0,0,0,20,18368,448,30,31,13,10,0,0,0
Tyler Graovac,MIN,C,2016-12-17,false,ARI,3,0,2,2,0,0,0,0,1,0,20,12728,316,24,4,15,1,7,77,79
Derek Grant,BUF,C,2016-11-29,false,OTT,0,2,-3,17,0,0,0,0,0,0,20,15028,378,15,16,11,5,5,119,102
Mikael Granlund,MIN,C,2016-11-29,false,VAN,5,9,5,2,1,4,1,0,2,0,38,25648,551,14,12,21,8,9,4,5
Markus Granlund,VAN,C,2016-11-26,false,COL,5,4,-9,6,1,1,0,0,1,1,37,22041,501,10,3,16,4,11,29,42
Michael Grabner,NYR,R,2016-11-25,false,PHI,12,4,20,2,0,0,0,1,1,0,49,17304,463,12,14,12,7,22,2,1
Shayne Gostisbehere,PHI,D,2016-11-27,false,CGY,4,7,-4,12,1,4,0,0,1,0,59,27592,565,8,29,38,20,6,0,0
Josh Gorges,BUF,D,2016-11-29,false,OTT,0,1,-3,23,0,0,0,0,0,0,9,25586,604,50,43,7,6,0,0,1
Cody Goloubef,COL,D,2017-02-09,false,PIT,0,3,-11,21,0,0,0,0,0,0,20,23855,549,15,27,5,5,5,0,0
Alex Goligoski,ARI,D,2016-12-01,false,LAK,0,9,-10,4,0,2,0,0,0,0,35,30787,619,25,37,10,11,1,0,0
Luke Glendening,DET,C,2016-11-26,false,MTL,1,6,1,10,0,1,0,0,0,0,29,17142,417,59,25,12,2,8,85,81
Claude Giroux,PHI,C,2016-11-25,false,NYR,4,14,-9,10,3,7,0,0,0,0,54,25354,558,17,4,21,4,7,262,220
Zemgus Girgensons,BUF,C,2016-11-29,false,OTT,1,3,-5,4,0,0,0,0,0,0,37,16323,384,28,9,12,1,2,85,80
Dan Girardi,NYR,D,2016-12-03,false,CAR,3,4,11,6,0,0,0,1,3,0,20,24604,560,44,60,8,17,2,0,0
Mark Giordano,CGY,D,2016-11-23,false,CBJ,1,6,3,20,0,2,0,1,0,0,50,32705,675,18,54,23,6,16,0,0
Brian Gionta,BUF,R,2016-11-29,false,OTT,4,4,-2,6,0,0,0,0,1,0,47,22926,477,18,10,16,7,6,7,8
Stephen Gionta,NYI,R,2017-04-02,false,BUF,1,5,7,2,0,0,0,0,0,0,13,14320,359,49,5,2,5,2,40,39
Ryan Getzlaf,ANA,C,2016-12-03,false,EDM,2,19,-1,12,1,7,0,0,1,0,44,26836,567,29,20,24,17,15,177,151
Eric Gelinas,COL,D,2017-01-21,false,SJS,0,1,-3,12,0,0,0,0,0,0,27,15450,370,23,14,12,5,3,0,1
Brendan Gaunce,VAN,C,2016-11-26,false,COL,0,2,-3,20,0,0,0,0,0,0,16,11536,303,28,4,5,2,2,58,57
Johnny Gaudreau,CGY,L,2016-12-14,false,TBL,7,13,-7,0,1,5,0,0,1,0,58,25085,518,3,4,20,30,10,0,0
Jason Garrison,TBL,D,2016-11-25,false,CBJ,1,2,-3,6,0,0,0,0,0,0,33,24358,544,27,34,18,13,6,0,0
Jake Gardiner,TOR,D,2016-11-29,false,EDM,4,5,5,10,1,1,0,0,0,0,33,25922,558,17,18,12,24,8,0,0
Brendan Gallagher,MTL,R,2016-11-26,false,DET,5,7,5,20,1,0,0,0,1,0,59,20253,472,26,7,21,4,10,19,27
Alex Galchenyuk,MTL,C,2016-11-26,false,DET,9,13,11,14,3,4,0,0,2,1,42,21079,475,10,12,12,12,7,100,155
Sam Gagner,CBJ,C,2016-12-03,false,ARI,8,5,6,2,2,3,0,0,1,0,54,18107,385,3,3,21,5,4,39,49
Marian Gaborik,LAK,R,2017-01-16,false,TBL,3,5,0,4,1,1,0,0,0,0,50,19685,434,12,3,22,10,3,0,1
Michael Frolik,CGY,R,2016-11-23,false,CBJ,6,8,2,6,0,0,2,0,1,1,50,21404,482,14,15,13,11,12,6,7
Cody Franson,BUF,D,2016-11-29,false,OTT,1,6,0,8,1,0,0,0,0,0,31,24125,531,17,21,9,13,5,0,0
Cam Fowler,ANA,D,2016-11-26,false,SJS,6,7,3,2,4,3,0,0,1,0,46,31616,624,10,29,14,19,3,0,0
Gustav Forsling,CHI,D,2016-12-04,false,WPG,1,3,1,2,0,1,0,0,0,0,28,20624,446,11,8,7,17,1,0,0
Filip Forsberg,NSH,L,2016-11-29,false,COL,2,14,-2,6,0,3,0,0,0,0,48,24466,554,35,7,27,12,23,5,6
Derek Forbort,LAK,D,2016-11-26,false,CHI,1,5,3,32,0,0,0,0,0,0,23,22827,536,47,52,9,14,2,0,0
Christian Folin,MIN,D,2016-12-17,false,ARI,0,2,9,16,0,0,0,0,0,0,19,21842,494,33,27,9,5,6,0,0
Marcus Foligno,BUF,L,2016-11-29,false,OTT,4,2,-1,15,0,0,0,0,0,0,37,21200,472,72,19,12,9,9,0,1
Nick Foligno,CBJ,L,2016-12-01,false,COL,9,11,3,29,4,6,0,0,0,0,48,24285,536,33,14,16,11,9,22,17
Brian Flynn,MTL,C,2016-12-22,false,MIN,3,3,7,4,0,0,0,0,0,0,23,15666,428,10,11,11,7,7,45,36
Mike Fisher,NSH,C,2016-12-08,false,DAL,5,9,-8,31,3,5,0,0,1,0,39,21704,498,46,17,15,1,7,215,172
Valtteri Filppula,TBL,C,2016-11-27,false,BOS,4,11,6,4,0,5,0,0,1,0,27,23632,483,8,11,6,11,10,177,225
Vernon Fiddler,NJD,C,2016-11-29,false,WPG,1,1,-2,17,0,0,1,0,0,0,22,16443,412,22,10,7,11,4,146,124
Kevin Fiala,NSH,L,2016-12-20,false,NJD,5,2,-1,6,0,0,0,0,1,0,48,16928,404,20,5,10,8,16,0,0
Micheal Ferland,CGY,L,2016-11-23,false,CBJ,4,5,0,5,2,1,0,0,0,0,29,14274,355,50,7,10,10,10,0,0
Eric Fehr,PIT,C,2016-11-26,false,NJD,2,2,-2,4,0,0,0,0,1,0,24,14903,372,25,17,5,5,15,27,24
Taylor Fedun,BUF,D,2017-02-02,false,NYR,0,7,3,14,0,3,0,0,0,0,24,18413,443,6,16,6,8,3,0,0
Justin Faulk,CAR,D,2016-12-04,false,TBL,3,4,-9,8,1,3,0,0,0,0,59,30666,590,42,23,30,19,15,0,0
Jesper Fast,NYR,R,2016-11-25,false,PHI,2,8,8,12,0,0,0,0,0,0,11,17763,444,30,11,7,4,16,7,9
Justin Falk,BUF,D,2017-01-03,false,NYR,0,1,-1,7,0,0,0,0,0,0,15,16954,433,38,9,13,6,2,0,0
Radek Faksa,DAL,C,2016-11-25,false,VAN,2,6,3,15,0,0,0,0,0,0,38,21582,547,28,19,20,7,17,167,187
Robby Fabbri,STL,C,2016-11-28,false,DAL,5,5,-7,17,3,2,0,0,0,0,38,21303,480,31,10,11,6,10,3,4
Adam Erne,TBL,L,2017-04-02,false,DAL,3,0,-5,11,0,0,0,0,0,0,38,15800,373,59,10,18,4,2,0,2
Loui Eriksson,VAN,L,2016-11-26,false,COL,5,4,-9,0,2,1,0,1,1,0,42,24831,538,1,10,13,8,6,0,0
Jonathan Ericsson,DET,D,2016-11-26,false,MTL,0,4,2,37,0,0,0,0,0,0,17,23689,555,29,17,11,10,1,0,0
Toby Enstrom,WPG,D,2016-11-23,false,MIN,1,6,1,10,0,3,1,0,0,0,23,29543,625,7,30,11,12,5,0,0
Tyler Ennis,BUF,L,2017-02-07,false,SJS,3,4,-4,0,0,1,0,0,0,0,41,17749,375,17,12,8,4,12,0,4
Deryk Engelland,CGY,D,2016-11-23,false,CBJ,1,3,7,19,0,0,0,0,1,0,27,24167,555,41,42,12,14,2,0,0
Alexei Emelin,MTL,D,2016-11-26,false,DET,1,3,6,25,0,0,0,0,0,0,21,28201,567,76,46,9,28,3,0,0
Ryan Ellis,NSH,D,2016-12-17,false,NYR,4,6,7,19,0,3,0,0,2,0,34,31377,616,29,46,20,14,8,0,0
Lars Eller,WSH,C,2016-12-03,false,TBL,2,1,-3,18,0,0,0,0,0,0,27,18553,406,15,4,16,8,10,120,126
Oliver Ekman-Larsson,ARI,D,2016-12-01,false,LAK,5,6,-2,10,2,2,0,0,1,1,51,32081,610,38,21,27,14,9,0,0
Mattias Ekholm,NSH,D,2016-11-29,false,COL,0,5,-5,10,0,1,0,1,0,0,36,30862,609,16,39,23,22,8,0,0
Aaron Ekblad,FLA,D,2016-11-27,false,CAR,6,0,-7,24,2,0,0,0,1,1,66,30488,526,43,18,23,14,10,0,0
Jack Eichel,BUF,C,2017-01-16,false,DAL,10,7,-1,4,5,3,0,0,2,0,88,26118,491,14,16,28,20,15,117,156
Nikolaj Ehlers,WPG,L,2016-11-23,false,MIN,4,14,0,10,0,2,0,0,1,0,50,23873,486,12,8,28,13,11,0,1
Joel Edmundson,STL,D,2016-12-20,false,DAL,0,6,-6,28,0,0,0,0,0,0,27,21930,542,42,28,9,6,4,0,0
Alexander Edler,VAN,D,2016-12-28,false,LAK,1,2,-8,4,1,1,0,0,0,0,46,31097,615,37,50,12,13,6,2,1
Jordan Eberle,EDM,C,2016-11-25,false,ARI,7,10,-5,4,2,3,0,0,0,0,67,23745,510,6,8,20,5,6,2,1
Patrick Eaves,DAL,R,2016-11-28,false,STL,9,7,-4,8,5,3,0,0,1,0,56,22308,526,29,13,28,3,6,0,1
Cody Eakin,DAL,C,2017-01-14,false,MIN,0,2,-9,25,0,1,0,0,0,0,24,19884,498,29,10,17,10,3,153,154
Ryan Dzingel,OTT,L,2016-11-27,false,NYR,5,6,6,2,0,1,1,0,1,0,37,17994,413,13,11,11,6,10,2,4
Christian Dvorak,ARI,C,2016-12-08,false,CGY,2,6,0,4,0,1,0,0,0,0,20,19124,405,23,20,8,5,1,105,142
Brian Dumoulin,PIT,D,2016-11-30,false,NYI,0,3,-6,10,0,0,0,0,0,0,32,25524,593,40,28,9,12,7,0,0
Gabriel Dumont,TBL,C,2017-03-04,false,BUF,1,1,-2,18,0,0,0,0,0,0,21,12064,304,46,5,6,3,3,58,49
Matt Dumba,MIN,D,2016-11-29,false,VAN,2,5,5,16,1,2,0,0,1,1,45,27309,549,29,21,16,8,8,0,0
Anthony Duclair,ARI,L,2016-12-01,false,LAK,1,3,-3,4,0,0,0,0,0,0,25,17488,406,9,4,8,12,9,0,0
Matt Duchene,COL,C,2016-12-10,false,MTL,10,7,-5,2,2,2,0,0,3,1,53,24460,525,5,19,18,12,19,125,81
Brandon Dubinsky,CBJ,C,2016-12-05,false,ARI,2,5,2,17,0,1,0,0,1,0,29,23521,545,68,19,16,11,12,221,190
Jonathan Drouin,TBL,L,2016-12-14,false,CGY,6,7,-1,6,3,2,0,0,0,0,63,22683,437,17,7,12,23,15,30,35
Leon Draisaitl,EDM,C,2016-11-25,false,ARI,7,9,-6,2,5,2,0,0,0,0,42,22384,476,6,11,20,16,13,164,156
Nic Dowd,LAK,C,2016-12-01,false,ARI,2,9,-5,2,1,3,0,0,1,1,26,18002,430,56,15,10,7,3,126,138
Drew Doughty,LAK,D,2016-11-26,false,CHI,3,8,5,16,0,2,0,0,0,0,50,35675,734,35,42,19,25,2,1,0
Jake Dotchin,TBL,D,2017-03-14,false,OTT,0,6,8,25,0,0,0,0,0,0,28,23981,507,54,12,20,10,3,0,0
Joonas Donskoi,SJS,R,2016-11-26,false,ANA,2,5,-1,8,1,2,0,0,0,0,38,19824,470,10,9,22,11,13,0,0
Max Domi,ARI,L,2016-12-01,false,LAK,4,11,-5,13,1,3,0,0,1,0,50,23347,490,16,8,16,14,9,3,4
Shane Doan,ARI,R,2016-12-01,false,LAK,2,4,-1,16,1,1,0,0,0,0,43,20537,433,36,11,11,11,2,38,37
Brenden Dillon,SJS,D,2016-11-29,false,ARI,0,1,0,20,0,0,0,0,0,0,24,20904,482,49,18,15,6,1,0,0
Phillip Di Giuseppe,CAR,L,2017-02-26,false,CGY,1,4,-12,13,0,1,0,0,1,1,45,16562,383,40,8,18,7,9,0,2
Nicolas Deslauriers,BUF,L,2017-01-17,false,TOR,0,0,-5,11,0,0,0,0,0,0,11,10388,238,66,4,7,0,1,0,0
Andrew Desjardins,CHI,L,2017-01-02,false,STL,0,0,-5,6,0,0,0,0,0,0,27,13083,303,33,7,5,5,4,23,22
David Desharnais,MTL,C,2016-11-29,false,ANA,3,4,3,2,0,1,0,0,0,0,20,16980,395,0,5,6,4,10,49,57
Jason Demers,FLA,D,2016-11-27,false,CAR,2,6,-4,8,0,3,0,1,0,0,23,26290,521,23,23,25,11,11,0,0
Michael Del Zotto,PHI,D,2017-01-01,false,ANA,4,5,-5,4,0,0,0,0,0,0,43,25469,574,83,42,15,11,3,0,0
Dylan DeMelo,SJS,D,2017-03-18,false,ANA,1,6,1,12,0,0,0,0,0,0,29,20562,466,29,27,13,11,4,0,0
Danny DeKeyser,DET,D,2016-11-26,false,MTL,1,2,-3,15,0,0,0,0,0,0,15,29517,632,26,38,12,14,4,0,0
Anthony DeAngelo,ARI,D,2017-02-26,false,BUF,3,6,-5,14,2,4,0,0,0,0,41,25167,514,13,32,15,11,2,0,0
Brandon Davidson,EDM,D,2017-02-11,false,CHI,0,1,2,16,0,0,0,0,0,0,27,19590,455,22,38,10,14,1,0,0
Laurent Dauphin,ARI,C,2017-01-13,false,WPG,2,1,-2,10,0,0,1,0,1,0,29,14572,357,30,9,3,3,9,31,39
Marko Dano,WPG,C,2016-12-11,false,EDM,3,6,1,6,2,0,0,0,0,0,25,15799,378,49,10,15,8,11,1,3
Phillip Danault,MTL,L,2016-11-26,false,DET,5,4,1,6,0,0,0,0,1,0,31,17427,436,21,22,10,10,5,67,65
Trevor Daley,PIT,D,2016-11-26,false,NJD,2,6,3,12,1,1,0,1,0,0,31,27984,649,6,37,21,10,12,0,0
Klas Dahlbeck,CAR,D,2017-03-01,false,TBL,1,2,-4,18,0,0,0,0,0,0,18,17795,422,32,19,11,10,5,0,0
Austin Czarnik,BOS,C,2016-12-05,false,FLA,2,3,-3,8,0,1,0,0,1,0,30,18172,432,8,14,10,7,7,6,21
Matt Cullen,PIT,C,2016-11-26,false,NJD,4,6,-1,8,0,1,0,0,1,0,28,18602,473,11,4,17,8,4,151,130
Lawson Crouse,ARI,L,2016-12-08,false,CGY,1,0,-8,14,0,0,0,0,0,0,21,14412,347,48,10,6,2,6,0,0
Sidney Crosby,PIT,C,2016-12-10,false,TBL,20,11,7,10,6,2,0,0,3,0,76,25369,549,27,6,18,24,10,251,266
Joseph Cramarossa,ANA,C,2016-12-20,false,MTL,2,3,-3,35,0,0,0,0,0,0,16,13895,351,49,12,8,8,5,2,0
Adam Cracknell,DAL,R,2016-11-25,false,VAN,2,1,2,0,0,0,0,0,0,0,24,13299,336,30,14,13,5,3,33,36
Charlie Coyle,MIN,C,2016-11-29,false,VAN,8,7,4,18,3,0,0,0,2,0,53,23942,516,25,18,14,11,12,11,12
Sean Couturier,PHI,C,2016-12-30,false,SJS,5,3,-4,14,0,1,0,1,1,0,35,23971,549,14,14,17,12,13,182,183
Logan Couture,SJS,C,2016-11-26,false,ANA,7,5,-2,2,5,0,0,0,0,0,70,24313,544,8,16,20,23,11,86,157
Nick Cousins,PHI,C,2016-12-03,false,CHI,3,5,0,10,1,1,0,0,0,0,33,15321,360,23,10,7,3,7,40,80
Andrew Copp,WPG,C,2016-12-11,false,EDM,4,3,1,6,0,0,1,0,1,0,28,16492,426,31,11,11,7,12,35,45
Brett Connolly,WSH,R,2017-01-01,false,OTT,4,1,1,16,1,0,0,0,0,0,32,14170,314,40,3,6,4,7,3,4
Kevin Connauton,ARI,D,2017-04-04,false,DAL,0,1,-1,10,0,0,0,0,0,0,21,16946,407,46,19,12,5,4,0,0
Blake Comeau,COL,L,2016-12-10,false,MTL,4,2,-4,20,2,0,0,0,0,0,33,20949,483,45,7,12,5,10,49,50
Blake Coleman,NJD,C,2017-04-06,false,PIT,1,1,-6,27,0,0,0,0,0,0,28,16938,380,46,14,8,12,12,89,124
Ian Cole,PIT,D,2016-11-26,false,NJD,1,3,4,19,0,0,0,0,0,0,24,24004,540,52,46,22,13,4,0,0
Joe Colborne,COL,C,2016-12-06,false,NSH,3,1,-7,10,2,0,0,0,0,0,24,16225,384,21,6,6,6,3,32,46
Andrew Cogliano,ANA,L,2016-11-26,false,SJS,5,5,6,8,0,0,2,0,0,0,54,19902,509,23,11,5,6,6,1,7
Braydon Coburn,TBL,D,2016-11-25,false,CBJ,0,4,4,12,0,0,0,0,0,0,27,21372,473,25,15,9,8,0,0,0
Cal Clutterbuck,NYI,R,2016-12-01,false,WSH,2,5,0,10,0,0,0,0,1,0,37,20575,511,79,10,15,10,12,1,2
Kyle Clifford,LAK,L,2016-12-04,false,MTL,2,4,4,35,0,0,0,0,0,0,37,13486,320,44,2,12,2,7,0,1
Adam Clendening,NYR,D,2017-02-23,false,TOR,1,7,4,10,1,1,0,0,0,0,28,20778,469,13,22,13,14,6,0,0
Fredrik Claesson,OTT,D,2017-03-11,false,COL,2,7,2,0,0,0,0,1,0,0,15,14070,354,30,11,4,11,2,0,0
Casey Cizikas,NYI,C,2016-11-30,false,PIT,3,5,0,14,0,1,0,0,1,0,25,19526,508,53,23,7,10,10,174,183
Jakob Chychrun,ARI,D,2016-12-13,false,DET,1,5,-2,29,0,0,0,0,0,0,25,22315,494,36,34,21,11,4,0,0
Jason Chimera,NYI,L,2016-11-30,false,PIT,2,5,-7,16,0,0,0,0,0,0,29,17929,439,40,13,7,5,3,7,9
Alex Chiasson,CGY,R,2016-11-23,false,CBJ,2,2,2,14,0,0,0,0,0,0,31,17301,426,25,3,8,7,6,0,11
Ben Chiarot,WPG,D,2016-11-25,false,NSH,0,3,-5,10,0,0,0,0,0,0,13,18700,398,30,29,2,13,3,0,0
Zdeno Chara,BOS,D,2016-12-08,false,COL,1,5,10,19,0,1,0,0,0,0,32,30054,571,35,44,14,19,14,0,0
Michael Chaput,VAN,C,2016-12-22,false,WPG,0,3,-5,11,0,0,0,0,0,0,15,13368,331,26,6,1,3,3,91,86
Cody Ceci,OTT,D,2016-11-27,false,NYR,0,2,-7,6,0,0,0,1,0,0,36,29884,693,41,45,13,22,6,0,0
Jeff Carter,LAK,C,2016-11-26,false,CHI,10,9,6,8,2,1,1,0,6,2,73,24247,525,23,10,24,10,7,218,179
William Carrier,BUF,L,2016-12-23,false,NYI,1,1,0,8,0,0,0,0,0,0,29,12240,318,65,4,8,3,4,1,1
Connor Carrick,TOR,D,2016-12-07,false,MIN,1,2,2,24,0,0,0,0,0,0,32,22719,538,21,27,17,18,6,0,0
Daniel Carr,MTL,L,2016-12-29,false,FLA,1,4,6,6,0,0,0,0,1,0,32,13340,331,16,7,13,4,4,1,1
John Carlson,WSH,D,2016-12-01,false,NYI,0,8,1,0,0,2,0,0,0,0,51,30364,565,19,32,33,27,8,0,0
Brandon Carlo,BOS,D,2016-11-27,false,TBL,2,2,10,15,0,0,0,0,0,0,26,29354,574,23,39,14,8,4,0,0
Brian Campbell,CHI,D,2016-11-25,false,ANA,2,6,4,10,1,2,0,0,0,0,23,24362,516,15,19,12,15,0,0,0
Michael Cammalleri,NJD,L,2016-12-11,false,NYR,9,8,5,12,1,3,0,0,2,1,59,23288,487,16,3,24,11,10,7,7
Matt Calvert,CBJ,L,2016-12-13,false,EDM,3,2,6,12,0,0,1,0,1,0,34,19238,453,25,13,15,8,11,2,11
Drake Caggiula,EDM,L,2017-01-05,false,BOS,2,4,-3,2,1,1,0,0,0,0,27,17143,392,41,4,11,6,6,34,51
Paul Byron,MTL,L,2016-11-26,false,DET,7,5,5,8,0,0,1,0,2,0,28,18610,487,30,6,5,6,10,2,0
Dustin Byfuglien,WPG,D,2016-11-23,false,MIN,1,10,-3,25,0,2,0,0,0,0,57,37080,632,56,37,36,26,18,0,0
Alexandre Burrows,VAN,L,2016-12-06,false,NJD,4,6,4,29,0,0,0,1,0,0,46,18477,469,14,4,11,6,15,0,3
Brent Burns,SJS,D,2016-11-26,false,ANA,8,12,3,4,1,4,0,1,1,0,91,31607,597,21,40,36,43,12,0,0
Alexander Burmistrov,WPG,C,2016-12-04,false,CHI,0,2,-4,4,0,0,0,1,0,0,13,14940,337,28,4,6,7,4,51,91
Andre Burakovsky,WSH,L,2016-12-01,false,NYI,2,8,-2,4,0,1,0,0,0,0,37,19637,404,9,9,16,13,13,0,1
Pavel Buchnevich,NYR,R,2017-02-09,false,NSH,6,9,2,11,1,2,0,0,0,0,33,18226,431,10,5,15,16,10,1,3
Dustin Brown,LAK,R,2016-11-26,false,CHI,3,6,-8,10,1,2,1,0,1,0,52,21629,492,56,3,17,8,6,0,1
Connor Brown,TOR,R,2016-11-29,false,EDM,3,5,5,4,0,0,0,0,1,0,31,18693,475,18,23,11,2,7,0,0
J.T. Brown,TBL,R,2016-12-04,false,CAR,2,1,-5,34,0,0,1,0,1,0,24,14063,338,31,7,7,3,4,0,1
Troy Brouwer,CGY,R,2016-11-23,false,CBJ,5,4,-6,14,0,2,1,0,1,0,34,22930,511,51,16,10,6,8,11,22
Kyle Brodziak,STL,C,2016-11-28,false,DAL,2,1,-3,21,0,0,0,0,1,0,20,12983,366,21,11,5,0,6,68,86
Jonas Brodin,MIN,D,2016-11-29,false,VAN,2,8,2,12,1,2,0,0,2,0,32,26444,572,7,37,15,9,4,0,0
TJ Brodie,CGY,D,2016-11-23,false,CBJ,0,4,-12,6,0,2,0,0,0,0,25,31221,669,11,27,13,19,15,0,0
Justin Braun,SJS,D,2016-11-26,false,ANA,0,2,-6,6,0,0,0,0,0,0,20,26544,553,28,44,15,17,12,0,0
Derick Brassard,OTT,C,2016-11-27,false,NYR,3,6,2,4,1,1,0,0,0,0,52,23281,490,25,4,23,12,16,194,179
Tyler Bozak,TOR,C,2016-11-29,false,EDM,5,11,-1,4,1,1,0,0,1,0,36,21209,491,17,5,13,11,15,197,152
Brian Boyle,TBL,C,2016-11-29,false,CBJ,4,1,1,29,0,0,0,0,0,0,28,15382,361,32,13,10,6,7,60,60
Johnny Boychuk,NYI,D,2016-11-30,false,PIT,3,5,-1,2,0,1,1,0,1,0,55,26993,516,53,51,28,12,5,0,0
Jay Bouwmeester,STL,D,2016-11-26,false,MIN,1,2,-4,12,0,0,0,0,0,0,31,30247,667,20,26,11,13,5,0,0
Rene Bourque,COL,R,2016-12-06,false,NSH,8,3,-4,17,2,0,0,0,2,1,41,19708,456,33,11,18,3,8,0,3
Lance Bouma,CGY,C,2017-01-04,false,COL,2,2,-1,15,0,0,0,0,1,0,17,15308,382,57,15,9,5,5,1,4
Reid Boucher,VAN,C,2017-03-02,false,SJS,2,2,0,4,0,0,0,0,0,0,34,13885,308,13,9,6,2,11,0,1
Robert Bortuzzo,STL,D,2017-02-16,false,VAN,1,2,7,2,0,0,0,0,0,0,31,18618,506,50,38,15,10,3,0,0
Mark Borowiecki,OTT,D,2016-11-27,false,NYR,0,0,0,27,0,0,0,0,0,0,9,16723,463,83,28,7,5,2,0,0
Nick Bonino,PIT,C,2016-11-26,false,NJD,1,7,-2,8,0,1,1,0,0,0,37,22377,538,17,31,8,9,12,173,185
Jared Boll,ANA,R,2016-12-19,false,TOR,0,1,-4,41,0,0,0,0,0,0,7,8127,221,19,4,2,2,1,0,1
Zach Bogosian,BUF,D,2017-01-13,false,CAR,0,3,-10,15,0,0,0,0,0,0,24,26726,566,35,41,8,11,7,0,0
Mikkel Boedker,SJS,L,2016-11-26,false,ANA,2,0,-6,4,0,0,0,0,0,0,20,19381,467,16,6,17,14,8,2,8
Joseph Blandisi,NJD,L,2017-03-25,false,CAR,3,6,-9,20,1,4,0,0,2,1,22,17636,411,30,5,13,3,6,66,69
Nick Bjugstad,FLA,C,2017-01-26,false,TBL,1,1,-10,10,0,1,0,0,0,0,34,17877,411,34,4,12,8,7,68,77
Oliver Bjorkstrand,CBJ,R,2017-03-22,false,TOR,6,5,6,6,0,0,0,0,2,0,48,18149,406,13,7,11,7,8,1,0
Anthony Bitetto,NSH,D,2017-03-13,false,WPG,0,4,-3,21,0,0,0,0,0,0,15,15214,380,34,20,8,6,0,0,0
Kevin Bieksa,ANA,D,2016-11-26,false,SJS,1,0,0,23,1,0,0,0,0,0,38,27045,533,54,22,13,8,3,0,0
Alex Biega,VAN,D,2017-03-04,false,LAK,0,2,-1,14,0,0,0,0,0,0,22,19228,477,52,20,17,5,5,0,0
Patrik Berglund,STL,C,2016-11-26,false,MIN,1,5,-3,8,0,0,0,0,0,0,35,19726,500,45,12,20,5,6,138,134
Patrice Bergeron,BOS,C,2016-12-03,false,BUF,4,3,1,6,1,1,0,0,2,0,77,24671,535,17,15,28,6,7,306,219
Matt Benning,EDM,D,2016-12-11,false,WPG,0,4,4,6,0,1,0,0,0,0,32,22207,501,51,23,14,15,1,0,0
Sam Bennett,CGY,C,2016-11-23,false,CBJ,4,5,-4,28,1,0,0,0,0,0,34,20324,458,38,8,16,6,12,86,93
Beau Bennett,NJD,R,2016-12-08,false,MTL,1,6,-3,8,1,1,0,0,0,0,37,17918,378,22,5,17,7,6,1,4
Jamie Benn,DAL,L,2016-11-25,false,VAN,6,11,-7,25,4,2,0,0,2,1,53,26490,626,38,12,24,12,19,96,81
Jordie Benn,DAL,D,2016-11-29,false,DET,1,5,1,14,0,2,0,0,0,0,26,25532,587,16,47,19,12,2,0,0
Pierre-Edouard Bellemare,PHI,L,2016-11-25,false,NYR,0,3,3,2,0,0,0,1,0,0,34,18526,458,26,19,11,4,3,126,138
Matt Beleskey,BOS,L,2016-11-29,false,PHI,2,3,-6,21,0,2,0,0,0,0,43,20377,443,54,11,20,6,5,22,35
Anthony Beauvillier,NYI,C,2016-12-18,false,OTT,3,5,4,4,0,0,0,0,0,0,22,15915,356,22,8,8,10,6,21,20
Nathan Beaulieu,MTL,D,2016-12-10,false,COL,1,6,13,13,0,2,0,0,1,0,28,22997,491,24,38,11,28,6,0,0
Francois Beauchemin,COL,D,2016-12-01,false,CBJ,0,5,1,8,0,2,0,0,0,0,30,26706,596,21,46,12,14,7,0,0
Jay Beagle,WSH,C,2016-12-01,false,NYI,4,4,3,2,0,0,1,1,2,0,29,16643,409,16,11,6,6,4,161,106
Matt Bartkowski,CGY,D,2017-04-04,false,ANA,1,1,-4,26,0,0,0,0,0,0,15,19889,475,40,11,11,11,3,0,0
Tyson Barrie,COL,D,2016-12-01,false,CBJ,2,9,-10,8,0,3,0,0,1,0,51,30118,621,12,23,25,14,7,0,0
Aleksander Barkov,FLA,C,2016-11-27,false,CAR,2,12,2,0,0,4,0,0,1,1,41,24974,488,13,9,14,8,14,159,168
Mark Barberio,MTL,D,2017-01-18,false,PIT,0,4,0,6,0,1,0,0,0,0,25,19903,420,9,23,6,12,5,0,0
Ivan Barbashev,STL,C,2017-03-25,false,CGY,4,4,5,2,0,0,0,0,1,0,12,14313,337,27,10,7,2,4,58,80
Justin Bailey,BUF,R,2017-02-28,false,NSH,2,2,5,4,0,0,0,0,1,0,28,14767,344,18,12,9,9,7,0,0
Josh Bailey,NYI,R,2016-11-30,false,PIT,3,10,3,2,1,2,0,0,1,1,43,25126,524,11,20,22,10,11,5,3
Sven Baertschi,VAN,L,2016-12-01,false,ANA,3,7,-1,0,0,1,0,0,2,0,38,19243,447,14,10,8,4,6,1,0
Nicklas Backstrom,WSH,C,2016-12-01,false,NYI,6,14,2,12,0,8,0,0,1,0,48,24865,500,20,7,10,15,15,196,163
Mikael Backlund,CGY,C,2016-11-23,false,CBJ,3,6,1,6,0,1,0,2,1,0,51,23202,530,14,19,18,10,9,204,190
David Backes,BOS,R,2016-12-07,false,WSH,7,5,3,23,2,1,0,0,1,0,57,24211,493,68,18,20,11,9,36,42
Yohann Auvitu,NJD,D,2016-12-08,false,MTL,2,2,3,2,0,1,0,0,0,0,50,21390,465,19,8,11,10,7,0,0
Cam Atkinson,CBJ,R,2016-12-01,false,COL,8,13,1,4,4,5,1,0,2,1,68,23999,547,9,8,22,3,12,2,0
Andreas Athanasiou,DET,C,2016-12-29,false,OTT,5,2,-4,9,0,0,0,0,0,0,37,15889,372,9,5,17,5,6,23,23
Viktor Arvidsson,NSH,L,2016-11-29,false,COL,7,7,2,8,1,2,1,1,0,0,69,20497,487,9,11,20,8,8,2,1
Joel Armia,WPG,R,2017-01-16,false,SJS,2,3,-4,10,0,0,0,0,0,0,44,20460,469,20,7,10,12,13,2,4
Artem Anisimov,CHI,C,2016-11-26,false,LAK,9,11,11,16,1,3,0,0,3,1,38,24014,506,11,8,14,1,9,142,195
Sven Andrighetto,MTL,R,2017-02-05,false,EDM,2,6,6,4,0,1,0,0,0,0,25,14817,357,23,10,15,1,6,0,0
Andy Andreoff,LAK,L,2017-02-07,false,TBL,0,2,0,28,0,0,0,0,0,0,20,14691,333,44,6,12,6,3,35,24
Josh Anderson,CBJ,R,2016-12-01,false,COL,7,3,10,19,0,0,0,0,1,0,39,15926,407,38,15,7,9,4,6,14
Karl Alzner,WSH,D,2016-12-01,false,NYI,2,2,7,10,0,0,0,0,0,0,25,26429,566,25,34,9,14,5,0,0
Sebastian Aho,CAR,R,2016-11-29,false,NYR,3,8,-3,2,0,3,0,0,0,0,50,19945,444,8,2,20,12,7,1,1
Noel Acciari,BOS,C,2017-03-23,false,TBL,0,3,1,4,0,0,0,0,0,0,19,12758,307,52,3,6,4,7,11,16
Justin Abdelkader,DET,L,2016-12-01,false,FLA,4,4,-4,13,2,0,0,1,0,0,35,21699,461,52,8,13,6,8,0,4
Kyle Rau,FLA,C,2016-12-16,false,COL,2,1,-2,4,0,0,0,0,0,0,20,13150,304,23,2,5,1,6,2,1
Tyler Pitlick,EDM,R,2016-11-25,false,ARI,6,1,-1,4,0,0,0,0,1,0,38,13073,319,51,8,5,5,3,3,2
Johan Larsson,BUF,C,2016-11-29,false,OTT,3,4,-6,14,1,0,0,0,2,0,30,23464,491,23,18,14,10,10,166,168
Erik Gudbranson,VAN,D,2016-11-26,false,COL,0,3,-11,7,0,0,0,0,0,0,31,26691,562,49,28,12,17,3,0,0
Ryan Garbutt,ANA,C,2016-11-26,false,SJS,2,1,-3,14,0,0,0,1,1,0,23,12407,335,39,11,16,2,2,5,4
