James van Riemsdyk,TOR,L,2016-10-12,false,OTT,0,0,-2,0,0,0,0,0,0,0,3,1045,22,3,0,0,1,0,0,0
Trevor van Riemsdyk,CHI,D,2016-10-12,false,STL,0,0,0,4,0,0,0,0,0,0,0,966,23,1,1,0,0,0,0,0
Calvin de Haan,NYI,D,2016-10-13,false,NYR,0,0,1,2,0,0,0,0,0,0,1,1014,23,0,2,0,1,0,0,0
Valentin Zykov,CAR,L,2017-03-09,false,NYR,1,0,1,0,0,0,0,0,0,0,3,713,15,0,0,1,1,0,0,0
Jason Zucker,MIN,L,2016-10-13,false,STL,0,1,1,0,0,0,0,0,0,0,1,632,13,0,0,0,0,2,0,0
Mats Zuccarello,NYR,R,2016-10-13,false,NYI,1,0,0,0,0,0,0,0,0,0,2,1066,24,2,0,1,0,0,1,1
Harry Zolnierczyk,NSH,L,2016-10-22,false,PIT,0,0,0,2,0,0,0,0,0,0,0,470,11,1,1,0,0,0,0,0
Mika Zibanejad,NYR,C,2016-10-13,false,NYI,0,2,0,0,0,1,0,0,0,0,3,1060,29,1,0,2,0,2,15,10
Henrik Zetterberg,DET,L,2016-10-13,false,TBL,0,1,-3,0,0,1,0,0,0,0,3,949,23,0,0,0,0,1,2,3
Travis Zajac,NJD,C,2016-10-13,false,FLA,0,0,0,2,0,0,0,0,0,0,1,1231,28,0,1,1,0,0,9,6
Nikita Zaitsev,TOR,D,2016-10-12,false,OTT,0,0,-1,0,0,0,0,0,0,0,3,1437,25,1,1,2,0,1,0,0
Nikita Zadorov,COL,D,2016-10-15,false,DAL,0,1,0,0,0,0,0,0,0,0,3,867,24,1,0,0,0,0,0,0
Pavel Zacha,NJD,C,2016-10-13,false,FLA,0,1,1,0,0,0,0,0,0,0,2,928,17,3,1,0,1,0,2,5
Keith Yandle,FLA,D,2016-10-13,false,NJD,0,0,0,0,0,0,0,0,0,0,1,1535,26,2,1,2,1,0,0,0
Nail Yakupov,STL,R,2016-10-12,false,CHI,0,0,0,0,0,0,0,0,0,0,1,638,15,1,0,1,0,1,0,0
Tyler Wotherspoon,CGY,D,2016-12-23,false,VAN,0,0,-1,0,0,0,0,0,0,0,0,754,20,1,1,0,2,0,0,0
Miles Wood,NJD,L,2016-10-13,false,FLA,0,0,0,2,0,0,0,0,0,0,1,670,16,1,2,0,0,0,0,0
Luke Witkowski,TBL,D,2016-11-19,false,PHI,0,0,0,0,0,0,0,0,0,0,0,546,10,2,1,0,0,0,0,0
Daniel Winnik,WSH,L,2016-10-13,false,PIT,0,0,0,0,0,0,0,0,0,0,1,452,13,0,1,0,0,0,0,0
Tommy Wingels,SJS,C,2016-10-12,false,LAK,0,0,0,0,0,0,0,0,0,0,1,634,15,3,1,0,0,0,4,3
Scott Wilson,PIT,L,2016-10-13,false,WSH,0,0,-1,0,0,0,0,0,0,0,1,832,18,2,2,1,0,1,0,0
Colin Wilson,NSH,L,2016-10-14,false,CHI,0,0,0,2,0,0,0,0,0,0,2,945,21,1,0,1,0,1,0,0
Tom Wilson,WSH,R,2016-10-13,false,PIT,0,0,0,5,0,0,0,0,0,0,0,331,11,3,0,0,0,0,0,0
Justin Williams,WSH,R,2016-10-13,false,PIT,0,0,0,2,0,0,0,0,0,0,0,975,21,0,3,2,0,0,1,0
Patrick Wiercioch,COL,D,2016-10-15,false,DAL,0,1,-1,2,0,0,0,0,0,0,1,946,26,1,1,0,1,0,0,0
Chris Wideman,OTT,D,2016-10-12,false,TOR,0,0,-1,2,0,0,0,0,0,0,0,729,20,0,1,1,1,1,0,0
Dennis Wideman,CGY,D,2016-10-12,false,EDM,1,0,1,2,1,0,0,0,0,0,5,1426,35,2,3,1,2,0,0,0
Ryan White,ARI,C,2016-10-15,false,PHI,0,0,-1,0,0,0,0,0,0,0,1,625,13,5,2,0,0,0,0,1
Colin White,OTT,C,2017-04-03,false,DET,0,0,0,0,0,0,0,0,0,0,1,439,11,0,0,0,0,0,1,0
Blake Wheeler,WPG,R,2016-10-13,false,CAR,1,2,2,2,0,0,1,0,0,0,4,1350,28,2,0,1,0,1,1,1
Zach Werenski,CBJ,D,2016-10-13,false,BOS,0,1,-1,0,0,0,0,0,0,0,5,1257,26,2,0,0,2,0,0,0
Alexander Wennberg,CBJ,C,2016-10-13,false,BOS,1,1,0,0,0,1,0,0,0,0,3,968,21,1,0,0,0,0,4,10
Dale Weise,PHI,R,2016-10-14,false,LAK,0,0,2,2,0,0,0,0,0,0,0,849,20,0,0,0,0,0,0,0
MacKenzie Weegar,FLA,D,2017-04-03,false,MTL,0,0,0,2,0,0,0,0,0,0,1,1005,23,2,0,1,0,0,0,0
Yannick Weber,NSH,D,2016-10-15,false,CHI,0,0,0,0,0,0,0,0,0,0,0,609,19,7,0,1,1,0,0,0
Shea Weber,MTL,D,2016-10-13,false,BUF,0,1,3,2,0,0,0,0,0,0,0,1444,32,2,1,3,1,0,0,0
Jordan Weal,PHI,C,2017-02-11,false,SJS,0,0,1,0,0,0,0,0,0,0,1,765,20,0,0,2,0,1,0,0
Austin Watson,NSH,L,2016-10-22,false,PIT,0,0,2,0,0,0,0,0,0,0,1,756,21,1,0,0,0,0,0,1
David Warsofsky,PIT,D,2016-10-22,false,NSH,0,0,-1,0,0,0,0,0,0,0,3,923,24,1,0,2,0,1,0,0
Joel Ward,SJS,R,2016-10-12,false,LAK,0,0,0,0,0,0,0,0,0,0,1,881,21,2,1,0,1,1,2,2
Lucas Wallmark,CAR,C,2017-03-13,false,NYI,0,0,-1,0,0,0,0,0,0,0,1,605,16,2,0,1,0,0,4,2
Chris Wagner,ANA,C,2016-10-13,false,DAL,0,0,0,0,0,0,0,0,0,0,0,430,12,1,0,1,0,0,2,3
Radim Vrbata,ARI,R,2016-10-15,false,PHI,0,1,1,2,0,0,0,0,0,0,4,1129,21,0,0,1,0,0,2,0
Jakub Vrana,WSH,L,2016-12-01,false,NYI,0,0,0,0,0,0,0,0,0,0,4,610,14,0,0,1,1,0,0,0
Jakub Voracek,PHI,R,2016-10-14,false,LAK,0,1,0,0,0,0,0,0,0,0,2,986,23,0,0,0,1,0,0,1
Marc-Edouard Vlasic,SJS,D,2016-10-12,false,LAK,0,0,0,0,0,0,0,0,0,0,1,1225,29,0,0,1,1,0,0,0
Jimmy Vesey,NYR,L,2016-10-13,false,NYI,0,0,0,0,0,0,0,0,0,0,0,782,18,0,0,0,0,0,0,0
Kris Versteeg,CGY,R,2016-10-12,false,EDM,0,0,-1,0,0,0,0,0,0,0,1,827,19,0,0,1,0,0,0,0
Joel Vermin,TBL,R,2016-12-01,false,STL,0,2,2,0,0,0,0,0,0,0,2,973,24,3,1,3,1,1,0,0
Antoine Vermette,ANA,C,2016-10-13,false,DAL,0,0,-1,0,0,0,0,0,0,0,1,883,26,0,1,3,0,1,8,3
Mike Vecchione,PHI,C,2017-04-04,false,NJD,0,0,0,0,0,0,0,0,0,0,1,495,10,1,1,0,1,0,5,2
Frank Vatrano,BOS,C,2016-12-22,false,FLA,1,0,1,0,0,0,0,0,0,0,2,802,20,1,0,1,0,0,0,0
Sami Vatanen,ANA,D,2016-10-13,false,DAL,0,0,-1,0,0,0,0,0,0,0,2,1407,29,0,0,0,0,0,0,0
Phil Varone,OTT,C,2016-10-12,false,TOR,0,0,0,0,0,0,0,0,0,0,0,644,17,0,0,0,2,0,2,0
Thomas Vanek,DET,L,2016-10-13,false,TBL,2,0,1,0,1,0,0,0,0,0,5,940,21,0,0,0,0,0,0,1
Chris VandeVelde,PHI,C,2016-10-14,false,LAK,0,0,0,0,0,0,0,0,0,0,0,750,18,1,0,0,0,0,1,1
Scottie Upshall,STL,R,2016-10-12,false,CHI,1,0,-1,0,0,0,0,0,0,0,2,575,17,1,0,0,0,0,0,0
Fedor Tyutin,COL,D,2016-10-15,false,DAL,0,0,-1,0,0,0,0,0,0,0,0,1242,28,2,1,1,1,1,0,0
TJ Tynan,CBJ,C,2017-03-07,false,NJD,0,0,0,0,0,0,0,0,0,0,1,459,11,0,0,1,0,0,0,0
Kyle Turris,OTT,C,2016-10-12,false,TOR,2,0,0,0,0,0,0,0,1,1,4,1300,31,0,0,1,1,0,8,9
Alex Tuch,MIN,R,2017-02-04,false,VAN,0,0,0,0,0,0,0,0,0,0,2,879,19,0,2,2,0,0,0,0
Nikita Tryamkin,VAN,D,2016-11-03,false,OTT,0,0,0,7,0,0,0,0,0,0,0,857,20,6,0,2,0,0,0,0
Jacob Trouba,WPG,D,2016-11-11,false,COL,0,0,-1,0,0,0,0,0,0,0,2,1394,29,1,3,0,1,0,0,0
Corey Tropp,ANA,R,2017-02-20,false,ARI,0,0,-1,0,0,0,0,0,0,0,0,568,16,2,0,0,0,0,0,0
Vincent Trocheck,FLA,C,2016-10-13,false,NJD,0,0,-1,0,0,0,0,0,0,0,1,1315,25,1,1,3,1,2,12,5
Jordin Tootoo,CHI,R,2016-10-12,false,STL,0,0,0,0,0,0,0,0,0,0,0,266,10,1,1,0,1,0,0,0
Sergey Tolchinsky,CAR,L,2017-04-08,false,STL,0,1,0,0,0,0,0,0,0,0,1,548,13,0,0,0,0,0,0,0
Tyler Toffoli,LAK,C,2016-10-12,false,SJS,1,0,0,0,1,0,0,0,0,0,5,965,21,3,1,0,0,0,0,0
Jonathan Toews,CHI,C,2016-10-12,false,STL,0,1,-1,2,0,1,0,0,0,0,2,1153,28,1,0,0,1,0,11,10
Matthew Tkachuk,CGY,L,2016-10-12,false,EDM,0,0,-1,2,0,0,0,0,0,0,2,750,20,2,0,1,0,1,0,0
Chris Tierney,SJS,C,2016-10-12,false,LAK,0,0,0,0,0,0,0,0,0,0,0,975,21,0,1,0,1,1,3,8
Shawn Thornton,FLA,L,2016-10-29,false,BUF,0,0,-1,0,0,0,0,0,0,0,0,539,12,0,0,1,2,0,0,0
Joe Thornton,SJS,C,2016-10-12,false,LAK,0,1,0,0,0,1,0,0,0,0,1,1027,23,0,0,0,1,2,5,3
Chris Thorburn,WPG,R,2016-10-15,false,MIN,0,0,-1,7,0,0,0,0,0,0,0,357,11,2,0,0,0,0,0,0
Ben Thomson,NJD,L,2017-04-04,false,PHI,0,0,0,2,0,0,0,0,0,0,2,571,15,2,0,0,0,0,0,0
Nate Thompson,ANA,C,2017-01-31,false,COL,0,0,1,0,0,0,0,0,0,0,2,594,16,0,1,0,0,0,5,6
Paul Thompson,FLA,R,2016-12-05,false,BOS,0,0,0,0,0,0,0,0,0,0,1,545,12,2,2,1,0,0,0,0
Shea Theodore,ANA,D,2016-10-23,false,VAN,0,0,1,0,0,0,0,0,0,0,1,1129,23,0,1,1,0,0,0,0
Chris Terry,MTL,L,2016-11-15,false,FLA,0,1,0,2,0,0,0,0,0,0,0,842,21,1,0,1,0,0,0,0
Teuvo Teravainen,CAR,L,2016-10-13,false,WPG,0,0,0,0,0,0,0,0,0,0,0,902,19,1,1,0,0,0,0,0
Matt Tennyson,CAR,D,2016-11-12,false,WSH,0,0,2,0,0,0,0,0,0,0,0,737,23,0,0,0,1,0,0,0
John Tavares,NYI,C,2016-10-13,false,NYR,0,0,-2,4,0,0,0,0,0,0,4,1100,26,1,1,1,1,0,11,8
Tomas Tatar,DET,L,2016-10-13,false,TBL,0,0,-2,0,0,0,0,0,0,0,2,866,21,1,0,1,1,0,0,0
Vladimir Tarasenko,STL,R,2016-10-12,false,CHI,2,1,1,0,1,1,0,0,0,0,5,1175,24,1,2,1,0,0,0,0
Christopher Tanev,VAN,D,2016-10-15,false,CGY,0,0,1,4,0,0,0,0,0,0,1,1221,33,0,1,2,0,0,0,0
Brandon Tanev,WPG,L,2016-10-13,false,CAR,0,0,0,0,0,0,0,0,0,0,1,474,12,1,0,0,0,0,0,0
Evgeny Svechnikov,DET,R,2017-04-03,false,OTT,0,0,0,0,0,0,0,0,0,0,1,790,22,1,0,0,0,0,0,0
Brandon Sutter,VAN,C,2016-10-15,false,CGY,0,0,0,0,0,0,0,0,0,0,3,1119,28,1,0,1,1,0,7,7
Ryan Suter,MIN,D,2016-10-13,false,STL,1,0,0,0,0,0,0,0,0,0,5,1691,29,1,0,1,0,2,0,0
Andrej Sustr,TBL,D,2016-10-13,false,DET,0,0,-2,5,0,0,0,0,0,0,1,1070,24,0,1,2,1,1,0,0
Oskar Sundqvist,PIT,C,2017-03-10,false,EDM,0,0,0,0,0,0,0,0,0,0,0,486,11,4,0,0,1,0,1,3
P.K. Subban,NSH,D,2016-10-14,false,CHI,1,0,-1,4,1,0,0,0,0,0,4,1384,25,2,3,1,2,0,0,0
Mark Stuart,WPG,D,2016-10-15,false,MIN,0,0,0,0,0,0,0,0,0,0,1,662,19,1,2,0,0,0,0,0
Ryan Strome,NYI,C,2016-10-13,false,NYR,0,0,-2,0,0,0,0,0,0,0,0,856,18,1,0,0,0,1,3,3
Mark Streit,PHI,D,2016-10-14,false,LAK,1,0,0,0,0,0,0,0,0,0,4,1324,27,2,2,0,1,0,0,0
Ben Street,DET,C,2017-03-28,false,CAR,0,1,1,0,0,0,0,0,0,0,1,601,15,0,0,2,0,0,0,0
Anton Stralman,TBL,D,2016-10-13,false,DET,0,0,2,0,0,0,0,0,0,0,0,1395,27,1,1,2,0,0,0,0
Brian Strait,WPG,D,2017-03-19,false,MIN,0,1,1,0,0,0,0,0,0,0,1,941,22,0,2,0,0,0,0,0
Michael Stone,ARI,D,2016-10-21,false,NYI,0,0,-1,0,0,0,0,0,0,0,1,1228,27,3,3,2,0,0,0,0
Mark Stone,OTT,R,2016-10-12,false,TOR,0,2,1,0,0,0,0,0,0,0,2,1307,25,2,1,0,1,0,0,0
Karl Stollery,NJD,D,2017-01-12,false,EDM,0,0,1,0,0,0,0,0,0,0,0,959,20,3,1,0,1,1,0,0
Chris Stewart,MIN,R,2016-10-13,false,STL,0,0,0,12,0,0,0,0,0,0,0,631,15,1,0,0,0,0,0,1
Chandler Stephenson,WSH,C,2017-01-24,false,OTT,0,0,0,0,0,0,0,0,0,0,0,465,10,0,0,0,0,0,2,1
Derek Stepan,NYR,C,2016-10-13,false,NYI,0,0,-1,0,0,0,0,0,0,0,5,963,26,0,2,1,1,2,11,10
Lee Stempniak,CAR,R,2016-10-13,false,WPG,1,1,0,0,1,0,0,0,0,0,3,911,20,1,0,3,0,1,0,0
Alexander Steen,STL,L,2016-10-12,false,CHI,0,2,1,0,0,1,0,0,0,0,2,1188,29,0,1,1,0,1,0,0
Troy Stecher,VAN,D,2016-10-25,false,OTT,0,0,-1,0,0,0,0,0,0,0,0,1355,29,0,1,2,0,0,0,0
Paul Stastny,STL,C,2016-10-12,false,CHI,1,2,1,0,1,1,0,0,1,0,1,1207,29,1,1,1,0,0,14,10
Viktor Stalberg,CAR,L,2016-10-13,false,WPG,0,0,1,0,0,0,0,0,0,0,1,713,17,1,1,0,0,0,0,0
Matt Stajan,CGY,C,2016-10-12,false,EDM,0,1,1,0,0,0,0,0,0,0,1,798,21,0,0,1,0,0,8,7
Drew Stafford,WPG,R,2016-10-13,false,CAR,0,0,1,2,0,0,0,0,0,0,1,783,18,0,0,0,1,1,0,0
Eric Staal,MIN,C,2016-10-13,false,STL,0,0,0,0,0,0,0,0,0,0,3,1153,24,2,1,0,0,0,9,6
Jordan Staal,CAR,C,2016-10-13,false,WPG,1,0,-1,2,0,0,0,0,0,0,2,1235,30,2,0,0,0,1,13,5
Marc Staal,NYR,D,2016-10-13,false,NYI,0,0,0,0,0,0,0,0,0,0,0,1236,31,1,3,1,1,1,0,0
Jared Spurgeon,MIN,D,2016-10-13,false,STL,0,0,0,0,0,0,0,0,0,0,0,1566,29,2,3,1,0,0,0,0
Ryan Sproul,DET,D,2016-10-21,false,NSH,0,1,0,0,0,1,0,0,0,0,2,897,22,1,1,1,0,0,0,0
Ryan Spooner,BOS,C,2016-10-13,false,CBJ,0,1,0,0,0,0,0,0,0,0,1,1057,20,0,0,1,1,1,0,0
Jason Spezza,DAL,C,2016-10-13,false,ANA,0,0,-2,0,0,0,0,0,0,0,1,1296,28,2,0,1,0,3,6,8
Nikita Soshnikov,TOR,R,2016-11-01,false,EDM,0,1,1,2,0,0,0,0,0,0,3,455,17,2,0,0,0,0,0,0
Marcus Sorensen,SJS,R,2017-02-07,false,BUF,0,1,1,0,0,0,0,0,0,0,2,474,13,0,0,0,1,1,0,0
Carl Soderberg,COL,C,2016-10-15,false,DAL,1,0,1,0,0,0,0,0,0,0,3,1125,24,0,0,0,1,3,9,4
Vladimir Sobotka,STL,L,2017-04-09,false,COL,1,0,0,0,0,0,0,0,0,0,2,1001,22,0,0,1,0,1,6,6
Devante Smith-Pelly,NJD,R,2016-10-13,false,FLA,0,0,-1,0,0,0,0,0,0,0,1,1053,26,0,0,1,2,1,0,1
Craig Smith,NSH,R,2016-10-14,false,CHI,0,0,0,2,0,0,0,0,0,0,1,813,20,2,0,5,0,0,1,1
Brendan Smith,DET,D,2016-10-13,false,TBL,0,0,0,5,0,0,0,0,0,0,4,1068,28,0,1,1,2,0,0,0
C.J. Smith,BUF,L,2017-04-02,false,NYI,0,1,0,0,0,0,0,0,0,0,2,597,15,0,0,0,1,1,0,0
Ben Smith,COL,R,2016-10-15,false,DAL,0,0,-2,0,0,0,0,0,0,0,0,852,22,1,0,1,0,0,6,4
Reilly Smith,FLA,R,2016-10-13,false,NJD,0,0,-1,0,0,0,0,0,0,0,2,1132,26,0,0,1,1,0,0,0
Gemel Smith,DAL,C,2016-10-22,false,CBJ,0,0,0,0,0,0,0,0,0,0,0,519,15,0,1,0,0,0,3,4
Zack Smith,OTT,C,2016-10-12,false,TOR,0,1,1,2,0,0,0,0,0,0,0,948,26,5,0,0,0,0,6,1
Anton Slepyshev,EDM,L,2016-10-12,false,CGY,0,0,0,0,0,0,0,0,0,0,2,562,12,1,0,0,0,0,0,0
Jaccob Slavin,CAR,D,2016-10-13,false,WPG,0,0,0,0,0,0,0,0,0,0,2,1493,30,2,0,0,2,0,0,0
Brady Skjei,NYR,D,2016-10-13,false,NYI,0,1,1,2,0,0,0,0,0,0,1,854,22,1,1,1,2,0,0,0
Jeff Skinner,CAR,L,2016-10-13,false,WPG,1,1,-1,0,0,1,0,0,0,0,5,955,22,0,0,1,1,0,1,2
Jack Skille,VAN,R,2016-10-18,false,STL,0,0,1,0,0,0,0,0,0,0,1,638,17,1,1,0,0,0,0,0
Colton Sissons,NSH,C,2016-10-14,false,CHI,0,0,-1,0,0,0,0,0,0,0,0,669,17,1,1,0,0,2,5,6
Dominik Simon,PIT,C,2017-04-08,false,TOR,0,0,-1,0,0,0,0,0,0,0,0,595,15,1,0,2,1,1,0,0
Wayne Simmonds,PHI,R,2016-10-14,false,LAK,0,0,0,2,0,0,0,0,0,0,1,1052,25,4,1,0,0,0,0,0
Jakob Silfverberg,ANA,R,2016-10-13,false,DAL,0,1,0,0,0,0,0,0,0,0,2,1299,28,0,0,1,0,1,0,0
Duncan Siemens,COL,D,2017-04-04,false,CHI,0,0,-1,0,0,0,0,0,0,0,1,628,17,2,0,0,0,0,0,0
Nick Shore,LAK,C,2016-10-12,false,SJS,0,0,0,0,0,0,0,0,0,0,0,831,20,1,0,1,1,0,6,7
Devin Shore,DAL,C,2016-10-13,false,ANA,0,1,1,0,0,0,0,0,0,0,1,700,17,1,0,1,0,0,4,6
Drew Shore,VAN,C,2017-03-13,false,BOS,0,1,1,2,0,0,0,0,0,0,1,847,20,2,0,0,0,2,0,0
Conor Sheary,PIT,L,2016-10-13,false,WSH,0,1,1,0,0,0,0,0,0,0,1,781,19,3,1,0,0,0,0,0
Riley Sheahan,DET,C,2016-10-13,false,TBL,0,0,0,0,0,0,0,0,0,0,4,900,22,1,1,0,0,0,0,0
Logan Shaw,ANA,C,2016-11-25,false,CHI,0,0,0,0,0,0,0,0,0,0,1,401,9,2,0,0,0,0,3,2
Andrew Shaw,MTL,C,2016-10-13,false,BUF,1,0,1,10,0,0,0,0,0,0,4,835,23,2,0,1,1,0,4,5
Kevin Shattenkirk,STL,D,2016-10-12,false,CHI,1,2,0,0,1,2,0,0,0,0,3,1083,24,2,0,0,2,0,0,0
Patrick Sharp,DAL,L,2016-10-13,false,ANA,0,0,-1,2,0,0,0,0,0,0,3,1095,26,0,0,1,0,0,0,2
Michael Sgarbossa,ANA,C,2016-10-23,false,VAN,0,0,0,0,0,0,0,0,0,0,1,426,10,0,0,0,0,0,3,2
Damon Severson,NJD,D,2016-10-13,false,FLA,0,0,-1,2,0,0,0,0,0,0,0,1166,27,0,1,2,1,1,0,0
Devin Setoguchi,LAK,R,2016-10-12,false,SJS,0,0,-1,0,0,0,0,0,0,0,2,920,20,2,0,1,0,1,0,0
Tom Sestito,PIT,L,2016-10-13,false,WSH,0,0,0,5,0,0,0,0,0,0,1,232,8,2,0,0,0,0,0,0
Mikhail Sergachev,MTL,D,2016-10-13,false,BUF,0,0,0,0,0,0,0,0,0,0,0,708,17,0,2,0,0,0,0,0
Andrej Sekera,EDM,D,2016-10-12,false,CGY,0,1,1,2,0,0,0,0,0,0,0,1243,27,0,2,2,0,0,0,0
Dennis Seidenberg,NYI,D,2016-10-13,false,NYR,0,0,1,0,0,0,0,0,0,0,1,1062,22,2,2,2,2,0,0,0
Tyler Seguin,DAL,C,2016-10-13,false,ANA,0,0,0,0,0,0,0,0,0,0,2,997,25,1,0,2,1,0,5,8
Lukas Sedlak,CBJ,C,2016-10-21,false,CHI,0,0,-1,0,0,0,0,0,0,0,3,525,13,0,0,0,0,0,3,1
Daniel Sedin,VAN,L,2016-10-15,false,CGY,1,0,0,0,0,0,0,0,0,0,6,1338,26,0,1,1,0,0,0,0
Henrik Sedin,VAN,C,2016-10-15,false,CGY,0,1,0,0,0,0,0,0,0,0,0,1308,25,0,0,2,1,0,11,7
Brent Seabrook,CHI,D,2016-10-12,false,STL,0,0,-1,0,0,0,0,0,0,0,0,1600,31,0,0,0,2,0,0,0
Jaden Schwartz,STL,L,2016-10-20,false,EDM,0,0,0,0,0,0,0,0,0,0,2,1153,28,0,0,0,1,0,0,0
Justin Schultz,PIT,D,2016-10-13,false,WSH,0,0,0,2,0,0,0,0,0,0,0,920,21,0,0,0,1,0,0,0
Nick Schultz,PHI,D,2016-10-14,false,LAK,0,0,1,0,0,0,0,0,0,0,0,1093,27,2,2,0,0,0,0,0
Jordan Schroeder,MIN,C,2016-11-01,false,BUF,0,0,0,0,0,0,0,0,0,0,3,521,15,0,0,0,0,0,0,0
Nate Schmidt,WSH,D,2016-10-13,false,PIT,0,0,0,0,0,0,0,0,0,0,2,895,17,2,0,0,0,1,0,0
Nick Schmaltz,CHI,C,2016-10-12,false,STL,0,0,0,0,0,0,0,0,0,0,0,531,13,1,1,0,1,0,1,4
Jordan Schmaltz,STL,D,2017-03-05,false,COL,0,0,1,0,0,0,0,0,0,0,0,907,20,2,0,0,2,0,0,0
David Schlemko,SJS,D,2016-10-12,false,LAK,0,0,0,0,0,0,0,0,0,0,1,1098,24,2,1,0,2,2,0,0
Nikita Scherbak,MTL,R,2017-01-07,false,TOR,1,0,1,0,1,0,0,0,0,0,1,708,20,0,1,1,0,0,0,0
Luke Schenn,ARI,D,2016-10-15,false,PHI,0,0,-2,0,0,0,0,0,0,0,1,957,22,2,1,0,0,0,0,0
Brayden Schenn,PHI,C,2016-10-20,false,ANA,0,0,-1,0,0,0,0,0,0,0,0,1180,25,2,1,2,1,0,0,0
Mark Scheifele,WPG,C,2016-10-13,false,CAR,1,0,2,2,0,0,0,0,1,1,3,1329,26,1,2,0,0,1,7,15
Tim Schaller,BOS,C,2016-10-17,false,WPG,0,1,1,0,0,0,0,0,0,0,1,634,16,0,1,1,1,0,2,1
Colton Sceviour,FLA,C,2016-10-13,false,NJD,0,0,0,0,0,0,0,0,0,0,2,734,15,1,0,1,0,1,0,0
Marco Scandella,MIN,D,2016-10-13,false,STL,0,0,0,0,0,0,0,0,0,0,2,1180,27,1,1,1,0,0,0,0
Luca Sbisa,VAN,D,2016-10-15,false,CGY,0,0,0,0,0,0,0,0,0,0,1,1003,23,3,1,0,1,0,0,0
David Savard,CBJ,D,2016-10-13,false,BOS,0,0,-1,0,0,0,0,0,0,0,0,1172,26,3,3,0,0,0,0,0
Steven Santini,NJD,D,2017-01-02,false,BOS,0,1,2,0,0,0,0,0,0,0,2,713,15,2,0,0,0,0,0,0
Zach Sanford,WSH,L,2016-10-13,false,PIT,0,0,0,0,0,0,0,0,0,0,1,886,17,1,0,0,1,0,3,0
Miikka Salomaki,NSH,R,2016-10-14,false,CHI,0,0,-1,0,0,0,0,0,0,0,0,743,16,4,2,0,0,0,0,0
Brandon Saad,CBJ,L,2016-10-13,false,BOS,0,1,2,0,0,0,0,0,0,0,2,947,22,1,0,0,0,1,0,0
Bobby Ryan,OTT,R,2016-10-12,false,TOR,1,1,0,0,0,0,0,0,0,0,3,870,22,2,1,0,0,1,0,0
Derek Ryan,CAR,C,2016-11-12,false,WSH,0,0,0,0,0,0,0,0,0,0,1,870,18,1,0,0,0,0,9,6
Bryan Rust,PIT,R,2016-10-18,false,MTL,0,0,-2,0,0,0,0,0,0,0,2,741,19,1,0,0,0,0,0,0
Robbie Russo,DET,D,2017-03-07,false,TOR,0,0,0,0,0,0,0,0,0,0,0,944,19,1,1,0,1,0,0,0
Kris Russell,EDM,D,2016-10-12,false,CGY,0,2,3,0,0,0,0,0,0,0,1,1209,26,1,2,0,0,1,0,0
Chad Ruhwedel,PIT,D,2016-12-20,false,NYR,0,0,0,0,0,0,0,0,0,0,2,999,24,0,2,0,0,0,0,0
Michal Rozsival,CHI,D,2016-10-24,false,CGY,0,0,0,0,0,0,0,0,0,0,1,999,24,3,2,0,0,0,0,0
Carter Rowney,PIT,R,2017-01-31,false,NSH,0,0,-1,0,0,0,0,0,0,0,0,560,11,2,0,1,0,1,3,7
Antoine Roussel,DAL,L,2016-10-13,false,ANA,1,1,2,0,0,0,0,0,1,0,2,877,24,1,1,1,0,0,0,0
Jack Roslovic,WPG,C,2017-04-06,false,CBJ,0,0,-1,0,0,0,0,0,0,0,1,504,14,0,1,0,0,0,1,5
Kevin Rooney,NJD,C,2017-03-02,false,WSH,0,0,0,0,0,0,0,0,0,0,0,588,14,1,1,1,1,0,3,2
Evan Rodrigues,BUF,L,2016-11-15,false,STL,0,0,-1,0,0,0,0,0,0,0,1,659,15,0,0,0,0,0,0,0
Anton Rodin,VAN,R,2016-12-23,false,CGY,0,0,0,0,0,0,0,0,0,0,0,438,12,0,1,1,0,0,0,0
Brett Ritchie,DAL,R,2016-10-13,false,ANA,0,0,1,0,0,0,0,0,0,0,0,689,16,0,0,0,0,0,0,0
Nick Ritchie,ANA,L,2016-10-13,false,DAL,0,0,-1,2,0,0,0,0,0,0,4,1008,23,5,1,5,0,0,0,1
Rasmus Ristolainen,BUF,D,2016-10-13,false,MTL,0,1,-2,0,0,1,0,0,0,0,5,1397,31,2,1,1,1,1,0,0
Morgan Rielly,TOR,D,2016-10-12,false,OTT,0,1,2,0,0,0,0,0,0,0,2,1545,34,0,2,1,3,0,0,0
Tobias Rieder,ARI,R,2016-10-15,false,PHI,0,0,0,0,0,0,0,0,0,0,4,881,18,0,0,0,0,0,0,0
Mike Ribeiro,NSH,C,2016-10-14,false,CHI,0,0,0,0,0,0,0,0,0,0,0,782,17,2,1,0,2,0,2,4
Dan Renouf,DET,D,2017-03-27,false,CAR,0,0,0,0,0,0,0,0,0,0,1,815,18,3,0,0,0,0,0,0
Borna Rendulic,VAN,R,2017-02-28,false,DET,0,0,0,0,0,0,0,0,0,0,1,291,7,0,0,0,0,0,0,0
Sam Reinhart,BUF,C,2016-10-13,false,MTL,0,1,-1,0,0,1,0,0,0,0,3,1262,23,0,0,1,1,0,7,4
Mike Reilly,MIN,D,2016-10-13,false,STL,0,0,-1,0,0,0,0,0,0,0,0,849,17,0,0,2,0,0,0,0
Zach Redmond,MTL,D,2016-12-08,false,NJD,0,1,2,2,0,0,0,0,0,0,1,933,22,4,3,0,0,1,0,0
Ryan Reaves,STL,R,2016-10-12,false,CHI,0,0,-1,0,0,0,0,0,0,0,1,371,11,3,0,1,0,0,0,0
Matt Read,PHI,R,2016-10-14,false,LAK,0,0,0,0,0,0,0,0,0,0,4,757,17,1,0,0,1,0,0,0
Ty Rattie,STL,R,2016-10-18,false,VAN,0,0,0,0,0,0,0,0,0,0,1,482,10,0,0,0,0,0,0,0
Dennis Rasmussen,CHI,C,2016-10-15,false,NSH,0,0,0,0,0,0,0,0,0,0,1,755,21,2,3,1,0,0,0,1
Victor Rask,CAR,C,2016-10-13,false,WPG,1,0,0,0,1,0,0,0,0,0,3,1013,25,1,1,0,0,0,8,4
Mikko Rantanen,COL,R,2016-10-28,false,WPG,0,0,0,0,0,0,0,0,0,0,2,1096,22,0,2,1,0,1,1,0
Rickard Rakell,ANA,C,2016-11-01,false,LAK,1,2,2,0,0,1,0,0,1,0,2,892,21,2,1,0,0,0,1,0
Michael Raffl,PHI,L,2016-10-14,false,LAK,0,0,-1,0,0,0,0,0,0,0,2,917,21,3,1,1,1,0,0,0
Alexander Radulov,MTL,R,2016-10-13,false,BUF,0,0,0,4,0,0,0,0,0,0,1,945,20,0,1,0,0,1,0,0
Alan Quine,NYI,C,2016-10-16,false,ANA,0,0,0,0,0,0,0,0,0,0,1,518,12,2,0,0,1,1,3,2
Kyle Quincey,NJD,D,2016-10-13,false,FLA,0,0,1,0,0,0,0,0,0,0,1,1149,28,4,0,0,1,0,0,0
John Quenneville,NJD,C,2016-12-01,false,CHI,0,0,0,2,0,0,0,0,0,0,0,543,12,1,0,0,0,0,0,0
Mark Pysyk,FLA,D,2016-10-13,false,NJD,0,0,1,2,0,0,0,0,0,0,1,692,15,0,0,0,0,0,0,0
Tom Pyatt,OTT,L,2016-10-12,false,TOR,0,0,0,0,0,0,0,0,0,0,1,833,24,1,1,1,0,0,0,0
Teemu Pulkkinen,MIN,L,2016-10-13,false,STL,0,0,-1,0,0,0,0,0,0,0,0,440,10,0,0,2,0,0,0,0
Jesse Puljujarvi,EDM,R,2016-10-12,false,CGY,1,0,1,0,1,0,0,0,0,0,2,772,17,1,0,2,1,1,0,0
Matt Puempel,OTT,L,2016-10-17,false,DET,0,0,-1,0,0,0,0,0,0,0,1,539,13,1,0,1,0,1,0,0
Ivan Provorov,PHI,D,2016-10-14,false,LAK,0,1,0,0,0,0,0,0,0,0,1,1218,26,4,2,1,2,0,0,0
Dalton Prout,CBJ,D,2016-10-15,false,SJS,0,0,0,0,0,0,0,0,0,0,0,871,22,1,1,1,0,0,0,0
Nate Prosser,MIN,D,2016-10-22,false,NJD,0,0,-1,0,0,0,0,0,0,0,2,845,19,1,0,1,0,0,0,0
Shane Prince,NYI,L,2016-10-13,false,NYR,0,0,-2,0,0,0,0,0,0,0,1,783,17,0,0,0,0,0,0,0
Benoit Pouliot,EDM,L,2016-10-12,false,CGY,0,0,0,2,0,0,0,0,0,0,1,1002,25,0,1,2,1,0,0,0
Derrick Pouliot,PIT,D,2016-10-20,false,SJS,0,0,0,0,0,0,0,0,0,0,1,749,15,1,1,0,0,0,0,0
Andrew Poturalski,CAR,C,2017-04-04,false,MIN,0,0,-2,0,0,0,0,0,0,0,1,730,18,1,1,0,0,0,8,8
Paul Postma,WPG,D,2016-10-13,false,CAR,0,0,0,0,0,0,0,0,0,0,0,547,11,0,1,0,0,0,0,0
Kevin Porter,PIT,C,2017-04-08,false,TOR,0,0,-1,0,0,0,0,0,0,0,0,653,18,3,0,1,0,2,0,5
Jason Pominville,MIN,R,2016-10-13,false,STL,0,0,-1,0,0,0,0,0,0,0,0,933,22,0,0,1,0,0,0,0
Roman Polak,TOR,D,2016-10-20,false,MIN,1,0,1,0,0,0,0,0,0,0,2,958,24,1,7,0,1,0,0,0
Brayden Point,TBL,C,2016-10-13,false,DET,0,0,-1,0,0,0,0,0,0,0,1,972,19,0,0,0,0,0,0,0
Tomas Plekanec,MTL,C,2016-10-13,false,BUF,0,0,0,0,0,0,0,0,0,0,0,1085,28,1,1,0,1,1,6,15
Brandon Pirri,NYR,R,2016-10-13,false,NYI,1,1,1,0,1,0,0,0,1,0,2,657,16,0,0,2,0,0,0,3
Alex Pietrangelo,STL,D,2016-10-12,false,CHI,0,1,1,0,0,1,0,0,0,0,2,1589,30,1,2,1,2,1,0,0
Blake Pietila,NJD,L,2016-11-19,false,LAK,0,0,-1,0,0,0,0,0,0,0,0,858,18,3,0,0,0,0,4,5
Dion Phaneuf,OTT,D,2016-10-12,false,TOR,0,0,-1,2,0,0,0,0,0,0,0,1326,35,3,5,1,0,0,0,0
Jeff Petry,MTL,D,2016-10-15,false,OTT,2,0,0,0,1,0,0,0,0,0,3,1200,27,3,0,1,0,0,0,0
Alex Petrovic,FLA,D,2016-10-13,false,NJD,0,1,1,0,0,0,0,0,0,0,1,725,15,5,0,0,0,1,0,0
Nic Petan,WPG,L,2016-11-04,false,DET,0,0,-1,0,0,0,0,0,0,0,2,984,20,0,0,0,0,0,5,4
Brett Pesce,CAR,D,2016-10-13,false,WPG,0,0,0,0,0,0,0,0,0,0,0,1203,26,0,2,2,1,0,0,0
Corey Perry,ANA,R,2016-10-13,false,DAL,0,0,-1,0,0,0,0,0,0,0,0,1366,27,2,0,1,0,0,0,0
David Perron,STL,L,2016-10-12,false,CHI,0,0,0,0,0,0,0,0,0,0,4,1041,25,1,1,0,0,0,0,2
Mathieu Perreault,WPG,C,2016-10-13,false,CAR,1,0,0,0,0,0,0,0,0,0,4,1076,22,3,0,2,1,1,6,6
Brendan Perlini,ARI,L,2016-12-05,false,CBJ,0,0,0,2,0,0,0,0,0,0,0,825,18,1,0,1,0,0,0,0
Adam Pelech,NYI,D,2016-11-07,false,VAN,0,1,1,0,0,0,0,0,0,0,0,1028,19,2,1,1,1,1,0,0
Matthew Peca,TBL,C,2016-12-28,false,MTL,0,0,0,0,0,0,0,0,0,0,1,783,16,2,0,1,0,0,6,6
Tanner Pearson,LAK,L,2016-10-18,false,MIN,2,0,1,0,0,0,0,0,0,0,4,969,20,1,0,3,0,0,0,0
Joe Pavelski,SJS,C,2016-10-12,false,LAK,0,1,0,2,0,1,0,0,0,0,4,1004,24,4,2,3,0,1,5,4
Nick Paul,OTT,L,2017-04-09,false,NYI,0,0,-2,0,0,0,0,0,0,0,4,989,20,3,0,2,0,1,5,8
Greg Pateryn,MTL,D,2016-10-13,false,BUF,0,0,1,0,0,0,0,0,0,0,2,1366,28,0,2,1,0,3,0,0
David Pastrnak,BOS,R,2016-10-13,false,CBJ,2,2,6,0,0,0,0,0,0,0,8,911,20,1,0,0,0,0,0,1
Zach Parise,MIN,L,2016-10-13,false,STL,0,0,-1,0,0,0,0,0,0,0,3,1155,24,2,1,2,0,0,0,0
PA Parenteau,NJD,R,2016-10-13,false,FLA,1,0,1,2,0,0,0,0,0,0,3,651,17,1,0,0,2,0,0,0
Colton Parayko,STL,D,2016-10-12,false,CHI,0,0,0,2,0,0,0,0,0,0,4,1242,28,0,1,2,3,1,0,0
Cedric Paquette,TBL,C,2016-10-13,false,DET,1,1,1,0,0,0,0,0,0,0,3,614,16,5,0,0,0,1,0,0
Richard Panik,CHI,R,2016-10-12,false,STL,1,0,-1,0,1,0,0,0,0,0,2,903,23,4,0,1,1,0,0,1
Artemi Panarin,CHI,L,2016-10-12,false,STL,0,0,-2,0,0,0,0,0,0,0,2,1414,25,1,0,0,0,1,0,0
Kyle Palmieri,NJD,R,2016-10-13,false,FLA,0,0,-2,2,0,0,0,0,0,0,3,1024,23,3,0,0,2,2,0,0
Ondrej Palat,TBL,L,2016-10-13,false,DET,0,1,0,5,0,1,0,0,0,0,3,903,21,2,0,1,0,1,0,0
Iiro Pakarinen,EDM,R,2017-02-14,false,ARI,0,1,0,0,0,0,0,0,0,0,1,435,14,4,1,0,0,0,0,0
Jean-Gabriel Pageau,OTT,C,2016-10-12,false,TOR,0,0,0,0,0,0,0,0,0,0,1,897,24,1,2,1,1,1,3,6
Max Pacioretty,MTL,L,2016-10-13,false,BUF,0,1,2,0,0,0,0,0,0,0,1,1018,24,1,0,2,0,0,0,0
Magnus Paajarvi,STL,L,2016-10-13,false,MIN,1,0,1,0,0,0,0,0,1,0,2,442,14,0,1,0,0,0,1,0
Alex Ovechkin,WSH,L,2016-10-13,false,PIT,0,0,-1,0,0,0,0,0,0,0,5,1348,26,1,0,2,1,0,0,0
Xavier Ouellet,DET,D,2016-10-13,false,TBL,0,0,1,0,0,0,0,0,0,0,2,922,22,1,3,0,0,0,0,0
Steve Ott,DET,C,2016-10-13,false,TBL,0,0,0,6,0,0,0,0,0,0,0,568,17,0,0,0,0,0,3,3
T.J. Oshie,WSH,R,2016-10-13,false,PIT,0,0,-1,0,0,0,0,0,0,0,3,1202,25,1,0,2,2,0,2,1
Brooks Orpik,WSH,D,2016-10-13,false,PIT,0,0,0,0,0,0,0,0,0,0,1,941,19,3,3,1,0,0,0,0
Dmitry Orlov,WSH,D,2016-10-13,false,PIT,0,0,0,0,0,0,0,0,0,0,2,1199,24,1,0,0,1,0,0,0
Gustav Olofsson,MIN,D,2016-11-29,false,VAN,0,0,1,0,0,0,0,0,0,0,0,700,17,0,2,0,0,0,0,0
Steve Oleksy,PIT,D,2016-11-26,false,NJD,0,1,1,2,0,0,0,0,0,0,1,666,15,3,1,0,0,0,0,0
Jamie Oleksiak,DAL,D,2016-10-18,false,NSH,0,0,1,0,0,0,0,0,0,0,0,790,21,0,0,0,1,0,0,0
Kyle Okposo,BUF,R,2016-10-16,false,EDM,1,1,2,0,0,1,0,0,0,0,1,1153,24,0,0,1,0,0,0,1
Jordan Oesterle,EDM,D,2017-02-05,false,MTL,0,0,0,0,0,0,0,0,0,0,1,961,24,1,2,0,0,0,0,0
Johnny Oduya,DAL,D,2016-10-13,false,ANA,0,0,0,0,0,0,0,0,0,0,0,1202,26,0,2,0,0,0,0,0
Ryan O'Reilly,BUF,C,2016-10-13,false,MTL,0,0,-1,0,0,0,0,0,0,0,1,1364,24,1,1,1,2,1,9,2
Cal O'Reilly,BUF,C,2016-11-19,false,PIT,0,0,0,0,0,0,0,0,0,0,1,758,16,0,0,0,0,2,4,5
Daniel O'Regan,SJS,C,2016-11-21,false,NJD,0,0,0,0,0,0,0,0,0,0,1,736,15,0,1,1,0,1,7,6
Liam O'Brien,WSH,C,2017-01-09,false,MTL,0,0,0,0,0,0,0,0,0,0,0,368,8,1,0,0,1,0,0,0
Gustav Nyquist,DET,R,2016-10-13,false,TBL,0,1,1,0,0,0,0,0,0,0,0,1026,23,4,0,1,0,0,0,0
William Nylander,TOR,C,2016-10-12,false,OTT,0,2,3,2,0,0,0,0,0,0,3,989,24,0,1,1,0,0,4,4
Alexander Nylander,BUF,R,2017-04-03,false,TOR,0,0,0,0,0,0,0,0,0,0,0,868,16,0,0,1,1,1,0,0
Markus Nutivaara,CBJ,D,2016-10-13,false,BOS,0,0,-1,0,0,0,0,0,0,0,0,808,18,2,0,0,1,0,0,0
Darnell Nurse,EDM,D,2016-10-12,false,CGY,0,1,0,0,0,0,0,0,0,0,0,968,22,0,1,0,0,0,0,0
Ryan Nugent-Hopkins,EDM,C,2016-10-12,false,CGY,0,0,0,0,0,0,0,0,0,0,2,1003,24,2,0,1,0,1,3,14
Tomas Nosek,DET,L,2017-03-20,false,BUF,0,0,0,0,0,0,0,0,0,0,6,605,15,1,0,0,0,0,4,0
Joakim Nordstrom,CAR,L,2016-10-13,false,WPG,0,0,-2,2,0,0,0,0,0,0,0,931,24,0,0,0,1,1,0,0
Jordan Nolan,LAK,C,2016-10-12,false,SJS,0,0,0,0,0,0,0,0,0,0,1,669,15,2,0,0,0,0,0,0
Nelson Nogier,WPG,D,2017-03-21,false,PHI,0,0,0,0,0,0,0,0,0,0,1,736,17,3,0,0,1,0,0,0
Stefan Noesen,ANA,R,2016-12-07,false,CAR,1,0,1,0,0,0,0,0,0,0,2,461,12,2,0,0,0,0,0,6
Matt Niskanen,WSH,D,2016-10-13,false,PIT,0,1,1,0,0,0,0,0,0,0,2,1486,31,2,2,0,0,0,0,0
Matt Nieto,SJS,L,2016-10-12,false,LAK,0,0,0,0,0,0,0,0,0,0,3,600,15,0,3,2,0,0,0,0
Frans Nielsen,DET,C,2016-10-13,false,TBL,1,1,-2,0,0,1,0,0,0,0,2,934,23,1,1,0,1,0,6,8
Nino Niederreiter,MIN,R,2016-10-13,false,STL,0,0,0,0,0,0,0,0,0,0,1,823,21,3,0,1,1,0,0,0
Andrej Nestrasil,CAR,C,2016-10-13,false,WPG,0,0,-2,0,0,0,0,0,0,0,1,704,18,1,2,1,0,0,0,0
Nikita Nesterov,TBL,D,2016-10-13,false,DET,0,0,0,2,0,0,0,0,0,0,4,811,20,0,0,1,1,0,0,0
Aaron Ness,WSH,D,2017-02-24,false,EDM,0,0,0,0,0,0,0,0,0,0,0,637,15,1,0,0,1,0,0,0
Patrik Nemeth,DAL,D,2016-10-13,false,ANA,0,0,2,0,0,0,0,0,0,0,0,1175,25,2,3,1,1,0,0,0
Brock Nelson,NYI,C,2016-10-13,false,NYR,1,0,1,0,0,0,0,0,0,0,2,940,25,0,3,0,0,2,5,10
Casey Nelson,BUF,D,2016-10-13,false,MTL,0,0,-1,0,0,0,0,0,0,0,0,707,18,0,0,0,0,0,0,0
Chris Neil,OTT,R,2016-10-12,false,TOR,0,0,0,2,0,0,0,0,0,0,2,349,12,2,1,0,1,0,0,0
James Neal,NSH,L,2016-10-14,false,CHI,0,0,0,5,0,0,0,0,0,0,1,1106,20,0,0,0,2,0,0,0
Rick Nash,NYR,R,2016-10-13,false,NYI,0,0,0,0,0,0,0,0,0,0,3,980,26,0,1,1,2,2,0,0
Riley Nash,BOS,C,2016-10-13,false,CBJ,0,0,0,0,0,0,0,0,0,0,1,828,21,0,0,0,0,1,10,3
Vladislav Namestnikov,TBL,C,2016-10-13,false,DET,0,0,-1,0,0,0,0,0,0,0,0,929,18,0,0,0,0,0,0,1
Jake Muzzin,LAK,D,2016-10-12,false,SJS,0,0,-1,2,0,0,0,0,0,0,1,1457,31,3,1,0,0,0,0,0
Ryan Murray,CBJ,D,2016-10-13,false,BOS,0,0,-2,0,0,0,0,0,0,0,2,1192,26,1,4,0,0,0,0,0
Ryan Murphy,CAR,D,2016-11-01,false,OTT,0,0,-1,0,0,0,0,0,0,0,0,828,21,0,1,0,1,2,0,0
Connor Murphy,ARI,D,2016-10-15,false,PHI,0,0,1,0,0,0,0,0,0,0,1,1487,30,2,2,0,0,0,0,0
Mirco Mueller,SJS,D,2017-01-03,false,LAK,0,0,1,0,0,0,0,0,0,0,1,735,18,1,1,0,0,1,0,0
Matt Moulson,BUF,L,2016-10-13,false,MTL,1,0,-1,0,1,0,0,0,0,0,4,689,17,1,0,0,0,0,0,0
Tyler Motte,CHI,L,2016-10-12,false,STL,0,1,1,0,0,0,0,0,0,0,2,736,19,3,1,0,0,1,0,0
Joe Morrow,BOS,D,2016-10-20,false,NJD,0,0,1,0,0,0,0,0,0,0,1,968,20,2,1,2,0,0,0,0
Josh Morrissey,WPG,D,2016-10-13,false,CAR,0,0,0,0,0,0,0,0,0,0,2,885,20,2,0,0,0,0,0,0
Samuel Morin,PHI,D,2017-04-04,false,NJD,0,0,0,0,0,0,0,0,0,0,2,1067,24,7,0,1,0,1,0,0
Dominic Moore,BOS,C,2016-10-13,false,CBJ,0,0,0,0,0,0,0,0,0,0,2,678,19,0,0,0,0,0,2,0
John Moore,NJD,D,2016-10-13,false,FLA,0,0,-1,4,0,0,0,0,0,0,1,1149,28,2,3,2,0,0,0,0
Brandon Montour,ANA,D,2016-12-29,false,CGY,0,0,0,2,0,0,0,0,0,0,1,1074,21,0,1,0,0,0,0,0
Sean Monahan,CGY,C,2016-10-12,false,EDM,0,0,-2,0,0,0,0,0,0,0,3,1203,25,1,0,2,1,0,16,10
Griffen Molino,VAN,C,2017-03-31,false,LAK,0,0,0,0,0,0,0,0,0,0,1,573,15,0,0,1,0,0,0,0
Torrey Mitchell,MTL,C,2016-10-13,false,BUF,1,0,1,0,0,0,0,0,1,0,1,664,19,0,1,0,0,0,4,4
John Mitchell,COL,C,2016-10-28,false,WPG,0,0,0,0,0,0,0,0,0,0,1,718,15,0,1,1,0,0,4,1
Zack Mitchell,MIN,R,2016-11-10,false,PIT,0,0,0,0,0,0,0,0,0,0,1,557,13,3,1,1,0,0,0,0
Garrett Mitchell,WSH,R,2017-04-09,false,FLA,0,0,0,0,0,0,0,0,0,0,0,528,13,2,0,0,0,0,0,1
Drew Miller,DET,L,2016-10-13,false,TBL,0,0,0,0,0,0,0,0,0,0,0,701,20,0,0,0,0,0,0,0
Kevan Miller,BOS,D,2016-11-24,false,OTT,0,0,-1,0,0,0,0,0,0,0,1,1010,21,3,2,2,0,0,0,0
J.T. Miller,NYR,L,2016-10-13,false,NYI,1,0,1,0,0,0,0,0,0,0,4,1058,24,2,1,1,1,1,3,2
Colin Miller,BOS,D,2016-10-13,false,CBJ,0,0,-1,0,0,0,0,0,0,0,1,1257,25,0,2,1,0,0,0,0
Sonny Milano,CBJ,L,2016-11-09,false,ANA,0,0,-2,0,0,0,0,0,0,0,0,588,14,0,1,0,0,0,0,0
Zbynek Michalek,ARI,D,2017-03-20,false,NSH,0,0,0,0,0,0,0,0,0,0,0,955,23,3,3,0,1,0,0,0
Marc Methot,OTT,D,2016-10-12,false,TOR,0,0,2,0,0,0,0,0,0,0,2,1320,34,6,4,0,1,0,0,0
Jon Merrill,NJD,D,2016-11-17,false,ANA,0,0,-1,0,0,0,0,0,0,0,0,846,20,1,0,1,1,0,0,0
Julian Melchiori,WPG,D,2016-11-01,false,WSH,0,0,0,0,0,0,0,0,0,0,0,774,17,2,0,0,1,0,0,0
Timo Meier,SJS,R,2016-12-16,false,MTL,1,0,0,0,0,0,0,0,1,0,3,603,18,2,0,0,0,0,0,0
Jayson Megna,VAN,C,2016-10-25,false,OTT,0,0,-1,0,0,0,0,0,0,0,0,679,16,2,0,0,0,0,0,0
Jaycob Megna,ANA,D,2017-04-06,false,CHI,0,0,1,0,0,0,0,0,0,0,0,920,18,0,0,0,0,0,0,0
Wade Megan,STL,C,2016-12-22,false,TBL,1,0,2,0,0,0,0,0,0,0,1,580,15,1,0,0,0,0,5,4
Adam McQuaid,BOS,D,2016-10-25,false,MIN,0,0,-3,2,0,0,0,0,0,0,1,962,26,3,1,2,1,0,0,0
Mark McNeill,DAL,C,2017-04-08,false,COL,0,0,-1,0,0,0,0,0,0,0,1,829,17,0,1,0,1,0,0,2
Brayden McNabb,LAK,D,2016-10-12,false,SJS,0,0,0,0,0,0,0,0,0,0,1,1138,25,2,1,0,1,0,0,0
Cody McLeod,COL,L,2016-10-18,false,WSH,0,0,0,0,0,0,0,0,0,0,0,591,14,2,0,0,0,0,0,0
Curtis McKenzie,DAL,L,2016-10-18,false,NSH,0,1,1,0,0,0,0,0,0,0,2,472,13,1,0,0,0,0,0,1
Greg McKegg,FLA,C,2016-10-13,false,NJD,0,0,0,0,0,0,0,0,0,0,0,583,12,0,0,0,0,0,1,0
Dylan McIlrath,NYR,D,2016-10-17,false,SJS,0,0,0,4,0,0,0,0,0,0,0,554,13,2,0,0,0,0,0,0
Jamie McGinn,ARI,L,2016-10-25,false,NJD,0,1,0,0,0,0,0,0,0,0,2,862,22,1,3,1,0,0,0,0
Brock McGinn,CAR,L,2016-11-12,false,WSH,0,0,0,0,0,0,0,0,0,0,0,495,14,1,1,0,1,1,0,0
Evan McEneny,VAN,D,2017-02-25,false,SJS,0,0,-1,0,0,0,0,0,0,0,1,908,23,0,0,0,0,0,0,0
Colin McDonald,PHI,R,2017-04-01,false,NJD,1,0,1,0,0,0,0,0,0,0,2,450,12,3,0,0,0,0,0,1
Ryan McDonagh,NYR,D,2016-10-13,false,NYI,0,0,0,0,0,0,0,0,0,0,2,1391,34,1,2,0,0,0,0,0
Connor McDavid,EDM,C,2016-10-12,false,CGY,2,1,2,0,0,0,0,0,1,0,6,1407,32,0,0,2,2,0,9,10
Ian McCoshen,FLA,D,2017-04-06,false,STL,0,1,0,0,0,0,0,0,0,0,0,827,19,1,1,0,0,0,0,0
Max McCormick,OTT,R,2016-11-03,false,VAN,0,0,0,0,0,0,0,0,0,0,0,304,7,1,0,0,0,0,3,4
Jay McClement,CAR,C,2016-10-13,false,WPG,0,0,0,0,0,0,0,0,0,0,1,751,19,0,0,1,0,1,4,3
Michael McCarron,MTL,R,2016-12-16,false,SJS,0,1,0,0,0,0,0,0,0,0,2,745,17,5,1,0,0,1,2,2
Jared McCann,FLA,C,2016-10-13,false,NJD,0,0,0,0,0,0,0,0,0,0,3,656,15,0,0,0,0,0,1,1
Jake McCabe,BUF,D,2016-10-13,false,MTL,0,0,-1,0,0,0,0,0,0,0,0,1331,30,2,0,1,1,0,0,0
Scott Mayfield,NYI,D,2016-11-14,false,TBL,0,0,0,17,0,0,0,0,0,0,0,409,8,0,2,0,0,0,0,0
Shawn Matthias,WPG,L,2016-10-13,false,CAR,1,0,1,2,0,0,0,0,0,0,2,917,21,2,1,1,0,0,0,0
Auston Matthews,TOR,C,2016-10-12,false,OTT,4,0,3,0,0,0,0,0,0,0,6,1057,25,0,0,0,0,2,6,7
Michael Matheson,FLA,D,2016-10-13,false,NJD,0,1,0,0,0,0,0,0,0,0,1,1332,23,1,0,1,1,2,0,0
Andreas Martinsen,COL,L,2016-10-15,false,DAL,0,0,-1,0,0,0,0,0,0,0,1,862,22,4,0,1,0,1,0,0
Jordan Martinook,ARI,L,2016-10-15,false,PHI,0,1,0,0,0,0,0,1,0,0,1,936,23,2,0,0,0,1,0,2
Alec Martinez,LAK,D,2016-10-12,false,SJS,0,0,0,0,0,0,0,0,0,0,1,1277,29,1,5,1,0,0,0,0
Paul Martin,SJS,D,2016-10-12,false,LAK,0,0,1,0,0,0,0,0,0,0,0,1098,27,1,2,1,1,0,0,0
Matt Martin,TOR,L,2016-10-12,false,OTT,0,0,-1,7,0,0,0,0,0,0,1,641,16,5,0,0,0,1,0,1
Patrick Maroon,EDM,L,2016-10-12,false,CGY,1,0,1,2,0,0,0,0,0,0,4,946,23,2,0,0,0,0,0,0
Mitchell Marner,TOR,C,2016-10-12,false,OTT,0,0,-2,0,0,0,0,0,0,0,6,1056,23,0,1,2,0,2,0,0
Patrick Marleau,SJS,L,2016-10-12,false,LAK,0,0,0,0,0,0,0,0,0,0,4,1054,23,2,1,1,0,0,1,0
Andrei Markov,MTL,D,2016-10-13,false,BUF,0,0,1,0,0,0,0,0,0,0,1,1355,28,0,1,1,0,0,0,0
Martin Marincin,TOR,D,2016-10-12,false,OTT,0,0,-2,0,0,0,0,0,0,0,3,1200,29,1,1,2,0,0,0,0
Jonathan Marchessault,FLA,C,2016-10-13,false,NJD,1,0,1,0,0,0,0,0,0,0,2,1172,22,1,0,2,2,0,3,4
Alexey Marchenko,DET,D,2016-10-13,false,TBL,0,0,-1,0,0,0,0,0,0,0,0,1291,29,0,4,1,1,0,0,0
Brad Marchand,BOS,L,2016-10-13,false,CBJ,2,3,5,0,0,0,0,0,1,0,7,1032,22,1,1,1,0,1,0,0
Anthony Mantha,DET,R,2016-11-12,false,MTL,0,0,-1,0,0,0,0,0,0,0,2,1138,24,2,2,0,1,0,0,0
Josh Manson,ANA,D,2016-10-13,false,DAL,0,0,-1,2,0,0,0,0,0,0,0,989,25,2,0,0,0,0,0,0
Brandon Manning,PHI,D,2016-10-14,false,LAK,0,1,1,0,0,0,0,0,0,0,2,1097,25,3,0,1,1,0,0,0
Sean Malone,BUF,C,2017-04-08,false,FLA,0,0,0,0,0,0,0,0,0,0,1,732,15,0,1,0,1,0,5,3
Evgeni Malkin,PIT,C,2016-10-13,false,WSH,1,1,0,2,0,1,0,0,0,0,3,1305,30,1,2,0,2,1,5,17
Denis Malgin,FLA,C,2016-10-13,false,NJD,0,0,0,0,0,0,0,0,0,0,1,733,16,0,0,0,0,0,1,5
Nathan MacKinnon,COL,C,2016-10-15,false,DAL,1,1,2,0,0,1,0,0,0,0,1,961,24,0,0,1,1,1,9,8
Derek MacKenzie,FLA,C,2016-10-13,false,NJD,0,0,0,0,0,0,0,0,0,0,0,699,17,2,0,0,1,0,6,5
Andrew MacDonald,PHI,D,2016-10-14,false,LAK,0,0,1,2,0,0,0,0,0,0,1,1103,29,0,2,0,1,0,0,0
Clarke MacArthur,OTT,L,2017-04-04,false,DET,0,0,0,0,0,0,0,0,0,0,0,584,13,1,0,0,0,0,0,0
Olli Maatta,PIT,D,2016-10-13,false,WSH,0,0,-2,0,0,0,0,0,0,0,0,917,26,0,2,0,1,0,0,0
Roman Lyubimov,PHI,L,2016-10-18,false,CHI,0,0,-1,0,0,0,0,0,0,0,0,630,17,2,0,0,0,0,0,0
Milan Lucic,EDM,L,2016-10-12,false,CGY,0,0,0,5,0,0,0,0,0,0,2,1128,24,6,0,0,1,1,0,0
Adam Lowry,WPG,C,2016-10-13,false,CAR,0,0,0,0,0,0,0,0,0,0,0,1114,27,1,1,1,1,0,3,11
Ben Lovejoy,NJD,D,2016-10-13,false,FLA,0,0,-1,0,0,0,0,0,0,0,2,1302,30,3,4,0,0,0,0,0
Matt Lorito,DET,L,2017-04-08,false,MTL,0,1,1,0,0,0,0,0,0,0,2,852,19,0,0,1,0,0,0,0
Bryan Little,WPG,C,2016-10-13,false,CAR,0,1,1,0,0,0,0,0,0,0,1,168,4,0,0,0,0,0,2,1
Anton Lindholm,COL,D,2017-03-15,false,DET,0,0,1,0,0,0,0,0,0,0,0,862,22,3,1,1,0,0,0,0
Hampus Lindholm,ANA,D,2016-11-09,false,CBJ,0,0,-1,0,0,0,0,0,0,0,2,1113,22,0,1,1,0,0,0,0
Elias Lindholm,CAR,C,2016-10-13,false,WPG,0,0,0,0,0,0,0,0,0,0,1,1203,24,1,2,1,0,1,8,4
Esa Lindell,DAL,D,2016-10-18,false,NSH,0,0,1,0,0,0,0,0,0,0,1,824,20,0,0,1,0,0,0,0
Petteri Lindbohm,STL,D,2016-11-09,false,CHI,0,0,0,0,0,0,0,0,0,0,2,589,13,0,0,0,0,1,0,0
Oscar Lindberg,NYR,C,2016-10-23,false,ARI,0,0,0,0,0,0,0,0,0,0,1,637,15,1,2,0,0,0,7,2
John-Michael Liles,BOS,D,2016-10-13,false,CBJ,0,0,0,0,0,0,0,0,0,0,0,1333,25,1,6,0,0,0,0,0
Trevor Lewis,LAK,C,2016-10-12,false,SJS,0,0,0,0,0,0,0,0,0,0,2,935,20,0,2,1,0,2,1,1
Mark Letestu,EDM,C,2016-10-12,false,CGY,0,0,0,0,0,0,0,0,0,0,1,779,21,2,0,0,0,0,9,5
Kris Letang,PIT,D,2016-10-13,false,WSH,0,1,1,0,0,1,0,0,0,0,4,1840,32,5,4,0,0,1,0,0
Brett Lernout,MTL,D,2017-04-07,false,TBL,0,0,-1,0,0,0,0,0,0,0,2,845,20,4,0,1,0,0,0,0
Josh Leivo,TOR,L,2016-12-19,false,ANA,0,0,1,0,0,0,0,0,0,0,0,757,18,0,0,1,0,1,0,0
Jori Lehtera,STL,C,2016-10-12,false,CHI,0,0,1,0,0,0,0,0,0,0,4,1100,27,1,1,0,0,0,10,5
Artturi Lehkonen,MTL,L,2016-10-13,false,BUF,0,0,0,0,0,0,0,0,0,0,5,990,24,1,0,0,0,0,0,0
Anders Lee,NYI,L,2016-10-13,false,NYR,0,0,-2,0,0,0,0,0,0,0,0,794,19,5,1,3,0,0,0,0
Nick Leddy,NYI,D,2016-10-13,false,NYR,1,0,-3,0,0,0,0,0,0,0,3,1383,27,3,3,0,0,0,0,0
Curtis Lazar,OTT,C,2016-11-19,false,FLA,0,0,-1,0,0,0,0,0,0,0,3,672,16,3,0,0,0,1,1,4
Adam Larsson,EDM,D,2016-10-12,false,CGY,0,1,2,0,0,0,0,0,0,0,0,1280,27,2,0,0,3,1,0,0
Philip Larsen,VAN,D,2016-10-15,false,CGY,0,0,0,0,0,0,0,0,0,0,3,1034,23,0,0,2,0,0,0,0
Dylan Larkin,DET,C,2016-10-13,false,TBL,0,1,0,2,0,0,0,0,0,0,4,1045,24,1,2,0,0,0,12,14
Nick Lappin,NJD,R,2016-10-28,false,CHI,0,0,0,0,0,0,0,0,0,0,1,430,12,1,0,0,0,1,0,0
Gabriel Landeskog,COL,L,2016-10-15,false,DAL,0,1,2,0,0,0,0,0,0,0,1,1031,25,3,0,1,0,2,4,0
Anton Lander,EDM,C,2016-10-14,false,CGY,0,0,0,0,0,0,0,0,0,0,1,571,17,0,3,0,0,0,1,2
Patrik Laine,WPG,R,2016-10-13,false,CAR,1,1,0,0,1,0,0,0,0,0,2,1107,22,2,0,0,3,1,0,0
Andrew Ladd,NYI,L,2016-10-13,false,NYR,0,0,-2,0,0,0,0,0,0,0,4,1071,26,0,0,0,1,0,0,0
Kevin Labanc,SJS,R,2016-11-08,false,WSH,0,0,1,2,0,0,0,0,0,0,1,803,18,0,0,0,0,0,0,0
Paul LaDue,LAK,D,2017-02-07,false,TBL,0,0,-2,0,0,0,0,0,0,0,0,971,24,1,1,0,0,0,0,0
Joseph LaBate,VAN,C,2016-11-23,false,ARI,0,0,0,0,0,0,0,0,0,0,0,355,9,3,0,0,0,0,0,0
Evgeny Kuznetsov,WSH,C,2016-10-13,false,PIT,0,0,0,0,0,0,0,0,0,0,1,1202,28,0,1,0,0,0,10,12
Sean Kuraly,BOS,C,2016-11-03,false,TBL,0,0,-1,0,0,0,0,0,0,0,0,427,11,0,0,0,0,0,0,2
Chris Kunitz,PIT,L,2016-10-13,false,WSH,0,0,-1,0,0,0,0,0,0,0,4,942,21,7,0,0,1,1,0,1
Dmitry Kulikov,BUF,D,2016-10-16,false,EDM,0,0,-2,0,0,0,0,0,0,0,1,1151,29,0,0,0,0,0,0,0
Nikolay Kulemin,NYI,L,2016-10-13,false,NYR,0,1,2,0,0,0,0,0,0,0,3,755,21,2,0,1,0,0,1,0
Brett Kulak,CGY,D,2016-10-15,false,VAN,0,0,1,0,0,0,0,0,0,0,1,827,21,0,2,0,0,0,0,0
Tom Kuhnhackl,PIT,R,2016-10-13,false,WSH,0,0,-1,2,0,0,0,0,0,0,0,465,12,5,0,0,0,0,0,0
Nikita Kucherov,TBL,R,2016-10-13,false,DET,0,0,1,0,0,0,0,0,0,0,3,1123,25,0,0,3,1,0,0,0
Marcus Kruger,CHI,C,2016-10-12,false,STL,0,1,1,0,0,0,0,0,0,0,0,664,17,1,0,0,0,2,5,6
Torey Krug,BOS,D,2016-10-13,false,CBJ,0,0,-1,0,0,0,0,0,0,0,3,1241,24,1,1,1,0,1,0,0
Niklas Kronwall,DET,D,2016-11-04,false,WPG,0,0,0,0,0,0,0,0,0,0,2,1094,22,2,1,1,0,0,0,0
David Krejci,BOS,C,2016-10-13,false,CBJ,0,1,0,0,0,0,0,0,0,0,1,1139,21,0,1,1,0,1,11,5
Chris Kreider,NYR,L,2016-10-13,false,NYI,1,1,-1,2,0,1,0,0,0,0,7,971,26,4,1,1,0,1,0,0
Kalle Kossila,ANA,L,2017-01-25,false,EDM,0,0,0,0,0,0,0,0,0,0,1,414,11,1,0,0,0,0,3,4
Lauri Korpikoski,DAL,L,2016-10-13,false,ANA,1,0,1,0,0,0,0,0,0,0,1,603,17,0,0,0,0,1,0,0
Anze Kopitar,LAK,C,2016-10-12,false,SJS,0,1,-1,0,0,1,0,0,0,0,0,1128,22,1,3,2,2,1,8,9
Travis Konecny,PHI,C,2016-10-14,false,LAK,0,2,1,0,0,0,0,0,0,0,3,788,18,2,0,1,0,0,0,0
Leo Komarov,TOR,C,2016-10-12,false,OTT,0,0,-1,0,0,0,0,0,0,0,2,1052,25,5,0,1,0,0,0,0
Mikko Koivu,MIN,C,2016-10-13,false,STL,0,0,-1,2,0,0,0,0,0,0,1,1094,24,0,2,0,0,1,11,8
Slater Koekkoek,TBL,D,2016-11-01,false,NYI,0,2,2,2,0,0,0,0,0,0,0,792,19,1,2,0,0,0,0,0
John Klingberg,DAL,D,2016-10-13,false,ANA,0,0,1,0,0,0,0,0,0,0,1,1317,28,0,1,1,0,0,0,0
Kevin Klein,NYR,D,2016-10-19,false,DET,0,0,0,0,0,0,0,0,0,0,1,1159,24,1,2,1,0,2,0,0
Oscar Klefbom,EDM,D,2016-10-12,false,CGY,0,1,1,0,0,0,0,0,0,0,0,1487,29,0,2,0,1,0,0,0
Dwight King,LAK,L,2016-10-12,false,SJS,0,0,0,0,0,0,0,0,0,0,0,922,20,2,0,0,1,0,0,0
Jakub Kindl,FLA,D,2016-11-19,false,OTT,0,0,0,2,0,0,0,0,0,0,1,1058,23,5,0,0,1,0,0,0
Alex Killorn,TBL,L,2016-10-13,false,DET,1,1,0,0,1,1,0,0,1,0,3,1221,26,2,0,0,1,1,0,0
Jujhar Khaira,EDM,L,2017-01-12,false,NJD,0,0,-1,0,0,0,0,0,0,0,2,494,12,1,0,1,0,1,1,2
Phil Kessel,PIT,R,2016-10-13,false,WSH,0,0,0,0,0,0,0,0,0,0,3,1218,29,0,1,0,0,0,0,0
Ryan Kesler,ANA,C,2016-10-13,false,DAL,0,1,0,0,0,0,0,0,0,0,2,1221,29,0,1,0,0,0,11,7
Tanner Kero,CHI,C,2016-12-23,false,COL,0,0,0,0,0,0,0,0,0,0,1,666,17,0,1,0,0,1,4,7
Nicolas Kerdiles,ANA,L,2017-02-22,false,BOS,0,0,1,0,0,0,0,0,0,0,0,668,17,0,2,1,2,0,1,0
Michal Kempny,CHI,D,2016-10-12,false,STL,0,0,-1,0,0,0,0,0,0,0,0,1124,24,2,1,0,0,0,0,0
Adrian Kempe,LAK,L,2017-02-16,false,ARI,0,0,-1,0,0,0,0,0,0,0,2,918,20,2,0,1,0,0,0,0
Chris Kelly,OTT,C,2016-10-12,false,TOR,0,0,0,0,0,0,0,0,0,0,1,818,22,1,0,1,0,1,4,6
Clayton Keller,ARI,C,2017-03-27,false,STL,0,0,0,0,0,0,0,0,0,0,0,849,21,0,0,0,0,0,0,0
Duncan Keith,CHI,D,2016-10-12,false,STL,0,0,-1,2,0,0,0,0,0,0,1,1534,26,1,1,1,0,0,0,0
Bracken Kearns,NYI,C,2017-02-23,false,MTL,0,0,0,2,0,0,0,0,0,0,2,612,16,5,2,0,0,0,3,3
Zack Kassian,EDM,R,2016-10-12,false,CGY,1,0,1,2,0,0,0,0,0,0,1,622,19,3,0,0,0,2,0,0
Ondrej Kase,ANA,R,2016-11-02,false,PIT,0,0,-1,0,0,0,0,0,0,0,2,522,16,1,0,0,1,0,0,0
Melker Karlsson,SJS,C,2016-10-12,false,LAK,0,0,0,0,0,0,0,0,0,0,0,736,19,0,3,1,1,2,0,0
William Karlsson,CBJ,C,2016-10-13,false,BOS,0,0,0,0,0,0,0,0,0,0,3,713,20,2,0,1,0,0,5,8
Erik Karlsson,OTT,D,2016-10-12,false,TOR,1,2,3,0,0,0,0,0,0,0,8,1656,39,1,3,1,2,1,0,0
Michael Kapla,NJD,D,2017-03-31,false,NYI,0,0,0,0,0,0,0,0,0,0,0,907,21,0,1,0,1,0,0,0
Kasperi Kapanen,TOR,R,2017-03-28,false,FLA,0,0,0,0,0,0,0,0,0,0,2,698,19,2,1,0,0,0,0,0
Evander Kane,BUF,L,2016-10-13,false,MTL,0,0,0,0,0,0,0,0,0,0,3,763,14,3,0,0,0,0,2,0
Patrick Kane,CHI,R,2016-10-12,false,STL,0,0,-2,0,0,0,0,0,0,0,2,1396,24,1,0,0,0,0,0,1
Steven Kampfer,FLA,D,2016-10-29,false,BUF,0,0,-1,4,0,0,0,0,0,0,0,1008,19,1,1,1,1,0,0,0
Vladislav Kamenev,NSH,L,2017-01-06,false,FLA,0,0,-1,2,0,0,0,0,0,0,1,621,14,1,0,1,0,0,2,6
Sergey Kalinin,NJD,C,2016-10-22,false,MIN,0,0,0,0,0,0,0,0,0,0,0,731,16,1,0,0,0,0,1,0
Nazem Kadri,TOR,C,2016-10-12,false,OTT,0,0,-1,0,0,0,0,0,0,0,0,1037,23,0,0,1,1,1,9,4
Tomas Jurco,DET,L,2016-11-29,false,DAL,0,0,0,0,0,0,0,0,0,0,1,562,14,1,0,1,0,0,0,0
Tyson Jost,COL,C,2017-03-31,false,STL,0,0,0,0,0,0,0,0,0,0,2,805,20,1,1,1,0,1,5,5
Roman Josi,NSH,D,2016-10-14,false,CHI,1,1,-1,0,1,1,0,0,0,0,5,1675,26,1,2,0,0,0,0,0
Jacob Josefson,NJD,C,2016-10-13,false,FLA,0,0,1,2,0,0,0,0,0,0,1,673,16,0,0,0,1,0,1,0
Josh Jooris,NYR,R,2016-10-17,false,SJS,0,0,0,0,0,0,0,0,0,0,2,599,15,3,2,0,1,1,5,1
Seth Jones,CBJ,D,2016-10-13,false,BOS,1,1,-1,0,0,0,0,0,0,0,2,1386,28,0,1,1,1,3,0,0
Connor Jones,NYI,C,2017-04-02,false,BUF,0,0,1,0,0,0,0,0,0,0,2,673,18,3,0,1,1,1,1,1
Jyrki Jokipakka,CGY,D,2016-10-14,false,EDM,1,0,1,0,0,0,0,0,0,0,2,975,25,0,0,0,0,0,0,0
Jussi Jokinen,FLA,L,2016-10-13,false,NJD,0,0,0,4,0,0,0,0,0,0,2,1112,24,0,0,0,3,1,1,1
Ryan Johnston,MTL,D,2016-12-29,false,FLA,0,0,0,2,0,0,0,0,0,0,1,704,18,0,1,1,1,0,0,0
Erik Johnson,COL,D,2016-10-15,false,DAL,0,1,1,0,0,1,0,0,0,0,4,1226,32,0,3,0,0,0,0,0
Tyler Johnson,TBL,C,2016-10-13,false,DET,1,0,0,0,1,0,0,0,0,0,2,1149,24,1,0,2,0,1,14,9
Jack Johnson,CBJ,D,2016-10-13,false,BOS,0,0,-2,0,0,0,0,0,0,0,2,1113,23,4,3,0,0,0,0,0
Stephen Johns,DAL,D,2016-10-13,false,ANA,1,0,0,0,0,0,0,0,0,0,4,1044,24,1,1,1,1,0,0,0
Marcus Johansson,WSH,L,2016-10-13,false,PIT,0,1,2,0,0,0,0,0,0,0,2,1189,25,0,0,1,0,0,1,0
Ryan Johansen,NSH,C,2016-10-14,false,CHI,0,3,-1,0,0,3,0,0,0,0,2,1150,21,1,1,0,0,0,12,5
Nick Jensen,DET,D,2016-12-20,false,TBL,0,1,0,0,0,0,0,0,0,0,2,933,23,1,0,2,0,1,0,0
Nicklas Jensen,NYR,R,2016-12-08,false,WPG,0,0,0,0,0,0,0,0,0,0,0,511,14,1,1,0,0,0,0,0
Boone Jenner,CBJ,C,2016-10-13,false,BOS,0,0,-4,2,0,0,0,0,0,0,2,1051,22,5,3,0,1,0,1,0
Dmitrij Jaskin,STL,R,2016-10-12,false,CHI,0,0,0,0,0,0,0,0,0,0,0,734,16,1,1,0,0,1,0,0
Calle Jarnkrok,NSH,C,2016-10-14,false,CHI,0,0,-1,0,0,0,0,0,0,0,0,671,19,0,1,0,0,1,1,1
Jaromir Jagr,FLA,R,2016-10-13,false,NJD,0,0,1,0,0,0,0,0,0,0,7,1173,24,0,0,1,3,0,0,0
Matt Irwin,NSH,D,2016-10-27,false,LAK,0,0,0,0,0,0,0,0,0,0,0,735,19,3,0,0,0,0,0,0
Jarome Iginla,COL,R,2016-10-15,false,DAL,0,0,1,0,0,0,0,0,0,0,2,862,21,2,0,1,2,1,0,0
Zach Hyman,TOR,C,2016-10-12,false,OTT,0,1,4,0,0,0,0,0,0,0,0,879,23,0,0,3,0,0,0,1
Ben Hutton,VAN,D,2016-10-15,false,CGY,0,0,-1,0,0,0,0,0,0,0,2,1389,31,0,1,1,1,0,0,0
Matt Hunwick,TOR,D,2016-10-12,false,OTT,0,0,0,0,0,0,0,0,0,0,0,131,2,1,0,0,0,0,0,0
Brad Hunt,STL,D,2016-12-09,false,NJD,0,1,1,0,0,0,0,0,0,0,1,762,22,0,0,0,0,0,0,0
Jiri Hudler,DAL,R,2016-10-13,false,ANA,0,0,-1,0,0,0,0,0,0,0,0,879,24,0,0,1,1,1,0,0
Jonathan Huberdeau,FLA,L,2017-02-03,false,ANA,1,0,1,0,0,0,0,0,1,0,6,1050,24,3,0,0,0,0,1,0
Marek Hrivik,NYR,L,2016-12-06,false,NYI,0,0,-1,0,0,0,0,0,0,0,2,607,15,0,1,0,2,0,1,2
Marian Hossa,CHI,R,2016-10-12,false,STL,0,1,0,0,0,1,0,0,0,0,3,1017,26,0,0,0,0,1,0,0
Bo Horvat,VAN,C,2016-10-15,false,CGY,0,0,0,0,0,0,0,0,0,0,2,1019,27,1,0,0,0,1,6,11
Patric Hornqvist,PIT,R,2016-10-13,false,WSH,1,0,1,0,1,0,0,0,0,0,4,921,22,7,1,0,0,0,0,0
Julius Honka,DAL,D,2016-11-21,false,MIN,0,1,1,0,0,0,0,0,0,0,5,1261,24,0,1,2,0,0,0,0
Korbinian Holzer,ANA,D,2016-10-15,false,PIT,0,0,-1,0,0,0,0,0,0,0,1,812,19,2,0,1,0,0,0,0
Peter Holland,TOR,C,2016-10-12,false,OTT,0,0,-1,0,0,0,0,0,0,0,1,696,16,0,1,0,0,0,7,6
Nick Holden,NYR,D,2016-10-13,false,NYI,0,1,1,0,0,0,0,0,0,0,1,1319,32,4,1,0,1,1,0,0
Mike Hoffman,OTT,L,2016-10-12,false,TOR,0,0,-1,0,0,0,0,0,0,0,1,1014,19,1,0,2,0,1,0,0
Joshua Ho-Sang,NYI,R,2017-03-02,false,DAL,0,0,0,0,0,0,0,0,0,0,2,1021,23,0,0,1,0,0,0,0
Niklas Hjalmarsson,CHI,D,2016-10-14,false,NSH,1,0,1,0,0,0,0,0,0,0,2,1279,26,0,1,0,1,1,0,0
Vinnie Hinostroza,CHI,L,2016-10-12,false,STL,0,0,0,0,0,0,0,0,0,0,0,467,13,1,1,0,1,3,1,1
Thomas Hickey,NYI,D,2016-10-13,false,NYR,0,0,1,2,0,0,0,0,0,0,0,1070,25,1,0,0,0,0,0,0
Tomas Hertl,SJS,C,2016-10-12,false,LAK,0,0,0,0,0,0,0,0,0,0,2,1067,23,6,0,2,2,0,0,1
Adam Henrique,NJD,C,2016-10-13,false,FLA,0,0,-1,0,0,0,0,0,0,0,1,1252,27,0,1,1,0,1,8,11
Matt Hendricks,EDM,L,2016-11-19,false,DAL,0,1,1,0,0,0,0,0,0,0,1,614,19,1,1,1,0,0,0,0
Ales Hemsky,DAL,R,2016-10-22,false,CBJ,0,0,0,0,0,0,0,0,0,0,1,932,25,0,0,2,0,0,0,0
Darren Helm,DET,C,2016-10-13,false,TBL,0,1,2,0,0,0,0,0,0,0,1,1025,26,2,1,0,1,0,4,9
Seth Helgeson,NJD,D,2016-12-22,false,PHI,0,0,1,5,0,0,0,0,0,0,0,607,17,0,0,0,0,0,0,0
Tim Heed,SJS,D,2017-01-11,false,CGY,0,0,0,0,0,0,0,0,0,0,1,989,19,0,2,0,0,1,0,0
Victor Hedman,TBL,D,2016-10-13,false,DET,0,2,2,0,0,2,0,0,0,0,3,1446,30,1,4,3,2,0,0,0
Kevin Hayes,NYR,C,2016-10-13,false,NYI,0,1,1,0,0,0,0,0,0,0,0,1024,24,2,0,0,0,0,3,5
Jimmy Hayes,BOS,R,2016-10-13,false,CBJ,0,0,-1,0,0,0,0,0,0,0,3,783,17,2,0,0,0,1,0,0
John Hayden,CHI,L,2017-03-16,false,OTT,0,0,0,0,0,0,0,0,0,0,1,524,16,3,0,0,1,1,0,0
Erik Haula,MIN,L,2016-10-13,false,STL,0,0,0,2,0,0,0,0,0,0,1,867,23,0,0,0,0,0,3,9
Garnet Hathaway,CGY,R,2016-11-15,false,MIN,0,0,0,2,0,0,0,0,0,0,1,539,12,1,1,0,0,0,1,0
Scott Hartnell,CBJ,L,2016-10-13,false,BOS,0,0,-1,0,0,0,0,0,0,0,1,793,17,0,0,0,0,0,0,0
Ryan Hartman,CHI,L,2016-10-12,false,STL,1,0,1,0,0,0,0,0,0,0,2,513,12,1,1,1,0,1,0,0
Scott Harrington,CBJ,D,2016-11-15,false,WSH,0,0,0,0,0,0,0,0,0,0,0,917,18,1,2,2,0,0,0,0
Ben Harpur,OTT,D,2016-12-14,false,SJS,0,0,-1,0,0,0,0,0,0,0,0,635,19,1,2,0,0,0,0,0
Martin Hanzal,ARI,C,2016-10-15,false,PHI,1,1,1,0,0,0,0,0,0,0,7,1228,24,3,0,3,0,0,8,6
Jannik Hansen,VAN,R,2016-10-15,false,CGY,0,0,0,0,0,0,0,0,0,0,1,1075,25,0,0,1,1,0,0,0
Markus Hannikainen,CBJ,L,2016-11-23,false,CGY,0,0,-1,0,0,0,0,0,0,0,2,587,16,3,0,0,0,0,0,0
Noah Hanifin,CAR,D,2016-10-13,false,WPG,0,1,-2,0,0,1,0,0,0,0,2,878,20,0,1,1,1,0,0,0
Travis Hamonic,NYI,D,2016-10-13,false,NYR,0,1,-3,0,0,0,0,0,0,0,0,1321,28,1,0,1,0,0,0,0
Dougie Hamilton,CGY,D,2016-10-12,false,EDM,0,0,-2,4,0,0,0,0,0,0,4,1056,30,2,0,1,0,0,0,0
Freddie Hamilton,CGY,C,2016-10-22,false,STL,0,0,1,0,0,0,0,0,0,0,0,456,11,2,0,2,0,0,2,1
Dan Hamhuis,DAL,D,2016-10-13,false,ANA,0,1,1,2,0,0,0,0,0,0,2,1195,27,2,0,0,0,0,0,0
Taylor Hall,NJD,L,2016-10-13,false,FLA,0,0,-1,0,0,0,0,0,0,0,2,1238,27,0,0,0,0,0,0,0
Micheal Haley,SJS,C,2016-10-18,false,NYI,0,1,1,0,0,0,0,0,0,0,0,539,11,3,0,0,0,0,0,0
Ron Hainsey,CAR,D,2016-10-13,false,WPG,0,0,-1,2,0,0,0,0,0,0,1,1351,26,1,0,1,0,0,0,0
Robert Hagg,PHI,D,2017-04-09,false,CAR,0,0,0,0,0,0,0,0,0,0,5,1279,27,4,3,1,0,0,0,0
Carl Hagelin,PIT,L,2016-10-13,false,WSH,0,0,0,0,0,0,0,0,0,0,1,1187,28,1,0,0,1,0,0,0
Denis Gurianov,DAL,R,2017-04-08,false,COL,0,0,-1,0,0,0,0,0,0,0,0,786,17,1,3,1,0,0,0,0
Carl Gunnarsson,STL,D,2016-10-13,false,MIN,0,0,-1,0,0,0,0,0,0,0,2,695,17,1,0,0,0,0,0,0
Jake Guentzel,PIT,C,2016-11-21,false,NYR,2,0,1,0,0,0,0,0,0,0,5,938,20,4,0,0,0,0,2,2
Radko Gudas,PHI,D,2016-10-25,false,BUF,0,0,-1,0,0,0,0,0,0,0,1,1107,27,3,0,2,0,0,0,0
Eric Gryba,EDM,D,2016-10-14,false,CGY,0,0,0,0,0,0,0,0,0,0,0,946,21,2,0,0,0,0,0,0
Rocco Grimaldi,COL,C,2016-12-03,false,DAL,0,0,0,0,0,0,0,0,0,0,3,489,10,1,2,0,0,0,0,0
Mikhail Grigorenko,COL,C,2016-10-15,false,DAL,0,1,1,0,0,1,0,0,0,0,5,922,20,1,1,3,0,0,0,0
Seth Griffith,TOR,C,2016-10-27,false,FLA,0,0,0,0,0,0,0,0,0,0,0,549,12,2,0,2,0,0,0,0
Alexandre Grenier,VAN,R,2017-02-25,false,SJS,0,0,-1,0,0,0,0,0,0,0,1,490,13,1,0,1,0,0,0,0
Andy Greene,NJD,D,2016-10-13,false,FLA,0,0,0,0,0,0,0,0,0,0,2,1331,29,0,2,0,1,0,0,0
Matt Greene,LAK,D,2016-10-12,false,SJS,0,0,0,2,0,0,0,0,0,0,1,793,22,6,0,0,0,0,0,0
Mike Green,DET,D,2016-10-13,false,TBL,0,2,1,2,0,0,0,0,0,0,1,1343,29,3,0,0,1,0,0,0
Kevin Gravel,LAK,D,2016-11-03,false,PIT,0,0,1,0,0,0,0,0,0,0,1,805,20,4,1,1,0,0,0,0
Tyler Graovac,MIN,C,2016-10-29,false,DAL,1,0,1,0,0,0,0,0,0,0,1,552,15,1,0,1,0,0,4,4
Derek Grant,BUF,C,2016-10-13,false,MTL,0,0,-1,0,0,0,0,0,0,0,0,835,19,1,0,1,0,0,9,9
Mikael Granlund,MIN,C,2016-10-13,false,STL,0,0,-1,0,0,0,0,0,0,0,0,1040,22,2,0,1,0,0,0,0
Markus Granlund,VAN,C,2016-10-15,false,CGY,0,0,0,0,0,0,0,0,0,0,1,909,22,0,0,0,1,1,5,5
Petter Granberg,NSH,D,2016-12-03,false,NJD,0,0,-1,4,0,0,0,0,0,0,0,563,13,2,1,0,0,0,0,0
Michael Grabner,NYR,R,2016-10-13,false,NYI,1,0,0,0,0,0,0,0,0,0,1,647,20,2,0,0,2,1,0,0
Yanni Gourde,TBL,C,2016-12-29,false,TOR,0,0,0,0,0,0,0,0,0,0,1,589,14,0,0,1,0,1,0,0
Shayne Gostisbehere,PHI,D,2016-10-14,false,LAK,0,1,1,0,0,0,0,0,0,0,2,1257,29,1,2,1,2,1,0,0
Josh Gorges,BUF,D,2016-10-13,false,MTL,0,0,-2,4,0,0,0,0,0,0,1,1086,28,0,1,1,0,0,0,0
Boyd Gordon,PHI,C,2016-10-14,false,LAK,1,0,1,0,0,0,0,0,0,0,1,712,18,1,0,0,0,0,3,4
Barclay Goodrow,SJS,R,2017-01-24,false,WPG,0,0,0,0,0,0,0,0,0,0,1,594,16,1,1,0,1,1,0,0
Cody Goloubef,COL,D,2016-12-06,false,NSH,0,0,-2,4,0,0,0,0,0,0,0,1213,28,1,3,0,0,0,0,0
Alex Goligoski,ARI,D,2016-10-15,false,PHI,0,1,-2,0,0,1,0,0,0,0,3,1497,28,2,4,1,0,0,0,0
Nikolay Goldobin,SJS,R,2017-02-18,false,ARI,0,0,0,0,0,0,0,0,0,0,4,713,18,1,1,0,0,2,0,0
Luke Glendening,DET,C,2016-10-13,false,TBL,0,0,0,0,0,0,0,0,0,0,1,720,22,1,3,0,0,2,6,4
Tanner Glass,NYR,L,2017-03-06,false,TBL,0,0,0,5,0,0,0,0,0,0,0,317,10,2,0,1,0,0,0,0
Claude Giroux,PHI,C,2016-10-14,false,LAK,0,0,-1,0,0,0,0,0,0,0,2,1037,25,3,0,0,0,0,11,14
Zemgus Girgensons,BUF,C,2016-10-13,false,MTL,0,0,-1,0,0,0,0,0,0,0,1,699,18,2,0,0,0,0,6,5
Dan Girardi,NYR,D,2016-10-13,false,NYI,0,0,0,0,0,0,0,0,0,0,1,1029,30,2,3,0,1,0,0,0
Mark Giordano,CGY,D,2016-10-12,false,EDM,0,1,-1,2,0,0,0,1,0,0,3,1407,34,1,2,0,0,3,0,0
Brian Gionta,BUF,R,2016-10-13,false,MTL,0,0,-1,0,0,0,0,0,0,0,0,952,18,2,0,0,1,1,0,1
Stephen Gionta,NYI,R,2017-01-16,false,BOS,0,0,0,0,0,0,0,0,0,0,1,767,19,1,2,0,0,0,0,0
Tom Gilbert,LAK,D,2016-10-18,false,MIN,0,1,-1,0,0,0,0,0,0,0,1,1139,23,1,0,1,1,0,0,0
Ryan Getzlaf,ANA,C,2016-10-13,false,DAL,0,0,-1,0,0,0,0,0,0,0,10,1468,27,1,2,1,0,1,15,5
Eric Gelinas,COL,D,2016-10-22,false,FLA,0,0,0,2,0,0,0,0,0,0,0,799,15,0,0,1,0,0,0,0
Luke Gazdic,NJD,L,2016-12-15,false,STL,0,0,0,0,0,0,0,0,0,0,0,229,7,0,1,0,0,0,0,0
Frederik Gauthier,TOR,C,2016-12-19,false,ANA,0,0,0,0,0,0,0,0,0,0,1,643,18,0,1,0,0,0,7,10
Brendan Gaunce,VAN,C,2016-10-15,false,CGY,0,0,0,0,0,0,0,0,0,0,1,631,15,0,0,0,0,0,0,0
Cameron Gaunce,PIT,D,2017-01-18,false,MTL,0,1,1,0,0,0,0,0,0,0,1,559,16,0,1,0,0,0,0,0
Johnny Gaudreau,CGY,L,2016-10-12,false,EDM,0,0,-3,0,0,0,0,0,0,0,4,1106,22,1,0,0,1,0,0,0
Frederick Gaudreau,NSH,C,2016-10-22,false,PIT,0,0,0,0,0,0,0,0,0,0,0,541,12,0,3,0,1,0,1,2
Jason Garrison,TBL,D,2016-10-13,false,DET,0,0,-1,2,0,0,0,0,0,0,1,1068,23,0,2,1,3,1,0,0
Jake Gardiner,TOR,D,2016-10-12,false,OTT,0,1,-1,0,0,0,0,0,0,0,2,1301,26,2,0,2,0,0,0,0
Brendan Gallagher,MTL,R,2016-10-13,false,BUF,2,0,2,0,0,0,0,0,0,0,2,890,21,0,0,1,1,1,0,1
Alex Galchenyuk,MTL,C,2016-10-13,false,BUF,0,1,2,2,0,0,0,0,0,0,1,1003,23,0,0,1,1,0,5,6
Sam Gagner,CBJ,C,2016-10-13,false,BOS,0,0,1,0,0,0,0,0,0,0,1,758,16,0,0,2,0,0,5,5
Kurtis Gabriel,MIN,R,2016-12-02,false,CGY,0,0,0,0,0,0,0,0,0,0,0,363,11,3,1,0,1,0,0,0
Marian Gaborik,LAK,R,2016-11-26,false,CHI,0,0,0,0,0,0,0,0,0,0,0,709,16,0,0,1,0,0,0,0
Michael Frolik,CGY,R,2016-10-12,false,EDM,1,0,-1,0,0,0,1,0,0,0,2,832,22,0,0,0,2,0,0,0
Byron Froese,TOR,C,2016-12-22,false,COL,0,0,0,5,0,0,0,0,0,0,0,435,14,0,0,0,1,1,3,5
Cody Franson,BUF,D,2016-10-13,false,MTL,0,0,-1,0,0,0,0,0,0,0,1,1136,24,1,0,0,0,0,0,0
Cam Fowler,ANA,D,2016-10-13,false,DAL,0,0,-1,0,0,0,0,0,0,0,3,1533,30,0,1,2,0,0,0,0
Gustav Forsling,CHI,D,2016-10-12,false,STL,0,0,0,0,0,0,0,0,0,0,1,929,20,0,0,0,2,0,0,0
Filip Forsberg,NSH,L,2016-10-14,false,CHI,0,1,-1,0,0,1,0,0,0,0,1,1244,24,1,0,1,0,1,0,1
Jakob Forsbacka Karlsson,BOS,C,2017-04-08,false,WSH,0,0,0,0,0,0,0,0,0,0,0,505,13,0,1,0,0,0,1,1
Derek Forbort,LAK,D,2016-10-12,false,SJS,0,0,0,0,0,0,0,0,0,0,0,857,21,3,2,1,0,1,0,0
Christian Folin,MIN,D,2016-10-15,false,WPG,0,0,1,0,0,0,0,0,0,0,1,1004,23,2,1,0,1,1,0,0
Marcus Foligno,BUF,L,2016-10-13,false,MTL,0,0,-1,2,0,0,0,0,0,0,1,897,23,4,1,1,1,0,0,0
Nick Foligno,CBJ,L,2016-10-13,false,BOS,0,2,0,0,0,1,0,0,0,0,0,1017,22,2,1,1,1,1,0,2
Brian Flynn,MTL,C,2016-10-18,false,PIT,0,0,0,2,0,0,0,0,0,0,0,744,22,1,0,1,0,0,2,3
Mike Fisher,NSH,C,2016-10-14,false,CHI,1,1,0,2,1,1,0,0,1,0,2,1194,22,2,0,1,0,1,15,10
Christian Fischer,ARI,R,2017-01-21,false,TBL,1,0,-1,0,0,0,0,0,1,0,1,657,17,1,0,0,0,0,0,0
Valtteri Filppula,TBL,C,2016-10-13,false,DET,1,0,-1,0,0,0,0,0,0,0,1,983,22,3,0,0,1,0,9,8
Vernon Fiddler,NJD,C,2016-10-13,false,FLA,0,0,0,0,0,0,0,0,0,0,0,686,16,1,0,0,2,1,5,6
Kevin Fiala,NSH,L,2016-10-14,false,CHI,0,0,-1,0,0,0,0,0,0,0,2,681,14,0,0,0,0,2,0,0
Micheal Ferland,CGY,L,2016-10-12,false,EDM,0,0,-1,0,0,0,0,0,0,0,1,616,16,1,0,1,1,0,0,0
Eric Fehr,PIT,C,2016-10-13,false,WSH,0,0,-1,0,0,0,0,0,0,0,2,791,18,1,0,1,0,2,1,3
Taylor Fedun,BUF,D,2016-11-17,false,TBL,0,1,-1,0,0,1,0,0,0,0,1,842,21,0,0,0,0,0,0,0
Justin Faulk,CAR,D,2016-10-13,false,WPG,0,1,-1,4,0,1,0,0,0,0,0,1498,30,2,0,4,3,0,0,0
Jesper Fast,NYR,R,2016-10-13,false,NYI,0,1,2,0,0,0,0,0,0,0,2,730,21,1,0,0,1,0,0,0
Hudson Fasching,BUF,R,2016-10-13,false,MTL,0,0,-1,0,0,0,0,0,0,0,1,628,15,1,0,0,0,0,0,0
Bobby Farnham,MTL,R,2017-01-04,false,DAL,0,0,0,0,0,0,0,0,0,0,2,730,21,4,1,0,0,0,1,0
Justin Falk,BUF,D,2016-11-11,false,NJD,0,0,-1,0,0,0,0,0,0,0,1,744,22,1,0,0,0,0,0,0
Radek Faksa,DAL,C,2016-10-13,false,ANA,0,1,2,0,0,0,0,0,0,0,0,838,24,0,1,2,1,0,4,10
Robby Fabbri,STL,C,2016-10-12,false,CHI,0,0,0,2,0,0,0,0,0,0,0,838,18,1,0,0,1,0,0,0
Adam Erne,TBL,L,2017-01-03,false,WPG,0,0,-1,0,0,0,0,0,0,0,1,723,16,4,0,0,0,0,0,0
Joel Eriksson Ek,MIN,C,2016-10-22,false,NJD,1,0,1,0,0,0,0,0,0,0,3,576,17,3,0,0,0,0,2,1
Loui Eriksson,VAN,L,2016-10-15,false,CGY,0,1,0,0,0,0,0,0,0,0,1,1242,26,0,0,2,0,0,0,0
Jonathan Ericsson,DET,D,2016-10-13,false,TBL,0,0,-1,17,0,0,0,0,0,0,0,1098,27,1,2,1,0,0,0,0
Toby Enstrom,WPG,D,2016-10-13,false,CAR,0,2,2,0,0,1,0,0,0,0,0,1430,28,0,1,0,1,0,0,0
Tyler Ennis,BUF,L,2016-10-13,false,MTL,0,0,-2,0,0,0,0,0,0,0,2,1057,20,0,1,2,0,0,0,0
Andreas Englund,OTT,D,2016-12-03,false,FLA,0,0,0,0,0,0,0,0,0,0,0,589,16,7,0,0,1,0,0,0
Deryk Engelland,CGY,D,2016-10-12,false,EDM,0,0,-1,5,0,0,0,0,0,0,2,1081,26,0,4,1,1,0,0,0
Alexei Emelin,MTL,D,2016-10-13,false,BUF,0,0,0,0,0,0,0,0,0,0,2,1267,28,6,2,0,1,0,0,0
Ryan Ellis,NSH,D,2016-10-14,false,CHI,0,0,0,0,0,0,0,0,0,0,0,1303,25,1,4,0,0,0,0,0
Lars Eller,WSH,C,2016-10-13,false,PIT,0,0,0,0,0,0,0,0,0,0,4,1117,22,0,0,1,0,1,3,5
Remi Elie,DAL,L,2017-03-04,false,FLA,0,0,0,0,0,0,0,0,0,0,2,929,22,1,0,0,0,1,1,0
Oliver Ekman-Larsson,ARI,D,2016-10-15,false,PHI,1,0,2,2,0,0,0,0,1,1,2,1906,29,1,1,3,0,0,0,0
Mattias Ekholm,NSH,D,2016-10-14,false,CHI,0,0,0,0,0,0,0,0,0,0,4,1463,26,0,3,0,1,0,0,0
Aaron Ekblad,FLA,D,2016-10-13,false,NJD,0,0,0,2,0,0,0,0,0,0,3,1562,26,2,1,2,0,0,0,0
Jack Eichel,BUF,C,2016-11-29,false,OTT,1,1,1,2,1,1,0,0,0,0,5,1028,20,0,2,1,0,0,3,6
Nikolaj Ehlers,WPG,L,2016-10-13,false,CAR,0,0,0,0,0,0,0,0,0,0,0,1147,21,1,0,2,1,0,0,0
Joel Edmundson,STL,D,2016-10-12,false,CHI,0,0,0,0,0,0,0,0,0,0,0,991,25,5,1,0,1,0,0,0
Alexander Edler,VAN,D,2016-10-15,false,CGY,0,0,1,0,0,0,0,0,0,0,3,1583,32,1,4,1,0,0,0,0
Jordan Eberle,EDM,C,2016-10-12,false,CGY,1,0,0,0,0,0,0,0,0,0,3,1161,26,0,1,1,0,0,0,1
Patrick Eaves,DAL,R,2016-10-13,false,ANA,0,1,0,0,0,0,0,0,0,0,0,930,24,4,0,2,0,0,0,0
Cody Eakin,DAL,C,2016-11-17,false,COL,0,0,0,0,0,0,0,0,0,0,1,858,28,1,2,0,0,1,15,8
Ryan Dzingel,OTT,L,2016-10-12,false,TOR,0,0,1,0,0,0,0,0,0,0,0,434,12,1,0,0,0,0,0,0
Christian Dvorak,ARI,C,2016-10-15,false,PHI,0,1,0,0,0,1,0,0,0,0,0,977,17,3,0,0,0,0,6,8
Brian Dumoulin,PIT,D,2016-10-13,false,WSH,0,0,1,0,0,0,0,0,0,0,1,1546,30,1,1,1,0,0,0,0
Gabriel Dumont,TBL,C,2017-01-12,false,BUF,0,0,-1,0,0,0,0,0,0,0,1,606,15,1,0,0,0,0,3,1
Matt Dumba,MIN,D,2016-10-13,false,STL,0,0,0,0,0,0,0,0,0,0,2,1063,20,1,1,1,0,1,0,0
Anthony Duclair,ARI,L,2016-10-15,false,PHI,0,0,0,0,0,0,0,0,0,0,0,695,14,0,0,0,1,0,0,0
Matt Duchene,COL,C,2016-10-15,false,DAL,0,0,0,0,0,0,0,0,0,0,3,975,21,0,0,1,1,0,5,1
Brandon Dubinsky,CBJ,C,2016-10-13,false,BOS,0,0,-5,2,0,0,0,0,0,0,2,1055,23,5,0,2,1,0,15,10
Jonathan Drouin,TBL,L,2016-10-13,false,DET,1,1,0,0,1,1,0,0,0,0,5,1138,27,0,1,2,0,0,3,3
Leon Draisaitl,EDM,C,2016-10-12,false,CGY,0,1,-1,0,0,0,0,0,0,0,1,970,22,1,0,1,1,1,4,8
Justin Dowling,DAL,C,2016-10-25,false,WPG,0,1,0,0,0,1,0,0,0,0,1,665,17,0,0,0,0,1,4,4
Nic Dowd,LAK,C,2016-10-18,false,MIN,0,0,-2,0,0,0,0,0,0,0,0,543,15,1,0,0,0,0,6,3
Drew Doughty,LAK,D,2016-10-12,false,SJS,0,1,-1,0,0,1,0,0,0,0,1,1689,32,2,2,2,4,0,0,0
Jake Dotchin,TBL,D,2017-01-21,false,ARI,0,0,-1,0,0,0,0,0,0,0,0,707,18,4,0,1,0,0,0,0
Joonas Donskoi,SJS,R,2016-10-12,false,LAK,0,1,1,0,0,0,0,0,0,0,3,911,18,0,0,3,1,2,0,0
Max Domi,ARI,L,2016-10-15,false,PHI,0,1,0,0,0,0,0,0,0,0,2,1306,22,0,2,1,0,0,0,0
Shane Doan,ARI,R,2016-10-15,false,PHI,1,0,0,2,1,0,0,0,0,0,5,962,20,2,1,2,0,0,0,0
Brenden Dillon,SJS,D,2016-10-12,false,LAK,0,0,0,0,0,0,0,0,0,0,2,1098,25,1,0,0,0,0,0,0
Jason Dickinson,DAL,C,2016-12-08,false,NSH,0,0,-1,0,0,0,0,0,0,0,0,608,17,0,1,0,0,0,3,7
Christopher DiDomenico,OTT,C,2017-03-09,false,ARI,0,0,1,4,0,0,0,0,0,0,0,415,13,0,1,0,0,0,0,0
Phillip Di Giuseppe,CAR,L,2016-10-18,false,EDM,0,0,0,0,0,0,0,0,0,0,2,882,20,1,0,3,0,0,0,0
Nicolas Deslauriers,BUF,L,2016-10-13,false,MTL,0,0,-1,0,0,0,0,0,0,0,4,684,14,6,0,0,0,0,0,0
Andrew Desjardins,CHI,L,2016-11-09,false,STL,0,0,0,2,0,0,0,0,0,0,1,627,16,1,1,1,0,0,0,0
David Desharnais,MTL,C,2016-10-13,false,BUF,0,1,1,0,0,0,0,0,0,0,0,734,20,0,0,0,1,0,6,3
Jason Demers,FLA,D,2016-10-13,false,NJD,0,0,-1,0,0,0,0,0,0,0,1,1199,22,2,1,4,0,1,0,0
Michael Del Zotto,PHI,D,2016-11-05,false,MTL,0,1,-1,2,0,0,0,0,0,0,2,1056,24,7,1,0,1,2,0,0
Jean-Sebastien Dea,PIT,C,2017-04-09,false,NYR,0,0,0,2,0,0,0,0,0,0,1,678,21,3,0,1,0,0,1,1
Dylan DeMelo,SJS,D,2016-11-23,false,CHI,0,0,0,0,0,0,0,0,0,0,3,806,20,3,2,0,0,0,0,0
Danny DeKeyser,DET,D,2016-10-13,false,TBL,1,0,1,2,0,0,0,0,0,0,1,1287,28,0,2,0,2,0,0,0
Anthony DeAngelo,ARI,D,2016-11-08,false,COL,1,0,1,0,0,0,0,0,0,0,2,1235,26,0,1,0,0,0,0,0
Jacob De La Rose,MTL,L,2017-01-16,false,DET,0,0,-1,2,0,0,0,0,0,0,0,507,16,2,0,0,0,0,1,1
Brandon Davidson,EDM,D,2016-10-12,false,CGY,0,0,-1,0,0,0,0,0,0,0,0,469,11,1,1,0,0,0,0,0
Laurent Dauphin,ARI,C,2016-10-15,false,PHI,0,0,-1,0,0,0,0,0,0,0,0,600,14,4,0,0,0,1,1,1
Marko Dano,WPG,C,2016-11-03,false,WSH,1,0,0,2,0,0,0,0,0,0,1,387,10,1,0,1,0,0,0,0
Phillip Danault,MTL,L,2016-10-13,false,BUF,0,1,1,0,0,0,0,0,0,0,1,726,22,0,1,1,0,0,0,6
Trevor Daley,PIT,D,2016-10-13,false,WSH,0,0,-2,0,0,0,0,0,0,0,0,1192,30,0,1,0,0,1,0,0
Klas Dahlbeck,CAR,D,2016-10-13,false,WPG,0,0,1,0,0,0,0,0,0,0,1,674,18,1,0,0,0,1,0,0
Austin Czarnik,BOS,C,2016-10-13,false,CBJ,0,0,-1,2,0,0,0,0,0,0,0,911,20,0,1,0,0,1,1,5
Matt Cullen,PIT,C,2016-10-13,false,WSH,0,0,-1,0,0,0,0,0,0,0,1,1138,28,0,0,0,2,0,9,9
Lawson Crouse,ARI,L,2016-10-15,false,PHI,0,0,-1,0,0,0,0,0,0,0,0,336,8,2,0,0,0,0,0,0
Sidney Crosby,PIT,C,2016-10-25,false,FLA,1,0,0,0,1,0,0,0,0,0,4,1082,25,2,0,0,0,0,9,9
Joseph Cramarossa,ANA,C,2016-10-23,false,VAN,0,0,0,0,0,0,0,0,0,0,2,500,12,4,0,0,1,0,1,0
Adam Cracknell,DAL,R,2016-10-13,false,ANA,1,1,2,0,0,0,0,0,0,0,2,599,15,2,0,1,1,0,1,0
Charlie Coyle,MIN,C,2016-10-13,false,STL,1,0,1,2,0,0,0,0,0,0,1,1116,23,2,1,1,0,0,0,1
Sean Couturier,PHI,C,2016-10-14,false,LAK,2,0,1,0,0,0,0,0,1,0,2,1071,25,1,1,1,0,1,5,14
Logan Couture,SJS,C,2016-10-12,false,LAK,1,1,1,2,1,0,0,0,0,0,2,984,23,0,0,2,1,0,6,7
Nick Cousins,PHI,C,2016-10-14,false,LAK,0,2,2,0,0,0,0,0,0,0,2,812,18,0,1,0,0,0,0,1
Frank Corrado,TOR,D,2016-11-12,false,PIT,0,0,0,2,0,0,0,0,0,0,0,984,25,2,1,2,0,0,0,0
Andrew Copp,WPG,C,2016-11-03,false,WSH,0,1,1,0,0,0,0,0,0,0,0,508,14,2,0,0,0,0,1,3
Kyle Connor,WPG,L,2016-10-13,false,CAR,0,1,-1,0,0,1,0,0,0,0,3,1095,20,1,0,2,0,1,0,0
Brett Connolly,WSH,R,2016-10-18,false,COL,0,0,0,0,0,0,0,0,0,0,4,707,17,4,1,1,0,0,0,0
Kevin Connauton,ARI,D,2016-10-18,false,OTT,0,0,-1,0,0,0,0,0,0,0,1,634,14,0,0,0,0,0,0,0
Erik Condra,TBL,R,2016-11-23,false,PHI,0,0,-1,2,0,0,0,0,0,0,0,633,15,0,2,1,1,0,1,0
Cory Conacher,TBL,C,2016-10-29,false,NJD,0,0,-1,0,0,0,0,0,0,0,1,806,20,0,0,1,1,0,0,0
J.T. Compher,COL,L,2017-03-02,false,OTT,0,0,-1,2,0,0,0,0,0,0,0,673,16,3,0,0,0,1,4,3
Blake Comeau,COL,L,2016-10-15,false,DAL,0,1,0,4,0,0,0,0,0,0,1,882,22,1,1,0,0,0,3,3
Blake Coleman,NJD,C,2017-01-12,false,EDM,0,0,0,0,0,0,0,0,0,0,1,709,17,2,1,1,1,0,3,3
Ian Cole,PIT,D,2016-10-13,false,WSH,0,0,0,0,0,0,0,0,0,0,1,981,20,0,0,0,2,1,0,0
Joe Colborne,COL,C,2016-10-15,false,DAL,3,0,0,0,2,0,0,0,0,0,4,779,19,1,1,0,0,0,4,3
Andrew Cogliano,ANA,L,2016-10-13,false,DAL,2,0,2,2,0,0,1,0,0,0,5,783,24,1,1,0,0,1,1,1
Braydon Coburn,TBL,D,2016-10-13,false,DET,0,0,-1,6,0,0,0,0,0,0,1,852,20,1,0,0,0,0,0,0
Cal Clutterbuck,NYI,R,2016-10-13,false,NYR,1,0,2,0,0,0,0,0,0,0,2,893,26,5,1,0,0,0,0,0
Kyle Clifford,LAK,L,2016-10-12,false,SJS,0,0,0,2,0,0,0,0,0,0,3,669,14,5,0,2,1,0,0,0
Adam Clendening,NYR,D,2016-10-13,false,NYI,0,0,0,0,0,0,0,0,0,0,2,1040,23,0,0,2,0,0,0,0
Fredrik Claesson,OTT,D,2016-11-03,false,VAN,0,0,0,0,0,0,0,0,0,0,0,621,19,2,0,0,1,0,0,0
Casey Cizikas,NYI,C,2016-10-13,false,NYR,0,2,2,0,0,0,0,0,0,0,1,921,26,2,2,0,0,0,11,10
Jakob Chychrun,ARI,D,2016-10-15,false,PHI,0,1,0,0,0,0,0,0,0,0,1,729,15,2,1,2,0,0,0,0
Taylor Chorney,WSH,D,2016-11-11,false,CHI,0,0,0,0,0,0,0,0,0,0,2,811,20,1,0,0,0,0,0,0
Jason Chimera,NYI,L,2016-10-13,false,NYR,0,0,-2,0,0,0,0,0,0,0,1,921,26,2,0,2,2,1,0,1
Alex Chiasson,CGY,R,2016-10-12,false,EDM,1,0,1,0,0,0,0,0,0,0,2,493,12,2,0,0,1,0,0,0
Ben Chiarot,WPG,D,2016-10-13,false,CAR,0,0,-1,2,0,0,0,0,0,0,0,908,21,1,1,0,2,0,0,0
Zdeno Chara,BOS,D,2016-10-13,false,CBJ,0,1,5,0,0,0,0,0,0,0,1,1350,28,1,4,0,0,1,0,0
Michael Chaput,VAN,C,2016-11-07,false,NYI,0,0,0,0,0,0,0,0,0,0,0,540,16,2,0,0,0,0,4,1
Peter Cehlarik,BOS,L,2017-02-11,false,VAN,0,0,1,0,0,0,0,0,0,0,0,830,21,1,0,0,0,1,0,0
Cody Ceci,OTT,D,2016-10-12,false,TOR,0,0,-1,0,0,0,0,0,0,0,3,1422,32,0,3,1,0,0,0,0
Jeff Carter,LAK,C,2016-10-12,false,SJS,0,0,0,0,0,0,0,0,0,0,1,917,21,2,1,2,1,1,8,7
William Carrier,BUF,L,2016-11-05,false,OTT,0,0,1,0,0,0,0,0,0,0,2,386,11,4,1,0,0,0,0,0
Alexandre Carrier,NSH,D,2017-01-17,false,VAN,0,0,0,0,0,0,0,0,0,0,0,649,19,0,1,0,0,0,0,0
Connor Carrick,TOR,D,2016-10-12,false,OTT,0,0,1,0,0,0,0,0,0,0,4,1134,29,2,2,0,0,0,0,0
Daniel Carr,MTL,L,2016-10-13,false,BUF,0,1,1,2,0,0,0,0,0,0,1,664,19,0,0,1,0,0,0,0
Ryan Carpenter,SJS,C,2016-11-26,false,ANA,0,0,0,0,0,0,0,0,0,0,1,389,12,3,0,0,0,0,3,2
Gabriel Carlsson,CBJ,D,2017-04-08,false,PHI,0,0,-3,0,0,0,0,0,0,0,0,1155,24,3,2,0,0,0,0,0
John Carlson,WSH,D,2016-10-13,false,PIT,0,0,0,0,0,0,0,0,0,0,5,1474,27,1,1,2,0,1,0,0
Brandon Carlo,BOS,D,2016-10-13,false,CBJ,0,1,5,0,0,0,0,0,0,0,2,1068,26,0,1,2,0,0,0,0
Paul Carey,WSH,C,2016-11-20,false,CBJ,0,0,0,0,0,0,0,0,0,0,1,728,17,2,1,1,1,0,0,0
Brian Campbell,CHI,D,2016-10-12,false,STL,0,0,1,0,0,0,0,0,0,0,0,1034,21,2,0,0,1,0,0,0
Michael Cammalleri,NJD,L,2016-10-13,false,FLA,0,0,0,0,0,0,0,0,0,0,0,1014,22,0,1,2,0,0,1,0
Matt Calvert,CBJ,L,2016-10-13,false,BOS,0,0,-2,0,0,0,0,0,0,0,1,869,21,0,0,0,1,0,0,0
Mitch Callahan,DET,R,2017-03-03,false,CGY,0,0,0,0,0,0,0,0,0,0,2,384,10,0,0,0,0,0,0,0
Ryan Callahan,TBL,R,2016-10-30,false,NYR,0,0,0,0,0,0,0,0,0,0,1,789,24,3,0,3,0,1,0,0
Drake Caggiula,EDM,L,2016-11-19,false,DAL,0,1,1,0,0,0,0,0,0,0,0,769,20,1,0,0,0,0,2,2
Paul Byron,MTL,L,2016-10-13,false,BUF,0,1,1,0,0,0,0,0,0,0,2,776,21,0,0,0,0,0,0,0
Dustin Byfuglien,WPG,D,2016-10-13,false,CAR,0,0,0,0,0,0,0,0,0,0,1,1721,30,0,1,1,1,2,0,0
Chris Butler,STL,D,2017-04-09,false,COL,0,0,0,0,0,0,0,0,0,0,1,1288,26,0,2,0,1,0,0,0
Alexandre Burrows,VAN,L,2016-10-15,false,CGY,0,0,-1,0,0,0,0,0,0,0,1,667,21,1,0,0,0,1,0,0
Brent Burns,SJS,D,2016-10-12,false,LAK,1,0,1,0,0,0,0,0,1,0,2,1364,30,1,4,3,4,1,0,0
Alexander Burmistrov,WPG,C,2016-10-15,false,MIN,0,0,0,0,0,0,0,0,0,0,0,865,18,1,0,1,0,1,3,8
Andre Burakovsky,WSH,L,2016-10-13,false,PIT,2,0,2,0,0,0,0,0,0,0,2,1110,25,0,0,1,0,0,0,0
Pavel Buchnevich,NYR,R,2016-10-13,false,NYI,0,1,0,2,0,0,0,0,0,0,3,833,23,1,1,2,1,0,0,0
Dustin Brown,LAK,R,2016-10-12,false,SJS,0,0,-1,0,0,0,0,0,0,0,2,1052,22,0,1,1,0,1,0,0
Connor Brown,TOR,R,2016-10-12,false,OTT,0,0,-1,2,0,0,0,0,0,0,0,773,20,1,0,0,1,0,0,0
J.T. Brown,TBL,R,2016-10-13,false,DET,0,0,0,0,0,0,0,0,0,0,0,468,14,2,0,0,0,0,0,0
Patrick Brown,CAR,C,2017-03-01,false,TBL,0,0,-1,0,0,0,0,0,0,0,2,738,17,3,2,1,0,0,0,0
Troy Brouwer,CGY,R,2016-10-12,false,EDM,1,0,0,0,0,0,1,0,0,0,2,965,24,3,0,0,0,0,0,0
Jonny Brodzinski,LAK,C,2017-03-25,false,NYR,0,0,-1,0,0,0,0,0,0,0,3,667,15,1,2,0,0,0,0,0
Kyle Brodziak,STL,C,2016-10-12,false,CHI,0,0,0,2,0,0,0,0,0,0,2,593,19,2,0,1,0,1,3,1
Jonas Brodin,MIN,D,2016-10-13,false,STL,0,0,-1,2,0,0,0,0,0,0,0,861,23,0,1,1,0,0,0,0
TJ Brodie,CGY,D,2016-10-12,false,EDM,0,1,0,0,0,1,0,0,0,0,3,1580,38,0,2,1,1,1,0,0
Justin Braun,SJS,D,2016-10-12,false,LAK,0,0,0,0,0,0,0,0,0,0,2,1139,29,1,2,0,0,2,0,0
Derick Brassard,OTT,C,2016-10-12,false,TOR,1,1,0,0,0,0,0,0,0,0,2,1010,25,2,0,1,1,0,9,12
Tyler Bozak,TOR,C,2016-10-12,false,OTT,0,0,-2,0,0,0,0,0,0,0,1,1017,26,0,0,1,0,1,8,9
Brian Boyle,TBL,C,2016-10-13,false,DET,1,0,1,0,0,0,0,0,0,0,1,677,16,3,0,0,0,2,4,3
Johnny Boychuk,NYI,D,2016-10-13,false,NYR,0,0,1,0,0,0,0,0,0,0,1,1120,23,2,4,2,0,0,0,0
Jay Bouwmeester,STL,D,2016-10-12,false,CHI,0,0,1,0,0,0,0,0,0,0,0,1390,29,2,3,1,1,0,0,0
Rene Bourque,COL,R,2016-10-15,false,DAL,0,0,-1,0,0,0,0,0,0,0,2,708,17,6,0,0,0,1,0,2
Michael Bournival,TBL,L,2016-12-01,false,STL,0,0,0,0,0,0,0,0,0,0,1,397,11,0,0,1,0,0,0,0
Lance Bouma,CGY,C,2016-10-12,false,EDM,0,1,1,0,0,0,0,0,0,0,0,635,18,1,1,0,0,0,0,0
Reid Boucher,NJD,C,2016-10-18,false,ANA,0,0,0,2,0,0,0,0,0,0,0,460,15,0,1,1,0,0,0,0
Robert Bortuzzo,STL,D,2016-10-12,false,CHI,0,0,0,0,0,0,0,0,0,0,1,797,21,3,0,0,2,0,0,0
Mark Borowiecki,OTT,D,2016-10-12,false,TOR,0,0,-1,5,0,0,0,0,0,0,0,634,17,2,3,1,0,0,0,0
Nick Bonino,PIT,C,2016-10-13,false,WSH,0,0,0,0,0,0,0,0,0,0,3,1332,33,0,0,0,0,1,13,11
Jared Boll,ANA,R,2016-10-13,false,DAL,0,0,-1,2,0,0,0,0,0,0,0,296,10,0,0,0,0,0,0,0
Zach Bogosian,BUF,D,2016-10-13,false,MTL,0,0,-1,0,0,0,0,0,0,0,3,1341,29,1,2,1,1,0,0,0
Brock Boeser,VAN,R,2017-03-25,false,MIN,1,0,1,0,0,0,0,0,1,0,4,764,19,3,0,0,0,1,0,0
Mikkel Boedker,SJS,L,2016-10-12,false,LAK,0,0,1,0,0,0,0,0,0,0,2,938,20,1,0,1,2,1,2,0
Mike Blunden,OTT,R,2016-11-09,false,BUF,0,0,0,0,0,0,0,0,0,0,0,577,12,5,0,0,0,0,0,0
Anton Blidh,BOS,L,2016-12-03,false,BUF,0,0,0,0,0,0,0,0,0,0,3,612,12,4,0,0,0,0,0,0
Joseph Blandisi,NJD,L,2017-02-03,false,CGY,0,0,0,0,0,0,0,0,0,0,1,640,19,3,0,0,0,0,1,0
Nick Bjugstad,FLA,C,2016-11-22,false,PHI,0,0,-1,0,0,0,0,0,0,0,2,678,16,1,0,0,0,0,0,1
Oliver Bjorkstrand,CBJ,R,2016-10-13,false,BOS,0,0,-1,0,0,0,0,0,0,0,1,874,18,0,0,1,1,0,0,0
Anthony Bitetto,NSH,D,2016-10-14,false,CHI,0,0,-1,5,0,0,0,0,0,0,0,282,7,1,0,1,0,0,0,0
Kevin Bieksa,ANA,D,2016-10-13,false,DAL,0,0,-1,0,0,0,0,0,0,0,5,1350,25,4,3,2,1,0,0,0
Alex Biega,VAN,D,2016-10-23,false,ANA,0,0,0,0,0,0,0,0,0,0,0,517,13,0,1,0,0,0,0,0
Bryan Bickell,CAR,L,2016-10-13,false,WPG,0,0,0,0,0,0,0,0,0,0,2,589,15,1,0,1,0,1,0,1
Patrik Berglund,STL,C,2016-10-12,false,CHI,0,0,1,2,0,0,0,0,0,0,1,1021,22,1,1,1,0,0,8,5
Patrice Bergeron,BOS,C,2016-10-20,false,NJD,1,0,2,2,0,0,0,0,1,0,2,1009,22,0,0,1,0,0,13,11
Matt Benning,EDM,D,2016-11-01,false,TOR,0,0,1,0,0,0,0,0,0,0,2,831,20,1,0,1,0,0,0,0
Sam Bennett,CGY,C,2016-10-12,false,EDM,0,0,-1,4,0,0,0,0,0,0,3,896,22,2,0,1,1,0,4,2
Beau Bennett,NJD,R,2016-10-15,false,TBL,0,0,-1,0,0,0,0,0,0,0,2,567,13,1,0,1,0,1,0,0
Jamie Benn,DAL,L,2016-10-13,false,ANA,0,1,0,2,0,0,0,0,0,0,1,1161,31,1,0,0,2,1,1,3
Jordie Benn,DAL,D,2016-10-13,false,ANA,0,1,1,4,0,0,0,0,0,0,0,809,23,3,1,1,0,0,0,0
Pierre-Edouard Bellemare,PHI,L,2016-10-14,false,LAK,0,0,1,0,0,0,0,0,0,0,1,877,22,1,2,0,0,0,4,6
Matt Beleskey,BOS,L,2016-10-13,false,CBJ,0,0,-1,0,0,0,0,0,0,0,2,961,20,2,1,1,1,1,2,2
Taylor Beck,EDM,L,2016-11-06,false,DET,0,0,0,0,0,0,0,0,0,0,0,484,12,2,0,0,0,0,0,0
Anthony Beauvillier,NYI,C,2016-10-13,false,NYR,0,1,1,2,0,0,0,0,0,0,1,652,17,4,0,0,2,0,0,0
Nathan Beaulieu,MTL,D,2016-10-13,false,BUF,0,0,3,2,0,0,0,0,0,0,0,1066,28,1,0,0,1,0,0,0
Francois Beauchemin,COL,D,2016-10-15,false,DAL,0,2,1,0,0,1,0,0,0,0,0,1422,32,0,3,0,1,2,0,0
Jay Beagle,WSH,C,2016-10-13,false,PIT,0,0,0,0,0,0,0,0,0,0,2,457,14,0,2,0,0,0,5,3
Matt Bartkowski,CGY,D,2017-02-18,false,VAN,0,0,0,0,0,0,0,0,0,0,0,655,18,0,0,1,0,0,0,0
Tyson Barrie,COL,D,2016-10-15,false,DAL,1,1,2,2,0,0,0,0,1,0,1,1305,30,0,1,1,0,0,0,0
Aleksander Barkov,FLA,C,2016-10-13,false,NJD,1,1,2,0,0,0,0,0,1,1,4,1266,28,0,0,0,0,1,5,5
Mark Barberio,MTL,D,2016-11-24,false,CAR,0,0,-1,2,0,0,0,0,0,0,0,915,18,1,3,0,1,0,0,0
Riley Barber,WSH,R,2017-02-24,false,EDM,0,0,0,0,0,0,0,0,0,0,2,596,13,1,0,0,0,0,0,0
Ivan Barbashev,STL,C,2017-01-26,false,MIN,0,0,0,0,0,0,0,0,0,0,1,603,14,4,2,0,0,0,1,3
Nicholas Baptiste,BUF,R,2016-10-18,false,CGY,0,0,1,0,0,0,0,0,0,0,0,530,14,0,0,0,0,0,0,0
Justin Bailey,BUF,R,2016-11-01,false,MIN,0,0,0,0,0,0,0,0,0,0,0,506,14,2,0,1,0,0,0,0
Josh Bailey,NYI,R,2016-10-13,false,NYR,0,1,0,0,0,0,0,0,0,0,3,948,26,0,0,2,0,0,0,1
Casey Bailey,OTT,R,2016-12-17,false,NJD,0,0,0,0,0,0,0,0,0,0,1,515,13,0,0,0,0,1,0,0
Sven Baertschi,VAN,L,2016-10-15,false,CGY,0,0,0,0,0,0,0,0,0,0,1,864,22,1,0,0,0,0,1,0
Nicklas Backstrom,WSH,C,2016-10-13,false,PIT,0,2,1,0,0,0,0,0,0,0,5,1237,27,3,0,0,0,0,16,7
Mikael Backlund,CGY,C,2016-10-12,false,EDM,0,2,-2,0,0,1,0,1,0,0,3,890,26,1,0,2,0,0,10,6
David Backes,BOS,R,2016-10-13,false,CBJ,2,1,5,2,0,0,0,0,0,0,3,1130,23,2,1,0,0,0,9,14
Yohann Auvitu,NJD,D,2016-10-13,false,FLA,0,1,1,0,0,0,0,0,0,0,2,1034,23,0,0,0,0,1,0,0
Brady Austin,BUF,D,2017-03-20,false,DET,0,0,0,2,0,0,0,0,0,0,3,937,27,1,0,0,0,0,0,0
Cam Atkinson,CBJ,R,2016-10-13,false,BOS,1,0,-4,0,1,0,0,0,0,0,4,1118,24,1,0,1,0,0,0,0
Andreas Athanasiou,DET,C,2016-10-15,false,FLA,0,0,0,0,0,0,0,0,0,0,1,899,17,0,0,0,2,0,0,0
Viktor Arvidsson,NSH,L,2016-10-14,false,CHI,0,0,0,0,0,0,0,0,0,0,2,674,18,0,0,0,0,0,0,0
Joel Armia,WPG,R,2016-10-13,false,CAR,0,0,0,0,0,0,0,0,0,0,1,638,14,1,0,0,1,1,0,0
Josh Archibald,PIT,R,2017-02-11,false,ARI,2,0,2,0,0,0,1,0,0,0,2,603,18,2,0,1,0,0,0,0
Artem Anisimov,CHI,C,2016-10-12,false,STL,0,0,-2,2,0,0,0,0,0,0,2,1348,25,1,0,2,0,1,5,12
Sven Andrighetto,MTL,R,2016-11-10,false,LAK,0,0,0,0,0,0,0,0,0,0,2,712,17,2,1,0,0,0,0,0
Andy Andreoff,LAK,L,2016-10-12,false,SJS,0,0,0,0,0,0,0,0,0,0,1,660,15,3,3,1,2,0,5,4
Rasmus Andersson,CGY,D,2017-04-08,false,SJS,0,0,-1,0,0,0,0,0,0,0,0,1113,23,4,2,0,0,0,0,0
Josh Anderson,CBJ,R,2016-10-13,false,BOS,0,0,0,2,0,0,0,0,0,0,0,656,18,0,0,0,0,0,0,0
Karl Alzner,WSH,D,2016-10-13,false,PIT,0,0,1,0,0,0,0,0,0,0,3,1246,25,3,2,0,0,1,0,0
Sebastian Aho,CAR,R,2016-10-13,false,WPG,0,1,0,2,0,1,0,0,0,0,2,888,18,0,0,1,2,0,0,0
Kenny Agostino,STL,L,2017-02-06,false,PHI,1,0,1,0,0,0,0,0,0,0,4,850,17,1,0,1,0,0,0,0
Noel Acciari,BOS,C,2016-10-13,false,CBJ,0,0,0,2,0,0,0,0,0,0,1,505,15,2,0,0,0,0,0,0
Pontus Aberg,NSH,L,2016-11-08,false,OTT,0,0,0,0,0,0,0,0,0,0,0,860,19,0,0,1,1,0,0,0
Justin Abdelkader,DET,L,2016-10-13,false,TBL,0,0,1,0,0,0,0,0,0,0,2,917,21,6,0,1,0,0,0,0
Spencer Abbott,CHI,L,2017-01-05,false,BUF,0,0,0,0,0,0,0,0,0,0,1,514,12,0,0,0,0,1,0,0
Michael Zalewski,VAN,L,2016-10-29,false,WSH,0,0,-1,0,0,0,0,0,0,0,0,483,13,0,1,1,0,0,0,0
Jake Virtanen,VAN,R,2016-10-15,false,CGY,0,0,0,0,0,0,0,0,0,0,1,504,15,1,0,2,0,0,1,0
Linden Vey,CGY,R,2016-11-10,false,DAL,0,0,0,0,0,0,0,0,0,0,1,657,17,0,0,1,0,0,3,4
Dylan Strome,ARI,C,2016-10-18,false,OTT,0,1,-1,0,0,0,0,0,0,0,1,853,21,2,0,1,0,0,3,9
Clayton Stoner,ANA,D,2016-10-16,false,NYI,0,0,0,0,0,0,0,0,0,0,0,995,24,2,0,0,0,0,0,0
Steven Stamkos,TBL,C,2016-10-13,false,DET,0,1,0,0,0,1,0,0,0,0,4,1050,23,1,0,1,0,1,12,9
Blake Speers,NJD,C,2016-10-13,false,FLA,0,0,0,0,0,0,0,0,0,0,1,473,13,0,0,0,0,1,0,1
Nick Sorensen,ANA,R,2016-10-13,false,DAL,0,0,-1,0,0,0,0,0,0,0,0,784,24,0,2,0,0,0,0,0
Trevor Smith,NSH,C,2016-10-22,false,PIT,0,0,0,0,0,0,0,0,0,0,0,440,12,0,2,0,0,0,0,8
Dillon Simpson,EDM,D,2016-12-08,false,PHI,0,0,1,0,0,0,0,0,0,0,0,467,14,1,1,0,1,0,0,0
Hunter Shinkaruk,CGY,C,2016-11-06,false,ANA,0,0,-1,0,0,0,0,0,0,0,1,748,17,1,0,1,0,0,0,0
Cole Schneider,BUF,L,2016-11-09,false,OTT,0,1,1,0,0,0,0,0,0,0,1,459,13,1,0,0,0,0,0,0
Buddy Robinson,OTT,R,2016-12-03,false,FLA,0,0,0,0,0,0,0,0,0,0,2,268,9,0,0,0,0,0,0,0
Brad Richardson,ARI,R,2016-10-15,false,PHI,1,0,0,0,0,0,1,0,0,0,1,987,24,0,1,1,1,0,6,11
Tanner Richard,TBL,C,2016-12-20,false,DET,0,0,0,0,0,0,0,0,0,0,1,743,16,2,1,0,0,1,3,8
Mason Raymond,ANA,L,2016-10-13,false,DAL,0,0,-2,0,0,0,0,0,0,0,0,457,16,0,0,0,1,0,0,1
Kyle Rau,FLA,C,2016-10-22,false,COL,0,0,0,0,0,0,0,0,0,0,1,925,21,1,0,0,0,0,1,0
Teddy Purcell,LAK,L,2016-10-12,false,SJS,0,0,0,0,0,0,0,0,0,0,0,776,17,3,0,0,1,0,0,0
Ryan Pulock,NYI,D,2016-10-21,false,ARI,0,0,1,0,0,0,0,0,0,0,0,237,5,1,1,0,0,0,0,0
Tyler Pitlick,EDM,R,2016-10-12,false,CGY,1,0,1,0,0,0,0,0,0,0,2,584,15,3,0,0,1,0,0,0
Adam Pardy,NSH,D,2016-12-08,false,DAL,0,0,1,2,0,0,0,0,0,0,2,674,16,0,0,1,0,0,0,0
Rob O'Gara,BOS,D,2016-10-13,false,CBJ,0,0,0,0,0,0,0,0,0,0,1,792,21,1,3,0,0,0,0,0
Cristoval Nieves,NYR,C,2016-11-15,false,VAN,0,0,-1,0,0,0,0,0,0,0,0,704,17,0,1,1,0,0,3,7
Jakub Nakladal,CAR,D,2016-10-18,false,EDM,0,0,-1,0,0,0,0,0,0,0,0,970,17,2,4,0,0,0,0,0
Tyler Myers,WPG,D,2016-10-13,false,CAR,0,0,1,0,0,0,0,0,0,0,1,1421,26,0,4,0,1,0,0,0
Milan Michalek,TOR,L,2016-10-12,false,OTT,0,0,-1,0,0,0,0,0,0,0,1,761,18,0,0,2,0,0,0,0
Jamie McBain,ARI,D,2016-10-15,false,PHI,0,0,0,0,0,0,0,0,0,0,2,871,17,0,1,1,0,0,0,0
Mike Liambas,NSH,L,2016-12-03,false,NJD,0,0,-1,0,0,0,0,0,0,0,0,282,8,1,0,0,1,0,0,0
Taylor Leier,PHI,L,2016-12-06,false,FLA,0,0,0,0,0,0,0,0,0,0,1,323,9,0,0,0,0,1,0,0
Scott Laughton,PHI,C,2016-11-23,false,TBL,0,0,0,0,0,0,0,0,0,0,2,511,14,1,0,0,0,0,5,5
Brian Lashoff,DET,D,2016-12-04,false,NYI,0,0,-1,0,0,0,0,0,0,0,0,931,22,1,0,0,1,0,0,0
Johan Larsson,BUF,C,2016-10-13,false,MTL,0,0,-1,0,0,0,0,0,0,0,1,1056,24,1,1,0,0,0,7,4
Jacob Larsson,ANA,D,2016-10-13,false,DAL,0,0,0,0,0,0,0,0,0,0,0,958,21,0,0,0,1,0,0,0
Mark Jankowski,CGY,C,2016-11-28,false,NYI,0,0,0,0,0,0,0,0,0,0,0,618,13,1,0,0,0,1,5,3
Charles Hudon,MTL,L,2016-11-18,false,CAR,0,1,0,0,0,0,0,0,0,0,2,819,17,4,0,0,0,0,0,0
Quinton Howden,WPG,C,2016-11-13,false,LAK,0,0,0,0,0,0,0,0,0,0,2,623,20,2,0,0,0,0,0,2
Samuel Henley,COL,C,2016-12-01,false,CBJ,1,0,1,2,0,0,0,0,0,0,1,318,10,2,0,0,0,0,0,1
Danton Heinen,BOS,C,2016-10-13,false,CBJ,0,0,0,2,0,0,0,0,0,0,0,685,16,0,1,0,0,0,0,0
Shane Harper,FLA,R,2016-10-13,false,NJD,0,0,0,6,0,0,0,0,0,0,2,549,15,3,0,0,0,1,0,0
Joel Hanley,MTL,D,2016-11-10,false,LAK,0,0,0,0,0,0,0,0,0,0,0,800,19,1,0,0,1,0,0,0
Brendan Guhle,BUF,D,2016-12-03,false,BOS,0,0,1,0,0,0,0,0,0,0,4,980,26,0,2,0,0,0,0,0
Erik Gudbranson,VAN,D,2016-10-15,false,CGY,0,0,-1,0,0,0,0,0,0,0,2,1122,26,0,0,0,1,0,0,0
Matt Grzelcyk,BOS,D,2016-12-14,false,PIT,0,0,0,2,0,0,0,0,0,0,3,874,25,0,1,0,0,0,0,0
Nicklas Grossmann,CGY,D,2016-10-12,false,EDM,0,0,-1,0,0,0,0,0,0,0,0,692,22,5,1,0,0,0,0,0
A.J. Greer,COL,L,2016-11-13,false,BOS,0,0,-1,0,0,0,0,0,0,0,3,994,21,0,0,0,0,1,0,0
Tyler Gaudet,ARI,C,2016-11-08,false,COL,0,0,-1,0,0,0,0,0,0,0,0,790,16,0,0,0,0,0,1,7
Ryan Garbutt,ANA,C,2016-10-13,false,DAL,0,0,-1,0,0,0,0,0,0,0,0,504,15,2,0,2,0,0,0,0
Martin Frk,CAR,R,2016-10-18,false,EDM,0,0,-1,0,0,0,0,0,0,0,1,613,16,3,1,1,1,0,0,0
Mark Fayne,EDM,D,2016-10-18,false,CAR,0,1,1,0,0,0,0,0,0,0,1,147,7,0,0,1,1,0,0,0
Emerson Etem,ANA,L,2016-10-18,false,NJD,0,0,0,2,0,0,0,0,0,0,0,384,10,0,0,0,0,0,0,1
Derek Dorsett,VAN,R,2016-10-15,false,CGY,0,0,0,2,0,0,0,0,0,0,1,599,19,2,0,0,0,0,0,0
Simon Despres,ANA,D,2016-10-13,false,DAL,0,0,0,0,0,0,0,0,0,0,1,968,19,1,1,1,0,0,0,0
Zac Dalpe,MIN,C,2016-10-13,false,STL,0,1,0,0,0,0,0,0,0,0,1,421,10,2,1,0,0,0,2,3
Thomas Chabot,OTT,D,2016-10-18,false,ARI,0,0,-2,0,0,0,0,0,0,0,1,429,13,1,0,1,1,0,0,0
Matt Carle,NSH,D,2016-10-14,false,CHI,0,0,-1,0,0,0,0,0,0,0,1,769,15,0,1,0,0,0,0,0
Patrick Cannone,MIN,C,2016-12-20,false,COL,0,0,0,0,0,0,0,0,0,0,2,551,14,0,0,0,0,0,5,2
Erik Burgdoerfer,BUF,D,2016-12-05,false,WSH,0,0,-1,0,0,0,0,0,0,0,0,603,17,3,0,0,1,0,0,0
Gabriel Bourque,COL,L,2016-10-15,false,DAL,0,0,0,0,0,0,0,0,0,0,1,712,19,2,2,0,0,0,0,0
Tyler Bertuzzi,DET,L,2016-11-08,false,PHI,0,0,1,0,0,0,0,0,0,0,1,597,15,2,0,0,0,0,0,0
Christoph Bertschy,MIN,C,2016-10-29,false,DAL,0,1,1,0,0,0,0,0,0,0,2,517,13,1,1,0,0,0,0,0
Cody Bass,NSH,C,2016-10-18,false,DAL,0,0,0,0,0,0,0,0,0,0,0,390,12,2,0,0,0,0,0,1
Mathew Barzal,NYI,C,2016-10-15,false,WSH,0,0,0,6,0,0,0,0,0,0,0,610,16,1,0,0,0,0,2,4
