James van Riemsdyk,TOR,L,2016-10-30,false,NYI,4,2,-3,4,0,1,0,0,0,0,31,8391,189,9,3,8,2,4,1,3
Trevor van Riemsdyk,CHI,D,2016-12-17,false,STL,1,2,4,4,0,0,0,0,0,0,5,9406,205,4,11,1,3,3,0,0
Calvin de Haan,NYI,D,2016-10-30,false,TOR,1,1,6,6,0,0,0,0,0,0,16,9811,196,9,19,4,10,1,0,0
Jason Zucker,MIN,L,2016-10-29,false,DAL,2,5,9,4,0,0,0,0,0,0,11,6213,156,11,2,7,2,6,1,0
Mats Zuccarello,NYR,R,2016-10-30,false,TBL,4,3,4,6,1,0,0,0,0,0,20,10260,212,11,3,6,3,7,1,1
Harry Zolnierczyk,NSH,L,2017-01-19,false,CGY,0,2,-1,4,0,0,0,0,0,0,4,5078,125,13,5,1,0,1,0,3
Mika Zibanejad,NYR,C,2016-10-30,false,TBL,2,6,-1,6,0,3,0,0,0,0,30,9318,212,5,1,18,1,9,90,73
Henrik Zetterberg,DET,L,2016-10-29,false,BOS,0,4,-1,0,0,2,0,0,0,0,18,10053,198,7,2,1,7,7,55,47
Travis Zajac,NJD,C,2016-11-03,false,FLA,4,2,-1,4,2,1,0,0,1,0,16,10537,232,9,3,2,2,6,90,84
Nikita Zaitsev,TOR,D,2016-10-30,false,NYI,0,5,-4,0,0,2,0,0,0,0,8,11833,242,14,13,6,8,3,0,0
Nikita Zadorov,COL,D,2016-11-03,false,CHI,0,2,-4,8,0,0,0,0,0,0,7,9628,225,24,14,5,6,0,0,0
Pavel Zacha,NJD,C,2016-11-03,false,FLA,1,3,0,4,0,1,0,0,0,0,13,8064,166,13,6,5,2,1,40,50
Keith Yandle,FLA,D,2016-10-30,false,DET,0,3,1,10,0,1,0,0,0,0,29,12507,215,5,9,10,11,3,0,0
Nail Yakupov,STL,R,2016-10-29,false,LAK,2,2,2,4,0,0,0,0,0,0,12,5818,147,9,0,8,1,4,0,0
Miles Wood,NJD,L,2016-12-11,false,NYR,1,0,-2,8,0,0,0,0,0,0,10,5983,147,8,2,10,2,3,1,0
Luke Witkowski,TBL,D,2017-01-07,false,PHI,0,1,-2,4,0,0,0,0,0,0,7,5480,122,16,7,4,5,2,0,0
Daniel Winnik,WSH,L,2016-11-11,false,CHI,2,1,3,2,0,0,0,0,1,0,6,5551,134,2,4,1,6,4,1,2
Tommy Wingels,SJS,C,2016-10-29,false,NSH,1,1,0,0,0,0,0,0,0,0,10,4913,125,11,4,1,3,0,21,30
Scott Wilson,PIT,L,2016-10-29,false,PHI,2,2,-2,2,0,0,0,0,0,0,15,7589,185,21,4,5,1,1,0,0
Colin Wilson,NSH,L,2016-11-01,false,COL,2,1,-1,6,1,0,0,0,0,0,12,8409,199,7,4,4,6,3,0,1
Tom Wilson,WSH,R,2016-11-01,false,WPG,1,0,6,10,0,0,0,0,0,0,12,6755,161,20,3,0,1,2,0,1
Justin Williams,WSH,R,2016-11-01,false,WPG,1,0,-2,6,0,0,0,0,0,0,12,8477,185,2,6,8,2,2,13,4
Patrick Wiercioch,COL,D,2016-11-03,false,CHI,1,4,0,9,0,0,0,0,0,0,14,9308,218,10,9,2,1,1,0,0
Chris Wideman,OTT,D,2016-11-01,false,CAR,0,3,0,8,0,0,0,0,0,0,9,7248,194,4,7,4,4,3,0,0
Dennis Wideman,CGY,D,2016-11-12,false,NYR,2,3,3,2,2,1,0,0,0,0,21,11208,263,8,10,5,10,4,0,0
Ryan White,ARI,C,2016-11-03,false,NSH,1,2,-1,15,0,0,0,0,1,0,11,5410,122,27,3,3,1,0,1,7
Blake Wheeler,WPG,R,2016-10-30,false,BUF,3,4,-1,12,0,1,1,0,0,0,29,11386,224,12,2,6,7,5,1,3
Zach Werenski,CBJ,D,2016-11-04,false,MTL,2,8,2,2,2,3,0,0,0,0,26,11605,250,7,11,4,5,3,0,0
Alexander Wennberg,CBJ,C,2016-11-04,false,MTL,1,11,4,2,0,8,0,0,0,0,12,8884,197,12,9,2,6,3,61,75
Dale Weise,PHI,R,2016-11-05,false,MTL,0,1,0,4,0,0,0,0,0,0,7,6813,156,12,2,5,0,2,0,0
Yannick Weber,NSH,D,2016-11-03,false,ARI,0,2,1,13,0,0,0,0,0,0,7,6219,160,12,5,6,7,0,0,0
Shea Weber,MTL,D,2016-10-29,false,TOR,4,6,12,8,3,1,0,1,3,0,23,14034,265,25,19,13,10,1,0,0
Jordan Weal,PHI,C,2017-03-09,false,TOR,2,1,3,4,0,0,0,0,0,0,25,7608,177,2,2,8,2,4,3,3
Austin Watson,NSH,L,2016-11-10,false,STL,0,0,2,12,0,0,0,0,0,0,5,5890,142,18,2,4,0,3,0,2
Joel Ward,SJS,R,2016-10-29,false,NSH,1,0,-5,2,0,0,0,0,0,0,14,8140,194,7,8,7,6,3,26,32
Chris Wagner,ANA,C,2016-10-28,false,CBJ,2,0,-1,4,0,0,0,0,0,0,13,5832,155,22,4,4,3,2,14,16
Radim Vrbata,ARI,R,2016-11-01,false,SJS,4,2,2,2,0,0,0,0,0,0,21,9241,194,8,2,12,3,3,3,0
Jakub Vrana,WSH,L,2016-12-17,false,MTL,1,2,0,2,1,1,0,0,1,0,19,6418,138,3,6,10,3,3,0,1
Jakub Voracek,PHI,R,2016-10-29,false,PIT,5,5,-2,26,0,3,0,0,0,0,42,10457,216,2,2,7,4,3,0,3
Marc-Edouard Vlasic,SJS,D,2016-10-29,false,NSH,1,2,-1,14,0,2,0,0,1,1,11,12054,240,2,8,6,5,1,0,0
Jimmy Vesey,NYR,L,2016-10-30,false,TBL,5,1,3,2,1,1,0,0,2,0,16,8339,185,6,3,7,2,5,0,0
Kris Versteeg,CGY,R,2016-10-28,false,OTT,2,2,4,2,0,0,0,0,0,0,12,6851,161,1,5,4,4,3,6,3
Joel Vermin,TBL,R,2017-01-19,false,SJS,0,2,2,2,0,0,0,0,0,0,7,6446,147,13,6,6,1,4,2,0
Antoine Vermette,ANA,C,2016-10-28,false,CBJ,0,3,1,4,0,1,0,0,0,0,9,8387,225,11,10,8,3,3,96,40
Frank Vatrano,BOS,C,2017-01-08,false,CAR,2,2,0,2,0,1,0,0,0,0,22,7572,174,15,3,8,1,2,0,0
Sami Vatanen,ANA,D,2016-10-28,false,CBJ,1,5,-2,0,1,3,0,0,0,0,14,12453,252,14,23,3,2,3,0,0
Thomas Vanek,DET,L,2016-11-23,false,BUF,4,5,5,8,2,2,0,0,0,0,15,7443,156,3,1,6,4,5,0,2
Chris VandeVelde,PHI,C,2016-10-29,false,PIT,0,1,-4,0,0,0,0,0,0,0,7,5178,133,16,6,2,2,2,2,2
Scottie Upshall,STL,R,2016-11-05,false,CBJ,1,2,-3,4,0,0,0,0,0,0,12,5287,158,14,0,4,2,2,1,1
Fedor Tyutin,COL,D,2016-11-11,false,WPG,0,3,-3,8,0,0,0,0,0,0,5,9675,230,16,8,3,3,2,0,0
Kyle Turris,OTT,C,2016-11-01,false,CAR,5,2,0,0,1,0,0,0,2,2,17,10401,224,2,6,12,5,3,62,73
Nikita Tryamkin,VAN,D,2016-11-19,false,CHI,0,0,1,13,0,0,0,0,0,0,10,8696,198,31,9,7,4,0,0,0
Jacob Trouba,WPG,D,2016-11-27,false,NSH,0,2,0,6,0,0,0,0,0,0,19,13201,254,15,23,12,14,7,0,0
Vincent Trocheck,FLA,C,2016-10-30,false,DET,4,1,-2,4,0,1,0,0,0,0,24,11231,216,20,4,18,5,9,81,90
Jordin Tootoo,CHI,R,2016-10-30,false,LAK,0,0,1,9,0,0,0,0,0,0,13,3646,108,10,1,4,1,2,0,0
Tyler Toffoli,LAK,C,2016-10-30,false,CHI,2,4,4,0,1,0,0,0,0,0,32,10438,221,10,1,15,7,3,0,2
Jonathan Toews,CHI,C,2016-10-30,false,LAK,1,4,2,11,1,3,0,0,1,0,24,11519,254,5,1,6,3,3,136,84
Matthew Tkachuk,CGY,L,2016-11-01,false,CHI,1,3,3,8,0,0,0,0,0,0,14,6433,149,9,2,7,3,3,1,1
Chris Tierney,SJS,C,2016-10-29,false,NSH,0,1,-2,0,0,0,0,0,0,0,7,7142,174,5,9,5,6,4,26,40
Shawn Thornton,FLA,L,2016-12-15,false,WPG,0,1,-3,0,0,0,0,0,0,0,4,3614,91,6,1,5,3,0,0,2
Joe Thornton,SJS,C,2016-10-29,false,NSH,1,7,3,4,0,3,0,0,0,0,6,9964,215,5,2,0,9,6,45,36
Chris Thorburn,WPG,R,2016-11-08,false,DAL,0,0,-3,13,0,0,0,0,0,0,6,4452,117,16,4,0,1,0,6,3
Nate Thompson,ANA,C,2017-02-19,false,LAK,0,0,1,4,0,0,0,0,0,0,5,4948,133,20,4,0,0,0,28,38
Paul Thompson,FLA,R,2016-12-23,false,DET,0,2,-2,6,0,0,0,0,0,0,7,4282,109,24,8,5,1,2,0,1
Shea Theodore,ANA,D,2016-11-29,false,MTL,0,1,-3,6,0,0,0,1,0,0,11,9975,204,0,8,12,15,0,0,0
Chris Terry,MTL,L,2016-12-23,false,CBJ,1,2,1,2,0,0,0,0,0,0,11,5632,145,9,1,4,6,4,1,1
Teuvo Teravainen,CAR,L,2016-11-01,false,OTT,2,1,-5,0,1,1,0,0,0,0,8,7760,175,3,2,6,6,3,1,3
Matt Tennyson,CAR,D,2016-11-29,false,NYR,0,2,4,0,0,0,0,0,0,0,9,7933,176,13,9,3,5,4,0,0
John Tavares,NYI,C,2016-10-30,false,TOR,4,3,0,10,1,0,0,0,0,0,32,10972,219,5,5,13,4,10,91,95
Tomas Tatar,DET,L,2016-10-29,false,BOS,1,1,-2,4,0,1,0,0,0,0,28,9140,193,11,5,9,3,3,2,1
Vladimir Tarasenko,STL,R,2016-10-29,false,LAK,4,5,0,0,1,3,0,0,0,0,41,10521,238,3,5,8,3,6,0,1
Christopher Tanev,VAN,D,2016-12-18,false,CBJ,0,2,1,6,0,0,0,0,0,0,4,11090,254,3,21,6,3,1,0,0
Brandon Tanev,WPG,L,2016-10-30,false,BUF,0,0,-3,2,0,0,0,0,0,0,13,5102,140,15,4,3,1,2,0,0
Brandon Sutter,VAN,C,2016-10-29,false,WSH,1,4,-4,0,0,1,0,0,1,1,21,10143,227,7,5,10,4,3,84,88
Ryan Suter,MIN,D,2016-10-29,false,DAL,3,7,5,4,1,2,0,0,0,0,20,14422,261,10,8,5,3,10,0,0
Andrej Sustr,TBL,D,2016-10-30,false,NYR,0,2,-5,7,0,0,0,0,0,0,9,8985,205,5,8,5,4,5,0,0
Oskar Sundqvist,PIT,C,2017-03-29,false,CHI,0,0,-3,2,0,0,0,0,0,0,9,4541,114,12,2,0,2,1,7,16
P.K. Subban,NSH,D,2016-11-01,false,COL,2,3,-6,8,2,2,0,0,0,0,20,13108,245,12,25,7,12,4,0,0
Mark Stuart,WPG,D,2016-11-27,false,NSH,0,0,1,6,0,0,0,0,0,0,6,6525,159,11,23,1,4,2,0,0
Ryan Strome,NYI,C,2016-10-30,false,TOR,2,3,-2,2,1,0,0,0,0,0,13,6969,160,6,5,5,4,2,26,22
Mark Streit,PHI,D,2016-10-29,false,PIT,2,4,-3,8,1,3,0,0,0,0,15,11249,250,5,9,8,7,1,0,0
Anton Stralman,TBL,D,2016-10-30,false,NYR,0,4,0,0,0,3,0,0,0,0,12,12428,245,9,7,8,5,4,0,0
Michael Stone,ARI,D,2016-11-23,false,VAN,0,3,-3,2,0,1,0,0,0,0,11,11012,236,18,17,9,3,0,0,0
Mark Stone,OTT,R,2016-11-01,false,CAR,1,4,-2,2,0,0,0,0,1,0,14,9000,191,10,6,2,5,8,2,2
Karl Stollery,NJD,D,2017-01-31,false,DET,0,3,-2,13,0,3,0,0,0,0,7,9000,198,15,15,3,3,3,0,0
Chris Stewart,MIN,R,2016-10-29,false,DAL,2,3,1,19,0,1,0,0,0,0,4,6494,156,4,2,3,6,4,0,1
Derek Stepan,NYR,C,2016-10-30,false,TBL,0,5,2,0,0,2,0,0,0,0,22,9573,225,3,8,6,6,9,68,91
Lee Stempniak,CAR,R,2016-11-01,false,OTT,4,2,4,8,1,0,0,0,0,0,14,9070,201,13,3,4,4,5,0,1
Alexander Steen,STL,L,2016-10-29,false,LAK,2,5,-1,2,0,2,0,0,0,0,18,11601,269,6,7,9,2,7,17,37
Troy Stecher,VAN,D,2016-11-17,false,ARI,1,2,-4,9,0,0,0,0,0,0,28,11215,231,4,9,9,3,4,0,0
Paul Stastny,STL,C,2016-10-29,false,LAK,3,4,-3,12,2,2,0,0,1,0,15,11266,259,6,6,9,2,6,110,98
Viktor Stalberg,CAR,L,2016-11-05,false,NSH,2,0,-2,4,0,0,0,0,1,0,11,6454,160,13,1,2,2,6,0,1
Matt Stajan,CGY,C,2016-10-28,false,OTT,0,4,5,2,0,0,0,0,0,0,9,6789,168,3,8,4,1,2,55,45
Drew Stafford,WPG,R,2016-11-27,false,NSH,1,2,1,2,0,0,0,0,1,0,14,7430,164,3,0,2,7,2,1,3
Eric Staal,MIN,C,2016-10-29,false,DAL,4,3,2,2,1,0,0,0,1,0,23,10155,234,5,3,5,1,6,83,74
Jordan Staal,CAR,C,2016-11-01,false,OTT,3,0,-2,6,0,0,0,0,0,0,19,10535,248,18,2,5,3,5,114,55
Marc Staal,NYR,D,2016-10-30,false,TBL,1,1,1,0,0,0,0,0,0,0,11,10976,255,9,9,5,3,5,0,0
Jared Spurgeon,MIN,D,2016-11-12,false,PHI,1,2,5,0,0,0,0,0,0,0,13,11643,236,5,15,2,1,1,0,0
Ryan Sproul,DET,D,2016-11-23,false,BUF,1,4,-1,0,1,2,0,0,0,0,20,8932,196,5,3,6,1,1,0,0
Ryan Spooner,BOS,C,2016-11-03,false,TBL,2,1,-3,4,2,0,0,0,0,0,21,8243,179,5,1,4,3,8,2,5
Jason Spezza,DAL,C,2016-11-05,false,CHI,4,1,-7,2,1,0,0,0,1,0,20,9193,227,2,3,14,3,6,43,44
Nikita Soshnikov,TOR,R,2016-11-19,false,MTL,1,1,0,4,0,0,0,0,0,0,12,5127,131,21,1,3,2,3,1,2
Marcus Sorensen,SJS,R,2017-03-16,false,STL,1,2,2,2,0,0,0,0,1,0,11,5380,138,9,3,4,4,6,0,0
Carl Soderberg,COL,C,2016-11-03,false,CHI,2,1,0,4,0,0,0,0,0,0,18,9284,205,4,11,6,2,7,49,51
Devante Smith-Pelly,NJD,R,2016-11-03,false,FLA,1,2,0,2,0,1,0,0,0,0,16,7794,171,14,2,7,3,3,4,5
Craig Smith,NSH,R,2016-11-03,false,ARI,5,0,0,8,2,0,0,0,0,0,24,7866,180,11,2,17,4,3,11,10
Brendan Smith,DET,D,2016-10-29,false,BOS,0,0,-1,11,0,0,0,0,0,0,11,9163,214,10,11,5,6,0,0,0
Ben Smith,TOR,R,2016-11-01,false,EDM,1,0,-2,0,0,0,0,0,0,0,9,6297,158,5,5,1,2,0,56,51
Reilly Smith,FLA,R,2016-10-30,false,DET,1,2,0,0,1,0,0,0,0,0,18,10416,218,7,3,7,3,9,1,0
Gemel Smith,DAL,C,2016-11-10,false,CGY,2,1,2,21,0,0,1,0,0,0,14,6968,178,3,3,5,2,3,21,28
Zack Smith,OTT,C,2016-11-01,false,CAR,2,1,0,10,0,0,1,0,0,0,17,8892,207,19,1,5,10,4,45,27
Anton Slepyshev,EDM,L,2016-11-19,false,DAL,1,2,4,2,0,0,0,0,0,0,17,6067,137,15,2,4,2,1,0,0
Jaccob Slavin,CAR,D,2016-11-01,false,OTT,1,2,-2,2,0,0,0,0,0,0,16,11926,246,4,17,3,4,4,0,0
Brady Skjei,NYR,D,2016-10-30,false,TBL,0,3,2,2,0,0,0,0,0,0,8,8411,191,17,8,5,7,1,0,0
Jeff Skinner,CAR,L,2016-11-05,false,NSH,6,6,2,2,1,3,0,0,0,0,35,9728,212,7,3,11,5,8,2,6
Jack Skille,VAN,R,2016-11-10,false,DET,0,1,-5,4,0,0,0,0,0,0,12,5616,136,18,4,2,3,0,0,0
Colton Sissons,NSH,C,2016-11-03,false,ARI,0,0,-2,0,0,0,0,0,0,0,4,5680,152,14,5,1,3,3,41,49
Wayne Simmonds,PHI,R,2016-10-29,false,PIT,6,3,-4,12,4,2,0,0,0,0,28,11276,242,24,6,16,2,1,0,1
Jakob Silfverberg,ANA,R,2016-10-28,false,CBJ,2,1,1,2,1,0,1,0,1,0,22,10495,243,3,7,8,5,6,1,2
Nick Shore,LAK,C,2016-11-01,false,ANA,0,1,-5,8,0,0,0,0,0,0,12,6300,153,6,1,3,4,1,39,51
Devin Shore,DAL,C,2016-11-01,false,CBJ,1,5,1,0,0,1,0,0,0,0,12,8405,195,4,8,6,0,7,50,62
Drew Shore,VAN,C,2017-03-31,false,LAK,0,2,-2,4,0,0,0,0,0,0,7,6117,148,12,2,3,1,2,21,16
Conor Sheary,PIT,L,2016-11-16,false,WSH,3,5,7,2,0,0,0,0,1,0,16,7080,166,5,5,5,3,3,0,0
Riley Sheahan,DET,C,2016-10-29,false,BOS,0,1,-3,6,0,0,0,0,0,0,14,7582,186,2,6,4,1,2,6,6
Logan Shaw,ANA,C,2016-12-11,false,OTT,1,0,2,0,0,0,0,0,0,0,13,4320,124,5,5,5,0,1,11,24
Andrew Shaw,MTL,C,2016-10-29,false,TOR,1,1,4,12,0,0,0,0,0,0,16,7613,180,19,2,5,4,1,36,23
Kevin Shattenkirk,STL,D,2016-10-29,false,LAK,3,3,-3,6,2,3,0,0,0,0,19,10908,234,7,7,5,2,2,0,0
Patrick Sharp,DAL,L,2016-11-28,false,STL,1,1,-3,10,0,0,1,0,0,0,20,8930,202,10,6,8,4,1,4,6
Michael Sgarbossa,ANA,C,2016-11-15,false,EDM,0,2,-2,0,0,1,0,0,0,0,7,5113,131,6,4,4,2,0,34,47
Damon Severson,NJD,D,2016-11-03,false,FLA,1,7,-2,4,0,5,0,0,1,0,14,10757,229,9,7,3,14,3,0,0
Devin Setoguchi,LAK,R,2016-10-30,false,CHI,0,2,1,2,0,0,0,0,0,0,11,6892,155,10,0,7,4,4,1,0
Tom Sestito,PIT,L,2017-03-08,false,WPG,0,1,1,44,0,0,0,0,0,0,2,2682,74,15,1,0,1,0,0,0
Andrej Sekera,EDM,D,2016-10-30,false,OTT,0,3,3,4,0,1,0,0,0,0,11,11867,245,6,18,9,5,4,0,0
Dennis Seidenberg,NYI,D,2016-10-30,false,TOR,2,2,8,6,0,0,0,0,0,0,10,9939,199,10,22,3,7,1,0,0
Tyler Seguin,DAL,C,2016-11-01,false,CBJ,5,3,-3,2,2,2,0,0,1,0,33,10443,225,8,1,19,5,4,60,57
Lukas Sedlak,CBJ,C,2016-11-09,false,ANA,0,2,2,0,0,0,0,0,0,0,9,5562,136,9,7,4,3,5,26,29
Daniel Sedin,VAN,L,2016-10-29,false,WSH,2,2,-3,2,1,1,0,0,1,0,22,10293,214,2,4,6,2,1,0,0
Henrik Sedin,VAN,C,2016-10-29,false,WSH,3,2,-4,2,1,1,0,0,1,1,14,10560,210,3,1,6,9,1,78,74
Brent Seabrook,CHI,D,2016-10-30,false,LAK,1,5,3,2,1,2,0,0,0,0,14,12763,268,15,10,5,13,1,0,0
Jaden Schwartz,STL,L,2016-11-06,false,COL,2,1,-1,2,1,0,0,0,1,0,20,10375,244,8,7,9,3,5,25,22
Justin Schultz,PIT,D,2016-10-29,false,PHI,0,2,1,4,0,1,0,0,0,0,20,9628,223,6,6,6,7,1,0,0
Nick Schultz,PHI,D,2016-11-11,false,TOR,0,3,0,2,0,0,0,0,0,0,9,9063,224,15,20,5,5,1,0,0
Jordan Schroeder,MIN,C,2017-01-08,false,ANA,2,2,1,0,0,0,0,0,0,0,12,4841,116,8,4,3,0,0,0,0
Nate Schmidt,WSH,D,2016-11-01,false,WPG,0,2,0,2,0,0,0,0,0,0,9,7815,169,8,5,3,7,5,0,0
Nick Schmaltz,CHI,C,2016-10-30,false,LAK,1,1,-2,2,0,1,0,0,0,0,6,6064,147,3,4,2,3,4,22,45
Jordan Schmaltz,STL,D,2017-04-09,false,COL,0,2,0,4,0,1,0,0,0,0,5,7744,197,4,10,2,2,1,0,0
David Schlemko,SJS,D,2016-10-29,false,NSH,0,3,1,2,0,2,0,0,0,0,21,8981,197,6,9,5,5,6,0,0
Luke Schenn,ARI,D,2016-11-01,false,SJS,0,1,0,0,0,0,0,0,0,0,13,8402,198,25,14,4,4,2,0,0
Brayden Schenn,PHI,C,2016-11-03,false,NYI,2,6,-2,11,2,2,0,0,0,0,17,9768,208,21,5,11,4,1,8,5
Mark Scheifele,WPG,C,2016-10-30,false,BUF,4,4,1,6,1,1,0,0,1,1,28,11624,222,10,7,6,3,9,83,123
Tim Schaller,BOS,C,2016-11-05,false,NYR,1,2,1,13,0,0,0,0,1,0,12,6454,155,9,6,9,4,3,7,3
Colton Sceviour,FLA,C,2016-10-30,false,DET,5,2,2,8,1,1,2,0,1,0,22,7590,164,11,8,5,2,3,2,3
Marco Scandella,MIN,D,2016-11-25,false,PIT,0,1,-5,0,0,0,0,0,0,0,11,8689,199,5,7,3,5,0,0,0
Luca Sbisa,VAN,D,2016-10-29,false,WSH,0,1,-1,2,0,0,0,0,0,0,2,8836,200,13,17,2,10,2,0,0
David Savard,CBJ,D,2016-11-04,false,MTL,1,2,2,4,0,0,0,0,0,0,9,11488,248,15,14,15,2,0,0,0
Steven Santini,NJD,D,2017-01-17,false,MIN,1,2,5,0,0,0,0,0,0,0,7,8259,188,21,6,4,1,0,0,0
Zach Sanford,WSH,L,2016-11-05,false,FLA,0,1,0,2,0,0,0,0,0,0,8,5629,125,6,2,2,6,3,5,0
Brandon Saad,CBJ,L,2016-11-04,false,MTL,3,5,6,2,0,0,0,0,0,0,24,8900,209,3,3,9,1,3,1,1
Bobby Ryan,OTT,R,2016-11-01,false,CAR,3,2,1,2,1,0,0,0,0,0,19,8263,182,8,5,4,8,2,0,0
Derek Ryan,CAR,C,2016-11-29,false,NYR,1,1,-3,2,1,1,0,0,1,0,7,6922,154,8,4,5,3,2,45,35
Bryan Rust,PIT,R,2016-11-05,false,SJS,1,0,-5,2,0,0,0,0,0,0,19,6843,180,14,5,3,1,3,0,0
Robbie Russo,DET,D,2017-03-21,false,MTL,0,0,-2,0,0,0,0,0,0,0,4,8514,178,9,7,5,9,0,0,0
Kris Russell,EDM,D,2016-10-30,false,OTT,0,3,7,0,0,0,0,0,0,0,13,11335,244,5,26,2,8,5,0,0
Chad Ruhwedel,PIT,D,2017-01-22,false,BOS,1,2,5,0,0,0,0,0,0,0,14,9484,219,13,6,4,4,1,0,0
Michal Rozsival,CHI,D,2016-12-01,false,NJD,0,1,2,4,0,0,0,0,0,0,6,8207,193,23,15,3,2,1,0,0
Carter Rowney,PIT,R,2017-02-21,false,CAR,0,1,0,0,0,0,0,0,0,0,6,5531,134,14,6,4,1,2,40,30
Antoine Roussel,DAL,L,2016-11-01,false,CBJ,1,2,2,29,0,0,0,0,1,0,13,7615,198,9,6,6,6,1,0,0
Evan Rodrigues,BUF,L,2017-02-25,false,COL,1,2,0,0,0,0,0,0,0,0,12,6834,150,2,1,2,2,4,28,35
Brett Ritchie,DAL,R,2016-11-01,false,CBJ,2,1,2,4,0,0,0,0,0,0,21,7051,170,16,3,6,0,1,0,0
Nick Ritchie,ANA,L,2016-10-28,false,CBJ,2,1,1,8,1,0,0,0,1,0,23,8445,201,37,2,12,1,1,1,1
Rasmus Ristolainen,BUF,D,2016-11-01,false,MIN,0,7,-1,10,0,6,0,0,0,0,17,13634,280,19,14,10,6,5,0,0
Morgan Rielly,TOR,D,2016-10-30,false,NYI,0,4,-2,2,0,0,0,0,0,0,15,12168,286,3,19,12,10,3,0,0
Tobias Rieder,ARI,R,2016-11-01,false,SJS,2,3,1,0,0,0,0,1,0,0,15,8608,196,4,9,7,5,3,0,2
Mike Ribeiro,NSH,C,2016-11-01,false,COL,1,4,0,6,1,1,0,0,0,0,8,8439,182,8,2,2,3,0,41,44
Sam Reinhart,BUF,C,2016-11-01,false,MIN,1,3,-1,2,1,2,0,0,0,0,22,9046,189,2,3,6,4,0,18,27
Mike Reilly,MIN,D,2016-11-21,false,DAL,0,0,0,2,0,0,0,0,0,0,9,6995,148,1,2,10,5,0,0,0
Zach Redmond,MTL,D,2017-01-12,false,MIN,0,4,4,2,0,0,0,0,0,0,5,6827,148,20,10,3,6,3,0,0
Ryan Reaves,STL,R,2016-10-29,false,LAK,0,0,-3,0,0,0,0,0,0,0,5,3473,93,18,0,5,1,2,0,0
Matt Read,PHI,R,2016-10-29,false,PIT,5,0,-2,0,1,0,0,0,0,0,22,8057,195,20,7,3,4,2,0,3
Ty Rattie,CAR,R,2017-01-23,false,WSH,0,2,-2,0,0,0,0,0,0,0,10,5799,139,10,4,3,0,4,0,0
Dennis Rasmussen,CHI,C,2016-11-03,false,COL,1,0,1,2,0,0,0,0,0,0,12,5934,168,8,9,3,3,5,9,15
Victor Rask,CAR,C,2016-11-01,false,OTT,4,6,2,0,2,1,0,0,0,0,17,10042,224,4,2,3,5,4,66,80
Mikko Rantanen,COL,R,2016-11-13,false,BOS,1,1,-7,2,1,1,0,0,0,0,18,9856,202,1,6,5,1,4,6,1
Rickard Rakell,ANA,C,2016-11-17,false,NJD,5,4,2,0,0,2,0,0,2,0,24,9179,205,18,5,6,4,2,10,8
Michael Raffl,PHI,L,2016-11-17,false,WPG,3,1,4,0,0,0,0,0,0,0,11,6782,165,14,4,7,3,3,1,1
Alexander Radulov,MTL,R,2016-10-29,false,TOR,2,5,3,18,1,2,0,0,0,0,14,8882,203,13,7,5,8,5,0,0
Alan Quine,NYI,C,2016-11-10,false,TBL,1,1,2,2,0,0,0,0,1,0,6,5261,127,18,4,1,3,2,10,9
Kyle Quincey,NJD,D,2016-11-03,false,FLA,0,1,2,10,0,0,0,0,0,0,7,8933,211,18,9,1,3,3,0,0
John Quenneville,NJD,C,2017-03-26,false,DAL,1,2,1,2,1,0,0,0,0,0,14,7332,172,13,5,7,3,2,0,0
Mark Pysyk,FLA,D,2016-10-30,false,DET,1,0,5,2,0,0,0,0,0,0,3,8705,165,2,9,8,2,3,0,0
Tom Pyatt,OTT,L,2016-11-01,false,CAR,2,3,2,0,0,0,0,1,0,0,13,8763,215,5,9,6,3,6,3,7
Teemu Pulkkinen,MIN,L,2016-12-17,false,ARI,1,0,-1,2,0,0,0,0,0,0,4,5069,127,2,3,4,1,2,0,0
Jesse Puljujarvi,EDM,R,2016-11-03,false,NYR,1,2,1,0,1,0,0,0,0,0,24,6749,146,5,2,9,5,6,0,0
Matt Puempel,OTT,L,2016-11-09,false,BUF,0,0,-1,5,0,0,0,0,0,0,9,4461,108,6,4,3,0,2,0,1
Ivan Provorov,PHI,D,2016-10-29,false,PIT,0,5,-6,6,0,1,0,0,0,0,12,10953,255,14,14,11,9,2,0,0
Dalton Prout,CBJ,D,2017-01-10,false,CAR,0,0,2,8,0,0,0,0,0,0,3,7463,173,20,11,2,5,1,0,0
Nate Prosser,MIN,D,2016-11-26,false,STL,0,1,0,0,0,0,0,0,0,0,6,6634,163,8,13,5,2,0,0,0
Shane Prince,NYI,L,2016-11-10,false,TBL,3,3,-2,4,1,0,0,0,0,0,16,6834,151,12,0,2,3,4,1,1
Benoit Pouliot,EDM,L,2016-10-30,false,OTT,3,1,1,16,0,0,0,0,1,0,12,7937,201,5,10,10,5,2,0,3
Derrick Pouliot,PIT,D,2017-03-17,false,NJD,0,0,-5,4,0,0,0,0,0,0,10,7776,178,11,6,4,2,0,0,0
Paul Postma,WPG,D,2016-11-04,false,DET,0,0,-2,0,0,0,0,0,0,0,9,6499,150,5,7,2,2,1,0,0
Jason Pominville,MIN,R,2016-10-29,false,DAL,2,2,1,0,0,1,0,0,0,0,11,7792,188,4,5,4,1,4,2,4
Roman Polak,TOR,D,2016-11-05,false,VAN,1,1,-1,6,0,0,0,0,0,0,9,9568,219,27,16,4,4,1,0,0
Brayden Point,TBL,C,2016-10-30,false,NYR,0,4,0,0,0,0,0,0,0,0,22,8580,169,4,3,7,4,3,3,2
Tomas Plekanec,MTL,C,2016-10-29,false,TOR,0,3,1,2,0,2,0,0,0,0,20,9476,226,3,11,4,3,3,80,87
Brandon Pirri,NYR,R,2016-10-30,false,TBL,4,2,3,2,2,1,0,0,2,0,11,6227,142,4,3,10,5,4,6,7
Alex Pietrangelo,STL,D,2016-10-29,false,LAK,1,3,0,4,1,2,0,0,1,0,19,14146,277,7,15,5,4,8,0,0
Blake Pietila,NJD,L,2017-03-26,false,DAL,0,0,-6,4,0,0,0,0,0,0,9,6927,148,14,4,3,1,4,23,22
Dion Phaneuf,OTT,D,2016-11-01,false,CAR,1,1,-7,17,0,1,0,0,0,0,24,11908,293,22,22,7,5,2,0,0
Jeff Petry,MTL,D,2016-11-02,false,VAN,2,4,2,6,1,2,0,0,0,0,11,11907,247,20,19,6,9,2,0,0
Alex Petrovic,FLA,D,2016-10-30,false,DET,0,3,5,2,0,0,0,0,0,0,7,9196,172,17,6,7,4,3,0,0
Nic Petan,WPG,L,2016-11-19,false,BOS,1,5,-2,0,0,3,0,0,0,0,15,8612,189,1,2,5,3,7,41,38
Brett Pesce,CAR,D,2016-11-01,false,OTT,0,2,0,2,0,0,0,0,0,0,12,10760,237,7,19,7,4,3,0,0
Corey Perry,ANA,R,2016-10-28,false,CBJ,4,2,-1,12,0,1,0,0,0,0,34,9981,215,10,1,8,2,4,0,2
David Perron,STL,L,2016-10-29,false,LAK,3,1,-1,2,1,0,0,0,1,0,23,10066,242,7,4,9,2,3,11,13
Mathieu Perreault,WPG,C,2016-10-30,false,BUF,1,2,-2,6,0,1,0,0,0,0,23,8918,182,15,2,6,4,5,67,63
Brendan Perlini,ARI,L,2016-12-21,false,EDM,2,1,-1,4,0,0,0,0,0,0,9,7340,161,9,1,7,1,2,1,0
Adam Pelech,NYI,D,2016-11-28,false,CGY,1,2,-4,0,0,0,0,0,0,0,10,8335,171,12,9,6,4,4,0,0
Matthew Peca,TBL,C,2017-01-13,false,CBJ,1,1,-3,2,0,0,0,0,0,0,9,6228,147,9,2,7,2,0,32,33
Tanner Pearson,LAK,L,2016-11-03,false,PIT,4,3,3,0,1,0,0,0,0,0,23,8648,201,12,2,12,3,5,0,3
Joe Pavelski,SJS,C,2016-10-29,false,NSH,4,7,5,10,2,2,0,0,2,0,30,10386,222,16,15,16,11,5,50,49
Greg Pateryn,MTL,D,2016-11-04,false,CBJ,0,2,2,0,0,0,0,0,0,0,9,8380,183,11,19,4,3,3,0,0
David Pastrnak,BOS,R,2016-11-05,false,NYR,7,3,11,2,1,0,0,0,1,0,33,8751,183,7,3,8,4,2,0,1
Zach Parise,MIN,L,2016-11-15,false,CGY,2,4,-2,10,0,1,0,0,0,0,30,9950,225,9,13,11,2,7,0,1
PA Parenteau,NJD,R,2016-11-03,false,FLA,4,1,-2,4,1,0,0,0,0,0,15,7400,168,9,0,1,5,4,0,1
Colton Parayko,STL,D,2016-10-29,false,LAK,0,3,-2,8,0,1,0,0,0,0,17,11236,262,4,19,6,5,3,0,0
Cedric Paquette,TBL,C,2016-10-30,false,NYR,1,1,-1,12,0,0,0,0,0,0,9,4964,123,16,2,3,0,4,0,5
Richard Panik,CHI,R,2016-10-30,false,LAK,6,3,3,4,2,1,0,0,1,0,12,8963,205,23,1,5,4,2,0,2
Artemi Panarin,CHI,L,2016-10-30,false,LAK,3,5,7,2,2,0,0,0,0,0,20,11046,215,3,0,11,6,4,0,0
Kyle Palmieri,NJD,R,2016-11-03,false,FLA,2,3,2,6,1,2,0,0,0,0,21,8379,186,13,2,8,8,2,1,4
Ondrej Palat,TBL,L,2016-10-30,false,NYR,1,3,-8,7,0,2,0,0,0,0,14,9415,193,18,6,4,6,13,0,0
Iiro Pakarinen,EDM,R,2017-03-10,false,PIT,1,2,2,0,0,0,0,0,0,0,11,4413,124,18,6,3,0,0,0,1
Jean-Gabriel Pageau,OTT,C,2016-11-01,false,CAR,1,1,2,2,0,0,0,0,0,0,14,8686,211,15,9,5,5,3,52,39
Max Pacioretty,MTL,L,2016-10-29,false,TOR,2,5,6,8,0,1,0,0,2,0,27,9352,215,14,2,17,5,3,0,0
Magnus Paajarvi,STL,L,2017-02-18,false,BUF,3,1,2,2,0,0,0,0,2,0,17,6107,155,5,6,3,0,5,1,1
Alex Ovechkin,WSH,L,2016-11-01,false,WPG,4,2,-2,8,1,1,0,0,2,0,35,9866,194,22,2,14,7,9,0,1
Xavier Ouellet,DET,D,2016-12-01,false,FLA,0,1,4,5,0,0,0,0,0,0,10,8421,184,6,8,2,3,2,0,0
Steve Ott,DET,C,2016-11-04,false,WPG,0,1,2,17,0,0,0,0,0,0,8,5265,134,23,3,1,0,2,18,10
T.J. Oshie,WSH,R,2016-11-01,false,WPG,3,1,4,10,1,1,0,0,0,0,21,9609,197,8,7,5,7,5,12,14
Brooks Orpik,WSH,D,2016-11-01,false,WPG,0,2,6,0,0,0,0,0,0,0,7,9167,190,17,17,5,9,3,0,0
Dmitry Orlov,WSH,D,2016-11-01,false,WPG,0,2,1,4,0,1,0,0,0,0,14,10554,210,13,11,6,7,8,0,0
Gustav Olofsson,MIN,D,2017-03-07,false,STL,0,2,-1,0,0,1,0,0,0,0,6,7760,162,8,14,5,1,2,0,0
Steve Oleksy,PIT,D,2017-01-12,false,OTT,0,1,2,22,0,0,0,0,0,0,8,7392,178,19,13,4,1,1,0,0
Jamie Oleksiak,DAL,D,2016-11-28,false,STL,3,1,3,12,0,0,0,1,0,0,8,8810,200,8,13,2,2,0,0,0
Kyle Okposo,BUF,R,2016-11-03,false,TOR,4,3,3,4,1,3,0,0,0,0,19,10487,206,7,1,11,3,0,3,3
Johnny Oduya,DAL,D,2016-11-01,false,CBJ,0,3,-1,6,0,0,0,0,0,0,10,9766,224,2,21,4,6,0,0,0
Ryan O'Reilly,BUF,C,2016-11-01,false,MIN,4,4,0,0,2,2,0,0,1,0,25,12101,235,1,4,7,6,9,136,87
Cal O'Reilly,BUF,C,2017-01-24,false,NSH,0,0,-3,0,0,0,0,0,0,0,3,4582,98,1,3,0,1,3,28,30
Gustav Nyquist,DET,R,2016-10-29,false,BOS,3,5,4,4,0,1,0,0,2,0,17,8425,185,6,0,4,2,5,1,0
William Nylander,TOR,C,2016-10-30,false,NYI,4,7,0,4,3,4,0,0,0,0,31,8566,195,2,3,11,2,8,22,21
Markus Nutivaara,CBJ,D,2016-11-04,false,MTL,0,1,0,2,0,0,0,0,0,0,7,7066,164,4,4,3,1,2,0,0
Darnell Nurse,EDM,D,2016-10-30,false,OTT,1,2,0,6,0,0,0,0,0,0,10,9107,209,20,9,4,6,1,0,0
Ryan Nugent-Hopkins,EDM,C,2016-10-30,false,OTT,0,4,0,4,0,0,0,0,0,0,23,9368,219,5,0,5,1,5,61,70
Tomas Nosek,DET,L,2017-04-04,false,OTT,1,0,-1,2,0,0,0,0,0,0,16,5372,133,10,4,3,2,4,30,24
Joakim Nordstrom,CAR,L,2016-11-01,false,OTT,0,2,-3,2,0,0,0,0,0,0,12,8476,206,11,7,7,3,5,1,1
Jordan Nolan,LAK,C,2016-11-19,false,NJD,0,1,-2,20,0,0,0,0,0,0,5,5090,116,12,0,2,1,0,0,0
Nelson Nogier,WPG,D,2017-04-06,false,CBJ,0,0,-1,5,0,0,0,0,0,0,7,6400,150,12,5,1,4,0,0,0
Stefan Noesen,ANA,R,2017-01-14,false,ARI,1,0,1,2,0,0,0,0,0,0,9,3682,101,10,1,2,2,1,16,29
Matt Niskanen,WSH,D,2016-11-01,false,WPG,0,5,3,2,0,0,0,0,0,0,16,11897,250,13,13,7,8,6,0,0
Matt Nieto,SJS,L,2016-11-19,false,ARI,0,1,-4,0,0,0,0,0,0,0,15,6528,165,12,4,5,0,3,0,2
Frans Nielsen,DET,C,2016-10-29,false,BOS,2,2,-2,0,0,2,1,0,0,0,16,9295,227,4,5,3,3,1,52,78
Nino Niederreiter,MIN,R,2016-10-29,false,DAL,2,3,5,2,0,0,0,0,0,0,14,7377,175,14,1,4,4,2,0,1
Andrej Nestrasil,CAR,C,2016-11-26,false,OTT,1,1,-4,0,0,0,0,0,0,0,18,6459,150,9,2,2,4,6,2,2
Nikita Nesterov,TBL,D,2016-10-30,false,NYR,0,0,0,10,0,0,0,0,0,0,16,9264,195,16,7,4,6,0,0,0
Patrik Nemeth,DAL,D,2016-11-13,false,VAN,0,0,-1,2,0,0,0,0,0,0,11,8826,202,13,9,2,3,2,0,0
Brock Nelson,NYI,C,2016-10-30,false,TOR,3,6,4,2,0,2,0,1,0,0,16,8251,214,5,11,6,2,5,53,60
Casey Nelson,BUF,D,2017-01-21,false,MTL,0,0,-4,2,0,0,0,0,0,0,9,6478,171,14,3,2,1,0,0,0
Chris Neil,OTT,R,2016-11-01,false,CAR,1,0,-1,11,0,0,0,0,0,0,14,4564,119,16,7,2,4,2,0,0
James Neal,NSH,L,2016-11-01,false,COL,1,3,-5,11,0,1,0,0,0,0,35,10723,220,9,7,6,4,0,1,0
Rick Nash,NYR,R,2016-10-30,false,TBL,4,3,-2,2,1,1,0,0,0,0,27,8870,212,4,9,6,5,9,0,0
Riley Nash,BOS,C,2016-11-01,false,FLA,0,0,-1,4,0,0,0,0,0,0,10,7435,172,2,4,6,1,4,49,45
Vladislav Namestnikov,TBL,C,2016-10-30,false,NYR,2,2,-1,4,2,1,0,0,0,0,12,7962,165,5,2,6,1,2,12,15
Jake Muzzin,LAK,D,2016-10-30,false,CHI,1,0,-4,6,1,0,0,0,0,0,15,12411,286,22,18,7,4,3,0,0
Ryan Murray,CBJ,D,2016-11-15,false,WSH,0,1,3,8,0,0,0,0,0,0,5,10273,241,3,16,3,2,0,0,0
Ryan Murphy,CAR,D,2017-01-05,false,STL,0,2,-6,2,0,0,0,0,0,0,2,8259,173,2,10,4,4,4,0,0
Connor Murphy,ARI,D,2016-11-01,false,SJS,0,3,1,8,0,0,0,0,0,0,10,11582,259,17,18,2,2,0,0,0
Matt Moulson,BUF,L,2016-11-01,false,MIN,4,1,0,2,4,1,0,0,0,0,27,7926,169,8,6,4,0,4,0,0
Tyler Motte,CHI,L,2016-10-30,false,LAK,2,2,3,10,0,0,0,0,0,0,14,7398,195,8,8,4,0,6,0,2
Joe Morrow,BOS,D,2016-11-29,false,PHI,0,1,-3,4,0,0,0,0,0,0,13,8592,184,17,7,5,3,1,0,0
Josh Morrissey,WPG,D,2016-10-30,false,BUF,0,2,2,2,0,0,0,0,0,0,15,9433,210,14,9,3,2,1,0,0
Dominic Moore,BOS,C,2016-11-01,false,FLA,3,1,1,8,0,0,1,0,1,0,14,7069,175,3,5,1,3,3,30,35
John Moore,NJD,D,2016-11-03,false,FLA,1,2,2,10,0,0,0,0,0,0,11,10160,229,5,9,4,6,0,0,0
Brandon Montour,ANA,D,2017-02-11,false,WSH,1,1,1,6,0,1,0,0,0,0,19,9005,174,4,9,6,8,1,0,0
Sean Monahan,CGY,C,2016-10-28,false,OTT,4,0,-4,4,1,0,0,0,1,1,19,10751,229,5,5,8,8,4,94,93
Torrey Mitchell,MTL,C,2016-10-29,false,TOR,4,0,5,4,0,0,0,0,1,0,8,6738,178,1,6,4,2,3,52,35
John Mitchell,COL,C,2016-11-13,false,BOS,0,0,0,4,0,0,0,0,0,0,5,5432,133,7,5,3,0,2,35,27
Zack Mitchell,MIN,R,2016-11-26,false,STL,0,0,0,0,0,0,0,0,0,0,8,4708,114,14,3,4,1,1,11,8
Drew Miller,DET,L,2016-10-29,false,BOS,2,0,0,2,0,0,0,0,1,0,9,6542,161,9,8,1,0,3,1,0
Kevan Miller,BOS,D,2016-12-08,false,COL,0,0,-3,2,0,0,0,0,0,0,13,10197,221,23,10,4,2,1,0,0
J.T. Miller,NYR,L,2016-10-30,false,TBL,3,6,5,6,1,1,0,0,0,0,22,8447,197,15,10,9,5,5,17,18
Colin Miller,BOS,D,2016-11-01,false,FLA,0,1,-5,2,0,0,0,0,0,0,15,8988,202,10,6,11,5,1,0,0
Marc Methot,OTT,D,2016-11-01,false,CAR,0,2,6,4,0,0,0,0,0,0,17,11307,271,21,11,0,7,1,0,0
Jon Merrill,NJD,D,2016-12-18,false,NYR,0,0,-3,6,0,0,0,0,0,0,3,8182,193,8,8,4,4,1,0,0
Julian Melchiori,WPG,D,2017-03-21,false,PHI,0,0,-2,4,0,0,0,0,0,0,9,8966,195,14,13,4,9,1,0,0
Timo Meier,SJS,R,2017-01-05,false,MIN,1,0,-2,4,0,0,0,0,1,0,27,6946,174,28,2,5,10,7,0,1
Jayson Megna,VAN,C,2016-12-03,false,TOR,1,0,-3,4,0,0,0,0,0,0,9,5015,120,12,3,1,0,3,0,0
Adam McQuaid,BOS,D,2016-11-10,false,CBJ,0,0,-2,11,0,0,0,0,0,0,11,9619,231,19,14,6,3,0,0,0
Brayden McNabb,LAK,D,2016-12-29,false,EDM,2,0,3,11,0,0,0,0,0,0,8,10737,241,15,9,8,9,3,0,0
Cody McLeod,COL,L,2016-11-17,false,DAL,0,0,0,23,0,0,0,0,0,0,3,3551,90,16,0,1,0,0,0,0
Curtis McKenzie,DAL,L,2016-11-06,false,CHI,1,2,3,7,0,0,0,0,0,0,10,5085,136,20,3,2,0,0,1,1
Greg McKegg,FLA,C,2016-10-30,false,DET,0,2,-1,4,0,0,0,0,0,0,6,5922,140,9,2,3,2,2,6,4
Jamie McGinn,ARI,L,2016-11-12,false,BOS,3,3,-1,6,0,0,0,0,1,0,17,7984,185,15,5,2,4,0,0,0
Brock McGinn,CAR,L,2016-12-04,false,TBL,0,1,-1,0,0,0,0,0,0,0,5,5333,131,9,2,2,2,4,0,2
Ryan McDonagh,NYR,D,2016-10-30,false,TBL,0,8,6,4,0,2,0,0,0,0,20,13284,269,11,17,7,9,4,0,0
Connor McDavid,EDM,C,2016-10-30,false,OTT,5,7,8,6,0,3,0,0,2,0,22,11524,235,1,3,9,6,5,50,60
Jay McClement,CAR,C,2016-11-01,false,OTT,0,0,-4,0,0,0,0,0,0,0,5,5811,153,8,2,5,0,4,39,28
Michael McCarron,MTL,R,2017-01-03,false,NSH,0,3,3,7,0,0,0,0,0,0,13,5253,133,23,2,4,2,3,21,27
Jared McCann,FLA,C,2016-10-30,false,DET,0,0,-1,0,0,0,0,0,0,0,13,5411,124,7,1,3,4,5,13,13
Jake McCabe,BUF,D,2016-11-01,false,MIN,0,2,0,4,0,0,0,0,0,0,1,9816,230,8,10,5,2,1,0,0
Scott Mayfield,NYI,D,2017-02-16,false,NYR,1,3,5,19,0,0,0,0,0,0,10,7011,146,8,12,4,6,4,0,0
Shawn Matthias,WPG,L,2016-10-30,false,BUF,2,1,2,4,0,0,0,0,1,0,12,6895,167,7,4,7,3,0,1,4
Auston Matthews,TOR,C,2016-10-30,false,NYI,6,4,-2,0,1,3,0,0,0,0,36,9279,195,1,5,7,6,5,46,49
Michael Matheson,FLA,D,2016-11-01,false,BOS,2,2,1,2,0,1,0,0,0,0,22,10707,186,5,10,6,8,8,1,0
Andreas Martinsen,COL,L,2016-11-03,false,CHI,1,0,1,4,0,0,0,0,0,0,12,6214,162,25,6,5,1,4,1,0
Jordan Martinook,ARI,L,2016-11-01,false,SJS,3,2,0,6,0,0,0,1,0,0,14,7800,195,8,4,7,1,4,24,37
Alec Martinez,LAK,D,2016-10-30,false,CHI,2,5,0,2,0,2,0,0,2,2,24,12375,290,16,19,11,3,0,0,0
Paul Martin,SJS,D,2016-10-29,false,NSH,0,2,-1,4,0,0,0,0,0,0,6,10182,217,5,17,2,7,1,0,0
Matt Martin,TOR,L,2016-10-30,false,NYI,0,0,-2,16,0,0,0,0,0,0,9,5691,141,37,2,3,1,4,0,4
Patrick Maroon,EDM,L,2016-10-30,false,OTT,2,0,1,6,0,0,0,0,0,0,19,8148,185,21,1,4,4,1,1,2
Mitchell Marner,TOR,C,2016-10-30,false,NYI,1,5,-2,12,0,0,0,0,1,0,24,9068,196,3,9,10,6,8,3,2
Patrick Marleau,SJS,L,2016-10-29,false,NSH,2,1,-3,2,1,1,0,0,1,0,24,9053,184,10,2,5,3,5,1,2
Andrei Markov,MTL,D,2016-10-29,false,TOR,0,4,0,2,0,2,0,1,0,0,16,11475,244,4,13,7,10,4,0,0
Martin Marincin,TOR,D,2016-11-05,false,VAN,0,1,-4,0,0,0,0,0,0,0,12,11050,240,12,12,10,3,3,0,0
Jonathan Marchessault,FLA,C,2016-10-30,false,DET,6,5,6,0,1,2,0,0,2,0,31,9685,188,12,1,10,6,7,26,22
Alexey Marchenko,DET,D,2016-10-29,false,BOS,0,3,3,6,0,0,0,1,0,0,9,10468,241,1,14,5,5,1,0,0
Brad Marchand,BOS,L,2016-11-01,false,FLA,4,7,7,12,0,1,0,0,1,0,18,9958,213,8,3,8,6,9,6,2
Anthony Mantha,DET,R,2016-12-01,false,FLA,3,2,1,0,1,1,0,0,1,0,24,8683,192,4,8,8,4,2,1,0
Josh Manson,ANA,D,2016-10-28,false,CBJ,0,1,1,11,0,0,0,0,0,0,8,10206,222,19,10,3,11,2,0,0
Brandon Manning,PHI,D,2016-10-29,false,PIT,1,5,4,4,0,0,0,0,0,0,11,9617,235,24,11,1,11,0,0,0
Evgeni Malkin,PIT,C,2016-10-29,false,PHI,5,5,1,14,0,4,0,0,1,0,21,10294,236,6,5,7,10,6,70,98
Denis Malgin,FLA,C,2016-10-30,false,DET,0,2,0,2,0,0,0,0,0,0,11,5666,132,8,4,2,1,5,13,32
Nathan MacKinnon,COL,C,2016-11-03,false,CHI,1,5,-3,0,0,3,0,0,0,0,24,9927,224,7,1,13,5,4,71,79
Derek MacKenzie,FLA,C,2016-10-30,false,DET,0,2,4,0,0,0,0,1,0,0,6,6881,163,20,2,1,2,4,46,53
Andrew MacDonald,PHI,D,2016-10-30,false,CAR,1,1,-3,4,0,0,0,0,0,0,6,10058,239,8,12,0,9,1,0,0
Olli Maatta,PIT,D,2016-10-29,false,PHI,0,1,1,4,0,0,0,0,0,0,12,9121,224,8,17,3,4,0,0,0
Roman Lyubimov,PHI,L,2016-11-03,false,NYI,1,0,0,0,0,0,0,0,0,0,13,5118,126,8,2,2,0,2,0,1
Milan Lucic,EDM,L,2016-10-30,false,OTT,4,3,3,9,1,1,0,0,1,0,22,10041,214,26,2,7,10,6,1,1
Adam Lowry,WPG,C,2016-10-30,false,BUF,0,1,-1,6,0,1,0,0,0,0,6,8540,202,17,8,3,3,4,72,70
Ben Lovejoy,NJD,D,2016-11-03,false,FLA,0,1,-1,2,0,0,0,0,0,0,13,11259,234,17,19,5,2,2,0,0
Bryan Little,WPG,C,2016-12-11,false,EDM,3,4,4,0,1,1,0,0,1,1,18,8673,213,3,3,8,4,5,83,70
Anton Lindholm,COL,D,2017-03-31,false,STL,0,0,-6,0,0,0,0,0,0,0,5,7872,178,25,8,5,4,0,0,0
Hampus Lindholm,ANA,D,2016-11-26,false,SJS,0,2,3,4,0,1,0,0,0,0,11,11762,237,11,10,7,10,5,0,0
Elias Lindholm,CAR,C,2016-11-01,false,OTT,0,1,-5,0,0,1,0,0,0,0,18,9973,219,12,9,11,1,5,62,51
Esa Lindell,DAL,D,2016-11-06,false,CHI,0,1,-3,0,0,1,0,0,0,0,12,10197,223,13,12,4,2,4,0,1
Oscar Lindberg,NYR,C,2016-11-23,false,PIT,0,1,-2,8,0,1,0,0,0,0,8,5367,140,8,7,2,0,1,22,22
John-Michael Liles,BOS,D,2016-11-01,false,FLA,0,2,-4,2,0,1,0,0,0,0,8,9033,199,6,13,2,2,4,1,0
Trevor Lewis,LAK,C,2016-10-30,false,CHI,0,0,-7,0,0,0,0,0,0,0,20,6768,156,15,4,7,0,3,5,4
Mark Letestu,EDM,C,2016-10-30,false,OTT,2,2,1,0,0,0,2,0,2,0,9,7140,197,7,6,2,0,3,53,61
Kris Letang,PIT,D,2016-11-10,false,MIN,1,6,-2,6,1,3,0,0,0,0,30,13928,267,18,14,11,13,5,0,0
Josh Leivo,TOR,L,2017-02-21,false,WPG,1,7,4,4,0,1,0,0,0,0,21,6500,170,5,3,9,0,9,1,0
Jori Lehtera,STL,C,2016-11-06,false,COL,1,1,1,8,0,0,0,0,1,0,16,8229,224,4,5,0,1,1,58,49
Artturi Lehkonen,MTL,L,2016-10-29,false,TOR,2,1,2,4,0,0,0,0,0,0,23,7690,186,11,4,3,4,4,0,0
Anders Lee,NYI,L,2016-10-30,false,TOR,1,0,0,2,0,0,0,0,0,0,12,6764,170,26,5,8,0,5,0,1
Nick Leddy,NYI,D,2016-11-01,false,TBL,1,3,-6,2,0,0,0,0,0,0,15,12443,213,8,17,7,3,2,0,0
Curtis Lazar,OTT,C,2016-12-05,false,PIT,0,0,-1,2,0,0,0,0,0,0,9,5109,121,16,4,1,3,4,4,13
Adam Larsson,EDM,D,2016-10-30,false,OTT,0,2,4,4,0,0,0,0,0,0,9,10960,243,24,16,1,12,3,0,0
Philip Larsen,VAN,D,2016-10-29,false,WSH,0,3,-7,2,0,2,0,0,0,0,15,9419,194,3,5,13,3,1,0,0
Dylan Larkin,DET,C,2016-10-29,false,BOS,2,1,-4,13,0,0,0,0,1,0,25,8418,183,6,5,6,7,9,30,39
Nick Lappin,NJD,R,2016-11-15,false,DAL,2,2,3,2,0,0,0,0,0,0,15,6307,142,5,0,6,1,3,1,3
Gabriel Landeskog,COL,L,2016-11-03,false,CHI,2,3,0,7,1,0,0,0,1,1,18,9520,212,24,3,5,3,10,6,9
Anton Lander,EDM,C,2016-11-01,false,TOR,1,2,4,6,0,0,0,0,0,0,5,5562,156,8,6,1,1,3,43,29
Patrik Laine,WPG,R,2016-10-30,false,BUF,6,2,0,2,4,1,0,0,1,1,29,10464,201,11,3,11,11,4,0,1
Andrew Ladd,NYI,L,2016-10-30,false,TOR,0,1,-1,6,0,0,0,0,0,0,21,10034,200,8,3,9,4,5,0,0
Kevin Labanc,SJS,R,2016-11-26,false,ANA,1,2,3,4,0,0,0,0,0,0,10,6660,150,5,2,3,3,1,0,0
Paul LaDue,LAK,D,2017-03-09,false,NSH,0,4,-2,2,0,2,0,0,0,0,12,8728,211,6,5,1,3,1,0,0
Joseph LaBate,VAN,C,2017-03-18,false,EDM,0,0,0,12,0,0,0,0,0,0,3,3660,98,11,1,2,1,1,1,0
Evgeny Kuznetsov,WSH,C,2016-11-01,false,WPG,1,5,5,0,0,0,0,0,0,0,16,9158,198,4,2,8,7,4,53,83
Chris Kunitz,PIT,L,2016-10-29,false,PHI,0,4,3,10,0,0,0,0,0,0,17,8833,210,33,3,4,5,5,2,3
Dmitry Kulikov,BUF,D,2016-11-03,false,TOR,0,0,-2,6,0,0,0,0,0,0,4,12187,276,11,4,8,4,2,0,0
Nikolay Kulemin,NYI,L,2016-11-03,false,PHI,0,3,1,6,0,0,0,0,0,0,8,7189,192,7,5,5,1,2,4,2
Brett Kulak,CGY,D,2016-11-15,false,MIN,0,3,3,8,0,0,0,0,0,0,7,8446,207,5,7,6,3,1,0,0
Tom Kuhnhackl,PIT,R,2016-10-29,false,PHI,0,2,1,2,0,0,0,0,0,0,6,4690,121,16,4,3,0,0,0,1
Nikita Kucherov,TBL,R,2016-11-01,false,NYI,3,9,4,2,2,3,0,0,1,0,22,8769,180,0,3,10,6,8,0,0
Marcus Kruger,CHI,C,2016-10-30,false,LAK,1,1,2,4,0,0,0,0,0,0,6,6750,189,6,2,4,2,3,52,58
Torey Krug,BOS,D,2016-11-01,false,FLA,0,0,-5,6,0,0,0,0,0,0,27,11220,236,11,10,4,7,2,0,0
Niklas Kronwall,DET,D,2016-11-25,false,NJD,0,1,-2,4,0,0,0,0,0,0,11,10430,231,9,16,4,2,0,0,0
David Krejci,BOS,C,2016-11-01,false,FLA,0,3,-4,4,0,1,0,0,0,0,11,9381,189,7,7,7,7,7,71,57
Chris Kreider,NYR,L,2016-11-06,false,WPG,3,7,-2,4,1,2,0,0,0,0,33,8761,198,22,5,10,4,4,1,1
Lauri Korpikoski,DAL,L,2016-11-01,false,CBJ,1,1,4,2,0,0,0,0,0,0,19,7040,185,5,5,2,2,3,0,2
Anze Kopitar,LAK,C,2016-10-30,false,CHI,2,4,0,2,0,1,0,1,0,0,24,12136,232,10,10,16,6,5,112,112
Travis Konecny,PHI,C,2016-10-29,false,PIT,1,6,0,6,1,0,0,0,0,0,20,8458,186,8,4,14,3,6,0,0
Leo Komarov,TOR,C,2016-10-30,false,NYI,0,2,-2,2,0,1,0,0,0,0,11,9428,220,30,9,4,0,3,10,5
Mikko Koivu,MIN,C,2016-10-29,false,DAL,2,3,3,4,0,1,0,1,1,0,15,10764,241,4,14,4,4,3,108,97
Slater Koekkoek,TBL,D,2016-11-17,false,BUF,0,3,4,6,0,0,0,0,0,0,11,7447,170,10,10,5,0,1,0,0
John Klingberg,DAL,D,2016-11-01,false,CBJ,0,4,-3,6,0,3,0,0,0,0,12,12721,251,4,16,8,9,0,0,0
Kevin Klein,NYR,D,2016-11-05,false,BOS,0,1,1,0,0,0,0,1,0,0,11,10178,226,15,23,3,4,3,0,0
Oscar Klefbom,EDM,D,2016-10-30,false,OTT,0,2,5,0,0,0,0,0,0,0,13,11338,241,4,17,7,10,2,0,0
Dwight King,LAK,L,2016-10-30,false,CHI,0,1,0,4,0,0,0,0,0,0,11,8569,183,20,2,6,3,2,2,2
Jakub Kindl,FLA,D,2016-12-05,false,BOS,0,1,-5,8,0,0,0,0,0,0,5,8715,176,19,10,3,6,2,0,0
Alex Killorn,TBL,L,2016-10-30,false,NYR,6,1,-2,6,1,1,0,0,1,0,17,9340,196,19,3,4,10,2,0,1
Jujhar Khaira,EDM,L,2017-03-07,false,NYI,1,0,1,2,0,0,0,0,1,0,9,4939,123,16,4,5,2,1,6,12
Phil Kessel,PIT,R,2016-10-29,false,PHI,3,6,-2,2,3,4,0,0,1,0,20,10036,226,2,3,11,3,1,0,1
Ryan Kesler,ANA,C,2016-10-28,false,CBJ,1,3,2,11,1,1,0,0,0,0,16,11789,250,15,8,13,6,2,120,81
Tanner Kero,CHI,C,2017-01-10,false,DET,1,1,3,0,0,0,0,0,0,0,9,7188,180,13,11,2,2,3,45,55
Michal Kempny,CHI,D,2016-11-03,false,COL,0,0,4,6,0,0,0,0,0,0,6,8866,208,14,9,8,7,1,0,0
Adrian Kempe,LAK,L,2017-03-04,false,VAN,0,4,-3,4,0,2,0,1,0,0,15,6635,148,11,1,6,2,1,6,7
Chris Kelly,OTT,C,2016-11-01,false,CAR,1,2,1,2,0,0,0,0,0,0,15,7437,187,6,6,5,2,1,41,50
Duncan Keith,CHI,D,2016-10-30,false,LAK,0,7,6,2,0,2,0,0,0,0,24,13703,269,2,9,7,5,3,0,0
Zack Kassian,EDM,R,2016-10-30,false,OTT,2,2,1,12,0,0,0,0,0,0,16,7108,182,24,1,1,4,6,0,0
Ondrej Kase,ANA,R,2016-12-03,false,EDM,1,2,1,0,0,0,0,0,1,0,15,6951,175,9,4,4,7,2,0,3
Melker Karlsson,SJS,C,2016-10-29,false,NSH,1,0,-1,4,0,0,0,0,0,0,8,6700,164,6,7,7,3,3,0,2
William Karlsson,CBJ,C,2016-11-04,false,MTL,1,3,3,2,0,0,0,0,1,0,15,7618,193,5,2,8,3,2,58,68
Erik Karlsson,OTT,D,2016-11-01,false,CAR,3,6,6,2,1,1,0,1,0,0,23,14331,295,5,20,14,12,8,0,0
Evander Kane,BUF,L,2016-11-23,false,DET,0,2,-6,10,0,2,0,0,0,0,19,10039,204,20,4,9,5,6,14,14
Patrick Kane,CHI,R,2016-10-30,false,LAK,2,7,7,6,0,2,0,0,0,0,29,12468,223,5,1,11,2,1,1,10
Steven Kampfer,NYR,D,2017-03-22,false,NYI,1,1,-2,6,0,0,0,0,0,0,6,6898,172,20,10,5,3,1,0,0
Sergey Kalinin,NJD,C,2016-11-12,false,BUF,0,1,-2,7,0,0,0,0,0,0,5,6450,158,12,6,1,2,2,1,2
Nazem Kadri,TOR,C,2016-10-30,false,NYI,3,3,-2,15,2,2,0,0,0,0,15,8405,196,17,5,8,6,9,57,71
Tomas Jurco,DET,L,2016-12-17,false,ANA,0,0,-3,2,0,0,0,0,0,0,6,5243,134,4,1,9,2,0,0,0
Roman Josi,NSH,D,2016-11-01,false,COL,2,4,-6,4,1,3,0,0,0,0,26,13190,256,6,13,4,4,1,0,0
Jacob Josefson,NJD,C,2016-11-17,false,ANA,0,2,1,4,0,1,0,0,0,0,10,6523,145,9,2,4,3,1,33,20
Josh Jooris,NYR,R,2016-11-25,false,PHI,1,1,2,2,0,0,0,0,0,0,8,4710,129,15,4,4,1,2,24,22
Seth Jones,CBJ,D,2016-11-04,false,MTL,3,3,2,0,0,0,0,0,1,1,15,12961,279,10,20,5,5,4,0,0
Jyrki Jokipakka,CGY,D,2016-11-01,false,CHI,1,3,2,4,0,0,0,0,0,0,4,8188,211,2,7,3,6,1,0,0
Jussi Jokinen,FLA,L,2016-11-20,false,NYR,1,3,1,8,0,0,0,0,1,0,16,10014,207,3,5,5,9,4,6,5
Erik Johnson,COL,D,2016-11-03,false,CHI,0,4,-4,0,0,2,0,0,0,0,22,12475,284,26,25,6,5,4,0,0
Tyler Johnson,TBL,C,2016-10-30,false,NYR,2,2,-8,2,1,1,0,0,0,0,12,9603,199,10,5,7,1,6,82,66
Jack Johnson,CBJ,D,2016-11-04,false,MTL,0,1,3,4,0,0,0,0,0,0,11,11859,255,15,20,4,1,1,0,0
Stephen Johns,DAL,D,2016-11-05,false,CHI,2,2,1,6,0,0,0,0,1,0,13,10385,245,25,14,9,7,4,0,0
Marcus Johansson,WSH,L,2016-11-01,false,WPG,6,5,7,0,2,2,0,0,2,0,18,9051,183,4,0,2,2,6,1,2
Ryan Johansen,NSH,C,2016-11-01,false,COL,1,5,0,6,1,4,0,0,0,0,14,9121,202,13,4,8,4,1,74,67
Nick Jensen,DET,D,2017-01-12,false,DAL,0,3,-1,2,0,0,0,0,0,0,13,8540,208,8,10,6,4,1,0,0
Boone Jenner,CBJ,C,2016-11-04,false,MTL,0,2,-8,4,0,1,0,0,0,0,19,8040,177,20,10,6,2,3,9,5
Dmitrij Jaskin,STL,R,2016-11-03,false,DAL,0,2,2,2,0,0,0,0,0,0,8,5566,134,10,2,5,2,3,3,4
Calle Jarnkrok,NSH,C,2016-11-01,false,COL,1,0,-2,2,0,0,0,0,0,0,11,7426,193,4,3,5,4,4,25,33
Jaromir Jagr,FLA,R,2016-10-30,false,DET,1,3,1,6,1,1,0,0,0,0,24,9530,191,1,2,10,8,6,0,0
Matt Irwin,NSH,D,2016-11-15,false,TOR,3,2,6,0,0,0,0,0,1,0,9,6715,163,19,14,5,4,1,0,0
Jarome Iginla,COL,R,2016-11-03,false,CHI,2,0,-2,27,1,0,0,0,0,0,18,8291,183,16,1,3,7,4,1,2
Zach Hyman,TOR,C,2016-10-30,false,NYI,0,1,-1,6,0,0,0,0,0,0,23,8742,204,10,8,8,0,3,7,8
Ben Hutton,VAN,D,2016-10-29,false,WSH,1,0,1,8,0,0,0,0,0,0,14,11428,235,8,12,7,8,3,0,0
Matt Hunwick,TOR,D,2016-11-17,false,FLA,0,3,-1,0,0,0,0,0,0,0,11,9520,222,21,11,2,4,4,0,0
Brad Hunt,STL,D,2017-01-10,false,BOS,1,4,-2,2,1,1,0,0,0,0,12,7342,192,0,1,6,1,3,0,0
Jiri Hudler,DAL,R,2016-12-20,false,STL,0,2,-2,2,0,0,0,0,0,0,4,7498,186,4,1,5,2,3,1,2
Jonathan Huberdeau,FLA,L,2017-02-24,false,CGY,4,5,4,2,0,1,0,0,2,1,26,9653,212,9,0,8,9,2,2,3
Marek Hrivik,NYR,L,2016-12-20,false,PIT,0,1,1,0,0,0,0,0,0,0,10,5990,142,12,3,6,2,3,9,16
Marian Hossa,CHI,R,2016-11-01,false,CGY,3,4,0,2,3,2,0,0,0,0,26,8783,217,1,3,9,0,6,2,0
Bo Horvat,VAN,C,2016-10-29,false,WSH,4,0,-1,0,0,0,1,0,0,0,12,8965,211,10,1,8,0,4,70,82
Patric Hornqvist,PIT,R,2016-10-29,false,PHI,3,5,1,2,3,2,0,0,1,0,32,8405,210,28,11,9,1,5,1,4
Julius Honka,DAL,D,2017-01-26,false,BUF,0,3,-6,2,0,1,0,0,0,0,22,9022,191,3,4,5,3,1,0,0
Korbinian Holzer,ANA,D,2016-12-19,false,TOR,0,2,-1,4,0,0,0,0,0,0,6,7815,171,21,12,4,2,0,0,0
Peter Holland,ARI,C,2016-12-13,false,DET,0,3,-1,4,0,0,0,0,0,0,13,6003,131,5,1,4,3,2,33,40
Nick Holden,NYR,D,2016-10-30,false,TBL,0,3,8,2,0,0,0,0,0,0,6,10582,248,16,12,7,8,4,0,0
Mike Hoffman,OTT,L,2016-11-01,false,CAR,1,4,-2,6,0,2,0,0,1,0,34,9102,188,4,3,9,2,8,1,2
Joshua Ho-Sang,NYI,R,2017-03-16,false,WPG,3,3,-4,4,1,0,0,0,0,0,10,8762,172,3,2,3,5,2,0,1
Niklas Hjalmarsson,CHI,D,2016-11-01,false,CGY,2,1,5,2,0,0,0,0,0,0,8,11283,254,3,14,0,7,2,0,0
Vinnie Hinostroza,CHI,L,2016-11-15,false,WPG,0,0,-1,0,0,0,0,0,0,0,6,5253,120,5,6,2,3,6,4,4
Thomas Hickey,NYI,D,2016-10-30,false,TOR,1,1,1,2,0,0,0,0,0,0,9,9546,194,9,14,3,2,0,0,0
Tomas Hertl,SJS,C,2016-10-29,false,NSH,4,2,2,8,1,0,0,0,1,0,19,9048,202,17,3,7,3,5,30,29
Adam Henrique,NJD,C,2016-11-03,false,FLA,2,2,3,6,0,0,0,0,0,0,15,10161,213,11,7,3,3,7,66,67
Matt Hendricks,EDM,L,2016-12-17,false,TBL,0,1,-5,8,0,0,0,0,0,0,9,6296,158,17,11,4,2,1,26,24
Ales Hemsky,DAL,R,2017-03-17,false,CGY,1,2,-3,0,0,1,0,0,0,0,15,7645,200,0,3,8,3,4,0,0
Darren Helm,DET,C,2016-10-29,false,BOS,4,3,10,4,2,0,0,1,1,0,15,8443,208,7,3,3,4,6,53,48
Seth Helgeson,NJD,D,2017-02-12,false,SJS,1,0,2,15,0,0,0,0,0,0,3,7273,177,16,11,5,0,0,0,0
Victor Hedman,TBL,D,2016-10-30,false,NYR,1,4,3,0,0,2,0,0,1,0,11,12922,252,14,18,12,6,5,0,0
Kevin Hayes,NYR,C,2016-10-30,false,TBL,2,4,6,0,0,0,0,0,0,0,13,8765,201,7,7,3,9,8,51,51
Jimmy Hayes,BOS,R,2016-11-01,false,FLA,0,0,-7,7,0,0,0,0,0,0,14,5968,132,16,1,5,2,2,1,1
John Hayden,CHI,L,2017-03-31,false,CBJ,1,2,3,2,0,0,0,0,0,0,20,6660,159,34,2,3,1,4,0,0
Erik Haula,MIN,L,2016-11-17,false,BOS,1,2,3,6,0,0,0,0,0,0,19,7995,188,2,3,3,5,4,47,54
Garnet Hathaway,CGY,R,2016-11-30,false,TOR,1,0,-1,9,0,0,0,0,0,0,5,5032,123,20,6,2,0,2,7,7
Scott Hartnell,CBJ,L,2016-11-04,false,MTL,4,3,4,2,1,0,0,0,0,0,10,6997,168,11,5,5,6,2,0,0
Ryan Hartman,CHI,L,2016-11-06,false,DAL,2,1,0,0,0,0,0,0,0,0,14,5215,124,15,5,5,1,3,1,2
Scott Harrington,CBJ,D,2017-01-31,false,NYR,1,2,4,4,0,0,0,0,0,0,4,6864,164,8,10,4,3,1,0,0
Martin Hanzal,ARI,C,2016-11-01,false,SJS,2,2,-2,2,0,0,0,0,0,0,26,9656,201,18,8,7,5,3,112,66
Jannik Hansen,VAN,R,2016-10-29,false,WSH,2,2,0,2,0,0,0,0,0,0,12,9163,207,10,1,6,3,5,0,0
Markus Hannikainen,CBJ,L,2017-02-26,false,NYR,1,1,0,2,0,0,0,0,0,0,8,5166,127,16,4,3,0,0,0,0
Noah Hanifin,CAR,D,2016-11-01,false,OTT,0,6,-7,6,0,3,0,0,0,0,16,8933,197,6,3,5,7,3,0,0
Travis Hamonic,NYI,D,2016-10-30,false,TOR,2,3,-5,16,0,1,0,0,0,0,13,11650,223,12,18,11,4,3,0,0
Dougie Hamilton,CGY,D,2016-10-28,false,OTT,2,4,1,12,0,1,0,0,1,0,26,10136,243,13,6,3,6,3,0,0
Freddie Hamilton,CGY,C,2016-11-18,false,CHI,0,0,0,0,0,0,0,0,0,0,9,5351,124,17,0,5,1,2,23,19
Dan Hamhuis,DAL,D,2016-11-03,false,STL,0,3,1,6,0,0,0,0,0,0,13,11247,244,9,14,3,3,2,0,0
Taylor Hall,NJD,L,2016-11-03,false,FLA,5,2,-1,2,3,1,0,0,2,1,37,10898,216,11,5,10,3,7,1,1
Micheal Haley,SJS,C,2016-11-21,false,NJD,0,2,-1,32,0,0,0,0,0,0,4,4095,106,24,5,2,3,1,0,0
Ron Hainsey,CAR,D,2016-11-01,false,OTT,0,2,-1,6,0,0,0,0,0,0,11,11262,239,9,6,6,4,1,0,0
Carl Hagelin,PIT,L,2016-10-29,false,PHI,1,0,-4,2,0,0,0,0,0,0,12,8630,214,7,3,4,6,3,0,1
Carl Gunnarsson,STL,D,2016-11-06,false,COL,0,1,0,2,0,0,0,0,0,0,7,6810,166,5,10,3,1,0,0,0
Jake Guentzel,PIT,C,2017-01-22,false,BOS,4,3,5,4,0,0,0,0,0,0,10,7391,171,30,4,5,1,2,2,3
Radko Gudas,PHI,D,2016-11-11,false,TOR,1,4,-1,2,0,1,0,0,0,0,16,11210,231,32,28,18,3,3,0,0
Eric Gryba,EDM,D,2016-11-06,false,DET,0,0,1,12,0,0,0,0,0,0,10,9468,200,32,11,1,2,2,0,0
Mikhail Grigorenko,COL,C,2016-11-03,false,CHI,0,4,-1,6,0,2,0,0,0,0,18,8067,175,5,2,4,2,4,5,4
Seth Griffith,FLA,C,2016-11-29,false,CHI,0,1,1,0,0,0,0,0,0,0,8,5600,123,12,2,5,3,0,0,3
Andy Greene,NJD,D,2016-11-03,false,FLA,0,1,-1,0,0,0,0,0,0,0,10,11964,243,10,22,3,4,1,0,0
Matt Greene,LAK,D,2016-11-19,false,NJD,1,1,1,6,0,0,0,0,0,0,5,7009,186,37,8,2,6,1,0,0
Mike Green,DET,D,2016-10-29,false,BOS,3,4,3,8,1,1,0,0,0,0,10,12879,255,11,11,7,6,6,0,0
Kevin Gravel,LAK,D,2016-11-19,false,NJD,0,1,3,4,0,0,0,0,0,0,8,8118,191,16,13,5,5,0,0,0
Tyler Graovac,MIN,C,2016-11-19,false,COL,2,0,1,0,0,0,0,0,0,0,9,5054,129,12,0,5,0,2,36,35
Derek Grant,BUF,C,2016-11-01,false,MIN,0,0,-3,2,0,0,0,0,0,0,6,6415,159,10,5,3,2,3,53,37
Mikael Granlund,MIN,C,2016-10-29,false,DAL,1,4,2,0,0,1,1,0,1,0,13,10253,220,7,6,13,4,2,3,4
Markus Granlund,VAN,C,2016-10-29,false,WSH,2,1,-2,4,0,0,0,0,0,0,12,8662,201,6,2,5,2,7,8,9
Petter Granberg,NSH,D,2017-01-03,false,MTL,0,0,-1,10,0,0,0,0,0,0,1,4854,111,15,8,1,1,0,0,0
Michael Grabner,NYR,R,2016-10-30,false,TBL,5,1,6,0,0,0,0,0,1,0,17,6617,176,7,5,5,6,7,2,1
Yanni Gourde,TBL,C,2017-03-18,false,WSH,1,1,-2,2,0,0,1,0,0,0,10,7808,175,5,2,5,3,9,13,23
Shayne Gostisbehere,PHI,D,2016-10-29,false,PIT,1,5,-5,4,0,2,0,0,1,0,25,11763,246,7,12,15,12,2,0,0
Josh Gorges,BUF,D,2016-11-01,false,MIN,0,0,-1,10,0,0,0,0,0,0,3,10668,251,22,20,3,3,0,0,0
Boyd Gordon,PHI,C,2016-12-10,false,DAL,1,0,-3,2,0,0,0,0,0,0,6,4618,136,3,6,1,0,1,40,34
Cody Goloubef,COL,D,2017-01-04,false,CGY,0,2,-6,13,0,0,0,0,0,0,3,8597,201,7,14,0,1,2,0,0
Alex Goligoski,ARI,D,2016-11-01,false,SJS,0,5,-8,2,0,2,0,0,0,0,12,12787,251,9,17,5,6,1,0,0
Nikolay Goldobin,VAN,R,2017-03-28,false,ANA,1,0,1,0,0,0,0,0,1,0,11,5576,140,1,4,3,2,3,0,0
Luke Glendening,DET,C,2016-10-29,false,BOS,0,4,3,4,0,1,0,0,0,0,12,7425,183,24,13,7,0,4,50,52
Tanner Glass,NYR,L,2017-04-05,false,WSH,1,1,0,12,0,0,0,0,0,0,6,5559,145,29,3,6,0,2,1,0
Claude Giroux,PHI,C,2016-10-29,false,PIT,1,9,-7,2,1,6,0,0,0,0,23,11310,235,10,1,11,0,3,108,101
Zemgus Girgensons,BUF,C,2016-11-01,false,MIN,1,2,-2,0,0,0,0,0,0,0,16,6589,161,10,4,5,0,0,41,36
Dan Girardi,NYR,D,2016-11-05,false,BOS,2,3,6,2,0,0,0,1,2,0,12,9334,218,18,17,4,6,1,0,0
Mark Giordano,CGY,D,2016-10-28,false,OTT,1,4,1,16,0,1,0,1,0,0,21,13754,280,3,25,9,4,8,0,0
Brian Gionta,BUF,R,2016-11-01,false,MIN,3,3,4,4,0,0,0,0,1,0,20,8967,191,5,2,7,4,1,6,4
Stephen Gionta,NYI,R,2017-02-19,false,NJD,0,4,2,0,0,0,0,0,0,0,6,5796,144,18,3,1,2,0,1,2
Tom Gilbert,LAK,D,2016-11-11,false,OTT,0,3,-2,2,0,1,0,0,0,0,5,8817,204,5,11,4,2,1,0,0
Ryan Getzlaf,ANA,C,2016-11-01,false,LAK,1,8,-1,8,0,3,0,0,0,0,24,10112,219,9,6,10,4,5,71,52
Eric Gelinas,COL,D,2016-12-06,false,NSH,0,1,-2,6,0,0,0,0,0,0,12,6422,155,4,3,7,3,0,0,0
Luke Gazdic,NJD,L,2017-01-21,false,PHI,0,0,-2,12,0,0,0,0,0,0,3,3839,90,13,5,1,0,1,0,0
Frederik Gauthier,TOR,C,2017-01-07,false,MTL,2,1,3,19,0,0,0,0,0,0,5,4803,150,7,8,2,1,1,52,54
Brendan Gaunce,VAN,C,2016-10-29,false,WSH,0,1,-1,4,0,0,0,0,0,0,6,5206,137,4,2,2,1,2,23,29
Cameron Gaunce,PIT,D,2017-03-26,false,PHI,1,3,2,13,0,0,0,0,0,0,8,6306,154,13,5,5,0,2,0,0
Johnny Gaudreau,CGY,L,2016-10-28,false,OTT,2,5,-4,0,0,1,0,0,0,0,27,10406,220,3,3,9,10,1,0,0
Frederick Gaudreau,NSH,C,2017-01-08,false,CHI,0,1,1,0,0,0,0,0,0,0,8,4678,118,1,5,1,1,2,4,8
Jason Garrison,TBL,D,2016-10-30,false,NYR,0,2,-8,4,0,0,0,0,0,0,16,9456,220,13,13,10,9,4,0,0
Jake Gardiner,TOR,D,2016-10-30,false,NYI,1,5,-2,2,1,1,0,0,0,0,13,10020,219,12,10,5,9,2,0,0
Brendan Gallagher,MTL,R,2016-10-29,false,TOR,4,3,7,6,1,0,0,0,1,0,31,8187,194,8,1,7,2,3,16,23
Alex Galchenyuk,MTL,C,2016-10-29,false,TOR,3,5,7,6,1,2,0,0,0,0,14,8555,194,5,4,8,5,3,30,60
Sam Gagner,CBJ,C,2016-11-05,false,STL,3,2,1,0,2,2,0,0,1,0,20,7417,160,2,2,7,2,1,22,27
Kurtis Gabriel,MIN,R,2016-12-22,false,MTL,0,1,0,24,0,0,0,0,0,0,3,3083,87,19,1,2,2,0,0,0
Marian Gaborik,LAK,R,2016-12-16,false,PIT,1,3,1,2,1,1,0,0,0,0,21,7815,170,5,2,11,2,1,0,1
Michael Frolik,CGY,R,2016-10-28,false,OTT,4,1,-1,4,0,0,1,0,0,0,18,8359,198,6,8,6,3,6,4,2
Cody Franson,BUF,D,2016-11-01,false,MIN,0,3,3,2,0,0,0,0,0,0,13,7938,189,4,4,4,4,0,0,0
Cam Fowler,ANA,D,2016-10-28,false,CBJ,3,4,0,2,2,3,0,0,0,0,19,12958,259,5,9,4,6,2,0,0
Gustav Forsling,CHI,D,2016-11-03,false,COL,0,1,1,0,0,0,0,0,0,0,10,8793,176,7,4,4,6,0,0,0
Filip Forsberg,NSH,L,2016-11-01,false,COL,0,7,-3,4,0,3,0,0,0,0,16,10445,234,16,3,11,3,9,4,6
Derek Forbort,LAK,D,2016-10-30,false,CHI,0,0,-3,13,0,0,0,0,0,0,6,6763,159,16,15,2,5,2,0,0
Christian Folin,MIN,D,2016-11-01,false,BUF,0,1,8,8,0,0,0,0,0,0,8,9459,219,18,11,0,2,4,0,0
Marcus Foligno,BUF,L,2016-11-01,false,MIN,1,2,2,6,0,0,0,0,0,0,9,8761,205,29,7,7,6,7,0,1
Nick Foligno,CBJ,L,2016-11-04,false,MTL,4,8,4,9,2,4,0,0,0,0,14,9031,207,12,5,10,3,3,7,7
Brian Flynn,MTL,C,2016-11-04,false,CBJ,0,2,1,2,0,0,0,0,0,0,9,6701,177,7,7,7,4,3,8,11
Mike Fisher,NSH,C,2016-11-10,false,STL,3,3,-4,2,3,2,0,0,1,0,17,9239,205,28,8,4,0,1,88,76
Valtteri Filppula,TBL,C,2016-10-30,false,NYR,3,2,2,4,0,0,0,0,1,0,10,9237,190,4,4,1,3,3,64,96
Vernon Fiddler,NJD,C,2016-11-03,false,FLA,0,0,-1,11,0,0,0,0,0,0,10,7103,174,6,3,2,7,3,63,55
Kevin Fiala,NSH,L,2016-11-03,false,ARI,2,0,-1,2,0,0,0,0,1,0,18,6633,166,8,0,1,5,3,0,0
Micheal Ferland,CGY,L,2016-10-28,false,OTT,2,3,2,0,0,1,0,0,0,0,12,5991,143,18,2,5,5,2,0,0
Eric Fehr,PIT,C,2016-10-29,false,PHI,1,0,-2,2,0,0,0,0,1,0,10,6327,161,11,10,3,0,5,21,17
Taylor Fedun,BUF,D,2017-01-03,false,NYR,0,4,1,2,0,3,0,0,0,0,11,8046,185,2,5,3,4,1,0,0
Justin Faulk,CAR,D,2016-11-01,false,OTT,3,3,-4,6,1,2,0,0,0,0,20,13227,255,10,9,15,10,6,0,0
Jesper Fast,NYR,R,2016-10-30,false,TBL,0,4,5,4,0,0,0,0,0,0,4,7179,185,15,3,6,2,5,5,3
Hudson Fasching,BUF,R,2017-03-20,false,DET,0,0,-2,2,0,0,0,0,0,0,5,5537,129,17,2,3,1,1,0,0
Justin Falk,BUF,D,2016-11-29,false,OTT,0,0,-1,2,0,0,0,0,0,0,6,7073,180,15,3,2,2,1,0,0
Radek Faksa,DAL,C,2016-11-01,false,CBJ,1,1,-1,6,0,0,0,0,0,0,14,8662,228,9,7,8,4,4,64,67
Robby Fabbri,STL,C,2016-10-29,false,LAK,0,3,-4,6,0,1,0,0,0,0,13,8977,201,10,6,4,4,4,1,1
Adam Erne,TBL,L,2017-03-06,false,NYR,1,0,-2,4,0,0,0,0,0,0,18,6741,165,24,2,8,2,2,0,2
Joel Eriksson Ek,MIN,C,2016-11-12,false,PHI,2,3,2,2,0,0,0,0,1,0,7,5467,145,14,5,3,1,1,21,35
Loui Eriksson,VAN,L,2016-10-29,false,WSH,0,4,-4,0,0,1,0,1,0,0,13,10409,215,0,3,7,1,3,0,0
Jonathan Ericsson,DET,D,2016-10-29,false,BOS,0,2,3,28,0,0,0,0,0,0,7,9565,225,11,12,5,3,0,0,0
Toby Enstrom,WPG,D,2016-10-30,false,BUF,0,2,-1,8,0,1,0,0,0,0,10,12160,264,2,10,5,4,1,0,0
Tyler Ennis,BUF,L,2016-11-01,false,MIN,1,1,-4,0,0,0,0,0,0,0,24,7829,169,4,3,4,1,5,0,3
Deryk Engelland,CGY,D,2016-10-28,false,OTT,1,1,5,7,0,0,0,0,1,0,12,10637,250,10,24,7,6,2,0,0
Alexei Emelin,MTL,D,2016-10-29,false,TOR,1,2,4,10,0,0,0,0,0,0,8,11035,232,34,17,2,11,0,0,0
Ryan Ellis,NSH,D,2016-11-01,false,COL,0,3,-1,2,0,2,0,0,0,0,15,12744,253,17,19,6,2,1,0,0
Lars Eller,WSH,C,2016-11-01,false,WPG,1,0,0,10,0,0,0,0,0,0,17,8128,179,4,1,4,2,5,51,59
Remi Elie,DAL,L,2017-03-23,false,CHI,1,2,-1,6,0,0,0,0,0,0,9,8555,205,21,8,2,7,4,1,0
Oliver Ekman-Larsson,ARI,D,2016-11-01,false,SJS,5,2,-1,4,2,0,0,0,1,1,23,13921,245,14,10,11,6,3,0,0
Mattias Ekholm,NSH,D,2016-11-01,false,COL,0,1,0,4,0,0,0,0,0,0,16,12519,251,8,13,7,8,5,0,0
Aaron Ekblad,FLA,D,2016-10-30,false,DET,1,0,-3,6,1,0,0,0,0,0,27,12645,214,21,11,9,1,4,0,0
Jack Eichel,BUF,C,2016-12-17,false,CAR,5,3,2,2,2,2,0,0,2,0,31,10279,193,5,7,10,5,5,42,58
Nikolaj Ehlers,WPG,L,2016-10-30,false,BUF,2,2,-1,4,0,1,0,0,0,0,18,9405,186,5,2,10,2,4,0,1
Joel Edmundson,STL,D,2016-10-29,false,LAK,0,1,0,4,0,0,0,0,0,0,5,8845,224,19,11,3,2,2,0,0
Alexander Edler,VAN,D,2016-10-29,false,WSH,1,0,-3,4,1,0,0,0,0,0,19,13141,265,15,31,4,5,2,0,0
Jordan Eberle,EDM,C,2016-10-30,false,OTT,3,3,1,2,1,0,0,0,0,0,29,9947,218,2,4,6,0,3,0,1
Patrick Eaves,DAL,R,2016-11-03,false,STL,2,3,1,0,1,1,0,0,0,0,22,8960,211,16,2,8,0,0,0,0
Cody Eakin,DAL,C,2016-12-03,false,COL,0,1,-6,0,0,0,0,0,0,0,11,8753,215,4,5,4,2,1,61,78
Ryan Dzingel,OTT,L,2016-11-01,false,CAR,4,3,5,0,0,1,1,0,1,0,12,6597,159,6,7,2,2,2,0,2
Christian Dvorak,ARI,C,2016-11-04,false,ANA,1,4,1,2,0,1,0,0,0,0,4,7676,157,6,9,3,2,0,43,53
Brian Dumoulin,PIT,D,2016-10-29,false,PHI,0,0,-3,4,0,0,0,0,0,0,12,11564,265,19,13,5,7,1,0,0
Gabriel Dumont,TBL,C,2017-01-31,false,BOS,0,1,-1,5,0,0,0,0,0,0,16,5420,136,23,3,2,2,1,27,17
Matt Dumba,MIN,D,2016-10-29,false,DAL,1,3,3,2,1,1,0,0,0,0,17,12159,234,14,9,6,3,3,0,0
Anthony Duclair,ARI,L,2016-11-01,false,SJS,0,1,-1,0,0,0,0,0,0,0,15,7508,165,1,1,4,5,4,0,0
Matt Duchene,COL,C,2016-11-03,false,CHI,5,3,1,2,0,1,0,0,2,0,22,9679,209,4,9,5,5,5,53,32
Brandon Dubinsky,CBJ,C,2016-11-04,false,MTL,0,2,-7,13,0,1,0,0,0,0,11,9187,218,28,4,8,5,3,80,85
Jonathan Drouin,TBL,L,2016-10-30,false,NYR,2,3,-4,4,2,1,0,0,0,0,30,9929,195,7,7,7,9,5,20,21
Leon Draisaitl,EDM,C,2016-10-30,false,OTT,2,4,-3,0,1,1,0,0,0,0,21,8873,190,3,4,4,8,6,64,59
Justin Dowling,DAL,C,2017-04-06,false,NSH,0,2,0,2,0,1,0,0,0,0,11,5654,144,1,0,3,1,3,38,31
Nic Dowd,LAK,C,2016-11-03,false,PIT,2,3,-2,2,1,1,0,0,1,1,10,7267,172,27,4,6,3,1,50,51
Drew Doughty,LAK,D,2016-10-30,false,CHI,2,2,0,6,0,1,0,0,0,0,27,14981,295,16,19,10,8,0,1,0
Jake Dotchin,TBL,D,2017-02-11,false,WPG,0,2,3,10,0,0,0,0,0,0,11,8902,199,27,6,7,6,0,0,0
Joonas Donskoi,SJS,R,2016-10-29,false,NSH,2,2,-2,2,1,1,0,0,0,0,14,7717,186,1,3,9,3,6,0,0
Max Domi,ARI,L,2016-11-01,false,SJS,0,6,-3,6,0,1,0,0,0,0,20,10041,196,7,6,6,6,5,3,2
Shane Doan,ARI,R,2016-11-01,false,SJS,1,2,-4,2,1,1,0,0,0,0,21,8490,179,16,3,5,3,1,15,13
Brenden Dillon,SJS,D,2016-10-29,false,NSH,0,1,1,6,0,0,0,0,0,0,14,8414,194,18,5,6,1,0,0,0
Jason Dickinson,DAL,C,2017-04-06,false,NSH,2,0,-3,0,0,0,0,0,0,0,9,6208,152,6,3,5,0,3,4,9
Phillip Di Giuseppe,CAR,L,2016-11-06,false,NJD,0,0,-5,11,0,0,0,0,0,0,14,6226,142,13,2,9,1,3,0,0
Nicolas Deslauriers,BUF,L,2016-12-13,false,LAK,0,0,-3,4,0,0,0,0,0,0,6,4672,108,22,2,4,0,1,0,0
Andrew Desjardins,CHI,L,2016-12-03,false,PHI,0,0,-1,4,0,0,0,0,0,0,14,5684,139,10,2,3,0,3,5,7
David Desharnais,MTL,C,2016-10-29,false,TOR,2,2,2,0,0,0,0,0,0,0,10,7300,171,0,1,0,2,3,31,29
Jason Demers,FLA,D,2016-10-30,false,DET,0,3,-2,4,0,1,0,1,0,0,8,10729,203,3,7,13,6,7,0,0
Michael Del Zotto,PHI,D,2016-11-29,false,BOS,2,4,-1,4,0,0,0,0,0,0,20,10015,222,37,16,7,3,2,0,0
Dylan DeMelo,SJS,D,2016-12-27,false,ANA,1,1,-3,2,0,0,0,0,0,0,17,8366,197,16,11,2,4,0,0,0
Danny DeKeyser,DET,D,2016-10-29,false,BOS,1,0,3,8,0,0,0,0,0,0,4,12254,264,10,25,4,7,1,0,0
Anthony DeAngelo,ARI,D,2016-11-27,false,EDM,2,4,1,2,1,2,0,0,0,0,15,10635,215,1,12,5,5,1,0,0
Jacob De La Rose,MTL,L,2017-02-05,false,EDM,0,0,-3,4,0,0,0,0,0,0,4,5890,156,23,5,4,0,4,17,17
Brandon Davidson,EDM,D,2017-01-03,false,CBJ,0,1,1,6,0,0,0,0,0,0,14,8085,182,12,19,5,7,1,0,0
Laurent Dauphin,ARI,C,2016-11-10,false,WPG,1,1,-1,4,0,0,1,0,0,0,10,6031,140,13,5,1,1,6,11,13
Marko Dano,WPG,C,2016-11-17,false,PHI,3,3,1,2,2,0,0,0,0,0,12,6733,157,14,4,5,5,3,1,3
Phillip Danault,MTL,L,2016-10-29,false,TOR,2,2,3,0,0,0,0,0,0,0,12,6705,169,7,8,3,3,1,19,23
Trevor Daley,PIT,D,2016-10-29,false,PHI,1,2,1,6,1,1,0,0,0,0,14,11774,276,4,18,9,1,8,0,0
Klas Dahlbeck,CAR,D,2016-11-12,false,WSH,1,2,0,12,0,0,0,0,0,0,5,6602,163,13,6,4,2,3,0,0
Austin Czarnik,BOS,C,2016-11-08,false,MTL,1,1,-3,4,0,1,0,0,0,0,12,7851,179,1,6,3,3,2,4,13
Matt Cullen,PIT,C,2016-10-29,false,PHI,2,5,3,0,0,1,0,0,0,0,15,8833,226,6,2,9,4,1,93,61
Lawson Crouse,ARI,L,2016-11-08,false,COL,1,0,-4,4,0,0,0,0,0,0,11,5768,134,21,4,2,0,0,0,0
Sidney Crosby,PIT,C,2016-11-12,false,TOR,10,3,6,0,3,1,0,0,1,0,35,9933,223,12,2,11,6,4,99,113
Joseph Cramarossa,ANA,C,2016-11-09,false,CBJ,1,1,1,20,0,0,0,0,0,0,5,5896,151,20,6,5,4,2,1,0
Adam Cracknell,DAL,R,2016-11-01,false,CBJ,2,1,1,0,0,0,0,0,0,0,13,5428,140,11,3,8,3,1,18,14
Charlie Coyle,MIN,C,2016-10-29,false,DAL,3,4,2,18,1,0,0,0,1,0,17,9070,206,11,7,8,5,5,7,6
Sean Couturier,PHI,C,2016-10-29,false,PIT,3,1,-1,6,0,0,0,0,1,0,15,10106,232,9,7,9,5,6,72,77
Logan Couture,SJS,C,2016-10-29,false,NSH,2,4,-1,2,2,0,0,0,0,0,25,9591,227,1,8,5,7,1,39,74
Nick Cousins,PHI,C,2016-11-02,false,DET,1,2,2,2,0,0,0,0,0,0,11,5782,132,10,4,0,0,1,3,13
Andrew Copp,WPG,C,2016-11-17,false,PHI,2,2,-1,0,0,0,1,0,0,0,9,6630,168,11,6,4,3,5,13,32
Kyle Connor,WPG,L,2016-11-01,false,WSH,1,2,-4,4,0,1,0,0,1,0,16,7418,156,1,3,5,2,5,1,0
Brett Connolly,WSH,R,2016-11-18,false,DET,1,0,1,6,0,0,0,0,0,0,11,5225,127,22,1,3,1,3,0,0
Kevin Connauton,ARI,D,2016-12-23,false,TOR,0,1,-1,6,0,0,0,0,0,0,10,7046,172,18,6,7,2,1,0,0
Erik Condra,TBL,R,2017-01-16,false,LAK,0,0,-4,2,0,0,0,0,0,0,7,5398,126,4,6,3,2,3,1,0
Cory Conacher,TBL,C,2017-04-06,false,TOR,1,1,-2,4,1,0,0,0,0,0,13,6170,156,1,0,6,6,3,1,1
J.T. Compher,COL,L,2017-03-18,false,DET,1,0,-2,2,0,0,0,0,1,0,9,7224,166,4,11,4,2,2,38,39
Blake Comeau,COL,L,2016-11-03,false,CHI,1,1,-2,14,1,0,0,0,0,0,12,8062,190,16,3,3,1,2,25,21
Blake Coleman,NJD,C,2017-03-05,false,CBJ,0,1,-3,4,0,0,0,0,0,0,12,6695,153,18,8,4,6,7,40,42
Ian Cole,PIT,D,2016-10-29,false,PHI,1,0,-4,10,0,0,0,0,0,0,7,10408,239,21,17,9,6,1,0,0
Joe Colborne,COL,C,2016-11-03,false,CHI,3,1,-4,4,2,0,0,0,0,0,11,6879,163,7,4,0,3,2,12,28
Andrew Cogliano,ANA,L,2016-10-28,false,CBJ,4,0,2,2,0,0,2,0,0,0,18,8362,213,10,6,2,2,3,1,4
Braydon Coburn,TBL,D,2016-10-30,false,NYR,0,1,-4,6,0,0,0,0,0,0,16,8604,191,14,2,4,2,0,0,0
Cal Clutterbuck,NYI,R,2016-10-30,false,TOR,1,4,2,8,0,0,0,0,0,0,15,8467,220,32,4,4,4,1,1,1
Kyle Clifford,LAK,L,2016-11-01,false,ANA,0,0,0,21,0,0,0,0,0,0,15,5372,120,25,1,6,1,3,0,1
Adam Clendening,NYR,D,2016-12-23,false,MIN,0,3,4,4,0,1,0,0,0,0,6,8687,193,5,7,7,2,2,0,0
Fredrik Claesson,OTT,D,2017-01-19,false,CBJ,0,0,-1,0,0,0,0,0,0,0,3,5701,143,11,4,2,4,0,0,0
Casey Cizikas,NYI,C,2016-10-30,false,TOR,1,3,2,4,0,0,0,0,1,0,12,7978,212,20,12,3,2,3,76,80
Jakob Chychrun,ARI,D,2016-11-03,false,NSH,1,2,2,21,0,0,0,0,0,0,9,9581,204,15,10,14,7,1,0,0
Taylor Chorney,WSH,D,2017-01-16,false,PIT,1,2,4,4,0,0,0,0,1,0,10,7105,162,15,12,5,3,2,0,0
Jason Chimera,NYI,L,2016-10-30,false,TOR,0,3,-3,6,0,0,0,0,0,0,12,7512,190,14,2,3,4,1,1,4
Alex Chiasson,CGY,R,2016-10-28,false,OTT,1,2,4,8,0,0,0,0,0,0,14,6458,164,10,2,4,4,4,0,3
Ben Chiarot,WPG,D,2016-11-01,false,WSH,0,1,-4,2,0,0,0,0,0,0,3,6866,147,11,10,1,5,0,0,0
Zdeno Chara,BOS,D,2016-11-01,false,FLA,1,2,7,15,0,0,0,0,0,0,14,12748,250,18,18,6,6,8,0,0
Michael Chaput,VAN,C,2016-11-25,false,DAL,0,1,-2,4,0,0,0,0,0,0,7,5801,147,12,4,0,1,1,48,31
Peter Cehlarik,BOS,L,2017-03-04,false,NJD,0,2,1,0,0,1,0,0,0,0,7,7845,171,6,4,6,9,7,2,0
Cody Ceci,OTT,D,2016-11-01,false,CAR,0,2,-4,4,0,0,0,1,0,0,13,12268,280,18,22,8,5,4,0,0
Jeff Carter,LAK,C,2016-10-30,false,CHI,2,3,-1,4,0,0,0,0,1,1,26,9900,213,7,5,12,7,3,84,67
William Carrier,BUF,L,2016-11-21,false,CGY,1,0,2,2,0,0,0,0,0,0,14,4516,118,34,2,3,3,1,1,1
Connor Carrick,TOR,D,2016-10-30,false,NYI,1,0,2,6,0,0,0,0,0,0,22,10362,242,11,12,7,8,2,0,0
Daniel Carr,MTL,L,2016-11-22,false,OTT,1,1,2,4,0,0,0,0,1,0,14,5679,133,12,5,4,3,2,1,1
Ryan Carpenter,SJS,C,2017-01-31,false,CHI,2,2,5,4,0,0,0,0,0,0,15,5362,145,12,2,2,2,1,28,29
John Carlson,WSH,D,2016-11-01,false,WPG,0,2,2,0,0,0,0,0,0,0,28,12757,236,4,12,12,6,4,0,0
Brandon Carlo,BOS,D,2016-11-01,false,FLA,1,1,7,6,0,0,0,0,0,0,11,12197,246,10,25,9,2,1,0,0
Brian Campbell,CHI,D,2016-10-30,false,LAK,1,5,6,2,0,2,0,0,0,0,11,9730,200,11,6,2,8,0,0,0
Michael Cammalleri,NJD,L,2016-11-03,false,FLA,0,3,1,6,0,1,0,0,0,0,22,8775,188,6,2,11,7,3,2,2
Matt Calvert,CBJ,L,2016-11-04,false,MTL,1,1,-1,2,0,0,0,0,0,0,13,8528,201,13,5,6,4,7,2,3
Ryan Callahan,TBL,R,2016-11-15,false,DET,1,1,0,17,0,0,0,0,0,0,12,7279,173,23,7,6,2,5,2,1
Drake Caggiula,EDM,L,2016-12-04,false,MIN,1,2,0,2,1,0,0,0,0,0,11,7265,170,15,1,8,2,2,18,29
Paul Byron,MTL,L,2016-10-29,false,TOR,2,3,2,2,0,0,1,0,1,0,10,7155,188,9,4,1,1,6,1,0
Dustin Byfuglien,WPG,D,2016-10-30,false,BUF,0,6,0,6,0,1,0,0,0,0,25,15444,263,25,15,18,13,5,0,0
Alexandre Burrows,VAN,L,2016-11-07,false,NYI,0,0,-3,21,0,0,0,0,0,0,14,6161,169,9,2,1,1,7,0,2
Brent Burns,SJS,D,2016-10-29,false,NSH,3,7,3,4,0,2,0,0,1,0,45,12760,246,8,26,16,19,4,0,0
Alexander Burmistrov,WPG,C,2016-11-01,false,WSH,0,1,-2,0,0,0,0,0,0,0,4,6099,134,7,2,3,4,1,22,41
Andre Burakovsky,WSH,L,2016-11-01,false,WPG,2,2,-2,0,0,0,0,0,0,0,20,8494,171,3,2,5,2,5,0,0
Pavel Buchnevich,NYR,R,2016-11-08,false,VAN,3,4,3,4,1,2,0,0,0,0,16,8121,179,3,3,8,10,4,0,1
Dustin Brown,LAK,R,2016-10-30,false,CHI,1,4,-2,6,0,2,1,0,0,0,14,8873,194,21,3,7,2,5,0,1
Connor Brown,TOR,R,2016-10-30,false,NYI,1,0,-3,4,0,0,0,0,0,0,9,6884,173,11,7,5,1,0,0,0
J.T. Brown,TBL,R,2016-11-01,false,NYI,1,0,-3,6,0,0,1,0,0,0,10,5634,140,9,1,3,3,2,0,1
Patrick Brown,CAR,C,2017-03-16,false,MIN,0,0,-6,0,0,0,0,0,0,0,6,5170,122,17,4,5,2,1,0,0
Troy Brouwer,CGY,R,2016-10-28,false,OTT,3,3,1,6,0,2,1,0,0,0,15,9141,215,25,7,4,2,5,7,12
Kyle Brodziak,STL,C,2016-11-01,false,NYR,0,0,-2,8,0,0,0,0,0,0,5,4759,135,9,2,2,0,2,15,29
Jonas Brodin,MIN,D,2016-10-29,false,DAL,1,3,7,6,0,0,0,0,1,0,8,10305,226,3,12,11,5,1,0,0
TJ Brodie,CGY,D,2016-10-28,false,OTT,0,2,-4,2,0,1,0,0,0,0,13,12837,285,2,9,4,6,7,0,0
Justin Braun,SJS,D,2016-10-29,false,NSH,0,0,-5,2,0,0,0,0,0,0,10,10846,226,11,21,4,6,6,0,0
Derick Brassard,OTT,C,2016-11-01,false,CAR,1,4,2,4,0,1,0,0,0,0,20,9462,203,11,0,7,3,5,70,85
Tyler Bozak,TOR,C,2016-10-30,false,NYI,3,2,-3,2,0,0,0,0,1,0,15,8637,203,7,2,7,2,4,89,62
Brian Boyle,TBL,C,2016-10-30,false,NYR,1,0,0,5,0,0,0,0,0,0,14,5769,142,15,3,1,3,5,43,36
Johnny Boychuk,NYI,D,2016-10-30,false,TOR,2,2,0,0,0,1,1,0,1,0,29,10492,205,23,23,9,6,3,0,0
Jay Bouwmeester,STL,D,2016-10-29,false,LAK,0,1,1,4,0,0,0,0,0,0,10,12208,270,7,14,6,5,2,0,0
Rene Bourque,COL,R,2016-11-06,false,STL,1,1,-3,11,1,0,0,0,0,0,15,7628,169,20,7,6,1,3,0,3
Michael Bournival,TBL,L,2017-01-03,false,WPG,1,0,-2,2,0,0,0,0,0,0,12,5303,129,9,4,8,1,2,1,2
Lance Bouma,CGY,C,2016-10-28,false,OTT,0,1,1,2,0,0,0,0,0,0,3,6646,167,17,8,2,2,2,0,1
Reid Boucher,NJD,C,2016-11-23,false,TOR,0,2,0,2,0,0,0,0,0,0,12,6617,134,11,7,4,0,4,0,0
Robert Bortuzzo,STL,D,2016-11-28,false,DAL,1,1,5,2,0,0,0,0,0,0,14,7781,214,21,16,5,6,2,0,0
Mark Borowiecki,OTT,D,2016-11-01,false,CAR,0,0,3,16,0,0,0,0,0,0,3,6662,180,23,13,4,0,0,0,0
Nick Bonino,PIT,C,2016-10-29,false,PHI,0,2,-6,4,0,1,0,0,0,0,14,9812,235,11,13,2,2,7,85,90
Jared Boll,ANA,R,2016-11-01,false,LAK,0,1,-2,11,0,0,0,0,0,0,3,3622,93,9,1,0,2,1,0,1
Zach Bogosian,BUF,D,2016-11-01,false,MIN,0,0,-2,6,0,0,0,0,0,0,13,10254,237,6,15,1,5,4,0,0
Brock Boeser,VAN,R,2017-04-09,false,EDM,4,1,0,0,2,0,0,0,1,0,25,8755,188,5,0,3,4,1,0,0
Mikkel Boedker,SJS,L,2016-10-29,false,NSH,1,0,-3,2,0,0,0,0,0,0,9,8342,202,7,3,7,6,4,2,4
Anton Blidh,BOS,L,2016-12-23,false,CAR,1,1,2,0,0,0,0,0,0,0,20,5447,123,21,1,4,3,3,0,0
Joseph Blandisi,NJD,L,2017-02-25,false,NYR,1,1,-4,7,0,1,0,0,0,0,10,5969,154,11,0,4,0,1,13,15
Nick Bjugstad,FLA,C,2016-12-08,false,PIT,0,0,-4,6,0,0,0,0,0,0,6,6759,151,13,1,1,5,3,15,20
Oliver Bjorkstrand,CBJ,R,2017-02-25,false,NYI,2,1,2,6,0,0,0,0,1,0,17,7468,174,5,2,5,4,4,1,0
Anthony Bitetto,NSH,D,2017-01-12,false,BOS,0,2,-1,7,0,0,0,0,0,0,4,6163,150,14,8,6,2,0,0,0
Kevin Bieksa,ANA,D,2016-10-28,false,CBJ,0,0,1,10,0,0,0,0,0,0,23,11171,221,21,6,7,4,1,0,0
Alex Biega,VAN,D,2016-12-22,false,WPG,0,2,2,6,0,0,0,0,0,0,9,8470,197,24,10,10,1,2,0,0
Bryan Bickell,CAR,L,2017-04-06,false,NYI,1,0,-4,4,1,0,0,0,1,0,6,5500,126,14,2,6,2,3,0,2
Patrik Berglund,STL,C,2016-10-29,false,LAK,1,3,2,4,0,0,0,0,0,0,14,8409,207,14,4,8,2,3,63,41
Patrice Bergeron,BOS,C,2016-11-07,false,BUF,2,2,0,2,0,0,0,0,1,0,34,10168,217,9,9,11,2,4,129,93
Matt Benning,EDM,D,2016-11-17,false,LAK,0,2,3,2,0,1,0,0,0,0,9,8783,195,12,8,8,6,0,0,0
Sam Bennett,CGY,C,2016-10-28,false,OTT,3,3,1,20,1,0,0,0,0,0,16,7686,192,21,1,8,4,3,49,49
Beau Bennett,NJD,R,2016-11-05,false,TBL,0,1,-1,2,0,0,0,0,0,0,15,6384,142,6,1,2,2,5,0,1
Jamie Benn,DAL,L,2016-11-01,false,CBJ,2,3,-6,11,2,1,0,0,0,0,23,10652,249,14,4,11,7,8,52,35
Jordie Benn,DAL,D,2016-11-05,false,CHI,1,3,0,8,0,1,0,0,0,0,13,9938,228,8,18,5,2,1,0,0
Pierre-Edouard Bellemare,PHI,L,2016-10-29,false,PIT,0,1,1,0,0,0,0,0,0,0,11,7369,180,6,10,4,1,0,49,50
Matt Beleskey,BOS,L,2016-11-01,false,FLA,0,0,-7,2,0,0,0,0,0,0,12,8122,175,19,5,10,2,3,12,17
Anthony Beauvillier,NYI,C,2016-11-01,false,TBL,1,4,3,2,0,0,0,0,0,0,8,6186,143,15,2,3,2,1,4,3
Nathan Beaulieu,MTL,D,2016-10-29,false,TOR,0,3,9,9,0,1,0,0,0,0,10,9600,206,11,13,2,14,5,0,0
Francois Beauchemin,COL,D,2016-11-03,false,CHI,0,2,3,4,0,1,0,0,0,0,9,10809,237,9,15,5,6,5,0,0
Jay Beagle,WSH,C,2016-11-01,false,WPG,1,3,4,2,0,0,0,0,1,0,15,6713,167,3,4,2,3,1,62,41
Matt Bartkowski,CGY,D,2017-03-09,false,MTL,0,1,5,7,0,0,0,0,0,0,6,8047,198,14,8,4,4,2,0,0
Tyson Barrie,COL,D,2016-11-03,false,CHI,1,4,-6,2,0,3,0,0,1,0,23,12001,243,9,8,12,4,1,0,0
Aleksander Barkov,FLA,C,2016-10-30,false,DET,2,3,3,0,0,1,0,0,1,1,15,10346,212,2,5,6,2,5,69,57
Mark Barberio,MTL,D,2016-12-22,false,MIN,0,1,1,4,0,0,0,0,0,0,11,7673,174,4,7,2,7,1,0,0
Ivan Barbashev,STL,C,2017-02-15,false,DET,2,0,3,2,0,0,0,0,1,0,8,5571,134,15,6,3,0,1,20,32
Nicholas Baptiste,BUF,R,2016-11-11,false,NJD,2,0,2,4,0,0,0,0,0,0,10,4692,115,5,1,3,1,0,1,1
Justin Bailey,BUF,R,2017-01-13,false,CAR,1,0,0,0,0,0,0,0,0,0,9,5225,129,12,2,3,1,1,0,0
Josh Bailey,NYI,R,2016-10-30,false,TOR,2,4,3,0,0,0,0,0,1,1,17,10521,227,2,13,5,3,6,0,2
Sven Baertschi,VAN,L,2016-10-29,false,WSH,0,2,-1,0,0,0,0,0,0,0,14,8030,181,6,4,3,3,1,1,0
Nicklas Backstrom,WSH,C,2016-11-01,false,WPG,0,5,-2,4,0,3,0,0,0,0,18,9580,210,7,1,1,6,5,83,56
Mikael Backlund,CGY,C,2016-10-28,false,OTT,0,5,0,2,0,1,0,1,0,0,17,9273,220,2,10,4,8,4,80,70
David Backes,BOS,R,2016-11-10,false,CBJ,3,3,6,11,0,1,0,0,0,0,23,9780,200,34,5,7,6,3,33,39
Yohann Auvitu,NJD,D,2016-11-03,false,FLA,0,2,2,0,0,1,0,0,0,0,24,9279,194,7,2,4,4,4,0,0
Cam Atkinson,CBJ,R,2016-11-04,false,MTL,4,3,-7,2,4,3,0,0,1,0,27,9290,219,2,4,11,0,3,1,0
Andreas Athanasiou,DET,C,2016-11-02,false,PHI,3,1,2,0,0,0,0,0,0,0,15,6594,149,2,3,7,2,1,0,3
Viktor Arvidsson,NSH,L,2016-11-01,false,COL,4,2,-4,2,1,1,1,0,0,0,27,7564,194,6,5,6,3,4,1,0
Joel Armia,WPG,R,2016-11-01,false,WSH,1,3,1,2,0,0,0,0,0,0,18,7783,181,8,2,5,7,10,2,2
Josh Archibald,PIT,R,2017-04-08,false,TOR,3,0,2,4,0,0,1,0,0,0,10,5525,139,23,1,7,2,0,0,1
Artem Anisimov,CHI,C,2016-10-30,false,LAK,6,5,7,8,0,2,0,0,2,1,16,10024,213,4,1,7,0,4,50,82
Sven Andrighetto,MTL,R,2017-01-07,false,TOR,0,2,3,0,0,0,0,0,0,0,10,5199,125,11,5,4,1,2,0,0
Andy Andreoff,LAK,L,2016-10-30,false,CHI,0,0,-1,8,0,0,0,0,0,0,4,5418,121,17,3,4,4,0,8,6
Josh Anderson,CBJ,R,2016-11-04,false,MTL,4,1,7,13,0,0,0,0,1,0,17,6443,170,9,2,4,2,1,1,2
Karl Alzner,WSH,D,2016-11-01,false,WPG,2,2,5,6,0,0,0,0,0,0,13,10787,240,7,15,4,6,1,0,0
Sebastian Aho,CAR,R,2016-11-01,false,OTT,0,5,-1,2,0,3,0,0,0,0,19,8343,180,3,1,9,6,2,0,0
Noel Acciari,BOS,C,2016-11-01,false,FLA,0,2,1,2,0,0,0,0,0,0,6,5435,128,20,1,3,1,4,6,8
Pontus Aberg,NSH,L,2016-11-29,false,COL,1,1,1,2,0,0,0,0,0,0,7,6325,147,4,1,1,1,3,1,0
Justin Abdelkader,DET,L,2016-11-02,false,PHI,1,1,-1,7,1,0,0,0,0,0,12,8950,192,24,3,7,2,3,0,2
Jake Virtanen,VAN,R,2016-11-03,false,OTT,0,1,1,2,0,0,0,0,0,0,13,5414,141,15,4,4,0,4,3,0
Clayton Stoner,ANA,D,2016-11-04,false,ARI,0,2,1,26,0,0,0,0,0,0,10,9413,214,22,8,3,2,1,0,0
Steven Stamkos,TBL,C,2016-10-30,false,NYR,6,4,-2,10,2,1,0,0,1,0,34,10144,204,11,2,8,0,8,58,56
Brad Richardson,ARI,R,2016-11-01,false,SJS,4,4,1,6,0,0,2,1,0,0,21,8179,193,8,6,4,2,5,70,63
Kyle Rau,FLA,C,2016-11-12,false,NYI,1,1,0,4,0,0,0,0,0,0,9,6174,137,10,2,1,1,2,2,1
Teddy Purcell,LAK,L,2016-11-15,false,COL,0,2,0,0,0,0,0,0,0,0,10,7066,162,7,1,3,3,1,2,0
Tyler Pitlick,EDM,R,2016-10-30,false,OTT,3,0,0,0,0,0,0,0,1,0,9,4275,113,22,3,2,2,1,1,0
Tyler Myers,WPG,D,2016-11-08,false,DAL,2,2,5,13,0,0,0,1,0,0,12,12662,252,12,19,5,9,5,0,0
Taylor Leier,PHI,L,2016-12-28,false,STL,1,1,-1,4,0,0,0,0,0,0,7,4755,120,5,0,3,0,2,0,1
Johan Larsson,BUF,C,2016-11-01,false,MIN,2,2,-1,6,0,0,0,0,2,0,8,9343,203,9,10,6,5,2,58,66
Shane Harper,FLA,R,2016-10-30,false,DET,2,1,1,11,0,0,0,0,0,0,10,5739,128,16,0,3,2,3,0,0
Erik Gudbranson,VAN,D,2016-10-29,false,WSH,0,2,0,7,0,0,0,0,0,0,11,10384,224,14,8,2,6,1,0,0
Ryan Garbutt,ANA,C,2016-10-28,false,CBJ,1,1,0,4,0,0,0,1,1,0,10,5961,164,19,6,8,1,1,2,1
Derek Dorsett,VAN,R,2016-11-07,false,NYI,1,1,-4,33,0,0,0,0,0,0,16,5111,139,25,5,2,0,1,0,0
Zac Dalpe,MIN,C,2016-10-29,false,DAL,1,2,0,9,0,0,0,0,0,0,8,4620,121,5,5,3,0,3,27,32
Cody Bass,NSH,C,2016-11-19,false,STL,0,0,-1,19,0,0,0,0,0,0,1,3654,99,14,4,0,1,2,0,2
