James van Riemsdyk,TOR,L,2016-10-25,false,TBL,3,1,-1,2,0,0,0,0,0,0,18,5692,128,8,3,7,1,4,1,3
Trevor van Riemsdyk,CHI,D,2016-12-11,false,DAL,0,1,2,4,0,0,0,0,0,0,3,6319,138,4,7,1,2,3,0,0
Calvin de Haan,NYI,D,2016-10-23,false,MIN,1,0,3,6,0,0,0,0,0,0,13,6639,136,7,10,3,8,0,0,0
Jason Zucker,MIN,L,2016-10-23,false,NYI,0,2,3,2,0,0,0,0,0,0,9,3668,93,7,1,4,1,4,1,0
Mats Zuccarello,NYR,R,2016-10-23,false,ARI,2,3,4,2,0,0,0,0,0,0,7,6758,141,8,1,5,2,6,1,1
Harry Zolnierczyk,NSH,L,2017-01-12,false,BOS,0,0,0,4,0,0,0,0,0,0,3,3709,85,9,5,1,0,1,0,0
Mika Zibanejad,NYR,C,2016-10-23,false,ARI,2,4,0,6,0,1,0,0,0,0,19,6274,145,4,1,16,0,5,67,49
Henrik Zetterberg,DET,L,2016-10-22,false,SJS,0,3,-2,0,0,2,0,0,0,0,7,6451,126,6,1,1,5,6,30,17
Travis Zajac,NJD,C,2016-10-25,false,ARI,3,2,-1,4,1,1,0,0,1,0,13,6945,153,6,1,1,2,6,60,54
Nikita Zaitsev,TOR,D,2016-10-25,false,TBL,0,4,-3,0,0,2,0,0,0,0,6,8043,164,6,7,3,6,2,0,0
Nikita Zadorov,COL,D,2016-10-28,false,WPG,0,2,-2,6,0,0,0,0,0,0,6,6038,145,17,7,4,3,0,0,0
Pavel Zacha,NJD,C,2016-10-25,false,ARI,0,3,-1,0,0,1,0,0,0,0,7,5162,108,8,6,2,2,1,26,32
Keith Yandle,FLA,D,2016-10-25,false,PIT,0,1,0,8,0,0,0,0,0,0,16,8550,147,5,8,6,5,2,0,0
Nail Yakupov,STL,R,2016-10-22,false,CGY,2,2,1,4,0,0,0,0,0,0,10,4002,104,3,0,6,1,4,0,0
Miles Wood,NJD,L,2016-12-06,false,VAN,1,0,1,8,0,0,0,0,0,0,7,4099,101,5,2,9,1,2,1,0
Luke Witkowski,TBL,D,2016-12-04,false,CAR,0,0,-2,2,0,0,0,0,0,0,6,3380,77,9,5,3,1,1,0,0
Daniel Winnik,WSH,L,2016-10-26,false,EDM,2,0,2,2,0,0,0,0,1,0,5,3806,93,2,4,1,4,2,1,2
Tommy Wingels,SJS,C,2016-10-22,false,DET,0,1,-1,0,0,0,0,0,0,0,4,3268,79,7,1,1,1,0,15,27
Scott Wilson,PIT,L,2016-10-22,false,NSH,2,0,-3,0,0,0,0,0,0,0,9,4904,116,14,3,3,0,1,0,0
Colin Wilson,NSH,L,2016-10-26,false,ANA,2,0,-3,6,1,0,0,0,0,0,9,5625,134,5,1,2,4,1,0,1
Tom Wilson,WSH,R,2016-10-26,false,EDM,0,0,3,10,0,0,0,0,0,0,6,4074,101,11,3,0,1,1,0,1
Justin Williams,WSH,R,2016-10-26,false,EDM,1,0,0,2,0,0,0,0,0,0,7,5556,118,2,4,5,1,0,4,2
Patrick Wiercioch,COL,D,2016-10-28,false,WPG,1,4,3,9,0,0,0,0,0,0,7,5862,141,8,7,1,1,1,0,0
Chris Wideman,OTT,D,2016-10-25,false,VAN,0,3,1,4,0,0,0,0,0,0,9,5012,129,3,6,2,3,3,0,0
Dennis Wideman,CGY,D,2016-10-28,false,OTT,2,2,4,2,2,0,0,0,0,0,13,7653,185,7,7,4,7,2,0,0
Ryan White,ARI,C,2016-10-27,false,PHI,1,0,-2,10,0,0,0,0,1,0,8,3677,81,19,3,2,1,0,1,6
Blake Wheeler,WPG,R,2016-10-25,false,DAL,3,2,-1,10,0,0,1,0,0,0,20,7789,159,6,1,3,5,4,1,2
Zach Werenski,CBJ,D,2016-10-27,false,SJS,2,3,-1,2,2,1,0,0,0,0,22,7883,163,6,6,3,5,3,0,0
Alexander Wennberg,CBJ,C,2016-10-27,false,SJS,1,4,-1,2,0,4,0,0,0,0,10,6058,131,8,6,2,5,2,40,46
Dale Weise,PHI,R,2016-10-29,false,PIT,0,1,1,2,0,0,0,0,0,0,3,4521,103,9,0,5,0,2,0,0
Yannick Weber,NSH,D,2016-10-27,false,LAK,0,1,0,9,0,0,0,0,0,0,5,4095,106,12,4,3,5,0,0,0
Shea Weber,MTL,D,2016-10-24,false,PHI,2,5,10,8,1,1,0,1,1,0,14,9449,180,17,11,10,8,1,0,0
Jordan Weal,PHI,C,2017-03-02,false,FLA,1,0,0,4,0,0,0,0,0,0,16,4729,111,2,2,6,2,2,1,3
Austin Watson,NSH,L,2016-11-03,false,ARI,0,0,1,12,0,0,0,0,0,0,4,3889,100,14,1,4,0,1,0,1
David Warsofsky,PIT,D,2017-01-16,false,WSH,0,0,-2,6,0,0,0,0,0,0,11,5462,132,3,8,7,3,2,0,0
Joel Ward,SJS,R,2016-10-22,false,DET,1,0,-4,2,0,0,0,0,0,0,11,5516,129,6,5,4,1,2,18,23
Lucas Wallmark,CAR,C,2017-03-30,false,CBJ,0,1,0,2,0,0,0,0,0,0,5,3713,89,10,3,3,0,1,22,16
Chris Wagner,ANA,C,2016-10-23,false,VAN,1,0,-1,2,0,0,0,0,0,0,7,3424,91,16,1,3,0,1,8,10
Radim Vrbata,ARI,R,2016-10-25,false,NJD,3,2,2,2,0,0,0,0,0,0,17,6219,132,6,2,8,1,1,2,0
Jakub Vrana,WSH,L,2016-12-11,false,VAN,1,0,0,2,1,0,0,0,1,0,14,4402,93,3,3,8,2,3,0,1
Jakub Voracek,PHI,R,2016-10-24,false,MTL,3,5,-2,24,0,3,0,0,0,0,21,6734,141,0,1,5,3,0,0,2
Marc-Edouard Vlasic,SJS,D,2016-10-22,false,DET,0,1,-1,14,0,1,0,0,0,0,8,8161,163,0,7,5,1,0,0,0
Jimmy Vesey,NYR,L,2016-10-23,false,ARI,3,0,2,0,1,0,0,0,2,0,11,5526,121,3,1,6,1,1,0,0
Kris Versteeg,CGY,R,2016-10-22,false,STL,2,1,3,0,0,0,0,0,0,0,10,4741,109,0,1,4,3,1,2,2
Joel Vermin,TBL,R,2016-12-14,false,CGY,0,2,3,2,0,0,0,0,0,0,7,5000,113,9,4,5,1,4,1,0
Antoine Vermette,ANA,C,2016-10-23,false,VAN,0,1,-1,4,0,0,0,0,0,0,7,5491,149,8,6,5,1,2,59,29
Frank Vatrano,BOS,C,2017-01-02,false,NJD,2,2,2,2,0,1,0,0,0,0,13,5182,119,7,2,4,1,2,0,0
Sami Vatanen,ANA,D,2016-10-23,false,VAN,1,3,-3,0,1,1,0,0,0,0,10,8385,168,9,15,2,0,1,0,0
Phil Varone,OTT,C,2017-02-27,false,TBL,0,0,-2,2,0,0,0,0,0,0,1,3034,74,3,1,3,4,2,14,11
Thomas Vanek,DET,L,2016-10-22,false,SJS,3,4,4,4,2,2,0,0,0,0,11,4780,101,3,1,2,1,4,0,1
Chris VandeVelde,PHI,C,2016-10-24,false,MTL,0,1,-2,0,0,0,0,0,0,0,6,3610,91,11,3,2,2,0,2,1
Scottie Upshall,STL,R,2016-10-22,false,CGY,1,1,-3,4,0,0,0,0,0,0,10,3959,112,10,0,3,1,1,0,1
Fedor Tyutin,COL,D,2016-11-05,false,MIN,0,2,-1,4,0,0,0,0,0,0,5,6561,154,12,7,3,3,1,0,0
Kyle Turris,OTT,C,2016-10-25,false,VAN,3,1,0,0,0,0,0,0,1,1,12,7085,151,1,4,6,3,1,43,49
Alex Tuch,MIN,R,2017-02-18,false,NSH,0,0,-3,0,0,0,0,0,0,0,8,3853,86,5,7,2,0,2,0,0
Nikita Tryamkin,VAN,D,2016-11-13,false,DAL,0,0,0,11,0,0,0,0,0,0,5,5983,135,23,7,3,2,0,0,0
Jacob Trouba,WPG,D,2016-11-20,false,CAR,0,0,-2,4,0,0,0,0,0,0,11,8598,173,10,19,7,10,5,0,0
Vincent Trocheck,FLA,C,2016-10-25,false,PIT,3,0,-3,4,0,0,0,0,0,0,18,7650,150,11,3,13,3,6,60,51
Jordin Tootoo,CHI,R,2016-10-22,false,TOR,0,0,1,7,0,0,0,0,0,0,5,2536,75,7,1,4,1,1,0,0
Tyler Toffoli,LAK,C,2016-10-25,false,CBJ,1,4,3,0,1,0,0,0,0,0,18,7108,151,6,1,9,4,3,0,1
Jonathan Toews,CHI,C,2016-10-22,false,TOR,0,2,2,9,0,1,0,0,0,0,15,7662,168,4,0,5,1,2,88,60
Matthew Tkachuk,CGY,L,2016-10-25,false,STL,1,1,0,6,0,0,0,0,0,0,12,4390,103,5,2,6,2,3,0,0
Chris Tierney,SJS,C,2016-10-22,false,DET,0,1,-3,0,0,0,0,0,0,0,5,5137,121,1,5,3,5,2,15,32
Shawn Thornton,FLA,L,2016-12-05,false,BOS,0,1,-1,0,0,0,0,0,0,0,2,2639,63,6,0,2,2,0,0,1
Joe Thornton,SJS,C,2016-10-22,false,DET,0,5,0,2,0,2,0,0,0,0,4,6780,143,4,0,0,5,3,30,25
Chris Thorburn,WPG,R,2016-11-01,false,WSH,0,0,-2,9,0,0,0,0,0,0,2,2725,70,10,2,0,0,0,6,2
Nate Thompson,ANA,C,2017-02-11,false,WSH,0,0,0,2,0,0,0,0,0,0,5,3230,88,10,3,0,0,0,20,33
Paul Thompson,FLA,R,2016-12-15,false,WPG,0,1,-3,4,0,0,0,0,0,0,7,3250,81,19,7,3,1,1,0,1
Shea Theodore,ANA,D,2016-11-02,false,PIT,0,1,-2,4,0,0,0,1,0,0,6,6682,140,0,6,8,12,0,0,0
Chris Terry,MTL,L,2016-12-17,false,WSH,0,1,-1,2,0,0,0,0,0,0,6,4076,103,9,1,4,6,3,0,1
Teuvo Teravainen,CAR,L,2016-10-25,false,DET,2,1,-3,0,1,1,0,0,0,0,7,5086,116,2,1,6,4,0,0,0
Matt Tennyson,CAR,D,2016-11-24,false,MTL,0,0,2,0,0,0,0,0,0,0,8,5256,119,7,3,1,5,3,0,0
John Tavares,NYI,C,2016-10-23,false,MIN,3,2,-1,6,0,0,0,0,0,0,20,7029,147,1,4,9,2,8,54,63
Tomas Tatar,DET,L,2016-10-22,false,SJS,1,1,-3,2,0,1,0,0,0,0,18,5908,122,5,3,7,1,1,1,1
Vladimir Tarasenko,STL,R,2016-10-22,false,CGY,4,3,1,0,1,2,0,0,0,0,31,7068,166,3,5,3,1,4,0,1
Christopher Tanev,VAN,D,2016-10-23,false,ANA,0,1,0,4,0,0,0,0,0,0,4,7220,167,2,14,4,1,1,0,0
Brandon Tanev,WPG,L,2016-10-25,false,DAL,0,0,-2,0,0,0,0,0,0,0,7,3375,94,10,2,1,1,1,0,0
Brandon Sutter,VAN,C,2016-10-23,false,ANA,1,4,2,0,0,1,0,0,1,1,17,6993,158,3,4,9,3,1,54,62
Ryan Suter,MIN,D,2016-10-23,false,NYI,1,4,-2,0,0,1,0,0,0,0,11,9728,174,7,5,2,3,8,0,0
Andrej Sustr,TBL,D,2016-10-25,false,TOR,0,2,1,7,0,0,0,0,0,0,5,6140,145,3,6,3,2,5,0,0
Oskar Sundqvist,PIT,C,2017-03-23,false,OTT,0,0,0,2,0,0,0,0,0,0,7,2947,72,9,1,0,1,0,4,11
P.K. Subban,NSH,D,2016-10-26,false,ANA,2,3,-5,8,2,2,0,0,0,0,16,8825,164,7,18,5,8,3,0,0
Mark Stuart,WPG,D,2016-11-20,false,CAR,0,0,1,2,0,0,0,0,0,0,4,4160,105,7,15,1,1,1,0,0
Ryan Strome,NYI,C,2016-10-23,false,MIN,2,2,-1,0,1,0,0,0,0,0,11,4495,101,2,4,3,1,2,12,14
Mark Streit,PHI,D,2016-10-24,false,MTL,1,1,-2,6,0,0,0,0,0,0,10,7543,169,5,6,2,6,1,0,0
Ben Street,DET,C,2017-04-09,false,NJD,0,1,1,0,0,0,0,0,0,0,8,2970,77,3,0,3,2,0,0,0
Anton Stralman,TBL,D,2016-10-25,false,TOR,0,2,2,0,0,2,0,0,0,0,7,8293,169,8,6,6,0,2,0,0
Michael Stone,ARI,D,2016-11-16,false,CGY,0,3,-2,0,0,1,0,0,0,0,7,7741,161,11,12,5,2,0,0,0
Mark Stone,OTT,R,2016-10-25,false,VAN,1,4,0,2,0,0,0,0,1,0,11,6272,134,9,2,2,3,6,1,2
Karl Stollery,NJD,D,2017-01-21,false,PHI,0,3,1,11,0,3,0,0,0,0,5,5818,136,11,10,2,1,3,0,0
Chris Stewart,MIN,R,2016-10-23,false,NYI,1,2,-2,19,0,1,0,0,0,0,3,4410,103,4,1,1,2,1,0,1
Derek Stepan,NYR,C,2016-10-23,false,ARI,0,3,1,0,0,1,0,0,0,0,16,6472,155,2,8,4,2,8,53,58
Lee Stempniak,CAR,R,2016-10-25,false,DET,4,2,1,8,1,0,0,0,0,0,10,6024,136,7,1,3,2,4,0,1
Alexander Steen,STL,L,2016-10-22,false,CGY,2,5,2,2,0,2,0,0,0,0,12,7769,184,5,5,5,1,5,16,33
Troy Stecher,VAN,D,2016-11-10,false,DET,0,2,-3,9,0,0,0,0,0,0,16,7137,149,4,5,6,2,4,0,0
Paul Stastny,STL,C,2016-10-22,false,CGY,3,4,-2,6,2,2,0,0,1,0,9,7686,178,5,4,6,1,4,78,63
Viktor Stalberg,CAR,L,2016-10-28,false,NYR,1,0,-1,4,0,0,0,0,1,0,8,4358,107,12,1,0,0,5,0,1
Matt Stajan,CGY,C,2016-10-22,false,STL,0,3,4,2,0,0,0,0,0,0,7,4351,111,1,5,2,1,0,32,28
Drew Stafford,WPG,R,2016-10-25,false,DAL,0,1,1,2,0,0,0,0,0,0,6,4756,99,2,0,1,7,1,0,3
Eric Staal,MIN,C,2016-10-23,false,NYI,3,1,-1,2,0,0,0,0,1,0,15,6625,157,5,1,4,0,4,55,50
Jordan Staal,CAR,C,2016-10-25,false,DET,3,0,0,4,0,0,0,0,0,0,10,7086,168,11,1,2,1,4,76,34
Marc Staal,NYR,D,2016-10-23,false,ARI,1,0,-1,0,0,0,0,0,0,0,8,7520,178,6,7,4,3,5,0,0
Jared Spurgeon,MIN,D,2016-11-01,false,BUF,1,1,2,0,0,0,0,0,0,0,7,7628,161,2,9,1,0,0,0,0
Ryan Sproul,DET,D,2016-11-15,false,TBL,1,3,1,0,1,2,0,0,0,0,13,5719,125,4,3,3,1,0,0,0
Ryan Spooner,BOS,C,2016-10-26,false,NYR,1,1,-3,4,1,0,0,0,0,0,12,5330,112,2,0,3,3,5,1,4
Jason Spezza,DAL,C,2016-10-29,false,MIN,2,1,-7,0,0,0,0,0,1,0,13,6541,159,2,1,11,2,6,30,26
Nikita Soshnikov,TOR,R,2016-11-12,false,PIT,1,1,0,4,0,0,0,0,0,0,9,3441,89,18,0,2,1,2,0,1
Marcus Sorensen,SJS,R,2017-03-06,false,WPG,1,1,1,2,0,0,0,0,1,0,9,3249,85,6,3,3,2,3,0,0
Carl Soderberg,COL,C,2016-10-28,false,WPG,2,1,3,2,0,0,0,0,0,0,10,6343,140,3,8,3,2,4,41,31
Devante Smith-Pelly,NJD,R,2016-10-25,false,ARI,0,1,-2,2,0,0,0,0,0,0,11,5365,116,8,2,4,3,2,4,5
Craig Smith,NSH,R,2016-10-27,false,LAK,2,0,0,6,1,0,0,0,0,0,14,4939,118,5,0,11,2,1,7,8
Brendan Smith,DET,D,2016-10-22,false,SJS,0,0,0,9,0,0,0,0,0,0,10,5915,143,6,8,4,4,0,0,0
Ben Smith,TOR,R,2016-10-27,false,FLA,0,0,-3,0,0,0,0,0,0,0,2,4066,103,2,3,1,2,0,35,30
Reilly Smith,FLA,R,2016-10-25,false,PIT,1,1,-1,0,1,0,0,0,0,0,13,7063,153,4,3,5,3,7,1,0
Gemel Smith,DAL,C,2016-11-05,false,CHI,0,1,0,4,0,0,0,0,0,0,7,4221,112,2,2,2,2,1,12,15
Zack Smith,OTT,C,2016-10-25,false,VAN,2,1,2,6,0,0,1,0,0,0,12,6248,142,16,1,4,6,3,24,17
Anton Slepyshev,EDM,L,2016-11-11,false,DAL,1,0,1,2,0,0,0,0,0,0,11,3619,86,6,2,1,1,1,0,0
Jaccob Slavin,CAR,D,2016-10-25,false,DET,0,1,-2,2,0,0,0,0,0,0,10,7943,164,3,14,1,3,3,0,0
Brady Skjei,NYR,D,2016-10-23,false,ARI,0,2,2,2,0,0,0,0,0,0,7,5333,124,14,5,4,6,0,0,0
Jeff Skinner,CAR,L,2016-10-28,false,NYR,4,5,-1,2,1,3,0,0,0,0,23,6290,141,5,1,6,2,5,2,5
Jack Skille,VAN,R,2016-10-29,false,WSH,0,0,-3,0,0,0,0,0,0,0,9,3884,93,12,3,1,3,0,0,0
Colton Sissons,NSH,C,2016-10-27,false,LAK,0,0,-1,0,0,0,0,0,0,0,4,3979,103,12,2,1,2,2,28,37
Wayne Simmonds,PHI,R,2016-10-24,false,MTL,4,1,-1,12,3,0,0,0,0,0,16,7340,159,22,4,9,2,0,0,0
Jakob Silfverberg,ANA,R,2016-10-23,false,VAN,0,1,1,2,0,0,0,0,0,0,13,7015,165,3,5,4,3,5,1,1
Nick Shore,LAK,C,2016-10-25,false,CBJ,0,1,-4,6,0,0,0,0,0,0,9,4392,109,3,0,2,3,1,32,35
Devin Shore,DAL,C,2016-10-25,false,WPG,1,5,2,0,0,1,0,0,0,0,6,5502,131,3,8,5,0,5,35,45
Drew Shore,VAN,C,2017-03-25,false,MIN,0,2,-1,4,0,0,0,0,0,0,4,3798,97,8,1,2,0,2,10,6
Conor Sheary,PIT,L,2016-11-08,false,EDM,3,4,7,0,0,0,0,0,1,0,8,4402,104,4,5,2,2,0,0,0
Riley Sheahan,DET,C,2016-10-22,false,SJS,0,1,-3,4,0,0,0,0,0,0,11,5265,130,1,2,3,0,1,4,5
Logan Shaw,ANA,C,2016-12-04,false,CGY,1,0,1,0,0,0,0,0,0,0,8,2627,76,5,3,2,0,1,11,24
Andrew Shaw,MTL,C,2016-10-24,false,PHI,1,0,4,10,0,0,0,0,0,0,8,4857,118,11,1,2,4,0,23,19
Kevin Shattenkirk,STL,D,2016-10-22,false,CGY,1,3,-2,2,1,3,0,0,0,0,13,7133,157,6,5,2,2,2,0,0
Patrick Sharp,DAL,L,2016-11-21,false,MIN,0,1,-1,8,0,0,0,0,0,0,12,5767,131,9,3,7,2,0,4,5
Michael Sgarbossa,ANA,C,2016-11-04,false,ARI,0,2,-2,0,0,1,0,0,0,0,7,3995,98,4,2,4,2,0,25,30
Damon Severson,NJD,D,2016-10-25,false,ARI,0,4,-5,2,0,4,0,0,0,0,8,6989,148,5,6,2,8,2,0,0
Devin Setoguchi,LAK,R,2016-10-25,false,CBJ,0,2,2,0,0,0,0,0,0,0,7,4865,109,4,0,6,4,4,1,0
Tom Sestito,PIT,L,2016-11-02,false,ANA,0,1,1,14,0,0,0,0,0,0,2,2025,52,13,1,0,0,0,0,0
Andrej Sekera,EDM,D,2016-10-23,false,WPG,0,2,3,4,0,0,0,0,0,0,5,7911,165,3,12,7,4,4,0,0
Dennis Seidenberg,NYI,D,2016-10-23,false,MIN,1,0,5,4,0,0,0,0,0,0,8,6737,139,7,14,3,6,0,0,0
Tyler Seguin,DAL,C,2016-10-25,false,WPG,3,3,-2,0,1,2,0,0,1,0,19,6791,151,6,0,13,5,2,44,37
Lukas Sedlak,CBJ,C,2016-11-01,false,DAL,0,2,2,0,0,0,0,0,0,0,9,3821,91,7,5,1,2,3,14,15
Daniel Sedin,VAN,L,2016-10-23,false,ANA,2,2,-2,2,1,1,0,0,1,0,15,6874,144,2,2,5,2,0,0,0
Henrik Sedin,VAN,C,2016-10-23,false,ANA,3,2,-3,2,1,1,0,0,1,1,10,7058,140,2,1,5,4,1,47,43
Brent Seabrook,CHI,D,2016-10-22,false,TOR,1,4,1,2,1,1,0,0,0,0,11,8341,176,11,7,5,9,0,0,0
Jaden Schwartz,STL,L,2016-11-01,false,NYR,1,1,0,2,0,0,0,0,1,0,12,7048,161,5,5,5,2,5,24,16
Justin Schultz,PIT,D,2016-10-22,false,NSH,0,1,-2,4,0,1,0,0,0,0,14,6432,150,3,3,3,3,0,0,0
Nick Schultz,PHI,D,2016-10-24,false,MTL,0,3,2,0,0,0,0,0,0,0,3,6233,152,13,15,3,4,1,0,0
Jordan Schroeder,MIN,C,2016-12-29,false,NYI,2,2,2,0,0,0,0,0,0,0,12,3218,80,7,4,1,0,0,0,0
Nate Schmidt,WSH,D,2016-10-26,false,EDM,0,1,1,2,0,0,0,0,0,0,6,5227,111,6,4,2,6,3,0,0
Nick Schmaltz,CHI,C,2016-10-22,false,TOR,1,0,-2,2,0,0,0,0,0,0,4,4124,101,3,3,1,3,3,18,36
Jordan Schmaltz,STL,D,2017-04-04,false,WPG,0,1,1,2,0,0,0,0,0,0,3,5144,132,3,5,1,2,0,0,0
David Schlemko,SJS,D,2016-10-22,false,DET,0,0,1,2,0,0,0,0,0,0,11,6160,130,6,8,4,4,3,0,0
Luke Schenn,ARI,D,2016-10-25,false,NJD,0,0,-1,0,0,0,0,0,0,0,8,5827,135,18,6,2,2,2,0,0
Brayden Schenn,PHI,C,2016-10-29,false,PIT,2,4,-3,9,2,2,0,0,0,0,10,6833,143,18,1,8,3,1,2,2
Mark Scheifele,WPG,C,2016-10-25,false,DAL,4,3,1,4,1,0,0,0,1,1,17,7877,156,6,5,3,2,6,59,80
Tim Schaller,BOS,C,2016-10-29,false,DET,1,2,1,9,0,0,0,0,1,0,11,4041,98,6,3,7,4,2,7,3
Colton Sceviour,FLA,C,2016-10-25,false,PIT,2,1,-1,0,0,1,1,0,1,0,14,4626,104,6,3,2,1,1,1,1
Marco Scandella,MIN,D,2016-10-25,false,BOS,0,0,-6,0,0,0,0,0,0,0,8,6684,149,4,6,3,5,0,0,0
Luca Sbisa,VAN,D,2016-10-23,false,ANA,0,1,1,2,0,0,0,0,0,0,1,5729,133,9,11,1,6,2,0,0
David Savard,CBJ,D,2016-10-27,false,SJS,0,2,-2,4,0,0,0,0,0,0,7,8292,170,10,12,13,2,0,0,0
Steven Santini,NJD,D,2017-01-12,false,EDM,1,2,6,0,0,0,0,0,0,0,6,5479,122,18,4,2,1,0,0,0
Zach Sanford,WSH,L,2016-10-30,false,CGY,0,1,0,2,0,0,0,0,0,0,6,3911,86,4,1,2,4,2,4,0
Brandon Saad,CBJ,L,2016-10-27,false,SJS,1,2,1,0,0,0,0,0,0,0,16,6097,138,3,2,4,1,3,1,1
Bobby Ryan,OTT,R,2016-10-25,false,VAN,2,2,1,2,1,0,0,0,0,0,13,5546,121,7,3,1,7,1,0,0
Derek Ryan,CAR,C,2016-11-24,false,MTL,0,1,-2,2,0,1,0,0,0,0,4,4813,111,6,2,4,3,2,32,23
Bryan Rust,PIT,R,2016-10-29,false,PHI,0,0,-5,0,0,0,0,0,0,0,11,4112,111,10,2,2,0,2,0,0
Robbie Russo,DET,D,2017-03-16,false,ARI,0,0,-3,0,0,0,0,0,0,0,2,5621,120,7,4,3,5,0,0,0
Kris Russell,EDM,D,2016-10-23,false,WPG,0,3,7,0,0,0,0,0,0,0,9,7737,168,5,21,1,5,4,0,0
Chad Ruhwedel,PIT,D,2017-01-16,false,WSH,1,1,2,0,0,0,0,0,0,0,8,5993,144,4,2,3,3,1,0,0
Michal Rozsival,CHI,D,2016-11-23,false,SJS,0,1,1,2,0,0,0,0,0,0,5,5674,130,15,8,3,1,0,0,0
Carter Rowney,PIT,R,2017-02-11,false,ARI,0,1,0,0,0,0,0,0,0,0,5,3923,91,9,5,4,1,2,26,21
Antoine Roussel,DAL,L,2016-10-25,false,WPG,1,2,4,22,0,0,0,0,1,0,9,4980,132,3,4,4,5,1,0,0
Evan Rodrigues,BUF,L,2017-02-16,false,COL,0,2,0,0,0,0,0,0,0,0,8,4432,101,2,1,0,2,1,14,24
Brett Ritchie,DAL,R,2016-10-25,false,WPG,2,1,2,2,0,0,0,0,0,0,10,5096,122,7,1,5,0,1,0,0
Nick Ritchie,ANA,L,2016-10-23,false,VAN,1,1,1,6,0,0,0,0,1,0,15,5878,138,24,2,11,0,1,1,1
Rasmus Ristolainen,BUF,D,2016-10-27,false,MIN,0,6,-3,6,0,5,0,0,0,0,12,9091,193,13,9,8,5,3,0,0
Morgan Rielly,TOR,D,2016-10-25,false,TBL,0,4,0,2,0,0,0,0,0,0,8,8237,198,2,14,9,7,1,0,0
Tobias Rieder,ARI,R,2016-10-25,false,NJD,1,1,-1,0,0,0,0,0,0,0,10,5707,127,3,2,2,2,1,0,1
Mike Ribeiro,NSH,C,2016-10-26,false,ANA,1,2,-2,4,1,1,0,0,0,0,6,5509,120,4,1,0,3,0,27,30
Sam Reinhart,BUF,C,2016-10-27,false,MIN,0,2,-1,2,0,1,0,0,0,0,13,6444,136,2,1,6,4,0,17,22
Mike Reilly,MIN,D,2016-11-15,false,CGY,0,0,-1,2,0,0,0,0,0,0,7,4734,98,0,1,8,3,0,0,0
Zach Redmond,MTL,D,2016-12-22,false,MIN,0,4,5,2,0,0,0,0,0,0,4,4633,105,13,9,1,6,2,0,0
Ryan Reaves,STL,R,2016-10-22,false,CGY,0,0,-3,0,0,0,0,0,0,0,4,2320,66,14,0,2,0,1,0,0
Matt Read,PHI,R,2016-10-24,false,MTL,5,0,0,0,1,0,0,0,0,0,15,5093,123,11,4,2,3,2,0,3
Ty Rattie,CAR,R,2017-01-06,false,CHI,0,1,1,0,0,0,0,0,0,0,6,3463,81,5,3,1,0,2,0,0
Dennis Rasmussen,CHI,C,2016-10-28,false,NJD,1,0,0,0,0,0,0,0,0,0,9,3850,111,6,6,3,1,3,3,3
Victor Rask,CAR,C,2016-10-25,false,DET,4,3,0,0,2,0,0,0,0,0,15,6542,156,3,1,3,2,2,43,54
Mikko Rantanen,COL,R,2016-11-06,false,STL,0,1,-5,0,0,1,0,0,0,0,14,6499,135,0,4,3,0,3,6,1
Rickard Rakell,ANA,C,2016-11-10,false,CAR,4,3,2,0,0,2,0,0,2,0,18,6289,143,16,4,4,2,2,9,6
Michael Raffl,PHI,L,2016-11-08,false,DET,1,0,0,0,0,0,0,0,0,0,7,4444,103,11,2,6,1,0,1,0
Alexander Radulov,MTL,R,2016-10-24,false,PHI,2,3,2,16,1,1,0,0,0,0,11,6208,138,8,4,5,4,5,0,0
Alan Quine,NYI,C,2016-10-27,false,PIT,1,0,1,0,0,0,0,0,1,0,4,3223,82,14,2,0,2,2,7,3
Kyle Quincey,NJD,D,2016-10-25,false,ARI,0,0,0,6,0,0,0,0,0,0,7,6294,150,13,4,1,2,1,0,0
John Quenneville,NJD,C,2017-03-21,false,NYR,1,2,1,2,1,0,0,0,0,0,11,4675,114,8,3,4,3,1,0,0
Mark Pysyk,FLA,D,2016-10-25,false,PIT,1,0,3,2,0,0,0,0,0,0,3,5514,105,2,5,5,2,2,0,0
Tom Pyatt,OTT,L,2016-10-25,false,VAN,2,1,3,0,0,0,0,1,0,0,10,5794,142,5,4,4,1,3,2,5
Teemu Pulkkinen,MIN,L,2016-10-23,false,NYI,1,0,-2,0,0,0,0,0,0,0,3,3148,80,0,2,2,1,1,0,0
Jesse Puljujarvi,EDM,R,2016-10-28,false,VAN,1,1,1,0,1,0,0,0,0,0,12,4206,92,3,0,5,4,5,0,0
Matt Puempel,OTT,L,2016-11-03,false,VAN,0,0,-1,5,0,0,0,0,0,0,7,3118,76,2,2,2,0,2,0,1
Ivan Provorov,PHI,D,2016-10-24,false,MTL,0,3,-4,2,0,0,0,0,0,0,6,7303,167,11,11,4,6,1,0,0
Dalton Prout,CBJ,D,2016-11-09,false,ANA,0,0,1,6,0,0,0,0,0,0,2,5169,121,11,7,2,2,1,0,0
Nate Prosser,MIN,D,2016-11-01,false,BUF,0,1,0,0,0,0,0,0,0,0,5,5159,122,5,11,3,2,0,0,0
Shane Prince,NYI,L,2016-11-03,false,PHI,2,2,-2,4,1,0,0,0,0,0,9,4537,105,8,0,2,1,0,1,1
Benoit Pouliot,EDM,L,2016-10-23,false,WPG,1,1,0,12,0,0,0,0,0,0,6,5003,128,4,7,8,4,2,0,1
Derrick Pouliot,PIT,D,2016-12-27,false,NJD,0,0,-3,4,0,0,0,0,0,0,8,5146,118,7,4,3,2,0,0,0
Paul Postma,WPG,D,2016-10-30,false,BUF,0,0,-3,0,0,0,0,0,0,0,3,3751,84,2,5,0,2,1,0,0
Jason Pominville,MIN,R,2016-10-23,false,NYI,1,1,0,0,0,0,0,0,0,0,10,5193,123,3,3,3,1,3,2,2
Roman Polak,TOR,D,2016-10-30,false,NYI,1,0,-2,4,0,0,0,0,0,0,7,6168,145,18,12,3,2,0,0,0
Brayden Point,TBL,C,2016-10-25,false,TOR,0,3,3,0,0,0,0,0,0,0,14,5611,112,4,1,4,3,2,2,0
Tomas Plekanec,MTL,C,2016-10-24,false,PHI,0,3,1,2,0,2,0,0,0,0,15,6336,155,3,6,4,3,2,52,64
Brandon Pirri,NYR,R,2016-10-23,false,ARI,2,2,2,0,1,1,0,0,1,0,6,3949,88,3,3,7,4,4,5,7
Alex Pietrangelo,STL,D,2016-10-22,false,CGY,1,3,1,2,1,2,0,0,1,0,12,9560,187,5,11,4,4,5,0,0
Blake Pietila,NJD,L,2017-03-19,false,CBJ,0,0,-6,4,0,0,0,0,0,0,4,4435,98,11,2,1,0,1,21,21
Dion Phaneuf,OTT,D,2016-10-25,false,VAN,0,0,-5,15,0,0,0,0,0,0,16,7727,192,17,14,4,3,0,0,0
Jeff Petry,MTL,D,2016-10-26,false,NYI,2,3,1,2,1,1,0,0,0,0,8,7658,161,15,11,4,5,1,0,0
Alex Petrovic,FLA,D,2016-10-25,false,PIT,0,2,3,0,0,0,0,0,0,0,5,5868,112,11,2,6,1,3,0,0
Nic Petan,WPG,L,2016-11-13,false,LAK,0,4,-2,0,0,3,0,0,0,0,12,5941,125,1,2,3,2,3,28,20
Brett Pesce,CAR,D,2016-10-25,false,DET,0,1,-1,2,0,0,0,0,0,0,8,7268,160,2,14,4,2,3,0,0
Corey Perry,ANA,R,2016-10-23,false,VAN,3,2,0,10,0,1,0,0,0,0,23,7214,151,8,1,4,0,3,0,1
David Perron,STL,L,2016-10-22,false,CGY,3,1,1,2,1,0,0,0,1,0,14,6514,163,5,3,4,1,3,7,8
Mathieu Perreault,WPG,C,2016-10-25,false,DAL,1,1,-3,2,0,0,0,0,0,0,15,6296,125,13,0,5,2,5,51,46
Brendan Perlini,ARI,L,2016-12-13,false,DET,1,0,-2,4,0,0,0,0,0,0,6,5172,111,6,0,6,0,2,1,0
Adam Pelech,NYI,D,2016-11-22,false,ANA,1,1,-3,0,0,0,0,0,0,0,5,5491,115,8,9,5,3,2,0,0
Matthew Peca,TBL,C,2017-01-07,false,PHI,1,1,-3,0,0,0,0,0,0,0,6,4617,105,8,1,6,2,0,25,27
Tanner Pearson,LAK,L,2016-10-29,false,STL,4,2,3,0,1,0,0,0,0,0,19,5852,133,8,1,8,2,3,0,2
Joe Pavelski,SJS,C,2016-10-22,false,DET,2,5,2,10,0,2,0,0,1,0,24,6758,146,13,11,12,3,4,32,32
Greg Pateryn,MTL,D,2016-10-27,false,TBL,0,2,2,0,0,0,0,0,0,0,6,5501,121,4,11,1,3,3,0,0
David Pastrnak,BOS,R,2016-10-25,false,MIN,4,3,8,0,1,0,0,0,1,0,23,5865,121,6,2,7,4,0,0,1
Zach Parise,MIN,L,2016-10-23,false,NYI,2,3,-3,8,0,1,0,0,0,0,25,6494,154,6,7,9,2,6,0,0
PA Parenteau,NJD,R,2016-10-25,false,ARI,2,1,-2,2,0,0,0,0,0,0,12,4890,112,6,0,0,5,4,0,1
Colton Parayko,STL,D,2016-10-22,false,CGY,0,2,-1,8,0,0,0,0,0,0,10,7446,175,3,15,3,5,2,0,0
Cedric Paquette,TBL,C,2016-10-25,false,TOR,1,1,0,2,0,0,0,0,0,0,5,3326,83,12,2,2,0,3,0,3
Richard Panik,CHI,R,2016-10-22,false,TOR,6,2,4,2,2,0,0,0,1,0,9,5888,132,16,0,5,2,1,0,2
Artemi Panarin,CHI,L,2016-10-22,false,TOR,2,3,3,0,1,0,0,0,0,0,12,7530,146,2,0,7,5,4,0,0
Kyle Palmieri,NJD,R,2016-10-25,false,ARI,2,1,1,4,1,1,0,0,0,0,13,5774,125,11,1,5,6,2,1,4
Ondrej Palat,TBL,L,2016-10-25,false,TOR,1,3,-4,7,0,2,0,0,0,0,11,6176,130,12,2,4,1,8,0,0
Iiro Pakarinen,EDM,R,2017-02-24,false,WSH,1,2,2,0,0,0,0,0,0,0,8,2969,86,17,6,3,0,0,0,0
Jean-Gabriel Pageau,OTT,C,2016-10-25,false,VAN,1,1,3,0,0,0,0,0,0,0,12,5680,141,11,8,3,3,3,38,28
Max Pacioretty,MTL,L,2016-10-24,false,PHI,1,4,6,6,0,0,0,0,1,0,20,6259,146,9,1,14,3,2,0,0
Magnus Paajarvi,STL,L,2017-02-11,false,MTL,2,1,2,0,0,0,0,0,2,0,12,4153,106,5,5,2,0,4,1,1
Alex Ovechkin,WSH,L,2016-10-26,false,EDM,4,1,0,6,1,0,0,0,2,0,25,6892,129,17,0,7,5,6,0,0
Xavier Ouellet,DET,D,2016-11-02,false,PHI,0,1,2,0,0,0,0,0,0,0,8,5306,116,3,4,1,1,2,0,0
Steve Ott,DET,C,2016-10-29,false,BOS,0,1,2,12,0,0,0,0,0,0,7,3612,94,15,1,0,0,0,13,8
T.J. Oshie,WSH,R,2016-10-26,false,EDM,2,0,2,6,1,0,0,0,0,0,17,6258,132,6,4,5,6,5,9,10
Brooks Orpik,WSH,D,2016-10-26,false,EDM,0,2,5,0,0,0,0,0,0,0,4,5930,121,13,15,2,5,3,0,0
Dmitry Orlov,WSH,D,2016-10-26,false,EDM,0,2,-1,0,0,1,0,0,0,0,9,7026,137,10,6,3,6,5,0,0
Gustav Olofsson,MIN,D,2017-02-16,false,DAL,0,2,-1,0,0,1,0,0,0,0,4,5060,107,5,9,2,1,2,0,0
Steve Oleksy,PIT,D,2016-12-28,false,CAR,0,1,1,16,0,0,0,0,0,0,8,5226,128,13,9,2,0,0,0,0
Jamie Oleksiak,DAL,D,2016-11-21,false,MIN,1,0,0,12,0,0,0,0,0,0,2,4939,119,4,6,1,1,0,0,0
Kyle Okposo,BUF,R,2016-10-29,false,FLA,2,3,0,0,1,3,0,0,0,0,14,6807,136,4,0,8,2,0,1,3
Johnny Oduya,DAL,D,2016-10-25,false,WPG,0,2,0,2,0,0,0,0,0,0,7,6764,157,2,15,3,5,0,0,0
Ryan O'Reilly,BUF,C,2016-10-27,false,MIN,3,3,-2,0,2,2,0,0,1,0,17,8041,157,1,2,6,6,4,87,54
Cal O'Reilly,BUF,C,2017-01-17,false,TOR,0,0,-2,0,0,0,0,0,0,0,2,3602,78,1,2,0,1,2,22,23
Gustav Nyquist,DET,R,2016-10-22,false,SJS,3,4,5,2,0,1,0,0,2,0,13,5386,121,5,0,4,2,5,1,0
William Nylander,TOR,C,2016-10-25,false,TBL,4,5,2,2,3,2,0,0,0,0,26,5612,126,1,3,5,1,5,13,15
Markus Nutivaara,CBJ,D,2016-10-27,false,SJS,0,0,-2,2,0,0,0,0,0,0,2,4541,103,4,2,2,1,2,0,0
Darnell Nurse,EDM,D,2016-10-23,false,WPG,1,2,-1,4,0,0,0,0,0,0,5,6315,144,12,7,3,4,1,0,0
Ryan Nugent-Hopkins,EDM,C,2016-10-23,false,WPG,0,2,0,2,0,0,0,0,0,0,12,6284,146,5,0,5,1,4,35,54
Tomas Nosek,DET,L,2017-03-30,false,TBL,1,0,0,2,0,0,0,0,0,0,12,3631,86,9,2,3,0,4,20,15
Joakim Nordstrom,CAR,L,2016-10-25,false,DET,0,2,-2,2,0,0,0,0,0,0,8,5319,135,7,6,3,2,3,0,1
Jordan Nolan,LAK,C,2016-11-13,false,WPG,0,1,-2,11,0,0,0,0,0,0,3,3110,72,6,0,1,1,0,0,0
Nelson Nogier,WPG,D,2017-03-30,false,ANA,0,0,-1,5,0,0,0,0,0,0,6,4264,97,11,3,0,2,0,0,0
Stefan Noesen,ANA,R,2016-12-17,false,DET,1,0,1,2,0,0,0,0,0,0,7,2448,65,7,0,1,1,0,12,25
Matt Niskanen,WSH,D,2016-10-26,false,EDM,0,4,1,2,0,0,0,0,0,0,10,7975,162,11,11,6,7,4,0,0
Matt Nieto,SJS,L,2016-11-05,false,PIT,0,0,-3,0,0,0,0,0,0,0,8,4291,105,8,3,4,0,3,0,2
Frans Nielsen,DET,C,2016-10-22,false,SJS,1,2,-1,0,0,2,0,0,0,0,9,6263,151,4,3,2,2,0,38,51
Nino Niederreiter,MIN,R,2016-10-23,false,NYI,1,2,3,2,0,0,0,0,0,0,10,4654,112,13,1,3,2,1,0,1
Andrej Nestrasil,CAR,C,2016-11-06,false,NJD,1,1,-3,0,0,0,0,0,0,0,15,4530,103,7,2,1,3,1,2,2
Nikita Nesterov,TBL,D,2016-10-25,false,TOR,0,0,1,8,0,0,0,0,0,0,8,6046,131,10,3,4,2,0,0,0
Patrik Nemeth,DAL,D,2016-10-29,false,MIN,0,0,1,2,0,0,0,0,0,0,4,6563,140,9,7,1,3,1,0,0
Brock Nelson,NYI,C,2016-10-23,false,MIN,2,3,0,2,0,1,0,1,0,0,10,5685,146,3,7,3,1,4,38,47
Casey Nelson,BUF,D,2016-11-11,false,NJD,0,0,-2,0,0,0,0,0,0,0,6,4589,116,10,3,2,1,0,0,0
Chris Neil,OTT,R,2016-10-25,false,VAN,1,0,-1,11,0,0,0,0,0,0,10,2848,80,10,4,2,2,1,0,0
James Neal,NSH,L,2016-10-26,false,ANA,0,1,-6,7,0,0,0,0,0,0,24,7243,148,4,2,5,3,0,1,0
Rick Nash,NYR,R,2016-10-23,false,ARI,2,1,-3,2,0,1,0,0,0,0,20,5950,143,4,7,3,3,5,0,0
Riley Nash,BOS,C,2016-10-25,false,MIN,0,0,-1,2,0,0,0,0,0,0,6,4935,115,2,2,4,0,4,31,32
Vladislav Namestnikov,TBL,C,2016-10-25,false,TOR,2,2,1,2,2,1,0,0,0,0,8,5388,110,4,2,3,1,2,7,9
Jake Muzzin,LAK,D,2016-10-25,false,CBJ,0,0,-4,6,0,0,0,0,0,0,10,8531,194,14,9,6,4,3,0,0
Ryan Murray,CBJ,D,2016-11-09,false,ANA,0,1,-1,2,0,0,0,0,0,0,4,6373,151,3,10,0,0,0,0,0
Ryan Murphy,CAR,D,2016-12-30,false,CHI,0,2,-5,0,0,0,0,0,0,0,1,5204,119,1,8,2,3,3,0,0
Connor Murphy,ARI,D,2016-10-25,false,NJD,0,3,-1,6,0,0,0,0,0,0,6,7746,168,12,10,1,1,0,0,0
Matt Moulson,BUF,L,2016-10-27,false,MIN,4,0,-2,0,4,0,0,0,0,0,19,5049,112,7,4,4,0,3,0,0
Tyler Motte,CHI,L,2016-10-22,false,TOR,2,2,3,4,0,0,0,0,0,0,10,5037,131,7,6,3,0,5,0,2
Joe Morrow,BOS,D,2016-11-22,false,STL,0,1,0,4,0,0,0,0,0,0,9,5675,124,6,5,4,2,0,0,0
Josh Morrissey,WPG,D,2016-10-25,false,DAL,0,1,1,0,0,0,0,0,0,0,11,6484,144,9,6,2,2,0,0,0
Dominic Moore,BOS,C,2016-10-25,false,MIN,2,0,-1,6,0,0,0,0,0,0,10,4592,115,3,4,1,2,0,17,23
John Moore,NJD,D,2016-10-25,false,ARI,0,1,1,10,0,0,0,0,0,0,10,6670,152,3,7,3,2,0,0,0
Brandon Montour,ANA,D,2017-02-04,false,TBL,1,0,2,4,0,0,0,0,0,0,11,5718,110,1,6,3,5,1,0,0
Sean Monahan,CGY,C,2016-10-22,false,STL,2,0,-6,2,0,0,0,0,1,1,13,7194,152,4,3,5,6,4,63,62
Torrey Mitchell,MTL,C,2016-10-24,false,PHI,3,0,4,2,0,0,0,0,1,0,4,4500,117,1,3,3,1,2,41,23
John Mitchell,COL,C,2016-11-06,false,STL,0,0,0,2,0,0,0,0,0,0,4,3342,85,5,2,2,0,1,15,18
Zack Mitchell,MIN,R,2016-11-21,false,DAL,0,0,0,0,0,0,0,0,0,0,6,3034,78,11,2,4,1,0,7,5
Drew Miller,DET,L,2016-10-22,false,SJS,2,0,2,2,0,0,0,0,1,0,7,4758,116,6,7,1,0,3,1,0
Kevan Miller,BOS,D,2016-12-03,false,BUF,0,0,-1,0,0,0,0,0,0,0,9,7291,156,18,8,4,1,0,0,0
J.T. Miller,NYR,L,2016-10-23,false,ARI,2,2,0,6,1,0,0,0,0,0,17,5385,127,12,6,2,4,2,11,12
Colin Miller,BOS,D,2016-10-25,false,MIN,0,1,-5,2,0,0,0,0,0,0,9,6143,144,8,5,8,3,0,0,0
Marc Methot,OTT,D,2016-10-25,false,VAN,0,2,8,4,0,0,0,0,0,0,10,7449,180,13,8,0,4,0,0,0
Jon Merrill,NJD,D,2016-12-11,false,NYR,0,0,-4,4,0,0,0,0,0,0,2,5204,122,7,5,3,4,0,0,0
Julian Melchiori,WPG,D,2017-03-13,false,NSH,0,0,-2,4,0,0,0,0,0,0,2,5860,130,10,9,2,5,1,0,0
Timo Meier,SJS,R,2016-12-30,false,PHI,1,0,-1,4,0,0,0,0,1,0,22,4321,111,14,0,4,6,5,0,0
Jayson Megna,VAN,C,2016-11-26,false,COL,1,0,-1,2,0,0,0,0,0,0,7,3636,86,9,2,1,0,3,0,0
Adam McQuaid,BOS,D,2016-11-05,false,NYR,0,0,-4,11,0,0,0,0,0,0,9,6363,158,9,6,3,2,0,0,0
Brayden McNabb,LAK,D,2016-10-25,false,CBJ,2,0,3,11,0,0,0,0,0,0,4,7404,169,10,5,8,6,0,0,0
Cody McLeod,COL,L,2016-11-11,false,WPG,0,0,0,19,0,0,0,0,0,0,2,2435,61,8,0,0,0,0,0,0
Curtis McKenzie,DAL,L,2016-10-29,false,MIN,0,2,1,0,0,0,0,0,0,0,5,3271,84,5,1,2,0,0,1,1
Greg McKegg,FLA,C,2016-10-25,false,PIT,0,2,1,4,0,0,0,0,0,0,3,3978,97,7,0,2,2,2,4,2
Dylan McIlrath,FLA,D,2017-01-18,false,EDM,1,0,-2,14,0,0,0,0,0,0,3,3426,76,15,4,3,3,1,0,0
Jamie McGinn,ARI,L,2016-11-04,false,ANA,3,1,-1,6,0,0,0,0,1,0,12,4848,119,10,5,1,3,0,0,0
Brock McGinn,CAR,L,2016-11-24,false,MTL,0,0,-2,0,0,0,0,0,0,0,5,3488,88,7,2,1,2,4,0,2
Ryan McDonagh,NYR,D,2016-10-23,false,ARI,0,5,2,2,0,2,0,0,0,0,11,9094,188,6,12,5,6,2,0,0
Connor McDavid,EDM,C,2016-10-23,false,WPG,4,5,6,6,0,2,0,0,1,0,16,7603,158,1,1,7,6,3,39,42
Max McCormick,OTT,R,2017-02-21,false,NJD,0,0,-2,0,0,0,0,0,0,0,6,2389,61,11,1,2,0,1,12,9
Jay McClement,CAR,C,2016-10-25,false,DET,0,0,-5,0,0,0,0,0,0,0,4,4211,109,6,2,3,0,4,25,18
Michael McCarron,MTL,R,2016-12-28,false,TBL,0,3,3,2,0,0,0,0,0,0,8,3902,95,19,2,3,2,2,19,17
Jared McCann,FLA,C,2016-10-25,false,PIT,0,0,-1,0,0,0,0,0,0,0,6,3432,79,4,1,2,2,4,4,8
Jake McCabe,BUF,D,2016-10-27,false,MIN,0,1,-2,4,0,0,0,0,0,0,0,6593,157,5,7,3,2,1,0,0
Scott Mayfield,NYI,D,2017-01-21,false,LAK,1,3,5,19,0,0,0,0,0,0,7,4625,98,5,9,1,2,2,0,0
Shawn Matthias,WPG,L,2016-10-25,false,DAL,1,1,1,4,0,0,0,0,0,0,8,4465,108,4,2,7,3,0,1,3
Auston Matthews,TOR,C,2016-10-25,false,TBL,6,4,1,0,1,3,0,0,0,0,26,6076,128,0,3,3,5,3,31,34
Michael Matheson,FLA,D,2016-10-25,false,PIT,2,2,3,0,0,1,0,0,0,0,16,7121,126,4,7,3,4,6,0,0
Andreas Martinsen,COL,L,2016-10-28,false,WPG,1,0,1,4,0,0,0,0,0,0,8,4334,110,15,3,3,0,4,1,0
Jordan Martinook,ARI,L,2016-10-25,false,NJD,3,2,-1,4,0,0,0,1,0,0,12,5160,126,4,3,3,1,3,5,13
Alec Martinez,LAK,D,2016-10-25,false,CBJ,2,3,1,0,0,1,0,0,2,2,13,7994,192,10,12,9,3,0,0,0
Paul Martin,SJS,D,2016-10-22,false,DET,0,1,-2,2,0,0,0,0,0,0,5,6605,145,4,10,2,3,1,0,0
Matt Martin,TOR,L,2016-10-25,false,TBL,0,0,-2,12,0,0,0,0,0,0,7,3807,97,23,2,3,1,2,0,4
Patrick Maroon,EDM,L,2016-10-23,false,WPG,1,0,0,6,0,0,0,0,0,0,14,5502,124,10,0,2,3,0,1,1
Mitchell Marner,TOR,C,2016-10-25,false,TBL,1,2,-3,10,0,0,0,0,1,0,17,5973,131,3,9,4,3,4,1,0
Patrick Marleau,SJS,L,2016-10-22,false,DET,2,0,-2,2,1,0,0,0,1,0,19,5992,125,7,1,1,1,2,1,2
Andrei Markov,MTL,D,2016-10-24,false,PHI,0,3,1,0,0,1,0,1,0,0,10,7661,162,3,7,4,4,2,0,0
Martin Marincin,TOR,D,2016-10-30,false,NYI,0,1,-5,0,0,0,0,0,0,0,11,7403,159,4,7,9,2,2,0,0
Jonathan Marchessault,FLA,C,2016-10-25,false,PIT,3,5,4,0,0,2,0,0,1,0,19,6429,131,8,1,7,4,4,20,17
Alexey Marchenko,DET,D,2016-10-22,false,SJS,0,1,0,4,0,0,0,0,0,0,7,7012,168,1,10,4,5,0,0,0
Brad Marchand,BOS,L,2016-10-25,false,MIN,3,6,8,6,0,1,0,0,1,0,13,6731,141,5,2,5,5,7,3,1
Anthony Mantha,DET,R,2016-11-25,false,NJD,2,2,1,0,0,1,0,0,0,0,15,5845,127,4,5,3,3,2,1,0
Josh Manson,ANA,D,2016-10-23,false,VAN,0,1,1,6,0,0,0,0,0,0,6,6801,152,17,4,2,6,2,0,0
Brandon Manning,PHI,D,2016-10-24,false,MTL,1,4,6,4,0,0,0,0,0,0,7,6482,155,21,5,1,5,0,0,0
Evgeni Malkin,PIT,C,2016-10-22,false,NSH,2,3,-1,8,0,2,0,0,0,0,16,7205,164,4,4,7,8,3,59,69
Denis Malgin,FLA,C,2016-10-25,false,PIT,0,1,-1,2,0,0,0,0,0,0,9,3813,86,6,3,1,1,4,9,19
Nathan MacKinnon,COL,C,2016-10-28,false,WPG,1,4,1,0,0,2,0,0,0,0,16,6769,150,3,0,7,4,4,52,52
Derek MacKenzie,FLA,C,2016-10-25,false,PIT,0,2,5,0,0,0,0,1,0,0,3,4584,113,12,1,1,2,4,36,31
Andrew MacDonald,PHI,D,2016-10-24,false,MTL,0,1,-1,4,0,0,0,0,0,0,4,6842,165,7,7,0,4,0,0,0
Olli Maatta,PIT,D,2016-10-22,false,NSH,0,0,-2,4,0,0,0,0,0,0,9,5221,133,4,11,2,3,0,0,0
Roman Lyubimov,PHI,L,2016-10-29,false,PIT,0,0,-1,0,0,0,0,0,0,0,7,3041,80,7,2,2,0,2,0,1
Milan Lucic,EDM,L,2016-10-23,false,WPG,2,2,3,7,0,1,0,0,1,0,14,6627,144,18,2,7,7,4,0,1
Adam Lowry,WPG,C,2016-10-25,false,DAL,0,1,-2,6,0,1,0,0,0,0,4,5281,128,10,7,2,2,1,44,44
Ben Lovejoy,NJD,D,2016-10-25,false,ARI,0,1,-1,0,0,0,0,0,0,0,8,7377,155,12,14,2,1,0,0,0
Bryan Little,WPG,C,2016-12-06,false,DET,3,2,5,0,1,0,0,0,1,1,13,5534,138,2,3,4,2,4,53,43
Anton Lindholm,COL,D,2017-03-25,false,EDM,0,0,-5,0,0,0,0,0,0,0,2,5311,120,15,5,2,4,0,0,0
Hampus Lindholm,ANA,D,2016-11-20,false,LAK,0,2,4,2,0,1,0,0,0,0,9,7484,150,7,4,5,6,5,0,0
Elias Lindholm,CAR,C,2016-10-25,false,DET,0,1,-4,0,0,1,0,0,0,0,14,6681,146,12,7,6,1,2,42,32
Esa Lindell,DAL,D,2016-11-01,false,CBJ,0,0,0,0,0,0,0,0,0,0,7,6715,143,5,8,4,0,3,0,1
Petteri Lindbohm,STL,D,2017-04-02,false,NSH,0,0,-3,4,0,0,0,0,0,0,10,4640,115,10,4,2,1,1,0,0
Oscar Lindberg,NYR,C,2016-11-15,false,VAN,0,1,-1,6,0,1,0,0,0,0,5,3716,98,5,5,1,0,0,19,13
John-Michael Liles,BOS,D,2016-10-25,false,MIN,0,2,-3,2,0,1,0,0,0,0,7,6238,140,4,11,2,1,2,0,0
Trevor Lewis,LAK,C,2016-10-25,false,CBJ,0,0,-6,0,0,0,0,0,0,0,10,4529,103,11,2,7,0,3,1,1
Mark Letestu,EDM,C,2016-10-23,false,WPG,2,2,0,0,0,0,2,0,2,0,7,4767,134,6,2,1,0,3,36,42
Kris Letang,PIT,D,2016-11-03,false,LAK,1,5,0,4,1,2,0,0,0,0,23,9289,181,14,9,8,6,2,0,0
Josh Leivo,TOR,L,2017-02-15,false,CBJ,1,4,4,2,0,1,0,0,0,0,13,3820,99,2,0,7,0,3,1,0
Jori Lehtera,STL,C,2016-11-01,false,NYR,0,1,1,4,0,0,0,0,0,0,12,5447,145,3,3,0,1,0,34,26
Artturi Lehkonen,MTL,L,2016-10-24,false,PHI,2,1,2,0,0,0,0,0,0,0,19,5117,127,9,2,3,2,3,0,0
Anders Lee,NYI,L,2016-10-23,false,MIN,1,0,-1,2,0,0,0,0,0,0,7,4399,114,15,3,7,0,2,0,1
Nick Leddy,NYI,D,2016-10-26,false,MTL,1,1,-7,2,0,0,0,0,0,0,10,8399,148,5,12,3,1,2,0,0
Curtis Lazar,OTT,C,2016-11-29,false,BUF,0,0,-1,2,0,0,0,0,0,0,7,3856,91,12,3,1,3,2,4,10
Adam Larsson,EDM,D,2016-10-23,false,WPG,0,1,2,4,0,0,0,0,0,0,5,7350,168,14,9,1,6,2,0,0
Philip Larsen,VAN,D,2016-10-23,false,ANA,0,3,-3,2,0,2,0,0,0,0,12,6327,128,2,2,10,1,1,0,0
Dylan Larkin,DET,C,2016-10-22,false,SJS,0,1,-4,11,0,0,0,0,0,0,17,5675,121,4,3,4,5,4,30,36
Nick Lappin,NJD,R,2016-11-08,false,CAR,1,2,2,0,0,0,0,0,0,0,10,4167,95,3,0,0,0,3,1,1
Gabriel Landeskog,COL,L,2016-10-28,false,WPG,2,1,0,2,1,0,0,0,1,1,13,6451,144,13,2,5,3,7,6,9
Anton Lander,EDM,C,2016-10-26,false,WSH,0,1,3,2,0,0,0,0,0,0,2,3961,109,5,6,1,1,2,34,21
Patrik Laine,WPG,R,2016-10-25,false,DAL,4,2,0,2,2,1,0,0,1,1,16,6996,139,7,3,10,7,2,0,1
Andrew Ladd,NYI,L,2016-10-23,false,MIN,0,1,-3,0,0,0,0,0,0,0,14,6840,140,6,2,7,2,2,0,0
Kevin Labanc,SJS,R,2016-11-19,false,ARI,1,0,2,4,0,0,0,0,0,0,8,4659,101,4,2,3,2,1,0,0
Paul LaDue,LAK,D,2017-02-28,false,CGY,0,2,1,2,0,0,0,0,0,0,7,5647,136,4,2,1,3,0,0,0
Joseph LaBate,VAN,C,2017-03-11,false,PIT,0,0,0,12,0,0,0,0,0,0,0,2285,62,7,1,2,1,1,0,0
Evgeny Kuznetsov,WSH,C,2016-10-26,false,EDM,1,2,1,0,0,0,0,0,0,0,13,6362,134,2,2,6,4,2,37,57
Sean Kuraly,BOS,C,2017-04-02,false,CHI,0,1,-1,2,0,0,0,0,0,0,9,3074,82,6,1,1,0,1,1,2
Chris Kunitz,PIT,L,2016-10-22,false,NSH,0,2,1,8,0,0,0,0,0,0,14,6064,143,25,0,2,5,4,1,3
Dmitry Kulikov,BUF,D,2016-10-29,false,FLA,0,0,-2,6,0,0,0,0,0,0,3,7809,183,8,1,6,1,2,0,0
Nikolay Kulemin,NYI,L,2016-10-23,false,MIN,0,1,-1,2,0,0,0,0,0,0,5,5116,134,4,5,3,0,2,4,2
Brett Kulak,CGY,D,2016-11-06,false,ANA,0,1,5,8,0,0,0,0,0,0,6,5799,142,3,6,6,2,0,0,0
Tom Kuhnhackl,PIT,R,2016-10-22,false,NSH,0,0,-1,2,0,0,0,0,0,0,3,3116,79,12,4,1,0,0,0,1
Nikita Kucherov,TBL,R,2016-10-25,false,TOR,1,6,4,0,0,2,0,0,0,0,14,6102,126,0,3,8,4,4,0,0
Marcus Kruger,CHI,C,2016-10-22,false,TOR,1,1,2,2,0,0,0,0,0,0,3,4352,119,4,1,3,2,3,34,36
Torey Krug,BOS,D,2016-10-25,false,MIN,0,0,-4,2,0,0,0,0,0,0,17,7758,157,8,7,3,6,2,0,0
Niklas Kronwall,DET,D,2016-11-18,false,WSH,0,1,-4,0,0,0,0,0,0,0,11,6802,149,8,7,3,1,0,0,0
David Krejci,BOS,C,2016-10-25,false,MIN,0,2,-4,4,0,1,0,0,0,0,7,6225,122,4,4,7,7,5,40,35
Chris Kreider,NYR,L,2016-11-01,false,STL,3,6,0,4,1,2,0,0,0,0,28,6087,141,18,5,8,2,3,0,0
Lauri Korpikoski,DAL,L,2016-10-25,false,WPG,1,1,4,2,0,0,0,0,0,0,9,4581,121,4,3,2,1,2,0,1
Anze Kopitar,LAK,C,2016-10-25,false,CBJ,2,3,1,2,0,1,0,1,0,0,19,7945,155,6,7,9,5,3,80,78
Travis Konecny,PHI,C,2016-10-24,false,MTL,0,5,3,4,0,0,0,0,0,0,13,5295,117,6,4,7,1,4,0,0
Leo Komarov,TOR,C,2016-10-25,false,TBL,0,2,-2,2,0,1,0,0,0,0,9,6483,153,25,7,4,0,2,7,4
Mikko Koivu,MIN,C,2016-10-23,false,NYI,1,2,0,2,0,1,0,0,1,0,10,7317,161,4,11,2,4,2,74,59
Slater Koekkoek,TBL,D,2016-11-12,false,SJS,0,3,2,2,0,0,0,0,0,0,4,4974,108,9,6,4,0,1,0,0
John Klingberg,DAL,D,2016-10-25,false,WPG,0,2,0,4,0,2,0,0,0,0,7,8526,169,2,13,6,7,0,0,0
Kevin Klein,NYR,D,2016-10-30,false,TBL,0,0,-2,0,0,0,0,0,0,0,10,7131,158,11,14,2,2,2,0,0
Oscar Klefbom,EDM,D,2016-10-23,false,WPG,0,1,4,0,0,0,0,0,0,0,11,7618,164,2,12,3,6,1,0,0
Dwight King,LAK,L,2016-10-25,false,CBJ,0,1,1,2,0,0,0,0,0,0,6,6124,129,14,2,2,3,2,1,2
Jakub Kindl,FLA,D,2016-11-29,false,CHI,0,1,-3,4,0,0,0,0,0,0,4,5860,116,13,6,2,5,2,0,0
Alex Killorn,TBL,L,2016-10-25,false,TOR,5,1,2,0,1,1,0,0,1,0,13,6233,131,11,2,3,7,2,0,1
Jujhar Khaira,EDM,L,2017-02-26,false,NSH,1,0,1,2,0,0,0,0,1,0,9,2937,78,9,2,2,1,1,6,11
Phil Kessel,PIT,R,2016-10-22,false,NSH,2,1,-3,2,2,1,0,0,1,0,15,6955,157,1,2,6,1,1,0,0
Ryan Kesler,ANA,C,2016-10-23,false,VAN,0,3,2,7,0,1,0,0,0,0,15,7964,169,12,6,7,3,0,80,50
Tanner Kero,CHI,C,2017-01-05,false,BUF,0,0,1,0,0,0,0,0,0,0,5,4685,116,7,7,2,0,2,21,33
Michal Kempny,CHI,D,2016-10-22,false,TOR,0,0,3,4,0,0,0,0,0,0,5,6036,140,10,7,4,5,0,0,0
Adrian Kempe,LAK,L,2017-02-25,false,ANA,0,2,-2,4,0,1,0,0,0,0,10,4464,97,8,0,3,1,0,1,2
Chris Kelly,OTT,C,2016-10-25,false,VAN,1,1,2,2,0,0,0,0,0,0,10,5038,126,1,3,4,1,1,21,26
Duncan Keith,CHI,D,2016-10-22,false,TOR,0,6,4,2,0,2,0,0,0,0,14,9130,175,2,7,5,3,2,0,0
Zack Kassian,EDM,R,2016-10-23,false,WPG,2,2,1,2,0,0,0,0,0,0,8,4543,119,12,1,1,1,5,0,0
Ondrej Kase,ANA,R,2016-11-26,false,SJS,0,2,0,0,0,0,0,0,0,0,5,4495,115,7,1,4,5,0,0,1
Melker Karlsson,SJS,C,2016-10-22,false,DET,1,0,0,0,0,0,0,0,0,0,6,4030,101,4,6,2,1,2,0,1
William Karlsson,CBJ,C,2016-10-27,false,SJS,1,1,2,0,0,0,0,0,1,0,8,4983,124,4,2,5,3,1,34,38
Erik Karlsson,OTT,D,2016-10-25,false,VAN,2,5,7,2,0,1,0,1,0,0,15,9430,201,4,12,10,10,4,0,0
Kasperi Kapanen,TOR,R,2017-04-06,false,TBL,0,0,-3,0,0,0,0,0,0,0,7,3959,104,4,2,1,2,1,0,0
Evander Kane,BUF,L,2016-11-17,false,TBL,0,1,-6,10,0,1,0,0,0,0,11,6099,130,16,4,5,4,3,11,11
Patrick Kane,CHI,R,2016-10-22,false,TOR,1,6,5,4,0,1,0,0,0,0,18,8319,150,3,0,5,2,1,1,7
Steven Kampfer,NYR,D,2017-03-12,false,DET,0,1,-2,6,0,0,0,0,0,0,4,4746,115,11,8,2,3,1,0,0
Sergey Kalinin,NJD,C,2016-11-05,false,TBL,0,0,-3,7,0,0,0,0,0,0,3,4534,108,8,4,0,1,2,1,2
Nazem Kadri,TOR,C,2016-10-25,false,TBL,2,2,-2,9,1,2,0,0,0,0,8,5676,134,5,5,4,4,3,47,49
Tomas Jurco,DET,L,2016-12-09,false,CBJ,0,0,-3,2,0,0,0,0,0,0,6,3782,94,4,0,5,1,0,0,0
Tyson Jost,COL,C,2017-04-09,false,STL,1,0,-5,0,0,0,0,0,0,0,9,5643,121,3,3,2,1,3,28,42
Roman Josi,NSH,D,2016-10-26,false,ANA,1,3,-5,4,1,3,0,0,0,0,19,8710,168,3,5,3,2,1,0,0
Jacob Josefson,NJD,C,2016-11-11,false,BUF,0,2,2,2,0,1,0,0,0,0,8,4471,102,8,1,3,1,1,19,12
Josh Jooris,NYR,R,2016-11-20,false,FLA,1,0,1,0,0,0,0,0,0,0,6,2931,74,11,3,3,1,2,16,9
Seth Jones,CBJ,D,2016-10-27,false,SJS,1,2,-1,0,0,0,0,0,0,0,10,8779,182,5,14,2,5,4,0,0
Jyrki Jokipakka,CGY,D,2016-10-24,false,CHI,1,2,1,4,0,0,0,0,0,0,4,5403,141,1,3,3,4,1,0,0
Jussi Jokinen,FLA,L,2016-11-12,false,NYI,0,2,-3,6,0,0,0,0,0,0,8,6793,138,2,3,4,5,2,6,5
Ryan Johnston,MTL,D,2017-01-09,false,WSH,0,0,-2,2,0,0,0,0,0,0,2,3501,85,0,2,1,2,0,0,0
Erik Johnson,COL,D,2016-10-28,false,WPG,0,3,-2,0,0,2,0,0,0,0,17,8221,192,20,15,5,3,4,0,0
Tyler Johnson,TBL,C,2016-10-25,false,TOR,1,2,-5,0,1,1,0,0,0,0,7,6489,137,5,4,5,0,4,57,50
Jack Johnson,CBJ,D,2016-10-27,false,SJS,0,0,-1,2,0,0,0,0,0,0,5,8121,164,14,13,3,1,1,0,0
Stephen Johns,DAL,D,2016-10-29,false,MIN,1,0,-3,2,0,0,0,0,0,0,10,7019,163,13,12,7,4,2,0,0
Marcus Johansson,WSH,L,2016-10-26,false,EDM,1,3,1,0,0,2,0,0,0,0,9,6170,121,3,0,1,2,4,1,2
Ryan Johansen,NSH,C,2016-10-26,false,ANA,0,4,-2,6,0,4,0,0,0,0,8,5609,127,6,2,6,2,1,49,41
Nick Jensen,DET,D,2017-01-04,false,ANA,0,2,0,2,0,0,0,0,0,0,9,5688,137,5,4,5,4,1,0,0
Nicklas Jensen,NYR,R,2017-01-04,false,PHI,0,0,0,0,0,0,0,0,0,0,8,3455,84,7,2,3,1,2,0,0
Boone Jenner,CBJ,C,2016-10-27,false,SJS,0,1,-6,2,0,0,0,0,0,0,12,5136,114,17,7,4,1,1,7,4
Dmitrij Jaskin,STL,R,2016-10-27,false,DET,0,1,1,2,0,0,0,0,0,0,5,3684,90,8,2,3,2,2,3,4
Calle Jarnkrok,NSH,C,2016-10-26,false,ANA,1,0,0,2,0,0,0,0,0,0,8,5041,125,3,2,2,2,4,18,25
Jaromir Jagr,FLA,R,2016-10-25,false,PIT,1,2,1,4,1,1,0,0,0,0,17,6443,134,0,1,7,7,3,0,0
Matt Irwin,NSH,D,2016-11-08,false,OTT,3,1,3,0,0,0,0,0,1,0,7,4392,103,8,9,1,2,0,0,0
Jarome Iginla,COL,R,2016-10-28,false,WPG,1,0,-2,25,1,0,0,0,0,0,11,5508,123,14,1,2,7,4,1,1
Zach Hyman,TOR,C,2016-10-25,false,TBL,0,1,2,4,0,0,0,0,0,0,14,5867,137,5,7,5,0,2,5,8
Ben Hutton,VAN,D,2016-10-23,false,ANA,1,0,3,6,0,0,0,0,0,0,8,7650,156,7,9,5,6,2,0,0
Matt Hunwick,TOR,D,2016-10-25,false,TBL,0,1,-3,0,0,0,0,0,0,0,6,6111,140,13,6,0,1,2,0,0
Brad Hunt,STL,D,2016-12-22,false,TBL,1,3,0,0,1,1,0,0,0,0,7,5173,137,0,1,3,1,1,0,0
Jiri Hudler,DAL,R,2016-12-13,false,ANA,0,1,-1,2,0,0,0,0,0,0,2,5167,127,1,1,4,1,3,1,2
Jonathan Huberdeau,FLA,L,2017-02-18,false,LAK,4,4,6,2,0,1,0,0,2,1,20,5954,141,3,0,4,7,2,1,2
Marek Hrivik,NYR,L,2016-12-15,false,DAL,0,0,0,0,0,0,0,0,0,0,8,4370,99,7,3,6,2,2,6,7
Marian Hossa,CHI,R,2016-10-24,false,CGY,1,3,0,0,1,2,0,0,0,0,17,5736,142,0,3,6,0,2,0,0
Bo Horvat,VAN,C,2016-10-23,false,ANA,3,0,0,0,0,0,1,0,0,0,7,6044,141,7,1,6,0,2,42,64
Patric Hornqvist,PIT,R,2016-10-22,false,NSH,2,3,0,0,2,1,0,0,1,0,21,5408,133,20,5,5,0,3,1,4
Julius Honka,DAL,D,2016-12-01,false,PIT,0,3,-6,2,0,1,0,0,0,0,17,6699,137,2,4,4,2,1,0,0
Korbinian Holzer,ANA,D,2016-11-17,false,NJD,0,2,1,4,0,0,0,0,0,0,4,5416,117,13,8,2,2,0,0,0
Peter Holland,TOR,C,2016-10-25,false,TBL,0,1,-2,4,0,0,0,0,0,0,11,3988,91,2,1,1,1,1,24,26
Nick Holden,NYR,D,2016-10-23,false,ARI,0,2,3,0,0,0,0,0,0,0,3,7506,178,11,10,5,7,2,0,0
Mike Hoffman,OTT,L,2016-10-25,false,VAN,0,3,-1,6,0,1,0,0,0,0,24,6109,126,4,2,7,1,6,1,1
Joshua Ho-Sang,NYI,R,2017-03-11,false,STL,1,1,-4,2,1,0,0,0,0,0,5,5813,120,2,2,3,4,1,0,0
Niklas Hjalmarsson,CHI,D,2016-10-24,false,CGY,1,1,2,2,0,0,0,0,0,0,6,7668,174,2,10,0,7,1,0,0
Vinnie Hinostroza,CHI,L,2016-11-01,false,CGY,0,0,0,0,0,0,0,0,0,0,3,3442,81,4,4,0,2,4,2,2
Thomas Hickey,NYI,D,2016-10-23,false,MIN,1,1,3,2,0,0,0,0,0,0,6,6445,137,5,8,2,1,0,0,0
Tomas Hertl,SJS,C,2016-10-22,false,DET,2,1,1,4,0,0,0,0,0,0,15,6069,133,11,0,4,2,2,10,11
Adam Henrique,NJD,C,2016-10-25,false,ARI,1,1,2,2,0,0,0,0,0,0,9,6835,138,6,5,3,3,4,43,44
Matt Hendricks,EDM,L,2016-12-06,false,BUF,0,1,-3,4,0,0,0,0,0,0,3,4238,110,12,7,3,1,0,14,14
Ales Hemsky,DAL,R,2017-03-12,false,SJS,0,2,-3,0,0,1,0,0,0,0,9,4959,132,0,2,6,2,2,0,0
Darren Helm,DET,C,2016-10-22,false,SJS,4,1,8,2,2,0,0,0,1,0,11,5498,138,4,1,2,3,3,36,30
Seth Helgeson,NJD,D,2017-02-03,false,CGY,0,0,0,5,0,0,0,0,0,0,2,4903,113,12,7,5,0,0,0,0
Victor Hedman,TBL,D,2016-10-25,false,TOR,1,3,3,0,0,2,0,0,1,0,8,8713,175,8,13,7,4,5,0,0
Kevin Hayes,NYR,C,2016-10-23,false,ARI,1,1,2,0,0,0,0,0,0,0,7,5734,132,5,5,2,7,2,29,26
Jimmy Hayes,BOS,R,2016-10-25,false,MIN,0,0,-6,0,0,0,0,0,0,0,9,3899,90,11,1,4,2,2,1,1
John Hayden,CHI,L,2017-03-25,false,FLA,1,2,4,0,0,0,0,0,0,0,14,4916,115,25,1,3,1,3,0,0
Erik Haula,MIN,L,2016-11-12,false,PHI,1,1,2,2,0,0,0,0,0,0,12,5337,127,0,1,1,3,2,33,38
Garnet Hathaway,CGY,R,2016-11-23,false,CBJ,1,0,1,2,0,0,0,0,0,0,4,3290,78,12,3,1,0,1,6,4
Scott Hartnell,CBJ,L,2016-10-27,false,SJS,2,2,2,2,0,0,0,0,0,0,5,4515,113,8,2,3,3,1,0,0
Ryan Hartman,CHI,L,2016-10-28,false,NJD,1,1,-1,0,0,0,0,0,0,0,9,3450,77,7,5,4,1,1,1,1
Scott Harrington,CBJ,D,2017-01-22,false,OTT,1,2,6,2,0,0,0,0,0,0,2,4530,106,4,6,3,1,1,0,0
Ben Harpur,OTT,D,2017-04-09,false,NYI,0,0,-1,0,0,0,0,0,0,0,3,6409,151,5,3,1,5,2,0,0
Martin Hanzal,ARI,C,2016-10-25,false,NJD,1,1,-2,2,0,0,0,0,0,0,17,6920,144,14,5,6,5,3,84,49
Jannik Hansen,VAN,R,2016-10-23,false,ANA,1,2,1,2,0,0,0,0,0,0,9,6058,139,3,0,6,1,3,0,0
Markus Hannikainen,CBJ,L,2017-01-21,false,CAR,1,0,0,2,0,0,0,0,0,0,6,3253,82,14,4,1,0,0,0,0
Noah Hanifin,CAR,D,2016-10-25,false,DET,0,5,-5,4,0,3,0,0,0,0,10,5881,131,3,3,4,6,1,0,0
Travis Hamonic,NYI,D,2016-10-23,false,MIN,0,2,-7,16,0,0,0,0,0,0,3,7955,153,9,6,9,4,2,0,0
Dougie Hamilton,CGY,D,2016-10-22,false,STL,0,1,-3,12,0,0,0,0,0,0,17,7155,169,7,2,2,6,3,0,0
Freddie Hamilton,CGY,C,2016-11-12,false,NYR,0,0,0,0,0,0,0,0,0,0,8,3627,83,16,0,4,0,1,14,10
Dan Hamhuis,DAL,D,2016-10-25,false,WPG,0,2,1,4,0,0,0,0,0,0,5,7557,165,6,10,0,1,0,0,0
Taylor Hall,NJD,L,2016-10-25,false,ARI,5,1,-1,2,3,1,0,0,2,1,25,7234,141,9,2,5,3,2,1,0
Micheal Haley,SJS,C,2016-11-03,false,CGY,0,2,0,22,0,0,0,0,0,0,2,2671,70,17,4,1,3,1,0,0
Ron Hainsey,CAR,D,2016-10-25,false,DET,0,0,-3,4,0,0,0,0,0,0,4,7038,156,6,1,3,1,0,0,0
Carl Hagelin,PIT,L,2016-10-22,false,NSH,0,0,-3,0,0,0,0,0,0,0,7,6021,147,4,1,4,5,2,0,1
Carl Gunnarsson,STL,D,2016-11-01,false,NYR,0,0,-1,0,0,0,0,0,0,0,6,4259,103,1,7,3,0,0,0,0
Jake Guentzel,PIT,C,2017-01-16,false,WSH,3,2,0,2,0,0,0,0,0,0,8,4771,111,18,2,5,0,2,2,2
Radko Gudas,PHI,D,2016-11-03,false,NYI,1,3,1,0,0,1,0,0,0,0,10,7494,156,23,13,13,2,2,0,0
Eric Gryba,EDM,D,2016-10-28,false,VAN,0,0,1,8,0,0,0,0,0,0,5,6122,134,22,5,0,1,1,0,0
Mikhail Grigorenko,COL,C,2016-10-28,false,WPG,0,3,1,2,0,2,0,0,0,0,11,5450,114,2,1,3,2,3,5,4
Seth Griffith,FLA,C,2016-11-19,false,OTT,0,1,1,0,0,0,0,0,0,0,5,3890,89,8,2,5,2,0,0,3
Andy Greene,NJD,D,2016-10-25,false,ARI,0,0,-2,0,0,0,0,0,0,0,8,7858,156,9,15,2,3,1,0,0
Matt Greene,LAK,D,2016-11-05,false,CGY,1,0,-1,4,0,0,0,0,0,0,4,4632,124,22,5,2,4,1,0,0
Mike Green,DET,D,2016-10-22,false,SJS,3,4,4,6,1,1,0,0,0,0,7,8617,170,8,10,4,4,3,0,0
Kevin Gravel,LAK,D,2016-11-13,false,WPG,0,1,4,0,0,0,0,0,0,0,8,5594,134,13,9,4,5,0,0,0
Tyler Graovac,MIN,C,2016-11-13,false,OTT,1,0,0,0,0,0,0,0,0,0,6,3362,89,9,0,3,0,1,24,22
Derek Grant,BUF,C,2016-10-27,false,MIN,0,0,-3,2,0,0,0,0,0,0,4,4421,110,6,2,2,0,2,36,29
Mikael Granlund,MIN,C,2016-10-23,false,NYI,0,2,0,0,0,0,0,0,0,0,9,6815,144,6,3,9,1,2,2,3
Markus Granlund,VAN,C,2016-10-23,false,ANA,2,1,2,4,0,0,0,0,0,0,8,5833,137,3,2,4,1,4,8,7
Petter Granberg,NSH,D,2016-12-27,false,MIN,0,0,-2,6,0,0,0,0,0,0,0,3190,72,10,4,0,1,0,0,0
Michael Grabner,NYR,R,2016-10-23,false,ARI,2,1,1,0,0,0,0,0,0,0,9,4171,114,5,3,1,5,3,1,1
Yanni Gourde,TBL,C,2017-03-13,false,NYR,1,1,0,0,0,0,1,0,0,0,4,4744,108,3,2,4,1,6,6,7
Shayne Gostisbehere,PHI,D,2016-10-24,false,MTL,1,3,-1,2,0,1,0,0,1,0,20,7732,162,5,10,7,9,2,0,0
Josh Gorges,BUF,D,2016-10-27,false,MIN,0,0,-3,8,0,0,0,0,0,0,3,6717,167,12,12,2,3,0,0,0
Boyd Gordon,PHI,C,2016-10-24,false,MTL,1,0,0,2,0,0,0,0,0,0,4,3234,96,3,3,1,0,1,24,23
Cody Goloubef,COL,D,2016-12-23,false,CHI,0,0,-6,9,0,0,0,0,0,0,3,6006,138,6,10,0,1,1,0,0
Alex Goligoski,ARI,D,2016-10-25,false,NJD,0,4,-8,2,0,2,0,0,0,0,9,8216,162,5,10,2,3,0,0,0
Nikolay Goldobin,VAN,R,2017-03-23,false,STL,1,0,1,0,0,0,0,0,1,0,10,3651,87,1,2,1,1,3,0,0
Luke Glendening,DET,C,2016-10-22,false,SJS,0,3,3,2,0,1,0,0,0,0,9,5169,125,14,9,6,0,4,37,34
Tanner Glass,NYR,L,2017-03-17,false,FLA,1,1,0,5,0,0,0,0,0,0,5,3714,96,17,2,4,0,2,0,0
Claude Giroux,PHI,C,2016-10-24,false,MTL,0,7,-4,0,0,4,0,0,0,0,14,7424,156,5,1,6,0,2,63,66
Zemgus Girgensons,BUF,C,2016-10-27,false,MIN,1,1,-3,0,0,0,0,0,0,0,9,4353,111,7,2,3,0,0,25,22
Dan Girardi,NYR,D,2016-10-30,false,TBL,1,2,4,2,0,0,0,0,1,0,10,5875,138,13,10,2,5,1,0,0
Mark Giordano,CGY,D,2016-10-22,false,STL,1,3,-1,14,0,0,0,1,0,0,14,9343,184,3,17,6,2,8,0,0
Brian Gionta,BUF,R,2016-10-27,false,MIN,2,1,1,0,0,0,0,0,0,0,11,6201,130,4,0,4,2,1,4,3
Stephen Gionta,NYI,R,2017-02-14,false,TOR,0,2,0,0,0,0,0,0,0,0,4,4089,100,11,3,0,2,0,1,1
Tom Gilbert,LAK,D,2016-10-29,false,STL,0,3,-2,0,0,1,0,0,0,0,2,5903,132,2,8,2,2,1,0,0
Ryan Getzlaf,ANA,C,2016-10-23,false,VAN,1,7,0,6,0,2,0,0,0,0,20,7364,158,5,4,8,2,4,56,42
Eric Gelinas,COL,D,2016-11-13,false,BOS,0,1,-1,6,0,0,0,0,0,0,6,4677,110,3,3,5,2,0,0,0
Luke Gazdic,NJD,L,2016-12-31,false,WSH,0,0,-1,12,0,0,0,0,0,0,2,2460,61,10,4,0,0,0,0,0
Frederik Gauthier,TOR,C,2017-01-01,false,DET,1,1,2,4,0,0,0,0,0,0,4,3526,109,7,8,1,0,1,38,40
Brendan Gaunce,VAN,C,2016-10-23,false,ANA,0,1,1,2,0,0,0,0,0,0,4,3590,94,4,1,1,1,2,12,21
Cameron Gaunce,PIT,D,2017-02-28,false,DAL,0,2,1,8,0,0,0,0,0,0,5,4352,104,11,4,3,0,2,0,0
Johnny Gaudreau,CGY,L,2016-10-22,false,STL,1,2,-7,0,0,0,0,0,0,0,18,6863,145,2,2,7,8,0,0,0
Frederick Gaudreau,NSH,C,2016-12-06,false,COL,0,1,0,0,0,0,0,0,0,0,5,3086,76,0,4,1,1,1,4,7
Jason Garrison,TBL,D,2016-10-25,false,TOR,0,2,-2,4,0,0,0,0,0,0,8,6414,149,5,9,6,7,3,0,0
Jake Gardiner,TOR,D,2016-10-25,false,TBL,0,4,1,2,0,0,0,0,0,0,9,6562,146,9,3,3,6,0,0,0
Brendan Gallagher,MTL,R,2016-10-24,false,PHI,4,2,5,4,1,0,0,0,1,0,19,5599,135,7,1,4,2,3,11,14
Alex Galchenyuk,MTL,C,2016-10-24,false,PHI,1,4,5,6,0,1,0,0,0,0,9,5995,137,1,3,3,4,3,19,45
Sam Gagner,CBJ,C,2016-10-28,false,ANA,2,1,2,0,1,1,0,0,1,0,10,4603,99,1,2,7,2,1,16,16
Kurtis Gabriel,MIN,R,2016-12-13,false,FLA,0,1,0,24,0,0,0,0,0,0,2,2117,61,12,1,2,1,0,0,0
Marian Gaborik,LAK,R,2016-12-10,false,OTT,1,3,-1,2,1,1,0,0,0,0,18,5393,117,1,2,10,2,1,0,1
Michael Frolik,CGY,R,2016-10-22,false,STL,3,1,-1,2,0,0,1,0,0,0,12,5596,129,3,6,4,3,2,4,1
Byron Froese,TBL,C,2017-03-18,false,WSH,0,0,-3,5,0,0,0,0,0,0,6,3798,95,3,4,1,2,3,26,30
Cody Franson,BUF,D,2016-10-27,false,MIN,0,2,-1,2,0,0,0,0,0,0,8,5457,133,3,3,1,2,0,0,0
Cam Fowler,ANA,D,2016-10-23,false,VAN,3,2,0,0,2,1,0,0,0,0,14,8840,175,5,6,3,3,2,0,0
Gustav Forsling,CHI,D,2016-10-22,false,TOR,0,1,0,0,0,0,0,0,0,0,9,6386,130,5,3,2,5,0,0,0
Filip Forsberg,NSH,L,2016-10-26,false,ANA,0,5,-4,4,0,3,0,0,0,0,13,6872,154,11,1,5,1,7,1,5
Derek Forbort,LAK,D,2016-10-25,false,CBJ,0,0,-2,2,0,0,0,0,0,0,4,4507,108,10,10,2,4,2,0,0
Christian Folin,MIN,D,2016-10-25,false,BOS,0,0,6,8,0,0,0,0,0,0,3,5861,143,17,5,0,2,3,0,0
Marcus Foligno,BUF,L,2016-10-27,false,MIN,1,1,0,4,0,0,0,0,0,0,8,5839,137,15,5,4,5,4,0,0
Nick Foligno,CBJ,L,2016-10-27,false,SJS,1,4,0,2,1,2,0,0,0,0,6,6363,141,12,4,9,2,3,7,6
Brian Flynn,MTL,C,2016-10-27,false,TBL,0,1,0,2,0,0,0,0,0,0,8,4468,122,5,3,6,2,2,5,8
Mike Fisher,NSH,C,2016-10-27,false,LAK,3,1,-4,2,3,1,0,0,1,0,12,6472,143,19,7,4,0,1,66,47
Christian Fischer,ARI,R,2017-03-25,false,WSH,3,0,0,0,0,0,0,0,1,0,9,4282,97,7,0,2,3,0,0,0
Valtteri Filppula,TBL,C,2016-10-25,false,TOR,3,2,4,4,0,0,0,0,1,0,7,6176,129,4,2,1,2,3,42,65
Vernon Fiddler,NJD,C,2016-10-25,false,ARI,0,0,-1,7,0,0,0,0,0,0,4,4731,114,4,2,2,6,2,42,37
Kevin Fiala,NSH,L,2016-10-26,false,ANA,2,0,-1,0,0,0,0,0,1,0,10,4560,113,3,0,0,3,3,0,0
Micheal Ferland,CGY,L,2016-10-22,false,STL,2,0,0,0,0,0,0,0,0,0,10,3843,95,9,1,4,4,2,0,0
Eric Fehr,PIT,C,2016-10-22,false,NSH,0,0,-4,2,0,0,0,0,0,0,8,4210,107,9,5,3,0,4,19,17
Taylor Fedun,BUF,D,2016-11-29,false,OTT,0,4,0,2,0,3,0,0,0,0,7,5643,127,1,2,3,2,1,0,0
Justin Faulk,CAR,D,2016-10-25,false,DET,2,3,-6,4,1,2,0,0,0,0,14,8604,168,7,6,10,6,3,0,0
Jesper Fast,NYR,R,2016-10-23,false,ARI,0,3,5,4,0,0,0,0,0,0,3,4565,120,11,3,3,2,4,3,2
Hudson Fasching,BUF,R,2016-10-30,false,WPG,0,0,-2,2,0,0,0,0,0,0,3,3148,78,10,1,0,1,0,0,0
Justin Falk,BUF,D,2016-11-21,false,CGY,0,0,-2,0,0,0,0,0,0,0,4,4685,124,12,1,1,2,1,0,0
Radek Faksa,DAL,C,2016-10-25,false,WPG,1,1,2,4,0,0,0,0,0,0,7,6015,155,6,5,7,2,3,45,40
Robby Fabbri,STL,C,2016-10-22,false,CGY,0,3,-2,4,0,1,0,0,0,0,9,6048,136,5,5,4,4,3,1,0
Adam Erne,TBL,L,2017-03-01,false,CAR,0,0,-3,2,0,0,0,0,0,0,10,4542,111,20,1,6,2,2,0,1
Joel Eriksson Ek,MIN,C,2016-11-01,false,BUF,2,3,3,0,0,0,0,0,1,0,7,3908,106,10,4,3,1,1,19,27
Loui Eriksson,VAN,L,2016-10-23,false,ANA,0,4,-1,0,0,1,0,1,0,0,6,7168,146,0,1,4,0,0,0,0
Jonathan Ericsson,DET,D,2016-10-22,false,SJS,0,2,2,26,0,0,0,0,0,0,6,6145,149,3,7,3,1,0,0,0
Toby Enstrom,WPG,D,2016-10-25,false,DAL,0,2,0,4,0,1,0,0,0,0,8,8104,176,1,7,4,2,1,0,0
Tyler Ennis,BUF,L,2016-10-27,false,MIN,1,1,-4,0,0,0,0,0,0,0,21,5206,113,1,2,2,0,2,0,0
Deryk Engelland,CGY,D,2016-10-22,false,STL,0,1,4,7,0,0,0,0,0,0,8,6840,160,5,12,5,4,1,0,0
Alexei Emelin,MTL,D,2016-10-24,false,PHI,1,1,3,6,0,0,0,0,0,0,5,7035,154,27,7,1,6,0,0,0
Ryan Ellis,NSH,D,2016-10-26,false,ANA,0,2,-3,2,0,2,0,0,0,0,9,8343,169,12,11,1,2,0,0,0
Lars Eller,WSH,C,2016-10-26,false,EDM,1,0,1,8,0,0,0,0,0,0,11,5390,117,2,0,1,1,5,30,32
Remi Elie,DAL,L,2017-03-16,false,VAN,1,2,0,2,0,0,0,0,0,0,6,5704,138,18,5,2,4,3,1,0
Oliver Ekman-Larsson,ARI,D,2016-10-25,false,NJD,4,0,-2,4,2,0,0,0,1,1,19,9466,166,12,6,7,5,2,0,0
Mattias Ekholm,NSH,D,2016-10-26,false,ANA,0,1,-1,0,0,0,0,0,0,0,11,8418,169,6,8,6,6,4,0,0
Aaron Ekblad,FLA,D,2016-10-25,false,PIT,1,0,-2,2,1,0,0,0,0,0,19,8625,146,10,9,6,0,4,0,0
Jack Eichel,BUF,C,2016-12-09,false,WSH,3,2,1,2,2,2,0,0,1,0,18,6800,128,2,6,5,0,2,26,35
Nikolaj Ehlers,WPG,L,2016-10-25,false,DAL,1,1,-2,0,0,1,0,0,0,0,14,6475,122,4,0,9,2,1,0,0
Joel Edmundson,STL,D,2016-10-22,false,CGY,0,1,1,2,0,0,0,0,0,0,5,5831,153,13,6,1,1,1,0,0
Alexander Edler,VAN,D,2016-10-23,false,ANA,1,0,-1,2,1,0,0,0,0,0,16,8935,178,10,25,2,4,2,0,0
Jordan Eberle,EDM,C,2016-10-23,false,WPG,3,3,1,2,1,0,0,0,0,0,16,6612,147,2,3,3,0,1,0,1
Patrick Eaves,DAL,R,2016-10-27,false,WPG,1,3,-2,0,1,1,0,0,0,0,12,5796,134,12,2,4,0,0,0,0
Cody Eakin,DAL,C,2016-11-28,false,STL,0,0,-4,0,0,0,0,0,0,0,5,5710,142,3,5,2,1,1,49,47
Ryan Dzingel,OTT,L,2016-10-25,false,VAN,4,2,5,0,0,0,1,0,1,0,8,4042,100,4,5,1,0,1,0,1
Christian Dvorak,ARI,C,2016-10-27,false,PHI,0,3,1,2,0,1,0,0,0,0,2,5269,105,5,7,2,1,0,27,36
Brian Dumoulin,PIT,D,2016-10-22,false,NSH,0,0,-3,2,0,0,0,0,0,0,9,7836,173,10,7,2,5,0,0,0
Gabriel Dumont,TBL,C,2017-01-21,false,ARI,0,1,-2,0,0,0,0,0,0,0,14,3683,92,17,3,2,2,0,14,12
Matt Dumba,MIN,D,2016-10-23,false,NYI,1,2,-1,2,1,0,0,0,0,0,10,7845,152,13,7,3,1,2,0,0
Anthony Duclair,ARI,L,2016-10-25,false,NJD,0,0,-3,0,0,0,0,0,0,0,7,5035,109,1,0,4,4,1,0,0
Matt Duchene,COL,C,2016-10-28,false,WPG,3,2,1,2,0,1,0,0,1,0,15,6339,136,2,4,1,4,1,24,14
Brandon Dubinsky,CBJ,C,2016-10-27,false,SJS,0,1,-8,11,0,0,0,0,0,0,6,6122,147,21,4,6,4,0,55,59
Jonathan Drouin,TBL,L,2016-10-25,false,TOR,2,3,-2,2,2,1,0,0,0,0,19,6396,127,5,4,4,6,3,13,13
Leon Draisaitl,EDM,C,2016-10-23,false,WPG,2,4,-1,0,1,1,0,0,0,0,18,5650,126,2,2,4,5,5,39,35
Justin Dowling,DAL,C,2017-04-01,false,CAR,0,2,0,2,0,1,0,0,0,0,9,4151,110,1,0,2,1,2,28,27
Nic Dowd,LAK,C,2016-10-29,false,STL,1,3,0,0,1,1,0,0,0,0,8,4556,108,21,1,5,1,0,29,32
Drew Doughty,LAK,D,2016-10-25,false,CBJ,2,1,1,4,0,1,0,0,0,0,17,9819,198,11,10,5,7,0,1,0
Jake Dotchin,TBL,D,2017-02-04,false,ANA,0,1,2,8,0,0,0,0,0,0,7,5929,134,18,5,5,4,0,0,0
Joonas Donskoi,SJS,R,2016-10-22,false,DET,0,1,-1,2,0,0,0,0,0,0,11,5022,120,0,1,5,1,4,0,0
Max Domi,ARI,L,2016-10-25,false,NJD,0,4,-3,6,0,1,0,0,0,0,15,6789,130,5,4,4,3,3,2,2
Shane Doan,ARI,R,2016-10-25,false,NJD,1,2,-4,2,1,1,0,0,0,0,16,5758,122,15,1,4,3,1,11,4
Brenden Dillon,SJS,D,2016-10-22,false,DET,0,1,0,6,0,0,0,0,0,0,7,5662,127,12,2,2,0,0,0,0
Jason Dickinson,DAL,C,2017-04-01,false,CAR,0,0,-3,0,0,0,0,0,0,0,3,4112,105,2,2,2,0,2,4,9
Phillip Di Giuseppe,CAR,L,2016-10-30,false,PHI,0,0,-4,2,0,0,0,0,0,0,10,4636,104,8,2,6,1,3,0,0
Nicolas Deslauriers,BUF,L,2016-10-27,false,MIN,0,0,-3,4,0,0,0,0,0,0,6,3258,77,15,1,3,0,1,0,0
Andrew Desjardins,CHI,L,2016-11-21,false,EDM,0,0,0,2,0,0,0,0,0,0,12,3979,102,5,2,3,0,1,5,6
David Desharnais,MTL,C,2016-10-24,false,PHI,2,2,2,0,0,0,0,0,0,0,9,4546,112,0,1,0,1,2,26,16
Jason Demers,FLA,D,2016-10-25,false,PIT,0,1,-2,4,0,0,0,0,0,0,6,7161,134,3,4,10,3,6,0,0
Michael Del Zotto,PHI,D,2016-11-17,false,WPG,1,3,0,4,0,0,0,0,0,0,14,6837,150,24,13,5,1,2,0,0
Dylan DeMelo,SJS,D,2016-12-13,false,TOR,1,1,-1,2,0,0,0,0,0,0,12,5344,128,11,8,2,3,0,0,0
Danny DeKeyser,DET,D,2016-10-22,false,SJS,1,0,4,4,0,0,0,0,0,0,3,8390,178,9,16,3,5,0,0,0
Anthony DeAngelo,ARI,D,2016-11-19,false,SJS,2,2,3,0,1,2,0,0,0,0,9,7142,143,0,7,3,2,0,0,0
Jacob De La Rose,MTL,L,2017-01-26,false,NYI,0,0,-2,4,0,0,0,0,0,0,3,3789,104,16,1,2,0,2,12,11
Brandon Davidson,EDM,D,2016-12-23,false,SJS,0,1,2,2,0,0,0,0,0,0,8,5139,118,9,7,4,2,1,0,0
Laurent Dauphin,ARI,C,2016-10-27,false,PHI,1,1,-1,4,0,0,1,0,0,0,6,3803,90,11,4,0,1,4,8,11
Marko Dano,WPG,C,2016-11-11,false,COL,2,1,0,2,1,0,0,0,0,0,8,3917,90,9,0,2,2,0,0,0
Phillip Danault,MTL,L,2016-10-24,false,PHI,1,2,2,0,0,0,0,0,0,0,6,4444,113,5,6,2,3,1,13,19
Trevor Daley,PIT,D,2016-10-22,false,NSH,1,1,-1,2,1,0,0,0,0,0,10,7800,185,4,9,7,0,4,0,0
Klas Dahlbeck,CAR,D,2016-10-30,false,PHI,0,1,0,6,0,0,0,0,0,0,2,4031,99,6,3,2,2,2,0,0
Austin Czarnik,BOS,C,2016-11-03,false,TBL,1,0,-2,4,0,0,0,0,0,0,6,5276,124,1,4,1,2,2,4,12
Matt Cullen,PIT,C,2016-10-22,false,NSH,1,4,1,0,0,1,0,0,0,0,11,6375,161,4,2,8,3,0,68,46
Lawson Crouse,ARI,L,2016-11-01,false,SJS,1,0,-2,2,0,0,0,0,0,0,6,3275,78,12,3,1,0,0,0,0
Sidney Crosby,PIT,C,2016-11-05,false,SJS,8,2,5,0,2,1,0,0,1,0,21,6452,153,5,2,8,6,2,59,72
Joseph Cramarossa,ANA,C,2016-11-02,false,PIT,1,0,-1,15,0,0,0,0,0,0,5,3594,89,17,4,4,3,2,1,0
Adam Cracknell,DAL,R,2016-10-25,false,WPG,2,1,2,0,0,0,0,0,0,0,13,3625,96,10,3,5,2,1,8,3
Charlie Coyle,MIN,C,2016-10-23,false,NYI,2,2,-1,18,1,0,0,0,0,0,13,5981,137,8,7,5,1,3,2,4
Sean Couturier,PHI,C,2016-10-24,false,MTL,3,1,1,2,0,0,0,0,1,0,11,6643,150,5,3,5,1,4,43,50
Logan Couture,SJS,C,2016-10-22,false,DET,2,3,0,2,2,0,0,0,0,0,14,6224,149,0,4,4,3,1,34,52
Nick Cousins,PHI,C,2016-10-25,false,BUF,0,2,1,2,0,0,0,0,0,0,5,4013,91,6,3,0,0,0,0,3
Andrew Copp,WPG,C,2016-11-11,false,COL,2,2,1,0,0,0,1,0,0,0,5,4276,109,7,5,3,2,3,9,26
Kyle Connor,WPG,L,2016-10-27,false,DAL,1,1,-4,2,0,1,0,0,1,0,10,4897,104,1,3,4,1,3,0,0
Brett Connolly,WSH,R,2016-11-03,false,WPG,1,0,2,2,0,0,0,0,0,0,10,3265,79,14,1,2,0,1,0,0
Kevin Connauton,ARI,D,2016-11-16,false,CGY,0,1,0,6,0,0,0,0,0,0,5,4769,117,12,4,2,2,0,0,0
Erik Condra,TBL,R,2016-12-22,false,STL,0,0,-2,2,0,0,0,0,0,0,3,3541,84,2,5,3,2,2,1,0
Cory Conacher,TBL,C,2016-12-22,false,STL,1,1,-1,2,1,0,0,0,0,0,8,4359,110,0,0,4,5,2,1,1
J.T. Compher,COL,L,2017-03-11,false,OTT,0,0,-2,2,0,0,0,0,0,0,8,4962,111,3,9,1,1,1,26,25
Blake Comeau,COL,L,2016-10-28,false,WPG,1,1,0,12,1,0,0,0,0,0,11,5318,130,12,2,2,1,1,15,17
Blake Coleman,NJD,C,2017-02-27,false,MTL,0,1,-1,4,0,0,0,0,0,0,9,4250,98,12,6,2,5,3,22,28
Ian Cole,PIT,D,2016-10-22,false,NSH,1,0,-2,6,0,0,0,0,0,0,6,6682,152,12,10,6,3,1,0,0
Joe Colborne,COL,C,2016-10-28,false,WPG,3,1,-1,2,2,0,0,0,0,0,10,4822,113,5,4,0,2,0,12,26
Andrew Cogliano,ANA,L,2016-10-23,false,VAN,3,0,2,2,0,0,1,0,0,0,12,5454,144,6,2,1,0,1,1,3
Braydon Coburn,TBL,D,2016-10-25,false,TOR,0,1,-1,6,0,0,0,0,0,0,9,5794,131,10,2,2,2,0,0,0
Cal Clutterbuck,NYI,R,2016-10-23,false,MIN,1,3,1,6,0,0,0,0,0,0,11,5811,156,26,4,3,3,1,1,0
Kyle Clifford,LAK,L,2016-10-27,false,NSH,0,0,1,7,0,0,0,0,0,0,11,3533,80,17,1,5,1,1,0,0
Adam Clendening,NYR,D,2016-11-06,false,WPG,0,2,4,2,0,0,0,0,0,0,4,6031,130,1,4,5,1,2,0,0
Fredrik Claesson,OTT,D,2016-11-13,false,MIN,0,0,-1,0,0,0,0,0,0,0,2,4231,110,6,3,1,4,0,0,0
Casey Cizikas,NYI,C,2016-10-23,false,MIN,0,3,1,2,0,0,0,0,0,0,8,5338,147,13,7,1,1,3,53,52
Jakob Chychrun,ARI,D,2016-10-27,false,PHI,1,2,1,19,0,0,0,0,0,0,6,5667,121,9,5,7,5,1,0,0
Taylor Chorney,WSH,D,2016-12-23,false,TBL,0,1,2,2,0,0,0,0,0,0,8,4823,111,11,6,3,3,1,0,0
Jason Chimera,NYI,L,2016-10-23,false,MIN,0,3,-1,6,0,0,0,0,0,0,9,5117,134,9,0,3,3,1,1,2
Alex Chiasson,CGY,R,2016-10-22,false,STL,1,0,1,6,0,0,0,0,0,0,10,3637,96,8,0,3,4,2,0,3
Ben Chiarot,WPG,D,2016-10-27,false,DAL,0,0,-3,2,0,0,0,0,0,0,2,4301,96,5,3,0,5,0,0,0
Zdeno Chara,BOS,D,2016-10-25,false,MIN,1,1,5,9,0,0,0,0,0,0,9,8383,164,11,8,3,5,3,0,0
Michael Chaput,VAN,C,2016-11-17,false,ARI,0,1,0,0,0,0,0,0,0,0,3,3273,85,10,0,0,1,0,23,13
Peter Cehlarik,BOS,L,2017-02-26,false,DAL,0,2,0,0,0,1,0,0,0,0,2,5219,116,5,4,4,7,4,2,0
Cody Ceci,OTT,D,2016-10-25,false,VAN,0,1,-3,4,0,0,0,1,0,0,9,8222,187,8,17,5,3,3,0,0
Jeff Carter,LAK,C,2016-10-25,false,CBJ,1,3,0,2,0,0,0,0,0,0,15,6464,142,5,3,8,6,1,59,39
William Carrier,BUF,L,2016-11-15,false,STL,0,0,2,0,0,0,0,0,0,0,12,3228,83,23,2,3,3,1,0,0
Connor Carrick,TOR,D,2016-10-25,false,TBL,1,0,-1,2,0,0,0,0,0,0,14,6625,158,7,6,3,3,1,0,0
Daniel Carr,MTL,L,2016-11-13,false,CHI,1,1,2,4,0,0,0,0,1,0,8,3933,95,8,3,3,2,0,0,0
Ryan Carpenter,SJS,C,2017-01-21,false,COL,2,1,4,2,0,0,0,0,0,0,10,3562,97,11,1,1,2,1,16,17
John Carlson,WSH,D,2016-10-26,false,EDM,0,1,0,0,0,0,0,0,0,0,21,8586,154,2,9,11,5,4,0,0
Brandon Carlo,BOS,D,2016-10-25,false,MIN,1,1,6,4,0,0,0,0,0,0,7,7911,163,8,13,7,2,1,0,0
Paul Carey,WSH,C,2017-04-09,false,FLA,0,0,-2,0,0,0,0,0,0,0,8,3773,82,5,1,2,4,5,0,0
Brian Campbell,CHI,D,2016-10-22,false,TOR,0,4,5,2,0,1,0,0,0,0,9,6086,122,9,3,2,6,0,0,0
Michael Cammalleri,NJD,L,2016-10-25,false,ARI,0,2,0,6,0,1,0,0,0,0,15,5719,124,5,1,7,6,1,1,0
Matt Calvert,CBJ,L,2016-10-27,false,SJS,1,0,-4,2,0,0,0,0,0,0,8,5773,130,8,4,2,3,4,2,3
Ryan Callahan,TBL,R,2016-11-10,false,NYI,0,1,0,17,0,0,0,0,0,0,8,4799,118,18,2,4,2,4,2,1
Drake Caggiula,EDM,L,2016-11-29,false,TOR,0,2,-1,0,0,0,0,0,0,0,6,4994,113,7,1,6,2,2,9,14
Paul Byron,MTL,L,2016-10-24,false,PHI,1,3,1,2,0,0,1,0,1,0,9,4519,126,2,2,1,1,4,1,0
Dustin Byfuglien,WPG,D,2016-10-25,false,DAL,0,4,-1,2,0,0,0,0,0,0,11,10623,181,18,11,13,9,3,0,0
Alexandre Burrows,VAN,L,2016-11-02,false,MTL,0,0,-1,4,0,0,0,0,0,0,7,3920,111,9,0,0,1,4,0,1
Brent Burns,SJS,D,2016-10-22,false,DET,3,6,2,4,0,1,0,0,1,0,29,8362,166,4,14,9,8,2,0,0
Alexander Burmistrov,WPG,C,2016-10-27,false,DAL,0,1,-1,0,0,0,0,0,0,0,2,4227,93,7,0,2,3,1,14,32
Andre Burakovsky,WSH,L,2016-10-26,false,EDM,2,1,-2,0,0,0,0,0,0,0,15,5862,118,3,2,4,2,2,0,0
Pavel Buchnevich,NYR,R,2016-11-03,false,EDM,0,2,2,4,0,1,0,0,0,0,9,5564,128,3,2,7,3,2,0,1
Dustin Brown,LAK,R,2016-10-25,false,CBJ,1,4,-3,2,0,2,1,0,0,0,11,5801,128,14,2,5,2,4,0,0
Connor Brown,TOR,R,2016-10-25,false,TBL,1,0,-1,4,0,0,0,0,0,0,7,4683,121,2,4,3,1,0,0,0
J.T. Brown,TBL,R,2016-10-25,false,TOR,0,0,-2,6,0,0,0,0,0,0,7,3605,91,8,1,2,1,1,0,0
Patrick Brown,CAR,C,2017-03-11,false,TOR,0,0,-5,0,0,0,0,0,0,0,5,3468,82,11,4,2,1,1,0,0
Troy Brouwer,CGY,R,2016-10-22,false,STL,3,1,1,4,0,0,1,0,0,0,10,6098,140,17,4,2,2,2,6,9
Jonny Brodzinski,LAK,C,2017-04-08,false,CHI,0,2,2,2,0,0,0,0,0,0,17,4423,98,10,4,6,1,2,0,0
Kyle Brodziak,STL,C,2016-10-25,false,CGY,0,0,-2,6,0,0,0,0,0,0,4,2992,86,6,2,2,0,2,9,19
Jonas Brodin,MIN,D,2016-10-23,false,NYI,1,3,4,4,0,0,0,0,1,0,4,6374,148,2,10,7,3,0,0,0
TJ Brodie,CGY,D,2016-10-22,false,STL,0,1,-6,2,0,1,0,0,0,0,10,8461,184,0,6,4,4,5,0,0
Justin Braun,SJS,D,2016-10-22,false,DET,0,0,-5,2,0,0,0,0,0,0,7,7116,154,6,9,4,3,3,0,0
Derick Brassard,OTT,C,2016-10-25,false,VAN,1,3,1,0,0,0,0,0,0,0,14,6276,137,9,0,4,2,3,47,49
Tyler Bozak,TOR,C,2016-10-25,false,TBL,1,2,-2,0,0,0,0,0,0,0,9,5846,137,4,2,5,2,3,65,41
Brian Boyle,TBL,C,2016-10-25,false,TOR,1,0,0,5,0,0,0,0,0,0,11,3799,90,9,2,1,2,3,30,23
Johnny Boychuk,NYI,D,2016-10-23,false,MIN,2,2,2,0,0,1,1,0,1,0,15,6970,142,14,16,6,3,3,0,0
Jay Bouwmeester,STL,D,2016-10-22,false,CGY,0,1,1,4,0,0,0,0,0,0,5,8322,189,6,12,6,4,2,0,0
Rene Bourque,COL,R,2016-11-01,false,NSH,1,1,-2,4,1,0,0,0,0,0,10,5070,112,15,5,3,1,2,0,2
Michael Bournival,TBL,L,2016-12-28,false,MTL,1,0,-1,0,0,0,0,0,0,0,9,3535,84,5,2,6,0,2,0,2
Lance Bouma,CGY,C,2016-10-22,false,STL,0,1,2,2,0,0,0,0,0,0,2,4396,111,8,6,2,1,0,0,1
Reid Boucher,NJD,C,2016-11-17,false,ANA,0,1,1,2,0,0,0,0,0,0,10,4073,87,4,3,4,0,4,0,0
Robert Bortuzzo,STL,D,2016-11-22,false,BOS,1,0,5,2,0,0,0,0,0,0,7,4638,130,14,10,1,4,0,0,0
Mark Borowiecki,OTT,D,2016-10-25,false,VAN,0,0,2,9,0,0,0,0,0,0,1,4492,116,13,10,3,0,0,0,0
Nick Bonino,PIT,C,2016-10-22,false,NSH,0,1,-5,4,0,1,0,0,0,0,13,7060,164,7,10,1,2,4,62,64
Jared Boll,ANA,R,2016-10-25,false,SJS,0,1,-1,6,0,0,0,0,0,0,0,2077,56,8,1,0,1,0,0,1
Zach Bogosian,BUF,D,2016-10-27,false,MIN,0,0,-1,4,0,0,0,0,0,0,12,7452,171,4,12,1,3,2,0,0
Brock Boeser,VAN,R,2017-04-04,false,SJS,2,1,2,0,0,0,0,0,1,0,17,6037,128,5,0,2,3,1,0,0
Mikkel Boedker,SJS,L,2016-10-22,false,DET,1,0,-3,2,0,0,0,0,0,0,4,5282,131,4,2,4,3,1,2,2
Anton Blidh,BOS,L,2016-12-18,false,LAK,0,1,1,0,0,0,0,0,0,0,11,3591,75,15,0,4,1,2,0,0
Joseph Blandisi,NJD,L,2017-02-18,false,NYI,0,0,-2,7,0,0,0,0,0,0,7,3586,93,8,0,2,0,1,5,4
Nick Bjugstad,FLA,C,2016-12-03,false,OTT,0,0,-1,6,0,0,0,0,0,0,5,4504,97,8,1,1,2,1,4,5
Oliver Bjorkstrand,CBJ,R,2017-02-15,false,TOR,1,1,0,6,0,0,0,0,1,0,8,4484,107,4,2,3,2,0,1,0
Anthony Bitetto,NSH,D,2017-01-06,false,FLA,0,2,0,7,0,0,0,0,0,0,2,3525,91,9,6,2,1,0,0,0
Kevin Bieksa,ANA,D,2016-10-23,false,VAN,0,0,1,4,0,0,0,0,0,0,16,7565,150,16,6,5,2,1,0,0
Alex Biega,VAN,D,2016-12-16,false,TBL,0,1,0,4,0,0,0,0,0,0,6,5488,129,13,7,10,0,2,0,0
Bryan Bickell,CAR,L,2016-10-28,false,NYR,1,0,-1,4,1,0,0,0,1,0,6,3730,85,8,1,4,1,3,0,2
Patrik Berglund,STL,C,2016-10-22,false,CGY,1,2,1,2,0,0,0,0,0,0,10,5625,140,6,4,5,2,2,36,32
Patrice Bergeron,BOS,C,2016-11-01,false,FLA,1,0,-1,2,0,0,0,0,1,0,16,6593,149,4,4,5,2,4,87,58
Matt Benning,EDM,D,2016-11-11,false,DAL,0,2,2,2,0,1,0,0,0,0,4,5633,129,3,7,5,1,0,0,0
Sam Bennett,CGY,C,2016-10-22,false,STL,0,2,-1,14,0,0,0,0,0,0,8,5422,133,14,0,8,4,2,34,31
Beau Bennett,NJD,R,2016-10-28,false,CHI,0,0,-2,0,0,0,0,0,0,0,9,4266,92,5,0,2,1,3,0,1
Jamie Benn,DAL,L,2016-10-25,false,WPG,2,2,-4,11,2,1,0,0,0,0,18,6984,170,10,3,5,5,4,32,25
Jordie Benn,DAL,D,2016-10-29,false,MIN,0,3,-1,6,0,1,0,0,0,0,7,6619,150,7,15,4,1,0,0,0
Pierre-Edouard Bellemare,PHI,L,2016-10-24,false,MTL,0,1,2,0,0,0,0,0,0,0,3,5073,122,3,9,2,0,0,29,34
Matt Beleskey,BOS,L,2016-10-25,false,MIN,0,0,-7,0,0,0,0,0,0,0,8,5732,124,14,2,10,1,2,9,14
Anthony Beauvillier,NYI,C,2016-10-26,false,MTL,1,4,4,2,0,0,0,0,0,0,6,3823,90,11,2,3,2,1,1,1
Nathan Beaulieu,MTL,D,2016-10-24,false,PHI,0,2,7,4,0,1,0,0,0,0,8,7016,154,9,11,2,12,3,0,0
Francois Beauchemin,COL,D,2016-10-28,false,WPG,0,2,3,2,0,1,0,0,0,0,5,7454,164,5,10,4,5,4,0,0
Jay Beagle,WSH,C,2016-10-26,false,EDM,0,1,2,2,0,0,0,0,0,0,9,4211,107,1,4,2,2,1,36,25
Matt Bartkowski,CGY,D,2017-02-28,false,LAK,0,0,2,0,0,0,0,0,0,0,2,5036,131,9,5,2,2,1,0,0
Tyson Barrie,COL,D,2016-10-28,false,WPG,1,3,-1,2,0,2,0,0,1,0,7,8219,161,7,4,11,3,1,0,0
Aleksander Barkov,FLA,C,2016-10-25,false,PIT,2,3,3,0,0,1,0,0,1,1,11,6998,148,1,5,4,1,4,45,40
Mark Barberio,MTL,D,2016-12-06,false,STL,0,1,1,4,0,0,0,0,0,0,6,4785,111,2,5,1,3,0,0,0
Ivan Barbashev,STL,C,2017-02-07,false,OTT,1,0,2,2,0,0,0,0,0,0,5,3264,76,13,3,1,0,1,9,14
Nicholas Baptiste,BUF,R,2016-11-05,false,OTT,1,0,1,2,0,0,0,0,0,0,7,3125,76,4,1,1,1,0,0,1
Justin Bailey,BUF,R,2017-01-07,false,WPG,1,0,1,0,0,0,0,0,0,0,4,3739,93,10,1,3,0,1,0,0
Josh Bailey,NYI,R,2016-10-23,false,MIN,1,4,2,0,0,0,0,0,1,1,10,6905,159,2,10,4,2,3,0,2
Casey Bailey,OTT,R,2017-02-21,false,NJD,0,0,-1,0,0,0,0,0,0,0,8,2624,64,4,2,0,0,1,0,0
Sven Baertschi,VAN,L,2016-10-23,false,ANA,0,1,-1,0,0,0,0,0,0,0,7,5303,117,5,2,0,3,0,1,0
Nicklas Backstrom,WSH,C,2016-10-26,false,EDM,0,3,-1,2,0,1,0,0,0,0,13,6486,137,5,1,1,6,4,56,40
Mikael Backlund,CGY,C,2016-10-22,false,STL,0,4,-2,0,0,1,0,1,0,0,14,6223,147,2,8,3,8,4,49,46
David Backes,BOS,R,2016-11-05,false,NYR,2,2,3,11,0,1,0,0,0,0,12,6648,136,25,5,3,2,2,31,38
Yohann Auvitu,NJD,D,2016-10-25,false,ARI,0,1,3,0,0,0,0,0,0,0,16,6126,131,4,1,2,2,4,0,0
Cam Atkinson,CBJ,R,2016-10-27,false,SJS,2,2,-6,2,2,2,0,0,0,0,16,6331,149,2,2,8,0,2,1,0
Andreas Athanasiou,DET,C,2016-10-27,false,STL,2,1,3,0,0,0,0,0,0,0,8,4179,94,2,2,1,2,1,0,1
Viktor Arvidsson,NSH,L,2016-10-26,false,ANA,3,1,-2,2,1,1,0,0,0,0,18,5091,127,2,4,3,2,3,1,0
Joel Armia,WPG,R,2016-10-27,false,DAL,1,1,1,2,0,0,0,0,0,0,13,4944,111,5,2,4,5,8,1,2
Josh Archibald,PIT,R,2017-04-02,false,CAR,2,0,2,0,0,0,1,0,0,0,6,3304,83,16,0,5,0,0,0,1
Artem Anisimov,CHI,C,2016-10-22,false,TOR,4,4,4,8,0,2,0,0,1,0,12,6678,142,2,0,3,0,2,31,50
Sven Andrighetto,MTL,R,2016-12-10,false,COL,0,2,2,0,0,0,0,0,0,0,8,3897,91,7,5,1,1,2,0,0
Andy Andreoff,LAK,L,2016-10-25,false,CBJ,0,0,-1,6,0,0,0,0,0,0,4,3793,86,10,3,2,3,0,7,6
Josh Anderson,CBJ,R,2016-10-27,false,SJS,2,0,3,4,0,0,0,0,1,0,9,4263,111,6,2,2,1,1,1,2
Karl Alzner,WSH,D,2016-10-26,false,EDM,0,2,3,4,0,0,0,0,0,0,10,7104,150,5,11,3,3,1,0,0
Sebastian Aho,CAR,R,2016-10-25,false,DET,0,5,0,2,0,3,0,0,0,0,12,5259,113,2,1,7,5,1,0,0
Kenny Agostino,STL,L,2017-02-16,false,VAN,1,2,1,0,0,1,0,0,0,0,15,4578,103,7,2,5,4,1,0,0
Noel Acciari,BOS,C,2016-10-25,false,MIN,0,2,0,2,0,0,0,0,0,0,3,3704,88,14,1,3,1,3,4,3
Pontus Aberg,NSH,L,2016-11-23,false,DAL,1,1,3,2,0,0,0,0,0,0,5,4505,101,4,0,1,1,2,1,0
Justin Abdelkader,DET,L,2016-10-27,false,STL,1,0,-2,7,1,0,0,0,0,0,5,5680,122,15,3,4,2,3,0,0
Jake Virtanen,VAN,R,2016-10-28,false,EDM,0,0,0,0,0,0,0,0,0,0,9,3722,96,12,3,4,0,3,2,0
Dylan Strome,ARI,C,2016-11-04,false,ANA,0,1,-5,0,0,0,0,0,0,0,4,4837,111,3,2,6,0,3,26,38
Clayton Stoner,ANA,D,2016-10-28,false,CBJ,0,2,-2,9,0,0,0,0,0,0,5,6497,147,11,8,2,1,1,0,0
Steven Stamkos,TBL,C,2016-10-25,false,TOR,5,4,1,8,1,1,0,0,1,0,23,6671,135,10,0,4,0,6,39,37
Hunter Shinkaruk,CGY,C,2016-11-25,false,BOS,0,1,-3,2,0,0,0,0,0,0,4,3860,83,3,3,2,1,2,0,0
Brad Richardson,ARI,R,2016-10-25,false,NJD,2,2,-1,0,0,0,1,1,0,0,12,4978,119,6,3,3,1,4,40,39
Kyle Rau,FLA,C,2016-11-03,false,NJD,0,1,0,4,0,0,0,0,0,0,3,4307,96,9,1,1,0,1,2,1
Teddy Purcell,LAK,L,2016-11-10,false,MTL,0,0,-2,0,0,0,0,0,0,0,7,4927,109,6,0,2,3,0,2,0
Tyler Pitlick,EDM,R,2016-10-23,false,WPG,3,0,0,0,0,0,0,0,1,0,8,2958,82,11,1,1,2,1,0,0
Tyler Myers,WPG,D,2016-10-25,false,DAL,1,0,0,6,0,0,0,0,0,0,10,8248,166,9,13,3,6,3,0,0
Taylor Leier,PHI,L,2016-12-19,false,NSH,1,1,0,2,0,0,0,0,0,0,5,2832,72,1,0,3,0,2,0,0
Johan Larsson,BUF,C,2016-10-27,false,MIN,0,2,-3,4,0,0,0,0,0,0,3,6427,139,7,9,4,5,1,39,40
Danton Heinen,BOS,C,2016-10-29,false,DET,0,0,-1,2,0,0,0,0,0,0,5,4848,99,4,2,2,2,3,0,0
Shane Harper,FLA,R,2016-10-25,false,PIT,2,1,2,11,0,0,0,0,0,0,8,3892,91,12,0,0,2,2,0,0
Joel Hanley,MTL,D,2016-12-22,false,MIN,0,0,-3,4,0,0,0,0,0,0,4,3696,94,7,4,0,3,0,0,0
Erik Gudbranson,VAN,D,2016-10-23,false,ANA,0,1,1,2,0,0,0,0,0,0,8,6798,145,6,3,2,5,1,0,0
Ryan Garbutt,ANA,C,2016-10-23,false,VAN,1,0,-2,0,0,0,0,0,1,0,5,3626,102,10,3,5,0,1,2,1
Derek Dorsett,VAN,R,2016-11-02,false,MTL,0,1,0,7,0,0,0,0,0,0,8,3236,86,19,3,1,0,1,0,0
Zac Dalpe,MIN,C,2016-10-23,false,NYI,1,2,-1,0,0,0,0,0,0,0,5,3110,80,5,3,2,0,1,21,22
Matt Carle,NSH,D,2016-10-26,false,ANA,0,1,-1,0,0,0,0,0,0,0,2,4732,107,3,5,1,4,0,0,0
Gabriel Bourque,COL,L,2016-12-01,false,CBJ,0,0,0,0,0,0,0,0,0,0,4,4032,103,17,6,2,0,1,0,1
Tyler Bertuzzi,DET,L,2016-11-25,false,NJD,0,0,-1,0,0,0,0,0,0,0,2,3350,82,11,0,4,3,1,1,0
Cody Bass,NSH,C,2016-11-08,false,OTT,0,0,0,7,0,0,0,0,0,0,0,2559,67,10,3,0,1,2,0,2
