James van Riemsdyk,TOR,L,2016-11-01,false,EDM,4,2,-4,4,0,1,0,0,0,0,32,9317,209,11,4,8,3,4,1,3
Trevor van Riemsdyk,CHI,D,2016-12-18,false,SJS,1,3,5,4,0,0,0,0,0,0,7,10735,230,5,11,1,4,3,0,0
Calvin de Haan,NYI,D,2016-11-01,false,TBL,1,2,5,16,0,0,0,0,0,0,17,10752,215,10,19,5,11,1,0,0
Jason Zucker,MIN,L,2016-11-01,false,BUF,2,5,9,4,0,0,0,0,0,0,12,7021,175,12,2,7,2,6,1,0
Mats Zuccarello,NYR,R,2016-11-01,false,STL,5,3,4,6,2,0,0,0,0,0,22,11291,236,11,3,6,3,9,1,1
Harry Zolnierczyk,NSH,L,2017-01-20,false,EDM,0,2,-1,4,0,0,0,0,0,0,6,5445,136,14,5,1,0,1,0,3
Mika Zibanejad,NYR,C,2016-11-01,false,STL,2,7,0,6,0,4,0,0,0,0,33,10288,237,5,2,20,2,9,101,82
Henrik Zetterberg,DET,L,2016-10-30,false,FLA,0,4,-1,0,0,2,0,0,0,0,21,11348,221,8,2,2,7,8,62,57
Travis Zajac,NJD,C,2016-11-05,false,TBL,4,3,0,6,2,1,0,0,1,0,21,11718,261,13,4,2,2,6,108,96
Nikita Zaitsev,TOR,D,2016-11-01,false,EDM,0,5,-4,0,0,2,0,0,0,0,11,13209,273,19,15,7,8,3,0,0
Nikita Zadorov,COL,D,2016-11-05,false,MIN,0,2,-4,10,0,0,0,0,0,0,8,10757,253,29,16,5,6,1,0,0
Pavel Zacha,NJD,C,2016-11-05,false,TBL,1,3,0,6,0,1,0,0,0,0,14,9095,187,15,8,5,2,1,42,60
Keith Yandle,FLA,D,2016-11-01,false,BOS,0,4,2,10,0,1,0,0,0,0,33,13928,237,5,9,12,11,3,0,0
Nail Yakupov,STL,R,2016-11-01,false,NYR,2,2,1,6,0,0,0,0,0,0,13,6450,161,11,0,8,1,4,0,0
Miles Wood,NJD,L,2016-12-15,false,STL,2,0,-1,8,0,0,0,0,0,0,14,6693,168,9,3,12,2,3,1,0
Luke Witkowski,TBL,D,2017-01-08,false,PIT,0,1,-4,4,0,0,0,0,0,0,8,6096,138,18,8,4,5,2,0,0
Daniel Winnik,WSH,L,2016-11-15,false,CBJ,2,1,3,4,0,0,0,0,1,0,6,6172,146,2,5,1,6,4,1,2
Tommy Wingels,SJS,C,2016-11-01,false,ARI,1,1,-1,0,0,0,0,0,0,0,12,5424,139,11,4,1,3,0,24,31
Scott Wilson,PIT,L,2016-11-02,false,ANA,2,2,-1,2,0,0,0,0,0,0,17,8500,212,22,4,6,2,1,0,0
Colin Wilson,NSH,L,2016-11-03,false,ARI,2,1,-2,6,1,0,0,0,0,0,16,9513,222,7,5,4,6,3,0,1
Tom Wilson,WSH,R,2016-11-03,false,WPG,1,0,5,10,0,0,0,0,0,0,13,7712,180,22,3,0,1,5,0,2
Justin Williams,WSH,R,2016-11-03,false,WPG,1,1,-1,6,0,0,0,0,0,0,14,9454,202,2,8,9,4,3,17,6
Patrick Wiercioch,COL,D,2016-11-05,false,MIN,1,4,0,9,0,0,0,0,0,0,16,10209,243,10,11,3,1,1,0,0
Chris Wideman,OTT,D,2016-11-13,false,MIN,0,3,0,8,0,0,0,0,0,0,14,7856,211,4,8,5,6,3,0,0
Dennis Wideman,CGY,D,2016-11-15,false,MIN,2,3,3,2,2,1,0,0,0,0,23,12752,295,8,10,5,11,4,0,0
Ryan White,ARI,C,2016-11-04,false,ANA,1,2,-2,15,0,0,0,0,1,0,12,6252,141,30,3,4,1,0,2,8
Blake Wheeler,WPG,R,2016-11-01,false,WSH,3,5,-1,12,0,1,1,0,0,0,33,12756,252,12,3,8,7,7,1,3
Zach Werenski,CBJ,D,2016-11-05,false,STL,2,8,2,2,2,3,0,0,0,0,26,13021,279,8,12,4,5,3,0,0
Alexander Wennberg,CBJ,C,2016-11-05,false,STL,1,11,3,2,0,8,0,0,0,0,14,10014,220,13,10,3,6,3,67,82
Dale Weise,PHI,R,2016-11-08,false,DET,0,1,-1,4,0,0,0,0,0,0,7,7450,172,17,2,6,0,2,0,0
Yannick Weber,NSH,D,2016-11-05,false,CAR,0,2,3,15,0,0,0,0,0,0,8,6964,175,12,8,6,8,0,0,0
Shea Weber,MTL,D,2016-11-02,false,VAN,4,6,14,8,3,1,0,1,3,0,25,15547,296,27,21,13,12,1,0,0
Jordan Weal,PHI,C,2017-03-11,false,BOS,3,1,4,6,0,0,0,0,0,0,27,8634,200,3,5,8,3,4,3,4
Austin Watson,NSH,L,2016-11-12,false,ANA,0,0,2,12,0,0,0,0,0,0,6,6663,162,19,2,4,0,5,0,2
Joel Ward,SJS,R,2016-11-01,false,ARI,1,0,-6,2,0,0,0,0,0,0,14,9015,215,7,9,8,8,4,29,34
Chris Wagner,ANA,C,2016-11-01,false,LAK,2,0,-1,4,0,0,0,0,0,0,13,6564,171,29,4,4,3,2,18,18
Radim Vrbata,ARI,R,2016-11-03,false,NSH,4,2,2,4,0,0,0,0,0,0,25,10191,213,8,2,12,3,4,3,0
Jakub Vrana,WSH,L,2016-12-21,false,PHI,1,2,2,2,1,1,0,0,1,0,19,7114,154,3,6,10,3,3,0,1
Jakub Voracek,PHI,R,2016-10-30,false,CAR,5,5,-3,26,0,3,0,0,0,0,43,11490,240,3,3,8,4,4,0,3
Marc-Edouard Vlasic,SJS,D,2016-11-01,false,ARI,1,2,-1,16,0,2,0,0,1,1,12,13164,265,2,12,6,6,1,0,0
Jimmy Vesey,NYR,L,2016-11-01,false,STL,6,3,5,2,2,1,0,0,2,0,18,9177,207,7,4,7,3,6,0,0
Kris Versteeg,CGY,R,2016-10-30,false,WSH,2,2,4,2,0,0,0,0,0,0,12,7823,179,1,5,4,4,5,6,5
Joel Vermin,TBL,R,2017-02-04,false,ANA,0,2,2,2,0,0,0,0,0,0,7,6851,158,15,6,6,1,4,2,0
Antoine Vermette,ANA,C,2016-11-01,false,LAK,1,4,2,4,1,1,0,0,0,0,11,9375,247,11,11,9,4,4,102,48
Frank Vatrano,BOS,C,2017-01-10,false,STL,3,3,1,2,1,1,0,0,0,0,25,8468,197,17,4,9,1,2,0,0
Sami Vatanen,ANA,D,2016-11-01,false,LAK,1,5,-1,0,1,3,0,0,0,0,14,13782,280,17,25,3,4,3,0,0
Thomas Vanek,DET,L,2016-11-25,false,NJD,4,5,4,8,2,2,0,0,0,0,16,8372,174,5,1,6,5,5,0,3
Chris VandeVelde,PHI,C,2016-10-30,false,CAR,0,1,-3,0,0,0,0,0,0,0,8,5896,151,17,6,3,2,2,2,5
Scottie Upshall,STL,R,2016-11-06,false,COL,2,2,-2,4,0,0,0,0,0,0,13,5987,176,15,0,4,3,3,1,2
Fedor Tyutin,COL,D,2016-11-13,false,BOS,0,3,-3,8,0,0,0,0,0,0,5,10831,256,19,10,3,3,2,0,0
Kyle Turris,OTT,C,2016-11-03,false,VAN,5,2,0,0,1,0,0,0,2,2,20,11878,248,2,7,12,9,3,68,82
Nikita Tryamkin,VAN,D,2016-11-23,false,ARI,0,0,3,13,0,0,0,0,0,0,10,9711,220,36,9,7,4,0,0,0
Jacob Trouba,WPG,D,2016-11-29,false,NJD,0,3,0,6,0,0,0,0,0,0,20,14663,281,15,25,12,16,8,0,0
Vincent Trocheck,FLA,C,2016-11-01,false,BOS,4,1,-3,4,0,1,0,0,0,0,26,12456,240,22,6,18,9,10,94,105
Jordin Tootoo,CHI,R,2016-11-01,false,CGY,0,0,1,9,0,0,0,0,0,0,13,4054,118,11,1,4,1,2,0,0
Tyler Toffoli,LAK,C,2016-11-01,false,ANA,2,4,4,0,1,0,0,0,0,0,34,11395,242,11,1,17,7,3,0,2
Jonathan Toews,CHI,C,2016-11-01,false,CGY,1,4,2,11,1,3,0,0,1,0,24,12727,280,6,1,7,5,3,149,91
Matthew Tkachuk,CGY,L,2016-11-03,false,SJS,3,3,5,10,0,0,0,0,1,0,17,7403,171,11,2,9,4,3,1,1
Chris Tierney,SJS,C,2016-11-01,false,ARI,0,1,-3,0,0,0,0,0,0,0,8,7746,192,6,9,5,7,4,28,42
Shawn Thornton,FLA,L,2016-12-16,false,COL,0,1,-3,2,0,0,0,0,0,0,4,3885,100,7,1,6,3,0,0,2
Joe Thornton,SJS,C,2016-11-01,false,ARI,1,7,2,4,0,3,0,0,0,0,7,11171,238,6,2,0,10,7,60,42
Chris Thorburn,WPG,R,2016-11-10,false,ARI,0,0,-3,18,0,0,0,0,0,0,6,4982,130,17,5,0,1,0,7,4
Nate Thompson,ANA,C,2017-02-20,false,ARI,0,0,1,4,0,0,0,0,0,0,7,5539,150,21,4,0,0,0,34,39
Paul Thompson,FLA,R,2016-12-28,false,TOR,0,2,-3,8,0,0,0,0,0,0,7,4545,118,24,8,5,1,2,0,1
Shea Theodore,ANA,D,2016-12-01,false,VAN,0,2,-2,6,0,0,0,1,0,0,14,10913,223,0,8,12,15,1,0,0
Chris Terry,MTL,L,2016-12-28,false,TBL,2,2,2,2,0,0,0,0,0,0,12,6197,159,9,1,5,7,5,1,1
Teuvo Teravainen,CAR,L,2016-11-05,false,NSH,2,1,-6,0,1,1,0,0,0,0,8,8818,195,3,2,8,6,3,1,5
Matt Tennyson,CAR,D,2016-12-01,false,BOS,0,2,4,0,0,0,0,0,0,0,9,8857,198,14,11,3,5,4,0,0
John Tavares,NYI,C,2016-11-01,false,TBL,4,4,-1,10,1,0,0,0,0,0,38,12119,240,6,5,13,4,10,102,100
Tomas Tatar,DET,L,2016-10-30,false,FLA,1,1,-2,4,0,1,0,0,0,0,29,10327,216,11,5,9,4,3,2,1
Vladimir Tarasenko,STL,R,2016-11-01,false,NYR,4,5,-1,0,1,3,0,0,0,0,44,11546,264,3,5,10,3,7,0,1
Christopher Tanev,VAN,D,2016-12-20,false,WPG,0,3,3,6,0,0,0,0,0,0,4,12377,281,3,21,7,5,1,0,0
Brandon Tanev,WPG,L,2016-11-01,false,WSH,0,0,-4,2,0,0,0,0,0,0,16,5865,161,15,4,3,1,3,0,0
Brandon Sutter,VAN,C,2016-11-02,false,MTL,1,4,-4,0,0,1,0,0,1,1,25,11329,250,7,5,10,4,3,95,96
Ryan Suter,MIN,D,2016-11-01,false,BUF,3,7,5,4,1,2,0,0,0,0,22,16211,289,12,11,5,3,10,0,0
Andrej Sustr,TBL,D,2016-11-01,false,NYI,0,2,-5,7,0,0,0,0,0,0,10,10073,225,6,11,5,5,5,0,0
Oskar Sundqvist,PIT,C,2017-04-09,false,NYR,0,0,-4,2,0,0,0,0,0,0,9,5504,138,13,2,0,2,1,16,28
P.K. Subban,NSH,D,2016-11-03,false,ARI,2,4,-7,8,2,3,0,0,0,0,24,14659,275,12,26,7,12,6,0,0
Mark Stuart,WPG,D,2016-11-29,false,NJD,0,0,1,8,0,0,0,0,0,0,6,7238,177,14,27,1,6,3,0,0
Ryan Strome,NYI,C,2016-11-01,false,TBL,2,3,-2,4,1,0,0,0,0,0,15,7859,176,6,5,5,6,3,28,22
Mark Streit,PHI,D,2016-10-30,false,CAR,2,4,-5,8,1,3,0,0,0,0,16,12589,278,5,12,8,7,1,0,0
Anton Stralman,TBL,D,2016-11-01,false,NYI,0,4,2,0,0,3,0,0,0,0,13,13573,268,10,8,9,5,4,0,0
Michael Stone,ARI,D,2016-11-25,false,EDM,0,3,-3,2,0,1,0,0,0,0,11,12372,265,19,21,10,4,0,0,0
Mark Stone,OTT,R,2016-11-05,false,BUF,1,4,-2,2,0,0,0,0,1,0,17,10191,213,12,7,2,5,9,3,2
Karl Stollery,NJD,D,2017-02-06,false,BUF,0,3,-3,13,0,3,0,0,0,0,7,9989,223,21,16,4,5,3,0,0
Chris Stewart,MIN,R,2016-11-01,false,BUF,2,3,1,19,0,1,0,0,0,0,4,7224,174,5,2,4,6,4,0,1
Derek Stepan,NYR,C,2016-11-01,false,STL,0,6,3,0,0,3,0,0,0,0,23,10469,249,3,9,6,6,9,79,98
Lee Stempniak,CAR,R,2016-11-05,false,NSH,4,2,5,8,1,0,0,0,0,0,16,10177,224,16,4,5,4,5,1,2
Alexander Steen,STL,L,2016-11-01,false,NYR,2,5,-2,4,0,2,0,0,0,0,19,12646,299,6,8,9,3,7,17,37
Troy Stecher,VAN,D,2016-11-19,false,CHI,1,2,-6,9,0,0,0,0,0,0,31,12528,255,4,11,9,3,4,0,0
Paul Stastny,STL,C,2016-11-01,false,NYR,3,4,-4,12,2,2,0,0,1,0,16,12416,289,8,7,11,3,6,119,110
Viktor Stalberg,CAR,L,2016-11-06,false,NJD,2,0,-3,6,0,0,0,0,1,0,11,7164,179,14,1,3,2,7,0,1
Matt Stajan,CGY,C,2016-10-30,false,WSH,0,4,4,4,0,0,0,0,0,0,10,7505,185,3,9,4,1,2,59,48
Drew Stafford,WPG,R,2016-11-29,false,NJD,1,2,1,4,0,0,0,0,1,0,16,8491,188,4,0,4,7,2,1,3
Eric Staal,MIN,C,2016-11-01,false,BUF,4,4,2,2,1,1,0,0,1,0,26,11368,259,8,3,7,2,6,88,84
Jordan Staal,CAR,C,2016-11-05,false,NSH,3,0,-2,6,0,0,0,0,0,0,19,11716,274,20,2,5,3,6,121,65
Marc Staal,NYR,D,2016-11-01,false,STL,1,1,2,0,0,0,0,0,0,0,12,12137,280,11,12,6,4,6,0,0
Jared Spurgeon,MIN,D,2016-11-13,false,OTT,1,3,5,0,0,0,0,1,0,0,16,13046,264,6,16,2,1,1,0,0
Ryan Sproul,DET,D,2016-11-25,false,NJD,1,4,-2,0,1,2,0,0,0,0,20,9603,212,5,3,7,1,1,0,0
Ryan Spooner,BOS,C,2016-11-05,false,NYR,2,1,-6,4,2,0,0,0,0,0,21,9167,196,5,2,5,4,8,2,5
Jason Spezza,DAL,C,2016-11-15,false,NJD,4,1,-7,2,1,0,0,0,1,0,21,10160,247,2,3,15,3,6,46,48
Nikita Soshnikov,TOR,R,2016-11-22,false,CAR,1,1,0,4,0,0,0,0,0,0,13,5554,141,22,1,3,2,3,1,2
Marcus Sorensen,SJS,R,2017-03-18,false,ANA,1,2,2,2,0,0,0,0,1,0,13,5921,153,9,3,4,6,6,0,0
Carl Soderberg,COL,C,2016-11-05,false,MIN,2,1,0,4,0,0,0,0,0,0,20,10168,226,4,11,6,3,7,54,58
Devante Smith-Pelly,NJD,R,2016-11-05,false,TBL,1,2,-2,2,0,1,0,0,0,0,17,8580,188,14,2,7,4,3,4,5
Craig Smith,NSH,R,2016-11-05,false,CAR,5,0,-1,10,2,0,0,0,0,0,27,8878,202,13,2,18,6,3,14,11
Brendan Smith,DET,D,2016-10-30,false,FLA,1,1,-3,11,1,1,0,0,0,0,14,10371,237,10,13,7,7,0,0,0
Ben Smith,TOR,R,2016-11-03,false,BUF,1,0,-3,0,0,0,0,0,0,0,9,7028,176,5,7,1,2,0,60,62
Reilly Smith,FLA,R,2016-11-01,false,BOS,1,2,-1,0,1,0,0,0,0,0,21,11614,241,9,3,9,3,11,1,0
Gemel Smith,DAL,C,2016-11-11,false,EDM,2,1,1,21,0,0,1,0,0,0,14,7877,204,3,3,5,2,3,21,29
Zack Smith,OTT,C,2016-11-03,false,VAN,2,1,0,17,0,0,1,0,0,0,18,9877,227,22,3,5,11,4,45,32
Anton Slepyshev,EDM,L,2016-11-21,false,CHI,2,2,5,2,0,0,0,0,0,0,18,6818,156,15,2,4,2,1,0,0
Jaccob Slavin,CAR,D,2016-11-05,false,NSH,1,2,-3,2,0,0,0,0,0,0,17,13221,272,4,20,5,5,7,0,0
Brady Skjei,NYR,D,2016-11-01,false,STL,0,4,2,2,0,1,0,0,0,0,11,9528,215,20,8,5,7,1,0,0
Jeff Skinner,CAR,L,2016-11-06,false,NJD,6,6,0,4,1,3,0,0,0,0,37,10903,234,8,5,14,5,11,2,7
Jack Skille,VAN,R,2016-11-13,false,DAL,0,1,-6,4,0,0,0,0,0,0,12,6087,146,20,4,2,3,0,0,0
Colton Sissons,NSH,C,2016-11-05,false,CAR,0,1,-1,0,0,0,0,0,0,0,4,6380,167,14,6,1,4,4,49,52
Wayne Simmonds,PHI,R,2016-10-30,false,CAR,6,5,-4,12,4,2,0,0,0,0,31,12385,269,25,7,21,2,1,0,1
Jakob Silfverberg,ANA,R,2016-11-01,false,LAK,2,1,2,2,1,0,1,0,1,0,23,11647,267,3,8,9,5,6,1,2
Nick Shore,LAK,C,2016-11-03,false,PIT,0,1,-4,8,0,0,0,0,0,0,13,6976,168,7,3,4,4,1,45,55
Devin Shore,DAL,C,2016-11-03,false,STL,1,5,2,0,0,1,0,0,0,0,12,9343,217,4,10,6,0,8,51,65
Drew Shore,VAN,C,2017-04-02,false,SJS,0,2,-3,4,0,0,0,0,0,0,7,6793,163,12,2,3,1,2,24,19
Conor Sheary,PIT,L,2016-11-18,false,NYI,3,5,6,2,0,0,0,0,1,0,18,8054,186,5,5,5,4,4,0,0
Riley Sheahan,DET,C,2016-10-30,false,FLA,0,2,-5,6,0,1,0,0,0,0,15,8467,205,2,6,5,1,2,6,7
Logan Shaw,ANA,C,2016-12-13,false,DAL,1,0,2,0,0,0,0,0,0,0,15,4934,140,5,6,6,0,1,11,24
Andrew Shaw,MTL,C,2016-11-02,false,VAN,1,1,4,14,0,0,0,0,0,0,17,8622,199,20,3,6,4,3,37,27
Kevin Shattenkirk,STL,D,2016-11-01,false,NYR,3,3,-4,6,2,3,0,0,0,0,19,12185,260,8,8,5,2,2,0,0
Patrick Sharp,DAL,L,2016-11-29,false,DET,1,1,-4,12,0,0,1,0,0,0,24,9957,227,10,7,9,4,1,6,6
Michael Sgarbossa,FLA,C,2016-12-29,false,MTL,0,2,-2,0,0,1,0,0,0,0,9,5738,146,7,4,4,2,0,40,53
Damon Severson,NJD,D,2016-11-05,false,TBL,2,7,-3,4,0,5,0,0,1,0,15,11975,255,10,9,4,15,3,0,0
Devin Setoguchi,LAK,R,2016-11-01,false,ANA,0,2,1,2,0,0,0,0,0,0,12,7599,173,11,1,7,4,4,1,0
Tom Sestito,PIT,L,2017-03-17,false,NJD,0,2,2,44,0,0,0,0,0,0,2,2809,80,15,1,0,1,0,0,0
Andrej Sekera,EDM,D,2016-11-01,false,TOR,0,3,3,4,0,1,0,0,0,0,13,12957,269,7,19,11,5,4,0,0
Dennis Seidenberg,NYI,D,2016-11-01,false,TBL,3,2,7,6,0,0,0,0,0,0,11,11207,223,10,24,3,8,1,0,0
Tyler Seguin,DAL,C,2016-11-03,false,STL,5,7,0,2,2,3,0,0,1,0,37,11600,255,9,1,20,5,4,67,64
Lukas Sedlak,CBJ,C,2016-11-10,false,BOS,0,2,2,0,0,0,0,0,0,0,9,6301,151,9,7,6,4,5,29,34
Daniel Sedin,VAN,L,2016-11-02,false,MTL,2,2,-5,2,1,1,0,0,1,0,25,11376,235,3,4,8,2,3,0,0
Henrik Sedin,VAN,C,2016-11-02,false,MTL,3,2,-6,2,1,1,0,0,1,1,16,11656,231,3,2,7,10,1,84,83
Brent Seabrook,CHI,D,2016-11-01,false,CGY,1,6,6,2,1,2,0,0,0,0,14,14198,301,16,10,6,16,1,0,0
Jaden Schwartz,STL,L,2016-11-09,false,CHI,2,2,-1,2,1,0,0,0,1,0,21,11559,269,10,8,10,3,5,25,23
Justin Schultz,PIT,D,2016-11-02,false,ANA,0,3,1,4,0,2,0,0,0,0,21,10604,244,7,6,6,7,1,0,0
Nick Schultz,PHI,D,2016-12-28,false,STL,0,3,1,4,0,0,0,0,0,0,10,9912,248,18,21,6,5,1,0,0
Jordan Schroeder,MIN,C,2017-01-12,false,MTL,3,2,2,0,0,0,0,0,0,0,13,5697,133,8,4,3,0,0,0,0
Nate Schmidt,WSH,D,2016-11-03,false,WPG,0,2,-1,2,0,0,0,0,0,0,11,8645,187,9,5,3,9,5,0,0
Nick Schmaltz,CHI,C,2016-11-01,false,CGY,1,2,-1,2,0,1,0,0,0,0,6,6636,160,3,5,2,3,4,23,46
David Schlemko,SJS,D,2016-11-01,false,ARI,0,3,2,2,0,2,0,0,0,0,23,10244,223,6,10,6,5,6,0,0
Luke Schenn,ARI,D,2016-11-03,false,NSH,0,1,0,0,0,0,0,0,0,0,14,9279,216,29,18,5,4,2,0,0
Brayden Schenn,PHI,C,2016-11-05,false,MTL,2,6,-3,11,2,2,0,0,0,0,22,10872,229,23,5,13,6,1,12,9
Mark Scheifele,WPG,C,2016-11-01,false,WSH,5,4,1,8,1,1,0,0,1,1,32,12948,249,10,7,7,3,9,92,138
Tim Schaller,BOS,C,2016-11-07,false,BUF,1,2,1,13,0,0,0,0,1,0,14,7117,170,10,6,10,4,3,8,3
Colton Sceviour,FLA,C,2016-11-01,false,BOS,5,2,1,8,1,1,2,0,1,0,23,8774,187,11,9,6,3,3,3,3
Marco Scandella,MIN,D,2016-11-26,false,STL,0,1,-5,4,0,0,0,0,0,0,12,9346,218,6,7,4,5,1,0,0
Luca Sbisa,VAN,D,2016-11-02,false,MTL,0,1,-1,4,0,0,0,0,0,0,2,9798,225,14,17,3,11,3,0,0
David Savard,CBJ,D,2016-11-05,false,STL,1,2,2,4,0,0,0,0,0,0,9,12532,272,18,16,15,2,0,0,0
Steven Santini,NJD,D,2017-01-20,false,MTL,2,2,6,0,0,0,0,0,0,0,9,9367,214,24,6,4,1,0,0,0
Zach Sanford,WSH,L,2016-11-08,false,SJS,0,1,0,2,0,0,0,0,0,0,8,6167,137,6,3,3,6,5,5,0
Brandon Saad,CBJ,L,2016-11-05,false,STL,3,5,4,2,0,0,0,0,0,0,26,9939,234,3,3,9,2,3,1,1
Bobby Ryan,OTT,R,2016-11-03,false,VAN,3,2,2,4,1,0,0,0,0,0,21,9295,204,10,8,5,8,2,0,0
Derek Ryan,CAR,C,2016-12-01,false,BOS,1,2,-4,2,1,2,0,0,1,0,8,7568,171,8,4,5,4,2,52,37
Bryan Rust,PIT,R,2016-11-08,false,EDM,1,1,-4,2,0,0,0,0,0,0,19,7564,197,18,5,3,2,3,0,0
Robbie Russo,DET,D,2017-03-24,false,TBL,0,0,-2,0,0,0,0,0,0,0,5,9275,193,10,7,5,10,0,0,0
Kris Russell,EDM,D,2016-11-01,false,TOR,0,3,6,0,0,0,0,0,0,0,15,12539,270,7,29,2,8,6,0,0
Chad Ruhwedel,PIT,D,2017-01-24,false,STL,1,2,5,2,0,0,0,0,0,0,16,10476,239,13,6,4,5,1,0,0
Michal Rozsival,CHI,D,2016-12-09,false,NYR,0,1,2,6,0,0,0,0,0,0,6,9351,217,26,17,3,2,1,0,0
Carter Rowney,PIT,R,2017-03-01,false,CHI,0,1,1,0,0,0,0,0,0,0,7,6097,149,15,6,4,2,3,43,33
Antoine Roussel,DAL,L,2016-11-03,false,STL,1,2,1,36,0,0,0,0,1,0,13,8440,218,10,6,8,9,1,0,0
Evan Rodrigues,BUF,L,2017-02-26,false,ARI,2,2,1,0,0,0,0,0,0,0,16,7360,164,2,1,4,2,6,28,39
Brett Ritchie,DAL,R,2016-11-03,false,STL,2,1,1,4,0,0,0,0,0,0,21,7618,184,16,3,7,0,1,0,0
Nick Ritchie,ANA,L,2016-11-01,false,LAK,2,1,1,8,1,0,0,0,1,0,24,8991,215,41,2,12,1,1,2,1
Rasmus Ristolainen,BUF,D,2016-11-03,false,TOR,0,7,-1,10,0,6,0,0,0,0,20,15163,308,22,15,11,6,5,0,0
Morgan Rielly,TOR,D,2016-11-01,false,EDM,0,5,-1,2,0,0,0,0,0,0,16,13568,322,3,21,13,10,4,0,0
Tobias Rieder,ARI,R,2016-11-04,false,ANA,2,3,1,0,0,0,0,1,0,0,15,9534,216,4,10,7,5,4,0,2
Mike Ribeiro,NSH,C,2016-11-03,false,ARI,1,5,-1,6,1,1,0,0,0,0,9,9547,205,8,2,3,3,0,43,49
Sam Reinhart,BUF,C,2016-11-03,false,TOR,1,4,-1,2,1,2,0,0,0,0,25,10038,210,2,4,6,5,2,21,32
Mike Reilly,MIN,D,2017-01-21,false,ANA,0,0,0,2,0,0,0,0,0,0,11,7646,162,1,2,10,5,0,0,0
Zach Redmond,MTL,D,2017-01-14,false,NYR,0,5,7,2,0,0,0,0,0,0,8,7476,164,21,10,3,6,3,0,0
Ryan Reaves,STL,R,2016-11-01,false,NYR,0,0,-3,0,0,0,0,0,0,0,6,3848,105,19,0,5,1,2,0,0
Matt Read,PHI,R,2016-10-30,false,CAR,5,0,-2,0,1,0,0,0,0,0,22,8916,215,20,8,3,5,2,0,3
Dennis Rasmussen,CHI,C,2016-11-05,false,DAL,1,0,1,2,0,0,0,0,0,0,13,6641,190,8,10,3,3,5,10,19
Victor Rask,CAR,C,2016-11-05,false,NSH,4,6,4,2,2,1,0,0,0,0,19,11324,251,4,3,3,5,5,70,89
Mikko Rantanen,COL,R,2016-11-15,false,LAK,1,2,-5,2,1,1,0,0,0,0,20,10821,224,1,6,5,1,5,6,1
Rickard Rakell,ANA,C,2016-11-20,false,LAK,6,4,2,0,1,2,0,0,2,0,28,10296,230,19,6,8,4,2,10,8
Michael Raffl,PHI,L,2016-11-19,false,TBL,3,1,4,0,0,0,0,0,0,0,11,7609,185,16,4,8,3,3,1,1
Alexander Radulov,MTL,R,2016-11-02,false,VAN,3,5,5,18,1,2,0,0,0,0,17,9680,221,15,7,5,9,7,0,0
Alan Quine,NYI,C,2016-11-22,false,ANA,1,1,1,2,0,0,0,0,1,0,7,6128,146,20,4,1,3,2,17,14
Kyle Quincey,NJD,D,2016-11-05,false,TBL,0,1,1,10,0,0,0,0,0,0,9,9934,237,19,11,2,3,3,0,0
John Quenneville,NJD,C,2017-03-28,false,WPG,1,2,2,2,1,0,0,0,0,0,17,8178,189,13,6,8,4,2,0,0
Mark Pysyk,FLA,D,2016-11-01,false,BOS,1,1,6,2,0,0,0,0,0,0,8,9754,184,2,11,8,2,5,0,0
Tom Pyatt,OTT,L,2016-11-03,false,VAN,2,3,2,2,0,0,0,1,0,0,15,9935,238,6,10,6,3,6,3,7
Teemu Pulkkinen,ARI,L,2017-03-02,false,BUF,2,0,-1,4,0,0,0,0,0,0,7,5724,142,3,3,4,2,2,0,1
Jesse Puljujarvi,EDM,R,2016-11-05,false,NYI,1,2,1,0,1,0,0,0,0,0,24,6936,151,5,2,9,5,6,0,0
Matt Puempel,OTT,L,2016-11-11,false,LAK,0,0,-1,5,0,0,0,0,0,0,10,4825,119,6,4,3,0,2,0,1
Ivan Provorov,PHI,D,2016-10-30,false,CAR,0,5,-8,8,0,1,0,0,0,0,12,12028,279,14,15,12,10,2,0,0
Dalton Prout,CBJ,D,2017-01-19,false,OTT,0,0,1,8,0,0,0,0,0,0,4,8107,193,21,12,2,5,1,0,0
Nate Prosser,MIN,D,2016-12-02,false,CGY,0,1,0,2,0,0,0,0,0,0,7,7419,186,9,15,6,2,0,0,0
Shane Prince,NYI,L,2016-11-12,false,FLA,3,3,-2,4,1,0,0,0,0,0,16,7440,164,12,0,2,3,4,1,1
Benoit Pouliot,EDM,L,2016-11-01,false,TOR,3,1,2,16,0,0,0,0,1,0,13,8870,223,5,12,10,5,2,1,3
Derrick Pouliot,PIT,D,2017-03-19,false,FLA,0,0,-4,4,0,0,0,0,0,0,10,8645,202,13,8,4,4,2,0,0
Paul Postma,WPG,D,2016-11-06,false,NYR,0,1,-1,0,0,0,0,0,0,0,11,7655,173,5,9,3,3,1,0,0
Jason Pominville,MIN,R,2016-11-01,false,BUF,2,3,0,0,0,2,0,0,0,0,15,8849,212,5,5,6,1,5,2,4
Roman Polak,TOR,D,2016-11-08,false,LAK,1,1,-2,8,0,0,0,0,0,0,10,10823,245,38,19,4,4,2,0,0
Brayden Point,TBL,C,2016-11-01,false,NYI,0,4,0,0,0,0,0,0,0,0,22,9627,188,4,4,8,4,3,3,2
Tomas Plekanec,MTL,C,2016-11-02,false,VAN,0,3,1,2,0,2,0,0,0,0,22,10390,250,3,12,4,3,3,87,98
Brandon Pirri,NYR,R,2016-11-01,false,STL,4,2,3,2,2,1,0,0,2,0,11,7063,163,4,3,10,6,4,12,12
Alex Pietrangelo,STL,D,2016-11-01,false,NYR,1,3,-2,4,1,2,0,0,1,0,22,15417,305,8,16,8,4,8,0,0
Blake Pietila,NJD,L,2017-03-28,false,WPG,0,1,-5,4,0,0,0,0,0,0,9,7822,168,16,5,3,1,4,23,22
Dion Phaneuf,OTT,D,2016-11-03,false,VAN,1,1,-6,17,0,1,0,0,0,0,26,13293,322,24,25,7,5,2,0,0
Jeff Petry,MTL,D,2016-11-04,false,CBJ,2,4,-2,6,1,2,0,0,0,0,15,12898,272,20,19,7,9,2,0,0
Alex Petrovic,FLA,D,2016-11-01,false,BOS,0,3,5,2,0,0,0,0,0,0,9,10195,190,17,8,7,4,3,0,0
Nic Petan,WPG,L,2016-11-20,false,CAR,1,5,-2,2,0,3,0,0,0,0,16,9459,209,2,2,6,3,7,44,41
Brett Pesce,CAR,D,2016-11-05,false,NSH,0,2,0,2,0,0,0,0,0,0,12,11861,260,7,20,9,5,3,0,0
Corey Perry,ANA,R,2016-11-01,false,LAK,4,4,-1,14,0,3,0,0,0,0,34,11155,240,10,1,8,2,4,0,2
David Perron,STL,L,2016-11-01,false,NYR,3,1,-2,2,1,0,0,0,1,0,25,11092,270,10,5,10,2,3,11,15
Mathieu Perreault,WPG,C,2016-11-01,false,WSH,1,2,-3,6,0,1,0,0,0,0,26,9950,203,16,3,6,4,5,77,72
Brendan Perlini,ARI,L,2016-12-27,false,DAL,2,1,-2,4,0,0,0,0,0,0,13,8264,181,11,2,7,1,2,1,0
Adam Pelech,NYI,D,2017-01-11,false,FLA,1,2,-3,0,0,0,0,0,0,0,11,9267,189,14,9,6,5,4,0,0
Matthew Peca,TBL,C,2017-03-11,false,FLA,1,1,-3,2,0,0,0,0,0,0,9,6867,159,9,2,8,2,0,32,40
Tanner Pearson,LAK,L,2016-11-05,false,CGY,4,3,3,0,1,0,0,0,0,0,23,9483,220,14,2,14,4,5,0,3
Joe Pavelski,SJS,C,2016-11-01,false,ARI,4,7,4,10,2,2,0,0,2,0,31,11565,248,17,15,20,11,5,57,53
Greg Pateryn,MTL,D,2016-11-05,false,PHI,1,2,3,0,0,0,0,0,0,0,10,9113,199,12,21,4,3,3,0,0
David Pastrnak,BOS,R,2016-11-07,false,BUF,8,4,11,2,2,1,0,0,1,0,36,9694,204,7,3,10,5,3,0,1
Zach Parise,MIN,L,2016-11-17,false,BOS,2,4,-1,10,0,1,0,0,0,0,32,11114,247,9,13,11,2,7,0,1
PA Parenteau,NJD,R,2016-11-05,false,TBL,4,1,-1,4,1,0,0,0,0,0,17,8342,191,10,0,2,5,4,0,1
Colton Parayko,STL,D,2016-11-01,false,NYR,0,3,-2,8,0,1,0,0,0,0,23,12583,293,4,20,8,6,3,0,0
Cedric Paquette,TBL,C,2016-11-03,false,BOS,1,1,-1,12,0,0,0,0,0,0,9,5346,133,19,2,3,0,4,0,5
Richard Panik,CHI,R,2016-11-01,false,CGY,6,4,4,4,2,1,0,0,1,0,13,9779,224,29,3,5,5,3,0,2
Artemi Panarin,CHI,L,2016-11-01,false,CGY,4,6,7,2,2,1,0,0,0,0,24,12034,239,3,0,12,6,7,0,0
Kyle Palmieri,NJD,R,2016-11-05,false,TBL,2,3,2,6,1,2,0,0,0,0,22,9331,208,18,3,9,10,2,1,5
Ondrej Palat,TBL,L,2016-11-01,false,NYI,1,3,-7,7,0,2,0,0,0,0,15,10449,212,20,6,7,6,16,0,0
Iiro Pakarinen,EDM,R,2017-03-12,false,MTL,1,2,2,0,0,0,0,0,0,0,11,4870,138,18,6,3,0,1,0,1
Jean-Gabriel Pageau,OTT,C,2016-11-03,false,VAN,1,1,2,2,0,0,0,0,0,0,15,9615,230,15,11,5,5,3,55,45
Max Pacioretty,MTL,L,2016-11-02,false,VAN,2,5,6,8,0,1,0,0,2,0,28,10305,236,14,2,20,5,4,0,0
Magnus Paajarvi,STL,L,2017-02-20,false,FLA,3,1,2,2,0,0,0,0,2,0,17,6830,173,6,7,3,0,5,1,1
Alex Ovechkin,WSH,L,2016-11-03,false,WPG,6,3,-2,8,2,1,0,0,3,1,43,11050,216,24,2,15,7,9,0,1
Xavier Ouellet,DET,D,2016-12-03,false,PIT,0,1,4,5,0,0,0,0,0,0,10,9581,209,7,10,3,3,3,0,0
Steve Ott,DET,C,2016-11-06,false,EDM,0,1,1,17,0,0,0,0,0,0,10,5833,148,25,3,1,0,2,20,14
T.J. Oshie,WSH,R,2016-11-03,false,WPG,4,1,4,10,1,1,0,0,0,0,24,10708,220,9,7,9,7,6,15,15
Brooks Orpik,WSH,D,2016-11-03,false,WPG,0,2,6,2,0,0,0,0,0,0,8,10118,209,22,20,5,9,3,0,0
Dmitry Orlov,WSH,D,2016-11-03,false,WPG,0,2,2,4,0,1,0,0,0,0,16,11781,233,14,11,7,8,8,0,0
Gustav Olofsson,MIN,D,2017-03-09,false,TBL,0,2,-1,0,0,1,0,0,0,0,7,8711,182,9,16,5,1,3,0,0
Steve Oleksy,PIT,D,2017-02-17,false,CBJ,0,1,2,24,0,0,0,0,0,0,10,8204,200,19,14,6,1,1,0,0
Jamie Oleksiak,DAL,D,2016-11-29,false,DET,3,1,3,12,0,0,0,1,0,0,13,9785,222,10,13,2,2,0,0,0
Kyle Okposo,BUF,R,2016-11-05,false,OTT,5,3,4,4,1,3,0,0,0,0,24,11525,228,8,1,11,3,0,3,3
Johnny Oduya,DAL,D,2016-11-03,false,STL,0,4,1,6,0,0,0,0,0,0,10,10981,252,3,25,4,6,0,0,0
Ryan O'Reilly,BUF,C,2016-11-03,false,TOR,4,4,0,0,2,2,0,0,1,0,32,13433,259,1,4,7,6,10,157,94
Cal O'Reilly,BUF,C,2017-01-26,false,DAL,0,0,-5,0,0,0,0,0,0,0,3,4865,104,1,3,0,1,3,31,31
Gustav Nyquist,DET,R,2016-10-30,false,FLA,3,5,2,4,0,1,0,0,2,0,19,9516,207,6,1,4,2,6,1,0
William Nylander,TOR,C,2016-11-01,false,EDM,4,7,-1,4,3,4,0,0,0,0,31,9694,217,2,3,13,3,10,24,21
Markus Nutivaara,CBJ,D,2016-11-05,false,STL,0,1,0,2,0,0,0,0,0,0,9,7707,180,4,5,3,1,2,0,0
Darnell Nurse,EDM,D,2016-11-01,false,TOR,2,2,0,6,0,0,0,0,0,0,16,10228,232,25,11,4,7,2,0,0
Ryan Nugent-Hopkins,EDM,C,2016-11-01,false,TOR,0,5,1,4,0,0,0,0,0,0,27,10476,241,6,0,5,1,7,69,75
Tomas Nosek,DET,L,2017-04-08,false,MTL,1,0,-1,2,0,0,0,0,0,0,18,6098,149,10,5,3,2,5,33,29
Joakim Nordstrom,CAR,L,2016-11-05,false,NSH,0,2,-3,2,0,0,0,0,0,0,14,9330,226,12,7,7,3,5,1,1
Jordan Nolan,LAK,C,2016-11-20,false,ANA,0,1,-2,27,0,0,0,0,0,0,6,5608,131,12,0,2,2,0,0,0
Nelson Nogier,WPG,D,2017-04-08,false,NSH,0,0,-1,5,0,0,0,0,0,0,8,7028,166,12,5,2,6,0,0,0
Stefan Noesen,ANA,R,2017-01-19,false,COL,1,0,1,2,0,0,0,0,0,0,10,4007,111,10,1,2,2,2,18,30
Matt Niskanen,WSH,D,2016-11-03,false,WPG,0,5,4,2,0,0,0,0,0,0,17,13390,278,14,14,9,11,7,0,0
Matt Nieto,SJS,L,2016-11-21,false,NJD,0,1,-4,2,0,0,0,0,0,0,17,7279,184,14,4,5,1,3,0,2
Frans Nielsen,DET,C,2016-10-30,false,FLA,2,4,-5,0,0,4,1,0,0,0,16,10355,254,7,5,4,3,1,63,82
Nino Niederreiter,MIN,R,2016-11-01,false,BUF,2,3,5,2,0,0,0,0,0,0,16,8347,199,17,1,5,5,2,0,1
Andrej Nestrasil,CAR,C,2016-11-27,false,FLA,1,2,-3,0,0,0,0,0,0,0,19,7014,164,10,3,2,5,8,2,2
Nikita Nesterov,TBL,D,2016-11-07,false,FLA,0,0,0,10,0,0,0,0,0,0,16,10058,211,18,9,4,6,0,0,0
Patrik Nemeth,DAL,D,2016-11-15,false,NJD,0,0,-1,2,0,0,0,0,0,0,12,9947,225,14,11,3,3,2,0,0
Brock Nelson,NYI,C,2016-11-01,false,TBL,3,6,3,2,0,2,0,1,0,0,18,9158,238,6,11,6,2,5,56,69
Casey Nelson,BUF,D,2017-03-20,false,DET,0,0,-4,2,0,0,0,0,0,0,10,7338,191,14,3,2,1,0,0,0
Chris Neil,OTT,R,2016-11-03,false,VAN,1,0,-1,13,0,0,0,0,0,0,16,5083,132,17,8,2,4,2,0,0
James Neal,NSH,L,2016-11-03,false,ARI,1,3,-5,11,0,1,0,0,0,0,40,12103,247,10,7,7,4,0,1,0
Rick Nash,NYR,R,2016-11-01,false,STL,5,3,-1,4,1,1,0,0,0,0,30,9767,239,4,9,6,7,9,0,0
Riley Nash,BOS,C,2016-11-03,false,TBL,0,0,-2,4,0,0,0,0,0,0,10,8117,190,3,4,7,1,4,56,47
Vladislav Namestnikov,TBL,C,2016-11-01,false,NYI,2,2,-2,4,2,1,0,0,0,0,17,8899,183,5,4,6,2,2,13,18
Jake Muzzin,LAK,D,2016-11-01,false,ANA,1,0,-5,10,1,0,0,0,0,0,21,13865,318,27,18,8,6,3,0,0
Ryan Murray,CBJ,D,2016-11-18,false,NYR,0,2,2,8,0,0,0,1,0,0,6,11554,271,3,17,3,2,0,0,0
Ryan Murphy,CAR,D,2017-01-06,false,CHI,0,2,-6,2,0,0,0,0,0,0,2,8713,182,2,11,5,5,4,0,0
Connor Murphy,ARI,D,2016-11-03,false,NSH,0,3,1,10,0,0,0,0,0,0,10,12971,286,18,22,2,2,0,0,0
Matt Moulson,BUF,L,2016-11-03,false,TOR,4,1,0,2,4,1,0,0,0,0,32,8938,189,8,6,4,1,4,0,0
Tyler Motte,CHI,L,2016-11-01,false,CGY,3,2,4,10,0,0,0,0,0,0,16,8093,211,9,9,6,1,8,0,2
Joe Morrow,BOS,D,2016-12-01,false,CAR,0,1,-3,4,0,0,0,0,0,0,15,9592,207,18,7,7,4,1,0,0
Josh Morrissey,WPG,D,2016-11-01,false,WSH,0,2,2,2,0,0,0,0,0,0,16,10614,236,15,10,4,4,1,0,0
Dominic Moore,BOS,C,2016-11-03,false,TBL,3,1,1,10,0,0,1,0,1,0,14,7975,196,3,6,1,3,4,34,39
John Moore,NJD,D,2016-11-05,false,TBL,1,2,1,10,0,0,0,0,0,0,15,11285,258,6,10,6,6,0,0,0
Brandon Montour,ANA,D,2017-02-14,false,MIN,1,1,1,6,0,1,0,0,0,0,19,10063,194,4,11,7,8,1,0,0
Sean Monahan,CGY,C,2016-10-30,false,WSH,4,0,-5,4,1,0,0,0,1,1,20,11739,253,5,5,11,8,5,106,99
Torrey Mitchell,MTL,C,2016-11-02,false,VAN,5,0,6,4,0,0,0,0,1,0,9,7576,200,2,6,4,2,3,58,40
John Mitchell,COL,C,2016-11-15,false,LAK,0,0,1,6,0,0,0,0,0,0,6,6179,153,9,5,4,0,4,39,31
Zack Mitchell,MIN,R,2016-11-29,false,VAN,0,0,-1,0,0,0,0,0,0,0,9,5186,127,14,3,4,1,1,11,8
Drew Miller,DET,L,2016-10-30,false,FLA,2,0,0,2,0,0,0,0,1,0,10,6955,172,10,8,1,0,3,1,0
Kevan Miller,BOS,D,2016-12-10,false,TOR,0,0,-4,2,0,0,0,0,0,0,15,11365,244,25,11,4,3,1,0,0
J.T. Miller,NYR,L,2016-11-01,false,STL,3,7,6,6,1,1,0,0,0,0,24,9408,220,16,11,10,6,5,18,20
Colin Miller,BOS,D,2016-11-03,false,TBL,0,1,-5,2,0,0,0,0,0,0,17,10016,227,12,6,11,6,3,0,0
Marc Methot,OTT,D,2016-11-03,false,VAN,0,2,6,4,0,0,0,0,0,0,17,12640,302,24,13,0,8,1,0,0
Jon Merrill,NJD,D,2016-12-20,false,NSH,0,0,-4,6,0,0,0,0,0,0,5,9342,216,9,11,4,4,1,0,0
Julian Melchiori,WPG,D,2017-03-23,false,LAK,0,0,-2,4,0,0,0,0,0,0,9,10300,221,16,13,5,9,2,0,0
Timo Meier,SJS,R,2017-01-07,false,DET,1,1,-1,4,0,0,0,0,1,0,31,7876,196,29,2,6,11,8,0,1
Jayson Megna,VAN,C,2016-12-06,false,NJD,1,0,-3,4,0,0,0,0,0,0,9,5561,135,14,4,1,0,3,0,1
Adam McQuaid,BOS,D,2016-11-12,false,ARI,0,0,-1,11,0,0,0,0,0,0,12,10817,259,20,18,6,3,0,0,0
Brayden McNabb,LAK,D,2016-12-31,false,SJS,2,0,2,11,0,0,0,0,0,0,8,11451,257,17,9,8,11,3,0,0
Cody McLeod,COL,L,2016-11-19,false,MIN,0,0,-1,23,0,0,0,0,0,0,3,3819,97,18,0,1,0,0,0,0
Curtis McKenzie,DAL,L,2016-11-08,false,WPG,1,2,3,19,0,0,0,0,0,0,12,5813,151,21,6,3,0,0,1,1
Greg McKegg,FLA,C,2016-11-01,false,BOS,0,2,-1,4,0,0,0,0,0,0,6,6394,151,11,2,4,2,2,6,4
Jamie McGinn,ARI,L,2016-11-16,false,CGY,3,3,-1,6,0,0,0,0,1,0,18,8796,201,16,6,2,5,0,0,0
Brock McGinn,CAR,L,2016-12-07,false,ANA,0,1,0,0,0,0,0,0,0,0,7,5971,144,11,3,3,2,4,0,2
Ryan McDonagh,NYR,D,2016-11-01,false,STL,0,9,8,4,0,2,0,0,0,0,22,14550,295,11,19,8,10,5,0,0
Connor McDavid,EDM,C,2016-11-01,false,TOR,5,7,6,6,0,3,0,0,2,0,26,12890,267,1,4,10,6,6,57,68
Jay McClement,CAR,C,2016-11-05,false,NSH,0,0,-5,0,0,0,0,0,0,0,5,6392,165,9,2,5,0,4,39,31
Michael McCarron,MTL,R,2017-01-04,false,DAL,0,3,3,7,0,0,0,0,0,0,13,5936,152,30,2,4,2,3,26,32
Jared McCann,FLA,C,2016-11-01,false,BOS,0,0,0,0,0,0,0,0,0,0,13,6013,138,8,1,3,4,5,13,15
Jake McCabe,BUF,D,2016-11-03,false,TOR,0,2,1,4,0,0,0,0,0,0,1,11009,254,9,10,6,2,1,0,0
Scott Mayfield,NYI,D,2017-02-18,false,NJD,1,3,5,24,0,0,0,0,0,0,15,7664,163,8,14,5,6,4,0,0
Shawn Matthias,WPG,L,2016-11-01,false,WSH,2,1,2,4,0,0,0,0,1,0,12,7099,173,7,5,7,3,0,1,4
Auston Matthews,TOR,C,2016-11-01,false,EDM,6,4,-3,0,1,3,0,0,0,0,42,10447,217,1,6,9,7,6,48,54
Michael Matheson,FLA,D,2016-11-03,false,NJD,2,2,1,2,0,1,0,0,0,0,25,11910,207,7,11,7,8,9,1,0
Andreas Martinsen,COL,L,2016-11-05,false,MIN,1,0,1,4,0,0,0,0,0,0,12,6805,178,28,6,5,2,4,1,0
Jordan Martinook,ARI,L,2016-11-03,false,NSH,3,2,0,6,0,0,0,1,0,0,15,8757,219,9,6,8,2,4,32,44
Alec Martinez,LAK,D,2016-11-01,false,ANA,2,5,-1,2,0,2,0,0,2,2,27,13912,324,21,19,12,5,0,0,0
Paul Martin,SJS,D,2016-11-01,false,ARI,0,2,-2,4,0,0,0,0,0,0,7,11278,239,5,18,2,7,1,0,0
Matt Martin,TOR,L,2016-11-01,false,EDM,0,1,-1,18,0,0,0,0,0,0,11,6147,158,42,2,4,1,4,0,4
Patrick Maroon,EDM,L,2016-11-01,false,TOR,2,0,1,6,0,0,0,0,0,0,19,9198,208,25,1,6,4,1,1,3
Mitchell Marner,TOR,C,2016-11-01,false,EDM,1,5,-3,12,0,0,0,0,1,0,25,10032,217,4,9,10,7,8,3,3
Patrick Marleau,SJS,L,2016-11-01,false,ARI,3,1,-1,4,1,1,0,0,1,0,28,10027,207,11,3,5,3,5,1,5
Andrei Markov,MTL,D,2016-11-02,false,VAN,0,4,0,2,0,2,0,1,0,0,16,12659,271,4,13,7,10,4,0,0
Martin Marincin,TOR,D,2016-11-08,false,LAK,0,1,-8,0,0,0,0,0,0,0,12,12000,261,13,13,10,4,3,0,0
Jonathan Marchessault,FLA,C,2016-11-01,false,BOS,6,5,6,0,1,2,0,0,2,0,33,10861,207,12,1,11,6,9,28,24
Alexey Marchenko,DET,D,2016-10-30,false,FLA,0,3,3,8,0,0,0,1,0,0,11,11532,264,1,14,6,7,1,0,0
Brad Marchand,BOS,L,2016-11-03,false,TBL,4,8,9,12,0,1,0,0,1,0,23,11376,242,9,5,9,7,10,6,3
Anthony Mantha,DET,R,2016-12-03,false,PIT,3,3,1,0,1,1,0,0,1,0,26,9858,216,5,8,8,4,3,1,0
Josh Manson,ANA,D,2016-11-01,false,LAK,0,1,2,13,0,0,0,0,0,0,9,11442,245,22,10,3,11,2,0,0
Brandon Manning,PHI,D,2016-10-30,false,CAR,2,5,6,4,0,0,1,0,1,0,13,10822,262,27,13,2,11,1,0,0
Evgeni Malkin,PIT,C,2016-11-02,false,ANA,6,5,2,18,0,4,0,0,1,0,23,11315,258,6,5,7,10,7,73,110
Denis Malgin,FLA,C,2016-11-01,false,BOS,1,2,1,4,0,0,0,0,0,0,12,6431,150,8,4,4,2,5,17,36
Nathan MacKinnon,COL,C,2016-11-05,false,MIN,1,5,-3,0,0,3,0,0,0,0,27,11251,251,9,1,13,5,5,79,84
Derek MacKenzie,FLA,C,2016-11-01,false,BOS,0,2,4,7,0,0,0,1,0,0,9,7502,177,21,2,3,2,4,53,59
Andrew MacDonald,PHI,D,2016-11-02,false,DET,1,2,-2,4,0,0,0,0,0,0,8,11327,266,8,18,0,11,1,0,0
Olli Maatta,PIT,D,2016-11-02,false,ANA,0,1,2,4,0,0,0,0,0,0,12,10321,251,9,19,3,5,0,0,0
Roman Lyubimov,PHI,L,2016-11-05,false,MTL,1,0,0,0,0,0,0,0,0,0,14,5547,138,8,3,2,1,2,0,1
Milan Lucic,EDM,L,2016-11-01,false,TOR,4,3,3,9,1,1,0,0,1,0,23,11052,240,29,2,7,11,6,1,1
Adam Lowry,WPG,C,2016-11-01,false,WSH,1,1,-1,8,0,1,0,0,0,0,12,9423,224,19,8,3,3,5,77,80
Ben Lovejoy,NJD,D,2016-11-05,false,TBL,0,1,-1,2,0,0,0,0,0,0,14,12390,260,17,20,5,2,3,0,0
Bryan Little,WPG,C,2016-12-15,false,FLA,4,4,5,0,1,1,0,0,1,1,22,9896,240,4,3,10,4,8,98,77
Anton Lindholm,COL,D,2017-04-02,false,MIN,0,0,-5,2,0,0,0,0,0,0,6,8610,196,28,8,7,4,1,0,0
Hampus Lindholm,ANA,D,2016-11-29,false,MTL,0,2,3,4,0,1,0,0,0,0,13,12825,257,12,11,8,12,5,0,0
Elias Lindholm,CAR,C,2016-11-05,false,NSH,0,2,-5,0,0,1,0,1,0,0,21,11085,242,12,9,13,1,6,69,63
Esa Lindell,DAL,D,2016-11-08,false,WPG,0,1,-6,0,0,1,0,0,0,0,12,11028,244,15,14,4,2,4,0,1
Oscar Lindberg,NYR,C,2016-11-29,false,CAR,0,1,-2,10,0,1,0,0,0,0,8,5854,152,9,8,2,0,1,25,24
John-Michael Liles,BOS,D,2016-11-03,false,TBL,0,2,-4,2,0,1,0,0,0,0,8,10055,224,7,14,2,2,4,1,0
Trevor Lewis,LAK,C,2016-11-01,false,ANA,0,0,-9,0,0,0,0,0,0,0,21,7884,178,19,4,8,1,3,6,5
Mark Letestu,EDM,C,2016-11-01,false,TOR,2,3,0,0,0,0,2,0,2,0,9,7695,215,7,7,3,0,3,57,67
Kris Letang,PIT,D,2016-11-12,false,TOR,1,8,0,6,1,4,0,0,0,0,34,15370,296,19,15,12,13,5,0,0
Josh Leivo,TOR,L,2017-02-23,false,NYR,1,7,4,4,0,1,0,0,0,0,22,7415,193,5,3,9,0,9,1,1
Jori Lehtera,STL,C,2016-11-09,false,CHI,1,1,1,8,0,0,0,0,1,0,16,9045,244,7,6,0,2,1,63,55
Artturi Lehkonen,MTL,L,2016-11-02,false,VAN,2,1,2,4,0,0,0,0,0,0,26,8499,209,12,4,4,4,5,0,0
Anders Lee,NYI,L,2016-11-01,false,TBL,1,0,0,2,0,0,0,0,0,0,13,7341,183,27,5,9,0,5,0,1
Nick Leddy,NYI,D,2016-11-03,false,PHI,1,3,-7,2,0,0,0,0,0,0,17,13616,233,8,17,7,3,2,0,0
Curtis Lazar,OTT,C,2016-12-14,false,SJS,0,0,-1,2,0,0,0,0,0,0,10,5709,140,16,4,1,3,4,4,14
Adam Larsson,EDM,D,2016-11-01,false,TOR,0,2,4,4,0,0,0,0,0,0,11,12204,268,28,16,2,12,3,0,0
Philip Larsen,VAN,D,2016-11-02,false,MTL,0,3,-9,4,0,2,0,0,0,0,19,10509,217,4,5,13,3,1,0,0
Dylan Larkin,DET,C,2016-10-30,false,FLA,3,1,-7,13,1,0,0,0,1,0,29,9608,208,7,5,7,9,10,31,40
Nick Lappin,NJD,R,2016-11-17,false,ANA,2,2,3,2,0,0,0,0,0,0,15,7138,158,5,0,6,1,3,2,3
Gabriel Landeskog,COL,L,2016-11-05,false,MIN,3,3,0,9,2,0,0,0,2,1,20,10590,234,24,3,6,3,12,6,9
Anton Lander,EDM,C,2016-11-03,false,NYR,1,2,4,6,0,0,0,0,0,0,6,6373,176,8,6,2,1,3,46,33
Patrik Laine,WPG,R,2016-11-01,false,WSH,6,2,-1,2,4,1,0,0,1,1,34,11578,223,11,4,11,13,5,0,1
Andrew Ladd,NYI,L,2016-11-01,false,TBL,0,1,-3,6,0,0,0,0,0,0,23,11017,218,10,3,9,5,5,0,0
Kevin Labanc,SJS,R,2016-11-29,false,ARI,1,2,3,6,0,0,0,0,0,0,14,7315,166,5,2,4,4,1,0,0
Paul LaDue,LAK,D,2017-03-11,false,WSH,0,4,-2,2,0,2,0,0,0,0,13,9906,238,6,5,1,4,1,0,0
Joseph LaBate,VAN,C,2017-03-23,false,STL,0,0,-3,17,0,0,0,0,0,0,4,4134,112,13,1,2,1,1,1,0
Evgeny Kuznetsov,WSH,C,2016-11-03,false,WPG,1,5,4,2,0,0,0,0,0,0,17,10388,220,4,2,8,8,4,63,88
Chris Kunitz,PIT,L,2016-11-02,false,ANA,0,5,4,12,0,0,0,0,0,0,17,9894,236,35,3,6,7,5,2,3
Dmitry Kulikov,BUF,D,2016-11-05,false,OTT,0,0,-2,10,0,0,0,0,0,0,4,13422,301,12,5,8,5,2,0,0
Nikolay Kulemin,NYI,L,2016-11-05,false,EDM,0,3,2,6,0,0,0,0,0,0,9,7858,211,7,5,6,1,3,4,2
Brett Kulak,CGY,D,2016-11-16,false,ARI,0,3,3,8,0,0,0,0,0,0,8,9306,226,6,8,6,3,2,0,0
Tom Kuhnhackl,PIT,R,2016-11-12,false,TOR,0,2,1,4,0,0,0,0,0,0,6,5359,137,16,5,4,0,0,0,1
Nikita Kucherov,TBL,R,2016-11-03,false,BOS,3,10,4,2,2,4,0,0,1,0,24,10017,205,0,3,12,7,9,0,0
Marcus Kruger,CHI,C,2016-11-01,false,CGY,1,1,4,6,0,0,0,0,0,0,6,7697,213,6,3,5,2,4,55,63
Torey Krug,BOS,D,2016-11-03,false,TBL,0,1,-6,6,0,1,0,0,0,0,31,12550,270,14,11,6,7,3,0,0
Niklas Kronwall,DET,D,2016-11-29,false,DAL,0,2,-1,6,0,1,0,0,0,0,11,11551,259,10,18,4,2,0,0,0
David Krejci,BOS,C,2016-11-03,false,TBL,0,4,-4,6,0,2,0,0,0,0,14,10568,215,8,7,7,10,7,74,66
Chris Kreider,NYR,L,2016-11-08,false,VAN,3,7,-2,4,1,2,0,0,0,0,33,9728,218,24,5,12,7,4,1,1
Lauri Korpikoski,DAL,L,2016-11-03,false,STL,1,2,4,2,0,0,0,0,0,0,19,8030,210,5,6,3,2,3,0,2
Anze Kopitar,LAK,C,2016-11-01,false,ANA,2,4,0,2,0,1,0,1,0,0,24,13185,255,11,10,16,6,5,125,126
Travis Konecny,PHI,C,2016-10-30,false,CAR,1,6,-1,6,1,0,0,0,0,0,22,9285,207,11,4,16,3,6,0,0
Leo Komarov,TOR,C,2016-11-01,false,EDM,0,2,0,2,0,1,0,0,0,0,11,10468,248,34,9,5,1,3,11,8
Mikko Koivu,MIN,C,2016-11-01,false,BUF,2,3,1,4,0,1,0,1,1,0,15,11997,267,4,14,6,4,4,123,106
Slater Koekkoek,TBL,D,2016-11-19,false,PHI,0,3,5,6,0,0,0,0,0,0,11,8092,186,12,10,5,1,1,0,0
John Klingberg,DAL,D,2016-11-03,false,STL,2,4,-3,6,0,3,0,0,0,0,16,14007,280,5,17,9,11,1,0,0
Kevin Klein,NYR,D,2016-11-06,false,WPG,0,3,1,0,0,0,0,1,0,0,12,11303,249,16,27,3,4,3,0,0
Oscar Klefbom,EDM,D,2016-11-01,false,TOR,0,2,4,0,0,0,0,0,0,0,21,12810,269,6,21,7,10,2,0,0
Dwight King,LAK,L,2016-11-01,false,ANA,0,1,0,4,0,0,0,0,0,0,14,9433,202,20,3,7,3,2,2,2
Jakub Kindl,FLA,D,2016-12-06,false,PHI,0,1,-5,8,0,0,0,0,0,0,6,9680,194,22,13,3,7,2,0,0
Alex Killorn,TBL,L,2016-11-01,false,NYI,6,2,-1,8,1,2,0,0,1,0,18,10547,217,21,4,4,10,2,0,1
Jujhar Khaira,EDM,L,2017-03-25,false,COL,1,0,1,2,0,0,0,0,1,0,10,5554,137,20,5,5,2,1,7,12
Phil Kessel,PIT,R,2016-11-02,false,ANA,3,7,-1,2,3,4,0,0,1,0,21,10995,250,2,3,11,4,1,0,1
Ryan Kesler,ANA,C,2016-11-01,false,LAK,2,4,3,11,2,1,0,0,0,0,19,13021,279,16,8,14,6,2,139,91
Tanner Kero,CHI,C,2017-01-13,false,WSH,1,1,2,0,0,0,0,0,0,0,10,8065,198,14,11,3,2,4,46,66
Michal Kempny,CHI,D,2016-11-05,false,DAL,0,0,4,6,0,0,0,0,0,0,7,9674,230,14,11,10,7,1,0,0
Adrian Kempe,LAK,L,2017-03-09,false,NSH,0,4,-3,4,0,2,0,1,0,0,15,7343,167,12,1,6,2,1,14,14
Chris Kelly,OTT,C,2016-11-03,false,VAN,1,2,1,2,0,0,0,0,0,0,15,8291,207,6,7,6,2,2,44,52
Duncan Keith,CHI,D,2016-11-01,false,CGY,0,7,5,2,0,2,0,0,0,0,25,15118,296,2,11,8,7,3,0,0
Zack Kassian,EDM,R,2016-11-01,false,TOR,2,2,2,14,0,0,0,0,0,0,18,7963,201,26,1,4,4,6,0,0
Ondrej Kase,ANA,R,2016-12-04,false,CGY,1,2,-1,0,0,0,0,0,1,0,17,7910,199,9,4,5,8,2,0,3
Melker Karlsson,SJS,C,2016-11-01,false,ARI,1,1,0,4,0,0,0,0,0,0,8,7432,184,6,7,8,3,3,0,2
William Karlsson,CBJ,C,2016-11-05,false,STL,1,3,3,2,0,0,0,0,1,0,16,8606,215,5,2,9,3,4,68,73
Erik Karlsson,OTT,D,2016-11-03,false,VAN,3,6,6,4,1,1,0,1,0,0,24,15832,323,6,25,16,12,9,0,0
Evander Kane,BUF,L,2016-11-25,false,WSH,0,2,-6,10,0,2,0,0,0,0,23,11215,225,23,5,11,5,7,14,14
Patrick Kane,CHI,R,2016-11-01,false,CGY,3,9,8,6,0,3,0,0,0,0,33,13662,244,5,1,11,2,2,2,10
Steven Kampfer,NYR,D,2017-04-05,false,WSH,1,1,-2,6,0,0,0,0,0,0,7,7841,194,23,10,5,3,2,0,0
Sergey Kalinin,NJD,C,2016-11-15,false,DAL,0,1,-2,7,0,0,0,0,0,0,9,7323,179,14,7,1,2,2,2,2
Nazem Kadri,TOR,C,2016-11-01,false,EDM,5,3,0,17,2,2,0,0,1,1,21,9250,223,19,6,9,6,10,65,80
Tomas Jurco,DET,L,2016-12-29,false,OTT,0,0,-3,2,0,0,0,0,0,0,7,6095,152,4,1,10,2,0,0,0
Roman Josi,NSH,D,2016-11-03,false,ARI,2,4,-6,4,1,3,0,0,0,0,30,14874,290,8,16,4,4,1,0,0
Jacob Josefson,NJD,C,2016-11-21,false,SJS,0,2,0,4,0,1,0,0,0,0,12,7203,160,9,3,7,3,1,34,21
Josh Jooris,NYR,R,2016-11-27,false,OTT,1,1,2,2,0,0,0,0,0,0,10,5129,142,16,5,4,1,2,26,25
Seth Jones,CBJ,D,2016-11-05,false,STL,3,3,1,0,0,0,0,0,1,1,15,14540,311,14,21,5,5,4,0,0
Jyrki Jokipakka,CGY,D,2016-11-03,false,SJS,1,3,1,4,0,0,0,0,0,0,5,9202,239,4,8,3,6,1,0,0
Jussi Jokinen,FLA,L,2016-11-22,false,PHI,1,3,1,8,0,0,0,0,1,0,16,11121,228,3,5,5,12,4,6,5
Erik Johnson,COL,D,2016-11-05,false,MIN,0,4,-4,0,0,2,0,0,0,0,24,13780,315,29,27,6,5,5,0,0
Tyler Johnson,TBL,C,2016-11-01,false,NYI,2,2,-8,2,1,1,0,0,0,0,13,10827,220,11,6,7,1,6,89,73
Jack Johnson,CBJ,D,2016-11-05,false,STL,0,1,3,6,0,0,0,0,0,0,13,13076,283,17,21,4,1,2,0,0
Stephen Johns,DAL,D,2016-11-06,false,CHI,2,2,-1,6,0,0,0,0,1,0,13,11672,274,29,15,9,7,4,0,0
Marcus Johansson,WSH,L,2016-11-03,false,WPG,6,5,5,0,2,2,0,0,2,0,20,10227,203,5,0,4,2,6,1,2
Ryan Johansen,NSH,C,2016-11-03,false,ARI,1,5,0,6,1,4,0,0,0,0,18,10539,230,13,4,9,4,1,86,80
Nick Jensen,DET,D,2017-01-14,false,PIT,0,4,2,2,0,0,0,0,0,0,16,9463,228,10,11,7,4,1,0,0
Boone Jenner,CBJ,C,2016-11-05,false,STL,0,2,-7,4,0,1,0,0,0,0,21,8801,196,21,11,6,2,4,9,5
Dmitrij Jaskin,STL,R,2016-11-05,false,CBJ,0,2,2,2,0,0,0,0,0,0,8,6327,152,13,3,5,2,3,3,4
Calle Jarnkrok,NSH,C,2016-11-03,false,ARI,1,0,-2,2,0,0,0,0,0,0,12,8276,216,5,3,5,4,4,32,45
Jaromir Jagr,FLA,R,2016-11-01,false,BOS,1,3,1,6,1,1,0,0,0,0,25,10563,209,2,2,11,8,6,0,0
Matt Irwin,NSH,D,2016-11-17,false,OTT,3,2,6,0,0,0,0,0,1,0,10,7481,179,22,17,6,5,1,0,0
Jarome Iginla,COL,R,2016-11-05,false,MIN,2,0,-2,27,1,0,0,0,0,0,18,9113,202,17,1,3,7,4,3,2
Zach Hyman,TOR,C,2016-11-01,false,EDM,0,1,-2,6,0,0,0,0,0,0,24,9927,230,13,8,10,0,5,7,8
Ben Hutton,VAN,D,2016-11-02,false,MTL,1,0,-1,8,0,0,0,0,0,0,16,12648,259,11,14,7,9,5,0,0
Matt Hunwick,TOR,D,2016-11-19,false,MTL,0,3,-1,0,0,0,0,0,0,0,14,10477,249,21,14,2,5,6,0,0
Brad Hunt,NSH,D,2017-04-04,false,NYI,1,4,-2,2,1,1,0,0,0,0,12,8331,211,0,3,6,1,3,0,0
Jiri Hudler,DAL,R,2016-12-23,false,LAK,0,2,-2,2,0,0,0,0,0,0,4,8143,203,5,1,5,2,3,1,2
Jonathan Huberdeau,FLA,L,2017-02-26,false,OTT,4,6,4,2,0,2,0,0,2,1,32,10871,236,11,1,9,10,4,2,4
Marek Hrivik,NYR,L,2016-12-23,false,MIN,0,1,0,0,0,0,0,0,0,0,11,6723,158,12,3,7,2,3,12,20
Marian Hossa,CHI,R,2016-11-03,false,COL,5,4,2,2,3,2,0,0,0,0,28,9958,244,2,5,9,0,6,2,0
Bo Horvat,VAN,C,2016-11-02,false,MTL,4,0,-3,0,0,0,1,0,0,0,13,9986,232,12,1,9,1,5,78,92
Patric Hornqvist,PIT,R,2016-11-02,false,ANA,4,5,2,2,3,2,0,0,1,0,36,9302,232,30,12,9,1,5,1,4
Julius Honka,DAL,D,2017-01-31,false,TOR,0,4,-4,2,0,1,0,0,0,0,22,9953,216,5,5,5,4,1,0,0
Korbinian Holzer,ANA,D,2016-12-20,false,MTL,0,2,-3,6,0,0,0,0,0,0,6,8486,189,25,12,4,3,0,0,0
Peter Holland,ARI,C,2016-12-15,false,TOR,0,3,-1,4,0,0,0,0,0,0,16,6977,155,7,1,5,3,2,38,46
Nick Holden,NYR,D,2016-11-01,false,STL,0,3,8,4,0,0,0,0,0,0,6,11805,273,18,13,7,10,5,0,0
Mike Hoffman,OTT,L,2016-11-03,false,VAN,2,4,-1,6,0,2,0,0,2,0,39,10434,211,5,4,11,3,9,1,2
Joshua Ho-Sang,NYI,R,2017-03-18,false,CBJ,3,3,-4,4,1,0,0,0,0,0,10,9763,189,3,2,3,8,2,0,2
Niklas Hjalmarsson,CHI,D,2016-11-03,false,COL,2,1,5,2,0,0,0,0,0,0,8,12492,280,5,15,0,8,2,0,0
Vinnie Hinostroza,CHI,L,2016-11-19,false,VAN,1,2,0,0,0,0,0,0,0,0,9,5863,136,5,6,2,4,6,5,9
Thomas Hickey,NYI,D,2016-11-01,false,TBL,1,1,1,2,0,0,0,0,0,0,13,10738,218,10,16,3,2,0,0,0
Tomas Hertl,SJS,C,2016-11-01,false,ARI,4,4,4,8,1,0,0,0,1,0,22,10154,229,18,3,9,3,5,43,35
Adam Henrique,NJD,C,2016-11-05,false,TBL,2,2,2,8,0,0,0,0,0,0,17,11226,236,13,8,3,3,7,75,76
Matt Hendricks,EDM,L,2016-12-19,false,STL,0,1,-5,8,0,0,0,0,0,0,10,7198,176,19,11,4,2,1,31,32
Ales Hemsky,DAL,R,2017-03-20,false,SJS,1,2,-3,0,0,1,0,0,0,0,15,8573,225,0,4,8,4,5,0,0
Darren Helm,DET,C,2016-10-30,false,FLA,4,3,9,8,2,0,0,1,1,0,16,9272,228,7,3,4,4,6,62,51
Victor Hedman,TBL,D,2016-11-01,false,NYI,1,6,4,2,0,4,0,0,1,0,13,14291,275,14,19,13,6,6,0,0
Kevin Hayes,NYR,C,2016-11-01,false,STL,3,4,7,0,0,0,0,0,0,0,14,9855,226,7,7,3,12,9,58,57
Jimmy Hayes,BOS,R,2016-11-03,false,TBL,0,0,-8,7,0,0,0,0,0,0,15,6485,145,16,1,5,2,2,1,2
John Hayden,CHI,L,2017-04-02,false,BOS,1,3,3,2,0,0,0,0,0,0,20,7114,175,38,2,3,1,4,0,0
Erik Haula,MIN,L,2016-11-19,false,COL,1,2,2,6,0,0,0,0,0,0,22,8769,207,4,4,3,5,4,54,62
Garnet Hathaway,CGY,R,2016-12-02,false,MIN,1,0,-1,11,0,0,0,0,0,0,6,5588,134,23,6,3,0,2,7,7
Scott Hartnell,CBJ,L,2016-11-05,false,STL,4,3,4,2,1,0,0,0,0,0,11,7685,186,12,5,5,6,2,0,0
Ryan Hartman,CHI,L,2016-11-09,false,STL,2,1,0,0,0,0,0,0,0,0,15,5806,137,16,6,5,1,3,1,3
Scott Harrington,CBJ,D,2017-02-03,false,PIT,1,2,4,4,0,0,0,0,0,0,5,7843,186,11,11,4,3,2,0,0
Martin Hanzal,ARI,C,2016-11-16,false,CGY,2,2,-2,2,0,0,0,0,0,0,27,10838,226,19,10,7,7,3,121,80
Jannik Hansen,VAN,R,2016-11-02,false,MTL,2,2,-3,2,0,0,0,0,0,0,15,10130,228,11,1,7,3,5,0,0
Markus Hannikainen,CBJ,L,2017-02-28,false,MTL,1,1,0,6,0,0,0,0,0,0,8,5476,135,16,5,3,0,0,0,0
Noah Hanifin,CAR,D,2016-11-05,false,NSH,0,6,-6,6,0,3,0,0,0,0,17,10045,220,7,5,5,8,3,0,0
Travis Hamonic,NYI,D,2016-11-01,false,TBL,2,3,-6,23,0,1,0,0,0,0,13,12716,243,13,21,11,5,3,0,0
Dougie Hamilton,CGY,D,2016-10-30,false,WSH,2,4,1,12,0,1,0,0,1,0,28,11321,267,13,9,5,7,3,0,0
Freddie Hamilton,CGY,C,2016-11-20,false,DET,0,0,1,0,0,0,0,0,0,0,10,5809,136,19,0,6,1,3,25,21
Dan Hamhuis,DAL,D,2016-11-05,false,CHI,0,3,0,6,0,0,0,0,0,0,13,12468,269,16,14,5,3,2,0,0
Taylor Hall,NJD,L,2016-11-05,false,TBL,5,3,0,2,3,1,0,0,2,1,45,12112,240,12,5,13,3,8,1,1
Micheal Haley,SJS,C,2016-11-23,false,CHI,0,2,-1,32,0,0,0,0,0,0,4,4570,120,29,6,2,3,2,0,0
Ron Hainsey,CAR,D,2016-11-05,false,NSH,1,2,-1,6,0,0,1,0,0,0,13,12758,266,10,6,7,9,1,0,0
Carl Hagelin,PIT,L,2016-11-02,false,ANA,1,1,-3,2,0,0,0,0,0,0,16,9720,240,8,4,5,7,3,0,1
Carl Gunnarsson,STL,D,2016-11-09,false,CHI,0,1,-1,2,0,0,0,0,0,0,7,7748,190,6,12,3,1,0,0,0
Jake Guentzel,PIT,C,2017-01-24,false,STL,4,3,4,4,0,0,0,0,0,0,10,8336,192,31,4,5,1,2,2,3
Radko Gudas,PHI,D,2016-11-12,false,MIN,1,4,-1,2,0,1,0,0,0,0,17,12557,257,39,29,20,3,3,0,0
Eric Gryba,EDM,D,2016-11-08,false,PIT,0,0,2,14,0,0,0,0,0,0,11,10493,224,34,11,1,2,2,0,0
Mikhail Grigorenko,COL,C,2016-11-05,false,MIN,0,4,-1,6,0,2,0,0,0,0,19,8785,192,6,2,4,2,5,9,11
Seth Griffith,FLA,C,2016-12-01,false,DET,0,1,1,0,0,0,0,0,0,0,8,6069,134,15,2,6,3,0,0,3
Andy Greene,NJD,D,2016-11-05,false,TBL,0,1,-2,0,0,0,0,0,0,0,11,13280,272,12,24,5,4,2,0,0
Matt Greene,LAK,D,2016-11-20,false,ANA,1,1,1,8,0,0,0,0,0,0,5,7858,209,39,11,3,6,1,0,0
Mike Green,DET,D,2016-10-30,false,FLA,3,4,0,10,1,1,0,0,0,0,14,14240,283,12,11,8,8,6,0,0
Kevin Gravel,LAK,D,2016-11-20,false,ANA,0,1,3,4,0,0,0,0,0,0,9,8853,211,17,15,5,5,0,0,0
Tyler Graovac,MIN,C,2016-11-21,false,DAL,2,0,1,0,0,0,0,0,0,0,10,5840,148,13,1,8,0,2,37,35
Derek Grant,BUF,C,2016-11-03,false,TOR,0,0,-3,2,0,0,0,0,0,0,7,6865,170,10,5,3,2,3,58,41
Mikael Granlund,MIN,C,2016-11-01,false,BUF,2,4,0,0,1,1,1,0,1,0,15,11523,246,9,6,14,4,3,3,4
Markus Granlund,VAN,C,2016-11-02,false,MTL,2,1,-2,4,0,0,0,0,0,0,14,9810,224,6,2,5,2,8,8,9
Petter Granberg,NSH,D,2017-01-14,false,COL,0,0,0,10,0,0,0,0,0,0,4,5776,131,17,9,1,1,0,0,0
Michael Grabner,NYR,R,2016-11-01,false,STL,5,1,6,0,0,0,0,0,1,0,18,7379,196,7,6,6,6,9,2,1
Yanni Gourde,TBL,C,2017-03-21,false,ARI,1,1,-2,2,0,0,1,0,0,0,12,8780,195,6,3,5,3,9,21,25
Shayne Gostisbehere,PHI,D,2016-10-30,false,CAR,2,5,-5,6,1,2,0,0,1,0,28,12753,267,7,15,16,13,2,0,0
Josh Gorges,BUF,D,2016-11-03,false,TOR,0,0,-2,10,0,0,0,0,0,0,4,11512,272,25,21,3,4,0,0,0
Boyd Gordon,PHI,C,2016-12-19,false,NSH,1,0,-3,2,0,0,0,0,0,0,6,5078,147,3,7,1,0,1,41,37
Cody Goloubef,COL,D,2017-01-06,false,NYI,0,2,-6,13,0,0,0,0,0,0,4,9426,223,7,15,0,1,2,0,0
Alex Goligoski,ARI,D,2016-11-03,false,NSH,0,6,-7,2,0,2,0,0,0,0,13,14531,282,9,19,5,7,1,0,0
Nikolay Goldobin,VAN,R,2017-03-31,false,LAK,1,0,1,0,0,0,0,0,1,0,11,6116,153,1,4,3,2,3,0,0
Luke Glendening,DET,C,2016-10-30,false,FLA,0,4,3,4,0,1,0,0,0,0,13,8047,197,27,13,7,0,4,59,54
Tanner Glass,NYR,L,2017-04-08,false,OTT,1,1,0,17,0,0,0,0,0,0,7,6394,166,34,3,7,0,2,1,0
Claude Giroux,PHI,C,2016-10-30,false,CAR,2,10,-7,2,1,6,0,0,0,0,26,12288,259,10,1,11,0,3,116,112
Zemgus Girgensons,BUF,C,2016-11-03,false,TOR,1,2,-3,0,0,0,0,0,0,0,20,7412,181,10,4,5,0,0,46,39
Dan Girardi,NYR,D,2016-11-08,false,VAN,2,3,5,2,0,0,0,1,2,0,12,10249,240,18,21,4,8,1,0,0
Mark Giordano,CGY,D,2016-10-30,false,WSH,1,4,0,16,0,1,0,1,0,0,22,15034,308,4,27,10,4,9,0,0
Brian Gionta,BUF,R,2016-11-03,false,TOR,3,3,3,4,0,0,0,0,1,0,22,10075,212,9,3,10,4,2,6,5
Stephen Gionta,NYI,R,2017-02-23,false,MTL,0,4,2,0,0,0,0,0,0,0,8,6398,159,20,3,1,3,0,1,2
Tom Gilbert,LAK,D,2016-11-13,false,WPG,1,3,-1,2,0,1,0,0,0,0,7,9799,226,5,14,5,4,1,0,0
Ryan Getzlaf,ANA,C,2016-11-06,false,CGY,1,11,-1,8,0,5,0,0,0,0,28,11167,241,9,7,10,6,7,75,63
Eric Gelinas,COL,D,2016-12-11,false,TOR,0,1,-2,8,0,0,0,0,0,0,12,7145,171,6,4,7,4,1,0,0
Luke Gazdic,NJD,L,2017-01-24,false,LAK,0,0,-2,12,0,0,0,0,0,0,3,4209,100,14,5,1,0,1,0,0
Frederik Gauthier,TOR,C,2017-01-13,false,NYR,2,1,2,19,0,0,0,0,0,0,7,5313,166,7,8,2,1,1,57,58
Brendan Gaunce,VAN,C,2016-11-02,false,MTL,0,1,-1,4,0,0,0,0,0,0,9,5708,150,7,2,2,1,2,29,31
Cameron Gaunce,PIT,D,2017-03-29,false,CHI,1,3,1,13,0,0,0,0,0,0,8,7210,173,18,6,5,1,2,0,0
Johnny Gaudreau,CGY,L,2016-10-30,false,WSH,2,5,-5,0,0,1,0,0,0,0,28,11587,245,3,3,9,12,1,0,0
Jason Garrison,TBL,D,2016-11-01,false,NYI,0,2,-8,4,0,0,0,0,0,0,18,10614,242,13,13,10,9,4,0,0
Jake Gardiner,TOR,D,2016-11-01,false,EDM,1,5,-2,2,1,1,0,0,0,0,13,10937,239,13,10,5,11,3,0,0
Brendan Gallagher,MTL,R,2016-11-02,false,VAN,4,5,9,8,1,0,0,0,1,0,33,9041,213,9,1,7,3,3,17,23
Alex Galchenyuk,MTL,C,2016-11-02,false,VAN,3,7,9,8,1,2,0,0,0,0,15,9441,213,5,6,9,7,3,37,64
Sam Gagner,CBJ,C,2016-11-09,false,ANA,3,2,1,0,2,2,0,0,1,0,21,8070,174,2,2,8,2,1,22,30
Kurtis Gabriel,MIN,R,2016-12-23,false,NYR,0,1,0,24,0,0,0,0,0,0,3,3542,95,21,1,2,2,0,0,0
Marian Gaborik,LAK,R,2016-12-20,false,CBJ,1,3,1,2,1,1,0,0,0,0,24,8773,192,5,2,14,3,1,0,1
Michael Frolik,CGY,R,2016-10-30,false,WSH,4,2,0,4,0,0,1,0,0,0,19,9252,218,6,8,8,3,7,4,2
Cody Franson,BUF,D,2016-11-03,false,TOR,0,3,3,2,0,0,0,0,0,0,15,9216,212,5,4,4,4,0,0,0
Cam Fowler,ANA,D,2016-11-01,false,LAK,3,4,1,2,2,3,0,0,0,0,22,14478,287,5,11,5,9,2,0,0
Gustav Forsling,CHI,D,2016-11-05,false,DAL,0,1,1,2,0,0,0,0,0,0,12,9890,203,7,4,5,7,0,0,0
Filip Forsberg,NSH,L,2016-11-03,false,ARI,0,7,-3,4,0,3,0,0,0,0,18,11753,262,16,4,13,3,10,4,6
Derek Forbort,LAK,D,2016-11-01,false,ANA,0,0,-3,28,0,0,0,0,0,0,7,7501,178,18,17,2,5,2,0,0
Christian Folin,MIN,D,2016-11-05,false,COL,0,1,8,8,0,0,0,0,0,0,10,10619,243,18,13,1,2,4,0,0
Marcus Foligno,BUF,L,2016-11-03,false,TOR,2,2,2,6,0,0,0,0,0,0,13,9839,228,32,9,8,7,8,0,1
Nick Foligno,CBJ,L,2016-11-05,false,STL,4,8,4,14,2,4,0,0,0,0,14,10164,230,15,5,11,3,3,8,8
Brian Flynn,MTL,C,2016-11-05,false,PHI,0,2,1,2,0,0,0,0,0,0,9,7393,195,7,7,7,5,4,9,11
Mike Fisher,NSH,C,2016-11-12,false,ANA,3,4,-4,4,3,3,0,0,1,0,19,10110,227,29,9,4,0,2,102,80
Valtteri Filppula,TBL,C,2016-11-01,false,NYI,4,3,4,4,0,0,0,0,1,0,13,10446,211,5,5,2,3,4,70,104
Vernon Fiddler,NJD,C,2016-11-05,false,TBL,0,0,-3,13,0,0,0,0,0,0,12,7676,192,6,5,2,7,3,68,60
Kevin Fiala,NSH,L,2016-11-05,false,CAR,2,0,-1,2,0,0,0,0,1,0,18,7161,179,8,1,1,5,3,0,0
Micheal Ferland,CGY,L,2016-10-30,false,WSH,2,3,1,0,0,1,0,0,0,0,13,6701,159,23,2,5,6,2,0,0
Eric Fehr,PIT,C,2016-11-02,false,ANA,1,1,-1,2,0,0,0,0,1,0,10,6948,177,11,11,3,0,5,21,17
Taylor Fedun,BUF,D,2017-01-05,false,CHI,0,4,0,2,0,3,0,0,0,0,12,8793,205,2,8,3,5,1,0,0
Justin Faulk,CAR,D,2016-11-05,false,NSH,3,3,-4,8,1,2,0,0,0,0,23,14783,284,13,10,17,12,7,0,0
Jesper Fast,NYR,R,2016-11-01,false,STL,0,4,5,4,0,0,0,0,0,0,4,7903,202,16,3,6,2,5,5,3
Hudson Fasching,BUF,R,2017-03-21,false,PIT,0,1,-1,2,0,0,0,0,0,0,6,6245,145,17,2,3,1,1,0,0
Justin Falk,BUF,D,2016-12-01,false,NYR,0,0,0,2,0,0,0,0,0,0,7,7819,200,16,3,3,3,1,0,0
Radek Faksa,DAL,C,2016-11-03,false,STL,1,1,-1,6,0,0,0,0,0,0,17,9651,251,9,9,10,4,4,74,73
Robby Fabbri,STL,C,2016-11-01,false,NYR,0,3,-5,6,0,1,0,0,0,0,15,9782,219,10,6,4,5,5,2,1
Adam Erne,TBL,L,2017-03-09,false,MIN,1,0,-2,4,0,0,0,0,0,0,20,7601,180,28,4,9,2,2,0,2
Joel Eriksson Ek,MIN,C,2017-03-30,false,OTT,3,3,3,2,0,0,0,0,1,0,9,6107,161,17,5,5,1,1,31,41
Loui Eriksson,VAN,L,2016-11-02,false,MTL,0,4,-4,0,0,1,0,1,0,0,18,11606,239,0,3,8,2,3,0,0
Jonathan Ericsson,DET,D,2016-10-30,false,FLA,0,2,3,28,0,0,0,0,0,0,8,10574,246,13,13,5,4,0,0,0
Toby Enstrom,WPG,D,2016-11-01,false,WSH,0,2,-3,10,0,1,0,0,0,0,10,13384,293,2,12,5,5,1,0,0
Tyler Ennis,BUF,L,2016-11-03,false,TOR,1,1,-5,0,0,0,0,0,0,0,28,8766,191,5,3,5,2,5,0,3
Deryk Engelland,CGY,D,2016-10-30,false,WSH,1,1,5,9,0,0,0,0,1,0,13,11701,275,11,25,7,9,2,0,0
Alexei Emelin,MTL,D,2016-11-02,false,VAN,1,2,5,10,0,0,0,0,0,0,8,12358,260,36,18,2,13,0,0,0
Ryan Ellis,NSH,D,2016-11-03,false,ARI,0,3,-1,2,0,2,0,0,0,0,16,14226,285,17,19,7,2,1,0,0
Lars Eller,WSH,C,2016-11-03,false,WPG,1,0,1,10,0,0,0,0,0,0,19,8930,198,5,1,5,4,6,56,64
Remi Elie,DAL,L,2017-03-24,false,SJS,1,4,2,6,0,0,0,0,0,0,10,9456,225,22,8,4,8,4,1,0
Oliver Ekman-Larsson,ARI,D,2016-11-03,false,NSH,5,2,0,6,2,0,0,0,1,1,27,15504,274,16,10,12,6,3,0,0
Mattias Ekholm,NSH,D,2016-11-03,false,ARI,0,2,-1,4,0,1,0,0,0,0,17,14033,279,8,13,9,8,5,0,0
Aaron Ekblad,FLA,D,2016-11-01,false,BOS,1,0,-3,8,1,0,0,0,0,0,29,14159,236,22,13,14,2,5,0,0
Jack Eichel,BUF,C,2016-12-20,false,FLA,5,3,1,2,2,2,0,0,2,0,37,11514,216,6,7,12,7,5,47,63
Nikolaj Ehlers,WPG,L,2016-11-01,false,WSH,2,2,-2,4,0,1,0,0,0,0,26,10657,213,5,3,11,6,4,0,1
Joel Edmundson,STL,D,2016-11-01,false,NYR,0,1,-1,6,0,0,0,0,0,0,8,9897,250,21,12,3,2,2,0,0
Alexander Edler,VAN,D,2016-11-02,false,MTL,1,0,-4,4,1,0,0,0,0,0,19,14647,296,16,32,5,5,2,0,0
Jordan Eberle,EDM,C,2016-11-01,false,TOR,3,3,-1,2,1,0,0,0,0,0,30,10939,246,2,4,6,1,5,0,1
Patrick Eaves,DAL,R,2016-11-05,false,CHI,2,3,0,2,1,1,0,0,0,0,23,10096,236,17,6,14,0,0,0,0
Cody Eakin,DAL,C,2016-12-06,false,CGY,0,1,-6,0,0,0,0,0,0,0,12,9525,234,6,5,5,2,1,64,80
Ryan Dzingel,OTT,L,2016-11-03,false,VAN,4,3,5,0,0,1,1,0,1,0,12,7102,171,6,7,3,3,2,0,2
Christian Dvorak,ARI,C,2016-11-08,false,COL,1,4,3,2,0,1,0,0,0,0,5,8618,176,6,9,3,2,0,51,59
Brian Dumoulin,PIT,D,2016-11-02,false,ANA,0,0,0,4,0,0,0,0,0,0,15,12684,292,19,13,6,7,1,0,0
Gabriel Dumont,TBL,C,2017-02-02,false,OTT,0,1,-2,5,0,0,0,0,0,0,16,5914,146,24,4,2,2,1,29,17
Matt Dumba,MIN,D,2016-11-01,false,BUF,1,3,3,2,1,1,0,0,0,0,17,13713,259,14,10,7,3,3,0,0
Anthony Duclair,ARI,L,2016-11-03,false,NSH,1,1,0,0,0,0,0,0,0,0,16,8295,184,1,1,4,5,4,0,0
Matt Duchene,COL,C,2016-11-05,false,MIN,5,4,1,2,0,2,0,0,2,0,25,11073,237,4,9,6,5,5,66,39
Brandon Dubinsky,CBJ,C,2016-11-05,false,STL,0,2,-6,15,0,1,0,0,0,0,11,10336,245,31,5,8,5,3,91,94
Jonathan Drouin,TBL,L,2016-11-01,false,NYI,2,3,-4,4,2,1,0,0,0,0,30,9947,196,7,7,7,9,5,20,21
Leon Draisaitl,EDM,C,2016-11-01,false,TOR,2,4,-3,0,1,1,0,0,0,0,21,9853,212,5,4,5,9,6,70,66
Nic Dowd,LAK,C,2016-11-05,false,CGY,2,4,1,2,1,1,0,0,1,1,12,8153,194,27,4,6,4,1,54,61
Drew Doughty,LAK,D,2016-11-01,false,ANA,2,2,-2,8,0,1,0,0,0,0,28,16727,333,17,21,10,10,0,1,0
Jake Dotchin,TBL,D,2017-02-18,false,DAL,0,3,4,10,0,0,0,0,0,0,11,10004,223,29,6,10,6,0,0,0
Joonas Donskoi,SJS,R,2016-11-01,false,ARI,2,3,-2,2,1,1,0,0,0,0,18,8768,208,2,3,10,3,6,0,0
Max Domi,ARI,L,2016-11-03,false,NSH,0,7,-1,6,0,1,0,0,0,0,23,11023,216,8,7,6,7,5,3,2
Shane Doan,ARI,R,2016-11-03,false,NSH,1,2,-4,2,1,1,0,0,0,0,23,9330,196,18,3,5,4,1,16,14
Brenden Dillon,SJS,D,2016-11-01,false,ARI,0,1,1,6,0,0,0,0,0,0,15,9408,217,19,6,6,1,0,0,0
Jason Dickinson,DAL,C,2017-04-08,false,COL,2,0,-3,0,0,0,0,0,0,0,9,7074,173,8,4,5,0,3,4,9
Phillip Di Giuseppe,CAR,L,2016-11-08,false,NJD,0,0,-6,11,0,0,0,0,0,0,14,6974,158,16,3,9,2,4,0,0
Nicolas Deslauriers,BUF,L,2016-12-16,false,NYI,0,0,-3,4,0,0,0,0,0,0,6,5155,121,25,2,4,0,1,0,0
Andrew Desjardins,CHI,L,2016-12-04,false,WPG,0,0,-1,4,0,0,0,0,0,0,14,6175,149,15,2,3,1,3,12,7
David Desharnais,MTL,C,2016-11-02,false,VAN,2,2,2,0,0,0,0,0,0,0,10,8145,189,0,2,0,2,3,34,34
Jason Demers,FLA,D,2016-11-01,false,BOS,0,3,-3,4,0,1,0,1,0,0,11,11750,224,3,7,13,7,8,0,0
Michael Del Zotto,PHI,D,2016-12-01,false,OTT,3,4,-1,4,0,0,0,0,0,0,23,11081,249,42,20,8,5,2,0,0
Dylan DeMelo,SJS,D,2016-12-31,false,LAK,1,1,-2,2,0,0,0,0,0,0,17,9306,216,16,12,5,4,0,0,0
Danny DeKeyser,DET,D,2016-10-30,false,FLA,1,0,1,8,0,0,0,0,0,0,7,13446,287,12,25,5,7,1,0,0
Anthony DeAngelo,ARI,D,2016-11-29,false,SJS,2,4,0,2,1,2,0,0,0,0,16,11665,236,2,13,5,5,1,0,0
Brandon Davidson,EDM,D,2017-01-12,false,NJD,0,1,-1,6,0,0,0,0,0,0,14,8822,199,12,21,5,8,1,0,0
Laurent Dauphin,ARI,C,2016-11-12,false,BOS,1,1,-1,4,0,0,1,0,0,0,12,6626,153,14,5,1,1,7,13,15
Marko Dano,WPG,C,2016-11-19,false,BOS,3,3,1,2,2,0,0,0,0,0,12,7643,177,18,4,7,6,4,1,3
Phillip Danault,MTL,L,2016-11-02,false,VAN,2,3,4,0,0,0,0,0,0,0,14,7523,189,8,9,3,5,1,21,24
Trevor Daley,PIT,D,2016-11-02,false,ANA,1,2,2,6,1,1,0,0,0,0,16,13102,305,4,20,11,1,8,0,0
Klas Dahlbeck,CAR,D,2016-12-30,false,CHI,1,2,0,12,0,0,0,0,0,0,7,7475,183,14,6,4,2,3,0,0
Austin Czarnik,BOS,C,2016-11-10,false,CBJ,2,2,-1,4,0,1,0,0,1,0,14,8759,203,1,6,3,5,2,5,13
Matt Cullen,PIT,C,2016-11-02,false,ANA,3,5,4,0,0,1,0,0,1,0,16,9516,244,6,2,9,5,1,99,66
Lawson Crouse,ARI,L,2016-11-10,false,WPG,1,0,-4,4,0,0,0,0,0,0,13,6310,148,21,4,2,0,2,0,0
Sidney Crosby,PIT,C,2016-11-16,false,WSH,10,3,3,2,3,1,0,0,1,0,37,11016,249,13,2,11,8,5,107,131
Joseph Cramarossa,ANA,C,2016-11-10,false,CAR,1,1,1,20,0,0,0,0,0,0,6,6746,170,25,8,5,4,2,1,0
Adam Cracknell,DAL,R,2016-11-03,false,STL,2,1,1,0,0,0,0,0,0,0,13,5893,154,12,5,8,3,2,20,15
Charlie Coyle,MIN,C,2016-11-01,false,BUF,3,4,1,18,1,0,0,0,1,0,18,10277,231,12,8,9,6,5,8,7
Sean Couturier,PHI,C,2016-10-30,false,CAR,3,1,-2,6,0,0,0,0,1,0,17,11138,258,10,9,10,5,6,84,90
Logan Couture,SJS,C,2016-11-01,false,ARI,2,4,-2,2,2,0,0,0,0,0,31,10884,254,1,8,5,7,1,41,81
Nick Cousins,PHI,C,2016-11-03,false,NYI,1,3,1,2,0,1,0,0,0,0,12,6467,146,12,5,0,0,2,3,13
Andrew Copp,WPG,C,2016-11-19,false,BOS,2,2,0,0,0,0,1,0,0,0,9,7450,187,15,7,5,3,6,13,33
Kyle Connor,WPG,L,2016-11-03,false,WSH,1,2,-4,4,0,1,0,0,1,0,17,8369,176,1,4,6,2,6,1,1
Brett Connolly,WSH,R,2016-11-20,false,CBJ,1,0,1,10,0,0,0,0,0,0,11,5881,141,22,1,3,1,3,0,0
Kevin Connauton,ARI,D,2017-01-04,false,VAN,0,1,-3,6,0,0,0,0,0,0,11,7753,188,21,8,7,2,1,0,0
Erik Condra,TBL,R,2017-01-17,false,ANA,0,0,-4,4,0,0,0,0,0,0,7,5814,136,4,7,3,2,3,1,0
Cory Conacher,TBL,C,2017-04-07,false,MTL,1,3,0,4,1,0,0,0,0,0,14,6792,176,1,0,6,6,5,1,1
J.T. Compher,COL,L,2017-03-19,false,CHI,1,0,-3,2,0,0,0,0,1,0,10,7945,185,6,11,4,2,2,41,42
Blake Comeau,COL,L,2016-11-05,false,MIN,1,1,-2,14,1,0,0,0,0,0,13,8613,208,16,4,3,1,3,25,23
Blake Coleman,NJD,C,2017-03-07,false,CBJ,0,1,-3,4,0,0,0,0,0,0,14,7518,170,21,9,4,7,7,44,49
Ian Cole,PIT,D,2016-11-02,false,ANA,1,0,-4,10,0,0,0,0,0,0,8,11466,262,27,22,10,6,2,0,0
Joe Colborne,COL,C,2016-11-05,false,MIN,3,1,-4,4,2,0,0,0,0,0,13,7701,180,8,4,0,3,2,13,28
Andrew Cogliano,ANA,L,2016-11-01,false,LAK,4,0,2,2,0,0,2,0,0,0,22,9158,237,13,6,2,2,3,1,4
Braydon Coburn,TBL,D,2016-11-01,false,NYI,0,1,-3,6,0,0,0,0,0,0,16,9601,213,15,3,4,2,0,0,0
Cal Clutterbuck,NYI,R,2016-11-01,false,TBL,1,4,1,8,0,0,0,0,0,0,16,9364,242,34,4,6,5,2,1,2
Kyle Clifford,LAK,L,2016-11-03,false,PIT,0,1,1,21,0,0,0,0,0,0,19,5949,135,27,1,6,1,3,0,1
Adam Clendening,NYR,D,2017-01-04,false,PHI,0,3,4,6,0,1,0,0,0,0,6,9486,218,5,8,7,4,3,0,0
Fredrik Claesson,OTT,D,2017-01-21,false,TOR,0,0,-2,0,0,0,0,0,0,0,4,6341,160,12,4,2,4,0,0,0
Casey Cizikas,NYI,C,2016-11-01,false,TBL,1,3,2,6,0,0,0,0,1,0,12,8776,232,25,14,3,2,4,85,84
Jakob Chychrun,ARI,D,2016-11-04,false,ANA,1,2,0,21,0,0,0,0,0,0,13,10755,232,15,11,14,8,2,0,0
Taylor Chorney,WSH,D,2017-01-19,false,STL,1,2,5,4,0,0,0,0,1,0,11,8136,184,17,16,5,3,2,0,0
Jason Chimera,NYI,L,2016-11-01,false,TBL,0,3,-5,8,0,0,0,0,0,0,12,8063,204,19,2,3,4,1,1,4
Alex Chiasson,CGY,R,2016-10-30,false,WSH,1,2,4,8,0,0,0,0,0,0,14,7282,184,11,2,4,4,4,0,3
Ben Chiarot,WPG,D,2016-11-03,false,WSH,0,1,-6,2,0,0,0,0,0,0,5,7942,169,13,13,1,7,1,0,0
Zdeno Chara,BOS,D,2016-11-03,false,TBL,1,2,9,15,0,0,0,0,0,0,15,14296,278,20,21,7,7,8,0,0
Michael Chaput,VAN,C,2016-11-26,false,COL,0,1,-4,4,0,0,0,0,0,0,8,6613,167,14,4,0,1,1,52,41
Peter Cehlarik,BOS,L,2017-03-06,false,OTT,0,2,0,0,0,1,0,0,0,0,8,8812,189,6,4,6,10,8,2,0
Cody Ceci,OTT,D,2016-11-03,false,VAN,0,2,-3,4,0,0,0,1,0,0,13,13697,308,20,24,8,5,5,0,0
Jeff Carter,LAK,C,2016-11-01,false,ANA,2,3,-1,4,0,0,0,0,1,1,30,10880,235,8,5,13,7,3,89,77
William Carrier,BUF,L,2016-11-23,false,DET,1,0,2,2,0,0,0,0,0,0,17,5005,131,40,2,3,3,2,1,1
Connor Carrick,TOR,D,2016-11-01,false,EDM,1,0,2,6,0,0,0,0,0,0,24,11446,269,11,14,7,9,3,0,0
Daniel Carr,MTL,L,2016-11-26,false,DET,1,1,2,4,0,0,0,0,1,0,15,6329,147,12,5,5,3,2,1,1
Ryan Carpenter,SJS,C,2017-02-02,false,VAN,2,2,5,4,0,0,0,0,0,0,19,6058,162,12,2,2,2,1,31,35
John Carlson,WSH,D,2016-11-03,false,WPG,0,4,1,0,0,1,0,0,0,0,30,14177,262,6,12,13,9,4,0,0
Brandon Carlo,BOS,D,2016-11-03,false,TBL,2,1,9,6,0,0,0,0,0,0,12,13578,276,10,27,9,2,1,0,0
Brian Campbell,CHI,D,2016-11-01,false,CGY,1,5,6,4,0,2,0,0,0,0,12,10933,227,11,7,3,9,0,0,0
Michael Cammalleri,NJD,L,2016-11-05,false,TBL,0,3,0,8,0,1,0,0,0,0,23,9589,207,6,2,12,7,3,2,2
Matt Calvert,CBJ,L,2016-11-05,false,STL,1,1,-1,4,0,0,0,0,0,0,14,9525,224,14,6,7,4,7,2,3
Ryan Callahan,TBL,R,2016-11-17,false,BUF,1,1,1,17,0,0,0,0,0,0,13,8294,194,27,8,6,2,5,2,2
Drake Caggiula,EDM,L,2016-12-06,false,BUF,1,4,1,2,1,1,0,0,0,0,11,8327,193,16,1,8,2,3,20,32
Paul Byron,MTL,L,2016-11-02,false,VAN,2,3,2,4,0,0,1,0,1,0,10,7906,210,10,5,1,3,6,2,0
Dustin Byfuglien,WPG,D,2016-11-01,false,WSH,0,6,0,6,0,1,0,0,0,0,27,17295,293,26,17,20,15,6,0,0
Alexandre Burrows,VAN,L,2016-11-08,false,NYR,2,0,-2,21,0,0,0,0,0,0,19,7112,193,9,2,1,2,8,0,2
Brent Burns,SJS,D,2016-11-01,false,ARI,3,7,2,4,0,2,0,0,1,0,56,14348,272,10,27,19,19,4,0,0
Alexander Burmistrov,WPG,C,2016-11-03,false,WSH,0,1,-3,0,0,0,0,0,0,0,5,6881,150,8,2,3,4,1,25,44
Andre Burakovsky,WSH,L,2016-11-03,false,WPG,2,3,-1,0,0,0,0,0,0,0,22,9429,190,4,2,5,2,6,0,0
Pavel Buchnevich,NYR,R,2016-11-12,false,CGY,4,4,4,4,1,2,0,0,0,0,18,9057,198,3,3,9,10,4,0,1
Dustin Brown,LAK,R,2016-11-01,false,ANA,1,4,-4,6,0,2,1,0,0,0,16,9964,217,22,3,10,4,5,0,1
Connor Brown,TOR,R,2016-11-01,false,EDM,1,1,-2,4,0,0,0,0,0,0,10,7866,199,12,9,5,1,2,0,0
J.T. Brown,TBL,R,2016-11-03,false,BOS,1,0,-5,10,0,0,1,0,0,0,10,6038,150,11,2,3,3,2,0,1
Patrick Brown,CAR,C,2017-03-18,false,NSH,0,0,-6,0,0,0,0,0,0,0,7,5589,134,17,4,5,2,1,3,1
Troy Brouwer,CGY,R,2016-10-30,false,WSH,3,3,0,6,0,2,1,0,0,0,16,10344,240,26,7,4,2,5,7,13
Kyle Brodziak,STL,C,2016-11-03,false,DAL,0,0,-2,10,0,0,0,0,0,0,5,5230,152,9,3,2,0,2,19,34
Jonas Brodin,MIN,D,2016-11-01,false,BUF,1,3,6,6,0,0,0,0,1,0,10,11379,251,3,12,12,5,1,0,0
TJ Brodie,CGY,D,2016-10-30,false,WSH,0,2,-5,2,0,1,0,0,0,0,16,14147,311,4,10,4,7,8,0,0
Justin Braun,SJS,D,2016-11-01,false,ARI,0,0,-6,2,0,0,0,0,0,0,11,11868,248,12,22,6,6,6,0,0
Derick Brassard,OTT,C,2016-11-03,false,VAN,1,4,3,4,0,1,0,0,0,0,24,10584,225,15,0,8,5,6,79,98
Tyler Bozak,TOR,C,2016-11-01,false,EDM,3,2,-4,2,0,0,0,0,1,0,17,9531,225,9,3,7,3,5,96,64
Brian Boyle,TBL,C,2016-11-01,false,NYI,2,0,0,12,0,0,0,0,0,0,15,6387,157,16,3,1,3,5,47,38
Johnny Boychuk,NYI,D,2016-11-01,false,TBL,2,2,-1,2,0,1,1,0,1,0,31,11839,230,24,26,12,6,3,0,0
Jay Bouwmeester,STL,D,2016-11-01,false,NYR,0,1,-1,4,0,0,0,0,0,0,11,13530,297,8,15,6,7,2,0,0
Rene Bourque,COL,R,2016-11-08,false,ARI,2,1,-4,13,2,0,0,0,0,0,18,8487,190,21,7,7,1,3,0,3
Michael Bournival,TBL,L,2017-01-08,false,PIT,1,0,-2,2,0,0,0,0,0,0,14,5826,144,12,4,8,1,3,1,2
Lance Bouma,CGY,C,2016-10-30,false,WSH,0,1,0,2,0,0,0,0,0,0,3,7234,182,19,8,2,2,2,0,1
Reid Boucher,NSH,C,2016-12-04,false,PHI,0,2,0,2,0,0,0,0,0,0,12,7052,145,12,7,4,1,5,0,0
Robert Bortuzzo,STL,D,2016-12-01,false,TBL,1,1,6,2,0,0,0,0,0,0,15,8656,236,23,19,7,6,2,0,0
Mark Borowiecki,OTT,D,2016-11-03,false,VAN,0,0,3,21,0,0,0,0,0,0,3,7346,198,25,14,4,0,0,0,0
Nick Bonino,PIT,C,2016-11-02,false,ANA,0,3,-5,4,0,1,0,0,0,0,16,10931,265,11,14,4,2,8,94,96
Jared Boll,ANA,R,2016-11-02,false,PIT,0,1,-3,16,0,0,0,0,0,0,3,4139,104,10,2,0,2,1,0,1
Zach Bogosian,BUF,D,2016-12-17,false,CAR,0,0,-3,6,0,0,0,0,0,0,14,11531,259,9,18,2,5,5,0,0
Mikkel Boedker,SJS,L,2016-11-01,false,ARI,2,0,-3,2,0,0,0,0,0,0,11,9340,225,7,3,10,6,4,2,4
Anton Blidh,BOS,L,2016-12-27,false,CBJ,1,1,1,0,0,0,0,0,0,0,20,5901,135,23,1,5,3,3,0,0
Joseph Blandisi,NJD,L,2017-02-27,false,MTL,1,2,-3,7,0,1,0,0,0,0,10,6686,168,13,0,5,0,1,15,16
Nick Bjugstad,FLA,C,2016-12-10,false,VAN,0,0,-5,6,0,0,0,0,0,0,9,7590,170,17,1,4,5,3,24,26
Oliver Bjorkstrand,CBJ,R,2017-02-26,false,NYR,2,3,4,6,0,0,0,0,1,0,19,8343,195,5,2,5,4,5,1,0
Anthony Bitetto,NSH,D,2017-01-14,false,COL,0,2,0,9,0,0,0,0,0,0,7,7099,176,15,10,6,2,0,0,0
Kevin Bieksa,ANA,D,2016-11-01,false,LAK,0,0,1,15,0,0,0,0,0,0,23,12369,245,23,7,9,4,1,0,0
Alex Biega,VAN,D,2016-12-23,false,CGY,0,2,1,8,0,0,0,0,0,0,9,9443,219,24,10,10,1,2,0,0
Bryan Bickell,CAR,L,2017-04-08,false,STL,1,0,-5,4,1,0,0,0,1,0,6,6079,141,15,2,6,2,3,0,2
Patrik Berglund,STL,C,2016-11-01,false,NYR,1,3,1,6,0,0,0,0,0,0,17,9397,230,18,4,9,3,3,67,49
Patrice Bergeron,BOS,C,2016-11-08,false,MTL,2,2,0,2,0,0,0,0,1,0,39,11333,240,11,10,13,2,4,141,104
Matt Benning,EDM,D,2016-11-19,false,DAL,0,3,6,2,0,1,0,0,0,0,10,9682,218,14,9,8,6,0,0,0
Sam Bennett,CGY,C,2016-10-30,false,WSH,3,3,1,20,1,0,0,0,0,0,16,8688,212,25,1,8,5,3,57,53
Beau Bennett,NJD,R,2016-11-06,false,CAR,0,3,2,2,0,0,0,0,0,0,15,7213,159,7,2,2,3,6,0,1
Jamie Benn,DAL,L,2016-11-03,false,STL,2,6,-2,17,2,1,0,0,0,0,24,11734,278,16,4,12,7,9,61,37
Jordie Benn,DAL,D,2016-11-06,false,CHI,1,3,1,8,0,1,0,0,0,0,15,11103,256,8,18,5,4,1,0,0
Pierre-Edouard Bellemare,PHI,L,2016-10-30,false,CAR,0,2,2,0,0,0,0,1,0,0,13,8320,204,7,10,5,1,0,55,58
Matt Beleskey,BOS,L,2016-11-05,false,NYR,0,0,-7,2,0,0,0,0,0,0,16,9198,195,25,5,12,2,3,12,17
Anthony Beauvillier,NYI,C,2016-11-05,false,EDM,1,4,3,2,0,0,0,0,0,0,9,6863,156,15,2,3,2,1,5,4
Nathan Beaulieu,MTL,D,2016-11-02,false,VAN,1,3,10,9,0,1,0,0,1,0,12,10528,231,13,18,2,16,5,0,0
Francois Beauchemin,COL,D,2016-11-05,false,MIN,0,2,3,4,0,1,0,0,0,0,12,12027,265,9,15,6,6,5,0,0
Jay Beagle,WSH,C,2016-11-03,false,WPG,1,3,4,2,0,0,0,0,1,0,15,7393,182,5,5,2,4,1,68,45
Matt Bartkowski,CGY,D,2017-03-11,false,WPG,0,1,5,7,0,0,0,0,0,0,6,8751,218,14,8,4,4,2,0,0
Tyson Barrie,COL,D,2016-11-05,false,MIN,1,4,-6,2,0,3,0,0,1,0,28,13349,270,10,11,14,4,2,0,0
Aleksander Barkov,FLA,C,2016-11-01,false,BOS,2,3,3,0,0,1,0,0,1,1,15,11575,233,4,5,6,2,7,72,66
Mark Barberio,MTL,D,2016-12-23,false,CBJ,0,2,1,4,0,0,0,0,0,0,12,9064,200,4,7,3,8,1,0,0
Ivan Barbashev,STL,C,2017-02-16,false,VAN,2,1,4,2,0,0,0,0,1,0,8,6322,152,16,7,3,0,2,25,35
Nicholas Baptiste,BUF,R,2016-11-12,false,NJD,2,0,2,6,0,0,0,0,0,0,10,5249,129,5,1,4,1,0,1,2
Justin Bailey,BUF,R,2017-02-04,false,OTT,1,0,2,0,0,0,0,0,0,0,10,5789,141,13,3,4,2,1,0,0
Josh Bailey,NYI,R,2016-11-01,false,TBL,2,4,4,0,0,0,0,0,1,1,20,11758,248,2,14,5,3,6,0,2
Sven Baertschi,VAN,L,2016-11-02,false,MTL,0,2,-2,0,0,0,0,0,0,0,17,8712,196,6,4,3,3,1,1,0
Nicklas Backstrom,WSH,C,2016-11-03,false,WPG,1,7,-2,4,0,4,0,0,0,0,20,10802,234,8,2,1,6,5,89,63
Mikael Backlund,CGY,C,2016-10-30,false,WSH,1,5,0,2,0,1,0,1,0,0,23,10234,243,3,12,4,8,4,87,81
David Backes,BOS,R,2016-11-12,false,ARI,3,3,7,15,0,1,0,0,0,0,25,10821,220,36,6,7,6,3,34,39
Yohann Auvitu,NJD,D,2016-11-05,false,TBL,0,2,2,0,0,1,0,0,0,0,26,10324,220,8,3,5,6,4,0,0
Cam Atkinson,CBJ,R,2016-11-05,false,STL,4,3,-7,4,4,3,0,0,1,0,32,10491,247,4,5,12,0,4,1,0
Andreas Athanasiou,DET,C,2016-11-04,false,WPG,3,1,0,0,0,0,0,0,0,0,17,7489,171,3,3,7,2,1,0,3
Viktor Arvidsson,NSH,L,2016-11-03,false,ARI,4,2,-4,2,1,1,1,0,0,0,29,8337,214,6,5,6,3,4,1,0
Joel Armia,WPG,R,2016-11-03,false,WSH,1,3,0,2,0,0,0,0,0,0,18,8584,199,8,2,5,7,10,2,3
Josh Archibald,PIT,R,2017-04-09,false,NYR,3,0,3,4,0,0,1,0,0,0,11,6519,163,28,2,9,2,0,0,1
Artem Anisimov,CHI,C,2016-11-01,false,CGY,7,6,7,8,1,2,0,0,3,1,20,11154,240,7,1,8,0,6,59,85
Sven Andrighetto,MTL,R,2017-01-09,false,WSH,0,2,2,0,0,0,0,0,0,0,12,5855,144,12,6,4,1,2,0,0
Andy Andreoff,LAK,L,2016-12-10,false,OTT,0,0,-1,10,0,0,0,0,0,0,4,5926,135,18,3,5,4,0,11,9
Josh Anderson,CBJ,R,2016-11-05,false,STL,5,1,8,15,0,0,0,0,1,0,18,7137,188,12,2,4,2,1,1,2
Karl Alzner,WSH,D,2016-11-03,false,WPG,2,2,6,6,0,0,0,0,0,0,13,12050,266,9,17,4,7,1,0,0
Sebastian Aho,CAR,R,2016-11-05,false,NSH,0,5,-1,2,0,3,0,0,0,0,22,9187,199,3,1,10,6,2,0,0
Noel Acciari,BOS,C,2016-11-03,false,TBL,0,2,1,4,0,0,0,0,0,0,6,6143,148,22,2,3,1,4,6,8
Pontus Aberg,NSH,L,2017-01-10,false,VAN,1,1,1,2,0,0,0,0,0,0,7,6995,161,5,1,1,1,4,1,0
Justin Abdelkader,DET,L,2016-11-04,false,WPG,2,1,0,7,1,0,0,0,0,0,14,10036,212,26,3,7,2,4,0,2
Jake Virtanen,VAN,R,2016-11-05,false,TOR,0,1,1,2,0,0,0,0,0,0,13,6087,157,17,4,4,0,4,3,0
Clayton Stoner,ANA,D,2016-11-06,false,CGY,1,2,2,26,0,0,0,0,0,0,11,10615,239,25,13,3,2,1,0,0
Steven Stamkos,TBL,C,2016-11-01,false,NYI,7,5,-1,10,2,2,0,0,1,0,41,11188,224,12,2,10,0,9,59,64
Brad Richardson,ARI,R,2016-11-03,false,NSH,4,4,1,6,0,0,2,1,0,0,22,9354,220,8,6,4,2,7,82,71
Kyle Rau,FLA,C,2016-11-15,false,MTL,2,1,0,4,0,0,0,0,0,0,10,6856,151,11,2,1,1,3,2,1
Teddy Purcell,LAK,L,2016-11-17,false,EDM,0,2,0,0,0,0,0,0,0,0,10,7777,178,7,1,3,3,2,3,0
Tyler Pitlick,EDM,R,2016-11-01,false,TOR,3,1,0,0,0,0,0,0,1,0,10,4833,130,25,3,2,2,1,1,0
Tyler Myers,WPG,D,2016-11-10,false,ARI,2,3,5,13,0,0,0,1,0,0,16,14038,280,12,20,7,9,5,0,0
Taylor Leier,PHI,L,2016-12-30,false,SJS,1,1,-1,4,0,0,0,0,0,0,7,5436,138,7,0,3,0,2,0,1
Johan Larsson,BUF,C,2016-11-03,false,TOR,2,3,-1,6,0,0,0,0,2,0,11,10366,225,11,10,6,7,3,66,72
Shane Harper,FLA,R,2016-11-01,false,BOS,2,1,1,16,0,0,0,0,0,0,11,6122,138,17,0,3,2,3,0,0
Erik Gudbranson,VAN,D,2016-11-02,false,MTL,0,2,-1,7,0,0,0,0,0,0,12,11552,247,16,11,2,6,1,0,0
Ryan Garbutt,ANA,C,2016-11-01,false,LAK,1,1,0,4,0,0,0,1,1,0,11,6679,179,21,7,8,1,1,2,1
Derek Dorsett,VAN,R,2016-11-08,false,NYR,1,2,-4,33,0,0,0,0,0,0,18,5930,161,29,6,2,0,1,0,0
