James van Riemsdyk,TOR,L,2016-11-03,false,BUF,4,3,-2,4,0,1,0,0,0,0,32,10166,229,12,5,8,3,4,1,3
Trevor van Riemsdyk,CHI,D,2016-12-20,false,OTT,1,3,5,4,0,0,0,0,0,0,9,11914,255,5,11,1,6,4,0,0
Calvin de Haan,NYI,D,2016-11-03,false,PHI,1,3,6,16,0,0,0,0,0,0,20,12073,237,13,23,6,12,1,0,0
Jason Zucker,MIN,L,2016-11-05,false,COL,2,5,9,4,0,0,0,0,0,0,14,7938,196,14,2,7,2,7,1,0
Mats Zuccarello,NYR,R,2016-11-03,false,EDM,5,3,5,6,2,0,0,0,0,0,23,12591,262,15,3,6,3,11,1,1
Harry Zolnierczyk,NSH,L,2017-01-22,false,MIN,0,2,-1,4,0,0,0,0,0,0,7,5923,146,14,6,1,0,1,0,3
Mika Zibanejad,NYR,C,2016-11-03,false,EDM,2,7,0,6,0,4,0,0,0,0,33,11050,254,5,2,21,4,9,111,90
Henrik Zetterberg,DET,L,2016-11-02,false,PHI,1,4,0,0,0,2,0,0,0,0,25,12533,246,8,3,2,7,9,71,66
Travis Zajac,NJD,C,2016-11-06,false,CAR,4,4,0,6,2,1,0,0,1,0,21,12818,284,13,5,3,2,6,118,102
Nikita Zaitsev,TOR,D,2016-11-03,false,BUF,0,5,-4,0,0,2,0,0,0,0,11,14515,304,20,20,8,8,3,0,0
Nikita Zadorov,COL,D,2016-11-06,false,STL,0,2,-4,10,0,0,0,0,0,0,8,11692,275,29,16,5,6,1,0,0
Pavel Zacha,NJD,C,2016-11-06,false,CAR,1,3,0,6,0,1,0,0,0,0,15,9964,204,16,9,5,2,1,42,61
Keith Yandle,FLA,D,2016-11-03,false,NJD,0,5,1,12,0,2,0,0,0,0,35,15240,263,5,9,12,11,3,0,0
Nail Yakupov,STL,R,2016-11-03,false,DAL,2,2,1,6,0,0,0,0,0,0,14,6898,173,11,0,8,1,4,0,0
Miles Wood,NJD,L,2016-12-17,false,OTT,2,0,-1,8,0,0,0,0,0,0,15,7590,192,10,3,12,2,3,1,0
Luke Witkowski,TBL,D,2017-01-16,false,LAK,0,2,-3,11,0,0,0,0,0,0,8,6701,156,21,8,4,5,2,0,0
Daniel Winnik,WSH,L,2016-11-20,false,CBJ,2,1,3,4,0,0,0,0,1,0,8,6809,161,3,5,2,6,4,2,2
Tommy Wingels,SJS,C,2016-11-03,false,CGY,1,1,-1,0,0,0,0,0,0,0,12,5814,148,12,5,2,3,0,25,31
Scott Wilson,PIT,L,2016-11-03,false,LAK,2,2,-2,2,0,0,0,0,0,0,17,9299,231,24,4,6,2,1,0,0
Colin Wilson,NSH,L,2016-11-05,false,CAR,2,2,-2,6,1,0,0,0,0,0,17,10571,245,8,5,4,6,4,0,1
Tom Wilson,WSH,R,2016-11-05,false,FLA,1,0,5,10,0,0,0,0,0,0,13,8462,197,25,5,0,1,5,0,2
Justin Williams,WSH,R,2016-11-05,false,FLA,1,1,0,6,0,0,0,0,0,0,16,10454,223,2,8,9,4,5,20,6
Patrick Wiercioch,COL,D,2016-11-06,false,STL,1,4,-2,11,0,0,0,0,0,0,17,11008,264,14,12,3,2,2,0,0
Chris Wideman,OTT,D,2016-11-15,false,PHI,0,3,0,8,0,0,0,0,0,0,16,8464,230,6,8,5,7,3,0,0
Dennis Wideman,CGY,D,2016-11-16,false,ARI,2,3,3,4,2,1,0,0,0,0,24,14093,321,10,10,7,14,4,0,0
Ryan White,ARI,C,2016-11-08,false,COL,1,2,-3,20,0,0,0,0,1,0,12,6946,156,33,6,4,1,1,3,12
Blake Wheeler,WPG,R,2016-11-03,false,WSH,3,5,0,12,0,1,1,0,0,0,35,14185,279,14,4,10,8,9,2,3
Zach Werenski,CBJ,D,2016-11-09,false,ANA,3,8,2,2,2,3,0,0,1,1,28,14317,306,9,12,5,5,4,0,0
Alexander Wennberg,CBJ,C,2016-11-09,false,ANA,1,12,5,2,0,8,0,0,0,0,14,11212,246,14,10,3,6,3,73,93
Dale Weise,PHI,R,2016-11-11,false,TOR,0,1,-2,4,0,0,0,0,0,0,10,8190,190,17,2,6,0,3,0,0
Yannick Weber,NSH,D,2016-11-08,false,OTT,0,2,3,15,0,0,0,0,0,0,8,7697,190,13,9,6,8,0,0,0
Shea Weber,MTL,D,2016-11-04,false,CBJ,4,6,14,8,3,1,0,1,3,0,29,17068,321,28,22,14,12,1,0,0
Jordan Weal,PHI,C,2017-03-13,false,CBJ,3,1,4,6,0,0,0,0,0,0,27,9498,225,4,5,8,4,4,4,5
Austin Watson,NSH,L,2016-11-15,false,TOR,0,0,2,12,0,0,0,0,0,0,6,7420,180,22,2,4,0,5,0,2
Joel Ward,SJS,R,2016-11-03,false,CGY,1,0,-6,2,0,0,0,0,0,0,16,10066,238,9,9,9,10,4,32,36
Chris Wagner,ANA,C,2016-11-02,false,PIT,2,0,-2,4,0,0,0,0,0,0,14,7379,191,30,4,4,3,2,21,24
Radim Vrbata,ARI,R,2016-11-04,false,ANA,4,3,1,4,0,0,0,0,0,0,26,11148,232,8,2,13,3,5,3,0
Jakub Vrana,WSH,L,2016-12-23,false,TBL,1,2,2,2,1,1,0,0,1,0,19,7848,167,3,6,10,3,3,0,1
Jakub Voracek,PHI,R,2016-11-02,false,DET,6,5,-3,26,0,3,0,0,1,1,46,12593,262,3,3,8,4,4,0,4
Marc-Edouard Vlasic,SJS,D,2016-11-03,false,CGY,1,3,-1,16,0,2,0,0,1,1,13,14511,290,3,12,6,8,1,0,0
Jimmy Vesey,NYR,L,2016-11-03,false,EDM,6,3,5,2,2,1,0,0,2,0,20,9826,221,8,5,8,4,7,0,0
Kris Versteeg,CGY,R,2016-11-01,false,CHI,2,2,4,2,0,0,0,0,0,0,14,8584,197,1,5,4,5,5,8,5
Joel Vermin,TBL,R,2017-02-07,false,LAK,0,3,3,2,0,0,0,0,0,0,7,7480,174,15,7,6,1,5,2,0
Antoine Vermette,ANA,C,2016-11-02,false,PIT,1,4,0,6,1,1,0,0,0,0,13,10361,270,14,11,10,4,4,110,52
Frank Vatrano,BOS,C,2017-01-12,false,NSH,3,3,0,2,1,1,0,0,0,0,30,9458,216,19,4,11,1,2,0,0
Sami Vatanen,ANA,D,2016-11-02,false,PIT,1,6,-1,2,1,4,0,0,0,0,14,15050,306,19,26,4,4,4,0,0
Thomas Vanek,DET,L,2016-11-26,false,MTL,4,5,4,8,2,2,0,0,0,0,17,9421,193,5,1,6,5,5,0,3
Chris VandeVelde,PHI,C,2016-11-02,false,DET,1,1,-2,0,0,0,0,0,0,0,11,6672,169,17,6,3,2,2,2,5
Scottie Upshall,STL,R,2016-11-09,false,CHI,2,2,-2,9,0,0,0,0,0,0,13,6503,188,15,0,4,3,3,1,2
Fedor Tyutin,COL,D,2016-11-15,false,LAK,0,3,-2,8,0,0,0,0,0,0,6,11993,283,23,12,3,3,2,0,0
Kyle Turris,OTT,C,2016-11-05,false,BUF,5,2,0,0,1,0,0,0,2,2,22,13092,275,2,10,12,10,3,74,89
Nikita Tryamkin,VAN,D,2016-11-25,false,DAL,0,0,2,13,0,0,0,0,0,0,11,10594,241,40,10,8,4,0,0,0
Jacob Trouba,WPG,D,2016-12-01,false,EDM,0,3,0,8,0,0,0,0,0,0,21,15832,305,16,27,13,17,9,0,0
Vincent Trocheck,FLA,C,2016-11-03,false,NJD,6,1,-1,4,0,1,0,0,1,1,32,13824,269,24,8,19,10,11,111,114
Jordin Tootoo,CHI,R,2016-11-03,false,COL,0,0,1,9,0,0,0,0,0,0,17,4632,130,12,1,4,2,2,0,0
Tyler Toffoli,LAK,C,2016-11-03,false,PIT,2,4,4,0,1,0,0,0,0,0,37,12289,263,15,1,18,7,3,0,2
Jonathan Toews,CHI,C,2016-11-03,false,COL,2,4,4,11,1,3,0,0,2,0,26,13871,304,6,1,8,5,4,158,103
Matthew Tkachuk,CGY,L,2016-11-05,false,LAK,3,3,3,12,0,0,0,0,1,0,20,8398,192,12,3,12,4,3,1,1
Chris Tierney,SJS,C,2016-11-03,false,CGY,0,2,-3,0,0,0,0,0,0,0,11,8506,212,6,9,5,7,5,33,44
Shawn Thornton,FLA,L,2016-12-20,false,BUF,0,1,-3,7,0,0,0,0,0,0,4,4073,105,8,1,6,3,0,0,2
Joe Thornton,SJS,C,2016-11-03,false,CGY,1,8,2,4,0,4,0,0,0,0,8,12436,262,8,3,0,12,8,70,47
Chris Thorburn,WPG,R,2016-11-11,false,COL,0,0,-3,23,0,0,0,0,0,0,6,5407,149,17,6,0,1,0,7,6
Nate Thompson,ANA,C,2017-02-22,false,BOS,0,0,0,4,0,0,0,0,0,0,7,6151,164,21,4,1,0,0,40,44
Paul Thompson,FLA,R,2016-12-29,false,MTL,0,2,-3,15,0,0,0,0,0,0,7,4988,130,26,8,5,1,2,0,1
Shea Theodore,ANA,D,2016-12-03,false,EDM,0,2,-2,6,0,0,0,1,0,0,15,11822,243,1,11,12,15,1,0,0
Chris Terry,MTL,L,2016-12-29,false,FLA,2,2,2,4,0,0,0,0,0,0,13,6740,173,9,1,5,8,5,1,1
Teuvo Teravainen,CAR,L,2016-11-06,false,NJD,2,1,-7,0,1,1,0,0,0,0,8,9668,211,3,2,9,7,4,1,5
Matt Tennyson,CAR,D,2016-12-03,false,NYR,0,2,4,0,0,0,0,0,0,0,10,9685,215,15,11,3,6,4,0,0
John Tavares,NYI,C,2016-11-03,false,PHI,5,4,-1,10,2,0,0,0,0,0,41,13363,264,6,5,14,4,10,120,111
Tomas Tatar,DET,L,2016-11-02,false,PHI,1,2,-2,6,0,1,0,0,0,0,31,11408,242,11,5,10,4,3,2,1
Vladimir Tarasenko,STL,R,2016-11-03,false,DAL,4,5,-2,0,1,3,0,0,0,0,48,12525,292,3,5,13,3,8,0,1
Christopher Tanev,VAN,D,2016-12-22,false,WPG,0,3,2,6,0,0,0,0,0,0,5,13506,308,3,22,7,6,2,0,0
Brandon Tanev,WPG,L,2016-11-03,false,WSH,0,1,-1,2,0,0,0,0,0,0,18,6576,180,16,4,5,1,4,0,0
Brandon Sutter,VAN,C,2016-11-03,false,OTT,1,4,-4,0,0,1,0,0,1,1,27,12688,274,9,7,10,4,4,108,100
Ryan Suter,MIN,D,2016-11-05,false,COL,3,7,5,6,1,2,0,0,0,0,24,17787,321,13,11,6,4,11,0,0
Andrej Sustr,TBL,D,2016-11-03,false,BOS,0,2,-6,7,0,0,0,0,0,0,10,11109,249,6,11,5,5,5,0,0
P.K. Subban,NSH,D,2016-11-05,false,CAR,2,4,-7,8,2,3,0,0,0,0,26,16252,302,13,26,8,15,6,0,0
Mark Stuart,WPG,D,2017-01-13,false,ARI,1,0,2,8,0,0,0,0,0,0,8,8143,199,15,31,1,6,3,0,0
Ryan Strome,NYI,C,2016-11-03,false,PHI,2,3,-2,4,1,0,0,0,0,0,17,8760,196,8,5,5,7,3,30,25
Mark Streit,PHI,D,2016-11-02,false,DET,3,5,-4,8,1,3,0,0,0,0,19,13738,304,5,13,10,7,1,0,0
Anton Stralman,TBL,D,2016-11-03,false,BOS,0,5,2,0,0,4,0,0,0,0,16,15146,297,10,9,9,5,4,0,0
Michael Stone,ARI,D,2016-11-27,false,EDM,0,3,-3,2,0,1,0,0,0,0,12,13320,291,20,22,10,4,0,0,0
Mark Stone,OTT,R,2016-11-08,false,NSH,1,4,-2,4,0,0,0,0,1,0,18,11376,237,12,7,2,6,10,3,2
Karl Stollery,NJD,D,2017-03-05,false,CBJ,0,3,-5,13,0,3,0,0,0,0,11,11166,245,26,16,5,6,3,0,0
Chris Stewart,MIN,R,2016-11-05,false,COL,2,3,1,19,0,1,0,0,0,0,4,7857,191,5,2,4,6,4,0,1
Derek Stepan,NYR,C,2016-11-03,false,EDM,0,7,2,0,0,3,0,0,0,0,23,11606,275,3,9,6,7,9,90,110
Lee Stempniak,CAR,R,2016-11-06,false,NJD,4,2,4,8,1,0,0,0,0,0,17,11196,246,20,4,6,6,5,1,2
Alexander Steen,STL,L,2016-11-03,false,DAL,2,6,-3,6,0,2,0,0,0,0,20,13703,326,6,8,10,3,7,17,37
Troy Stecher,VAN,D,2016-11-23,false,ARI,1,2,-6,9,0,0,0,0,0,0,32,13577,277,5,12,10,5,4,0,0
Paul Stastny,STL,C,2016-11-03,false,DAL,4,5,-3,12,2,2,0,0,1,0,19,13613,317,8,7,11,3,6,128,122
Viktor Stalberg,CAR,L,2016-11-08,false,NJD,2,0,-3,6,0,0,0,0,1,0,13,7838,196,14,1,3,2,8,0,1
Matt Stajan,CGY,C,2016-11-01,false,CHI,0,4,4,4,0,0,0,0,0,0,11,8314,203,6,9,5,1,2,66,52
Drew Stafford,WPG,R,2016-12-01,false,EDM,1,3,2,6,0,0,0,0,1,0,17,9392,210,4,0,5,7,3,1,3
Eric Staal,MIN,C,2016-11-05,false,COL,4,4,2,2,1,1,0,0,1,0,28,12573,284,9,3,7,3,6,102,91
Jordan Staal,CAR,C,2016-11-06,false,NJD,3,1,-2,6,0,0,0,0,0,0,24,12993,299,20,3,8,4,8,126,73
Marc Staal,NYR,D,2016-11-03,false,EDM,1,1,4,0,0,0,0,0,0,0,13,13195,306,12,12,7,5,7,0,0
Jared Spurgeon,MIN,D,2016-11-15,false,CGY,1,3,5,0,0,0,0,1,0,0,20,14636,295,6,22,2,2,2,0,0
Ryan Sproul,DET,D,2016-11-26,false,MTL,1,4,-3,0,1,2,0,0,0,0,24,10766,236,5,4,8,2,2,0,0
Ryan Spooner,BOS,C,2016-11-07,false,BUF,2,2,-6,6,2,1,0,0,0,0,23,10323,217,5,2,6,6,8,2,5
Jason Spezza,DAL,C,2016-11-17,false,COL,4,2,-7,2,1,1,0,0,1,0,22,11367,279,2,4,15,4,6,55,52
Nikita Soshnikov,TOR,R,2016-11-23,false,NJD,1,2,1,4,0,0,0,0,0,0,13,5991,152,23,1,3,2,3,1,2
Marcus Sorensen,SJS,R,2017-03-20,false,DAL,1,2,1,2,0,0,0,0,1,0,17,6633,172,9,3,4,8,7,0,0
Carl Soderberg,COL,C,2016-11-06,false,STL,2,1,-2,4,0,0,0,0,0,0,21,11237,250,4,11,6,3,7,59,65
Devante Smith-Pelly,NJD,R,2016-11-11,false,BUF,1,2,-2,2,0,1,0,0,0,0,21,9477,206,15,4,7,4,3,4,5
Craig Smith,NSH,R,2016-11-08,false,OTT,5,0,-1,10,2,0,0,0,0,0,28,9690,221,14,2,18,6,3,14,11
Brendan Smith,DET,D,2016-11-02,false,PHI,1,1,-3,11,1,1,0,0,0,0,14,11361,258,11,13,8,7,0,0,0
Ben Smith,TOR,R,2016-11-05,false,VAN,1,1,-2,0,0,0,0,0,0,0,9,7776,198,7,7,2,2,3,72,68
Reilly Smith,FLA,R,2016-11-03,false,NJD,1,3,0,0,1,0,0,0,0,0,23,12969,272,9,3,11,4,14,1,0
Gemel Smith,DAL,C,2016-11-13,false,VAN,2,1,1,21,0,0,1,0,0,0,14,8551,221,3,4,5,3,3,21,29
Zack Smith,OTT,C,2016-11-05,false,BUF,2,1,0,17,0,0,1,0,0,0,20,10964,251,22,3,6,11,4,49,39
Anton Slepyshev,EDM,L,2016-11-23,false,COL,2,2,5,2,0,0,0,0,0,0,18,7520,170,15,2,4,2,2,0,0
Jaccob Slavin,CAR,D,2016-11-06,false,NJD,1,2,-2,2,0,0,0,0,0,0,18,14401,298,4,21,5,6,7,0,0
Brady Skjei,NYR,D,2016-11-03,false,EDM,0,6,3,2,0,1,0,0,0,0,12,10598,239,21,8,5,7,1,0,0
Jeff Skinner,CAR,L,2016-11-08,false,NJD,6,6,1,6,1,3,0,0,0,0,40,12057,258,8,5,15,5,11,2,8
Jack Skille,VAN,R,2016-11-15,false,NYR,0,1,-6,4,0,0,0,0,0,0,13,6678,161,20,4,2,3,1,0,0
Colton Sissons,NSH,C,2016-11-08,false,OTT,0,1,-1,0,0,0,0,0,0,0,4,7013,183,19,6,2,4,4,54,56
Wayne Simmonds,PHI,R,2016-11-02,false,DET,6,6,-4,12,4,2,0,0,0,0,34,13502,294,29,7,22,3,1,0,1
Jakob Silfverberg,ANA,R,2016-11-02,false,PIT,2,1,2,2,1,0,1,0,1,0,26,12764,289,4,8,9,7,6,1,2
Nick Shore,LAK,C,2016-11-05,false,CGY,0,2,-3,8,0,0,0,0,0,0,13,7578,185,8,4,5,4,1,48,58
Devin Shore,DAL,C,2016-11-05,false,CHI,1,5,1,4,0,1,0,0,0,0,14,10278,236,4,10,7,0,8,51,65
Drew Shore,VAN,C,2017-04-04,false,SJS,0,2,-3,4,0,0,0,0,0,0,9,7576,179,16,2,3,1,3,29,19
Conor Sheary,PIT,L,2016-11-19,false,BUF,3,5,6,4,0,0,0,0,1,0,20,9075,209,5,5,5,5,4,0,0
Riley Sheahan,DET,C,2016-11-02,false,PHI,0,3,-4,6,0,1,0,0,0,0,16,9253,223,2,6,5,2,2,8,7
Logan Shaw,ANA,C,2016-12-15,false,BOS,1,0,1,0,0,0,0,0,0,0,17,5612,157,7,6,6,0,1,11,24
Andrew Shaw,MTL,C,2016-11-04,false,CBJ,1,1,3,14,0,0,0,0,0,0,17,9378,216,20,4,6,4,3,45,30
Kevin Shattenkirk,STL,D,2016-11-03,false,DAL,3,3,-5,15,2,3,0,0,0,0,21,13383,288,9,9,6,5,2,0,0
Patrick Sharp,DAL,L,2016-12-01,false,PIT,1,1,-7,12,0,0,1,0,0,0,25,10910,249,11,7,11,4,1,7,6
Michael Sgarbossa,FLA,C,2016-12-31,false,DAL,0,2,-2,0,0,1,0,0,0,0,9,6504,166,9,4,4,3,0,41,57
Damon Severson,NJD,D,2016-11-06,false,CAR,2,7,-2,6,0,5,0,0,1,0,16,13283,281,10,10,4,15,4,0,0
Devin Setoguchi,LAK,R,2016-11-03,false,PIT,0,2,0,2,0,0,0,0,0,0,13,8514,196,14,1,8,5,4,1,0
Tom Sestito,PIT,L,2017-03-19,false,FLA,0,2,2,46,0,0,0,0,0,0,2,3263,94,16,2,0,1,0,0,0
Andrej Sekera,EDM,D,2016-11-03,false,NYR,0,4,3,4,0,1,0,0,0,0,13,14069,294,8,19,13,5,4,0,0
Dennis Seidenberg,NYI,D,2016-11-03,false,PHI,4,2,8,8,0,0,0,0,0,0,12,12552,244,16,26,3,9,2,0,0
Tyler Seguin,DAL,C,2016-11-05,false,CHI,5,7,-1,2,2,3,0,0,1,0,43,12787,281,10,1,20,6,5,76,71
Lukas Sedlak,CBJ,C,2016-11-12,false,STL,0,4,4,2,0,0,0,0,0,0,9,6901,167,9,7,6,4,6,31,36
Daniel Sedin,VAN,L,2016-11-03,false,OTT,2,2,-5,2,1,1,0,0,1,0,30,12490,255,3,5,10,2,3,0,0
Henrik Sedin,VAN,C,2016-11-03,false,OTT,3,2,-6,2,1,1,0,0,1,1,16,12697,251,3,2,7,10,2,95,89
Brent Seabrook,CHI,D,2016-11-03,false,COL,1,6,7,2,1,2,0,0,0,0,14,15377,329,18,12,6,16,1,0,0
Jaden Schwartz,STL,L,2016-11-10,false,NSH,3,2,0,4,1,0,0,0,1,0,24,12708,293,10,8,10,3,6,26,23
Justin Schultz,PIT,D,2016-11-03,false,LAK,0,3,1,4,0,2,0,0,0,0,22,11415,263,9,6,6,7,1,0,0
Nick Schultz,PHI,D,2016-12-30,false,SJS,0,3,1,6,0,0,0,0,0,0,10,10874,271,19,24,6,5,1,0,0
Jordan Schroeder,MIN,C,2017-01-14,false,DAL,3,3,1,0,0,0,0,0,0,0,13,6125,145,9,4,3,1,1,0,0
Nate Schmidt,WSH,D,2016-11-05,false,FLA,0,4,0,2,0,0,0,0,0,0,12,9536,209,9,5,4,12,6,0,0
Nick Schmaltz,CHI,C,2016-11-03,false,COL,1,2,-1,2,0,1,0,0,0,0,6,7246,172,3,5,2,3,6,25,49
David Schlemko,SJS,D,2016-11-03,false,CGY,0,3,1,2,0,2,0,0,0,0,24,11301,244,7,12,7,5,8,0,0
Luke Schenn,ARI,D,2016-11-04,false,ANA,0,1,0,0,0,0,0,0,0,0,14,10258,240,31,19,5,4,2,0,0
Brayden Schenn,PHI,C,2016-11-08,false,DET,2,7,-4,11,2,3,0,0,0,0,24,11832,249,26,6,15,6,1,14,14
Mark Scheifele,WPG,C,2016-11-03,false,WSH,5,4,1,10,1,1,0,0,1,1,32,14266,274,11,8,9,3,10,105,147
Tim Schaller,BOS,C,2016-11-08,false,MTL,1,2,0,13,0,0,0,0,1,0,15,7755,185,11,6,10,5,4,8,3
Colton Sceviour,FLA,C,2016-11-03,false,NJD,5,3,2,8,1,2,2,0,1,0,24,9948,213,11,10,7,3,4,3,4
Marco Scandella,MIN,D,2016-11-29,false,VAN,0,2,-5,4,0,0,0,0,0,0,14,10532,246,6,7,4,5,1,0,0
Luca Sbisa,VAN,D,2016-11-03,false,OTT,0,1,-1,4,0,0,0,0,0,0,4,10875,246,14,18,3,11,3,0,0
David Savard,CBJ,D,2016-11-09,false,ANA,1,2,1,4,0,0,0,0,0,0,11,13815,301,19,16,15,3,0,0,0
Steven Santini,NJD,D,2017-01-21,false,PHI,2,3,6,0,0,0,0,0,0,0,9,10116,232,27,8,4,2,0,0,0
Zach Sanford,WSH,L,2016-11-11,false,CHI,0,1,1,2,0,0,0,0,0,0,8,6608,146,7,3,3,6,6,5,1
Brandon Saad,CBJ,L,2016-11-09,false,ANA,4,6,5,2,0,0,0,0,0,0,27,11112,260,3,4,12,2,3,1,1
Bobby Ryan,OTT,R,2016-11-05,false,BUF,3,3,1,4,1,1,0,0,0,0,22,10250,224,11,8,7,8,2,0,0
Derek Ryan,CAR,C,2016-12-03,false,NYR,1,3,-4,2,1,2,0,0,1,0,9,8413,189,8,4,5,4,3,56,44
Bryan Rust,PIT,R,2016-11-10,false,MIN,1,1,-4,2,0,0,0,0,0,0,22,8344,213,21,7,3,2,3,0,0
Robbie Russo,DET,D,2017-03-26,false,MIN,0,0,-1,0,0,0,0,0,0,0,6,10346,213,12,8,5,10,0,0,0
Kris Russell,EDM,D,2016-11-03,false,NYR,0,3,6,0,0,0,0,0,0,0,15,13891,297,8,31,2,10,6,0,0
Chad Ruhwedel,PIT,D,2017-01-26,false,BOS,1,2,3,2,0,0,0,0,0,0,18,11326,259,13,6,4,5,2,0,0
Michal Rozsival,CHI,D,2016-12-11,false,DAL,0,1,1,6,0,0,0,0,0,0,6,10332,239,28,18,3,2,1,0,0
Carter Rowney,PIT,R,2017-03-10,false,EDM,0,1,1,0,0,0,0,0,0,0,8,6791,165,16,6,5,2,3,44,34
Antoine Roussel,DAL,L,2016-11-05,false,CHI,1,3,2,36,0,0,0,0,1,0,14,9346,242,13,7,10,9,1,0,0
Evan Rodrigues,BUF,L,2017-02-28,false,NSH,2,2,1,2,0,0,0,0,0,0,17,8145,179,3,2,5,4,7,30,42
Brett Ritchie,DAL,R,2016-11-05,false,CHI,3,1,2,4,0,0,0,0,0,0,23,8174,198,18,3,7,1,1,0,0
Nick Ritchie,ANA,L,2016-11-06,false,CGY,2,1,2,8,1,0,0,0,1,0,25,9807,233,45,2,12,1,1,2,1
Rasmus Ristolainen,BUF,D,2016-11-05,false,OTT,0,8,0,10,0,6,0,0,0,0,20,16717,339,22,20,13,8,5,0,0
Morgan Rielly,TOR,D,2016-11-03,false,BUF,0,5,-1,2,0,0,0,0,0,0,20,15083,355,3,23,13,10,4,0,0
Tobias Rieder,ARI,R,2016-11-08,false,COL,2,3,1,0,0,0,0,1,0,0,16,10450,237,4,10,7,5,4,0,2
Mike Ribeiro,NSH,C,2016-11-05,false,CAR,1,5,-1,6,1,1,0,0,0,0,12,10635,227,9,2,4,4,1,49,53
Sam Reinhart,BUF,C,2016-11-05,false,OTT,2,4,0,2,1,2,0,0,1,0,28,10838,228,2,4,6,5,2,21,32
Mike Reilly,MIN,D,2017-01-22,false,NSH,0,0,1,2,0,0,0,0,0,0,12,8457,181,1,2,10,5,0,0,0
Zach Redmond,MTL,D,2017-01-16,false,DET,0,5,7,2,0,0,0,0,0,0,9,8252,180,22,10,5,6,3,0,0
Ryan Reaves,STL,R,2016-11-05,false,CBJ,0,0,-2,7,0,0,0,0,0,0,7,4093,116,20,0,5,1,2,0,0
Matt Read,PHI,R,2016-11-02,false,DET,5,1,-2,0,1,0,0,0,0,0,23,9722,232,21,8,4,5,2,0,3
Dennis Rasmussen,CHI,C,2016-11-06,false,DAL,1,0,0,2,0,0,0,0,0,0,14,7363,209,9,10,3,4,6,12,21
Victor Rask,CAR,C,2016-11-06,false,NJD,4,6,3,2,2,1,0,0,0,0,19,12577,275,5,3,3,5,5,79,97
Mikko Rantanen,COL,R,2016-11-17,false,DAL,1,2,-6,4,1,1,0,0,0,0,23,11747,248,1,6,7,1,5,6,2
Rickard Rakell,ANA,C,2016-11-22,false,NYI,7,4,3,0,1,2,0,0,2,0,31,11449,257,21,6,8,4,2,10,8
Michael Raffl,PHI,L,2016-11-22,false,FLA,3,1,4,0,0,0,0,0,0,0,12,8452,207,18,5,8,3,3,1,1
Alexander Radulov,MTL,R,2016-11-04,false,CBJ,3,5,3,18,1,2,0,0,0,0,19,10536,245,16,7,7,9,7,0,0
Alan Quine,NYI,C,2016-11-23,false,LAK,1,2,2,2,0,0,0,0,1,0,9,6866,163,21,5,1,3,3,22,21
Kyle Quincey,NJD,D,2016-11-06,false,CAR,0,1,4,10,0,0,0,0,0,0,10,10888,259,20,13,2,3,3,0,0
John Quenneville,NJD,C,2017-03-31,false,NYI,1,3,1,2,1,1,0,0,0,0,18,8906,205,15,7,9,4,2,0,0
Mark Pysyk,FLA,D,2016-11-03,false,NJD,1,2,6,2,0,0,0,0,0,0,8,10857,207,3,11,9,2,5,0,0
Tom Pyatt,OTT,L,2016-11-05,false,BUF,2,3,1,2,0,0,0,1,0,0,16,10785,258,6,11,6,3,6,4,8
Teemu Pulkkinen,ARI,L,2017-03-16,false,DET,2,0,-1,6,0,0,0,0,0,0,7,6153,152,3,3,4,2,2,0,1
Jesse Puljujarvi,EDM,R,2016-11-08,false,PIT,1,2,1,0,1,0,0,0,0,0,25,7688,170,5,2,9,5,6,0,0
Matt Puempel,OTT,L,2016-11-15,false,PHI,0,0,-2,5,0,0,0,0,0,0,10,5178,129,7,4,3,0,2,0,1
Ivan Provorov,PHI,D,2016-11-02,false,DET,0,5,-9,8,0,1,0,0,0,0,13,13081,302,14,16,12,11,2,0,0
Dalton Prout,CBJ,D,2017-01-21,false,CAR,0,2,4,10,0,0,0,0,0,0,4,9029,215,22,14,2,6,2,0,0
Nate Prosser,MIN,D,2016-12-04,false,EDM,0,1,-1,4,0,0,0,0,0,0,8,8268,205,10,16,8,2,0,0,0
Shane Prince,NYI,L,2016-11-18,false,PIT,3,3,-3,4,1,0,0,0,0,0,17,8188,180,16,0,3,3,4,3,1
Benoit Pouliot,EDM,L,2016-11-03,false,NYR,3,1,1,16,0,0,0,0,1,0,14,9785,245,6,12,11,5,2,1,4
Derrick Pouliot,PIT,D,2017-04-09,false,NYR,0,0,-4,4,0,0,0,0,0,0,11,9824,230,14,8,4,6,3,0,0
Paul Postma,WPG,D,2016-11-08,false,DAL,0,2,0,0,0,0,0,0,0,0,12,8501,192,6,9,4,4,1,0,0
Jason Pominville,MIN,R,2016-11-05,false,COL,2,3,0,0,0,2,0,0,0,0,17,9948,239,6,6,7,1,5,2,4
Roman Polak,TOR,D,2016-11-11,false,PHI,1,1,-2,10,0,0,0,0,0,0,10,11833,275,42,21,4,4,2,0,0
Brayden Point,TBL,C,2016-11-03,false,BOS,0,4,1,0,0,0,0,0,0,0,26,10652,211,5,5,9,4,4,3,2
Tomas Plekanec,MTL,C,2016-11-04,false,CBJ,0,3,0,2,0,2,0,0,0,0,25,11431,276,4,13,5,3,3,101,108
Brandon Pirri,NYR,R,2016-11-03,false,EDM,4,3,4,2,2,1,0,0,2,0,14,7880,181,5,3,10,6,4,18,16
Alex Pietrangelo,STL,D,2016-11-03,false,DAL,2,4,-4,4,1,2,0,0,1,0,27,16914,338,8,17,9,5,8,0,0
Dion Phaneuf,OTT,D,2016-11-05,false,BUF,1,1,-7,17,0,1,0,0,0,0,27,14640,354,24,26,7,5,2,0,0
Jeff Petry,MTL,D,2016-11-05,false,PHI,2,4,-1,6,1,2,0,0,0,0,16,14117,299,21,23,7,10,2,0,0
Alex Petrovic,FLA,D,2016-11-03,false,NJD,0,3,5,4,0,0,0,0,0,0,9,11475,213,18,11,7,6,4,0,0
Nic Petan,WPG,L,2016-11-23,false,MIN,1,6,-3,2,0,4,0,0,0,0,16,10320,228,3,2,6,3,8,47,49
Brett Pesce,CAR,D,2016-11-06,false,NJD,0,2,-1,2,0,0,0,0,0,0,14,13025,284,8,22,10,5,4,0,0
Corey Perry,ANA,R,2016-11-02,false,PIT,4,4,-3,14,0,3,0,0,0,0,35,12328,262,11,3,9,2,4,0,2
David Perron,STL,L,2016-11-03,false,DAL,3,1,-6,2,1,0,0,0,1,0,26,12081,296,11,6,11,2,3,11,15
Mathieu Perreault,WPG,C,2016-11-03,false,WSH,1,2,-5,6,0,1,0,0,0,0,27,10672,216,16,3,6,4,6,80,76
Brendan Perlini,ARI,L,2016-12-29,false,NYR,2,1,-2,4,0,0,0,0,0,0,14,9020,197,12,2,7,1,2,1,0
Adam Pelech,NYI,D,2017-01-13,false,FLA,1,2,0,0,0,0,0,0,0,0,12,10157,210,17,12,7,6,4,0,0
Tanner Pearson,LAK,L,2016-11-08,false,TOR,5,3,4,0,1,0,0,0,0,0,26,10382,239,16,2,15,4,5,0,3
Joe Pavelski,SJS,C,2016-11-03,false,CGY,4,8,4,10,2,3,0,0,2,0,31,12857,272,21,17,23,12,5,62,60
Greg Pateryn,MTL,D,2016-11-08,false,BOS,1,2,3,0,0,0,0,0,0,0,12,9861,214,14,24,5,6,3,0,0
David Pastrnak,BOS,R,2016-11-08,false,MTL,9,4,11,2,3,1,0,0,1,0,40,10872,226,9,4,13,5,4,0,1
Zach Parise,MIN,L,2016-11-21,false,DAL,2,4,-2,12,0,1,0,0,0,0,34,12174,270,9,15,11,3,7,0,1
PA Parenteau,NJD,R,2016-11-06,false,CAR,4,1,-2,6,1,0,0,0,0,0,20,9185,209,13,0,3,5,5,0,1
Colton Parayko,STL,D,2016-11-03,false,DAL,0,3,-3,8,0,1,0,0,0,0,27,14054,332,5,21,8,6,4,0,0
Cedric Paquette,TBL,C,2016-11-05,false,NJD,1,1,0,12,0,0,0,0,0,0,11,5980,148,21,4,3,0,4,4,10
Richard Panik,CHI,R,2016-11-03,false,COL,6,4,5,4,2,1,0,0,1,0,13,10532,240,31,4,5,6,4,0,2
Artemi Panarin,CHI,L,2016-11-03,false,COL,5,7,10,4,2,1,0,0,0,0,28,13243,262,4,0,12,7,8,0,0
Kyle Palmieri,NJD,R,2016-11-06,false,CAR,2,3,3,6,1,2,0,0,0,0,23,10259,230,24,5,10,11,3,1,5
Ondrej Palat,TBL,L,2016-11-03,false,BOS,1,3,-7,9,0,2,0,0,0,0,16,11721,241,24,6,7,6,18,0,0
Iiro Pakarinen,EDM,R,2017-03-23,false,COL,1,2,2,0,0,0,0,0,0,0,11,5544,153,20,6,4,2,1,0,1
Jean-Gabriel Pageau,OTT,C,2016-11-05,false,BUF,1,1,1,2,0,0,0,0,0,0,20,10535,251,17,13,6,5,4,59,46
Max Pacioretty,MTL,L,2016-11-04,false,CBJ,2,5,3,10,0,1,0,0,2,0,33,11293,259,14,2,20,5,4,0,0
Magnus Paajarvi,STL,L,2017-02-26,false,CHI,4,1,3,2,0,0,0,0,2,0,21,7696,194,7,7,3,0,5,1,1
Alex Ovechkin,WSH,L,2016-11-05,false,FLA,7,4,1,8,2,1,0,0,3,1,49,12218,236,24,2,20,8,9,0,1
Xavier Ouellet,DET,D,2016-12-04,false,NYI,0,1,5,5,0,0,0,0,0,0,10,10884,235,7,14,3,3,3,0,1
Steve Ott,DET,C,2016-11-08,false,PHI,0,1,1,17,0,0,0,0,0,0,11,6281,160,26,3,1,0,2,22,16
T.J. Oshie,WSH,R,2016-11-05,false,FLA,6,1,6,10,1,1,0,0,1,0,28,11877,246,10,8,11,7,6,18,16
Brooks Orpik,WSH,D,2016-11-05,false,FLA,0,3,7,2,0,0,0,0,0,0,9,11043,231,24,21,5,9,3,0,0
Dmitry Orlov,WSH,D,2016-11-05,false,FLA,0,2,4,6,0,1,0,0,0,0,17,12787,253,17,12,8,8,8,0,0
Gustav Olofsson,MIN,D,2017-03-19,false,WPG,0,2,-1,2,0,1,0,0,0,0,7,9424,200,10,16,6,1,3,0,0
Steve Oleksy,PIT,D,2017-02-21,false,CAR,0,1,2,24,0,0,0,0,0,0,11,9040,215,20,19,7,1,1,0,0
Jamie Oleksiak,DAL,D,2016-12-01,false,PIT,3,1,1,14,0,0,0,1,0,0,14,10392,235,11,14,2,2,0,0,0
Kyle Okposo,BUF,R,2016-11-07,false,BOS,5,3,4,4,1,3,0,0,0,0,29,12626,246,8,2,13,4,0,3,5
Johnny Oduya,DAL,D,2016-11-05,false,CHI,0,4,3,6,0,0,0,0,0,0,11,12027,282,3,27,7,7,0,0,0
Ryan O'Reilly,BUF,C,2016-11-05,false,OTT,4,4,0,0,2,2,0,0,1,0,37,14765,287,1,4,10,6,11,167,105
Cal O'Reilly,BUF,C,2017-01-31,false,MTL,0,1,-6,0,0,0,0,0,0,0,3,5235,114,2,3,0,2,3,32,34
Gustav Nyquist,DET,R,2016-11-02,false,PHI,3,6,1,4,0,1,0,0,2,0,20,10526,229,6,1,4,3,6,1,0
William Nylander,TOR,C,2016-11-03,false,BUF,4,7,-1,4,3,4,0,0,0,0,32,10657,239,3,5,13,4,11,24,27
Markus Nutivaara,CBJ,D,2016-11-09,false,ANA,0,1,1,2,0,0,0,0,0,0,9,8453,197,5,5,3,1,2,0,0
Darnell Nurse,EDM,D,2016-11-03,false,NYR,2,2,-1,6,0,0,0,0,0,0,17,11217,255,26,11,4,8,3,0,0
Ryan Nugent-Hopkins,EDM,C,2016-11-03,false,NYR,1,5,-1,4,1,0,0,0,0,0,30,11554,265,7,0,5,1,7,77,85
Tomas Nosek,DET,L,2017-04-09,false,NJD,1,0,-1,2,0,0,0,0,0,0,19,6682,162,10,5,3,3,5,37,31
Joakim Nordstrom,CAR,L,2016-11-06,false,NJD,0,2,-3,2,0,0,0,0,0,0,15,10187,249,12,11,7,4,6,1,1
Jordan Nolan,LAK,C,2016-11-23,false,NYI,0,1,-3,27,0,0,0,0,0,0,6,6290,147,12,0,3,2,1,0,0
Stefan Noesen,ANA,R,2017-01-21,false,MIN,2,0,2,2,0,0,0,0,0,0,11,4358,121,10,1,2,2,3,20,33
Matt Niskanen,WSH,D,2016-11-05,false,FLA,0,5,4,2,0,0,0,0,0,0,19,14659,303,15,14,9,13,7,0,0
Matt Nieto,SJS,L,2016-11-23,false,CHI,0,1,-4,2,0,0,0,0,0,0,20,7994,202,17,5,5,1,4,0,2
Frans Nielsen,DET,C,2016-11-02,false,PHI,2,4,-7,0,0,4,1,0,0,0,17,11429,279,7,5,4,4,1,71,88
Nino Niederreiter,MIN,R,2016-11-05,false,COL,2,3,5,2,0,0,0,0,0,0,17,9016,218,17,1,5,5,3,0,1
Andrej Nestrasil,CAR,C,2016-11-29,false,NYR,1,2,-3,0,0,0,0,0,0,0,21,7614,177,10,3,2,5,9,3,3
Nikita Nesterov,TBL,D,2016-11-14,false,NYI,0,0,0,10,0,0,0,0,0,0,16,11222,231,18,11,5,6,0,0,0
Patrik Nemeth,DAL,D,2016-11-17,false,COL,0,0,-1,2,0,0,0,0,0,0,13,10928,250,15,13,3,3,2,0,0
Brock Nelson,NYI,C,2016-11-03,false,PHI,3,6,3,2,0,2,0,1,0,0,20,10162,259,6,14,7,4,5,60,81
Casey Nelson,BUF,D,2017-03-21,false,PIT,0,0,-3,4,0,0,0,0,0,0,10,8319,217,15,5,2,1,0,0,0
Chris Neil,OTT,R,2016-11-05,false,BUF,1,0,-2,13,0,0,0,0,0,0,18,5654,145,21,8,2,4,2,0,0
James Neal,NSH,L,2016-11-05,false,CAR,2,3,-5,11,0,1,0,0,0,0,44,13246,270,10,7,7,5,1,1,0
Rick Nash,NYR,R,2016-11-03,false,EDM,6,3,-1,4,1,1,0,0,1,0,35,10897,264,5,9,8,9,11,0,0
Riley Nash,BOS,C,2016-11-05,false,NYR,0,1,-1,4,0,0,0,0,0,0,11,8859,208,4,4,8,2,4,59,52
Vladislav Namestnikov,TBL,C,2016-11-03,false,BOS,2,2,-3,4,2,1,0,0,0,0,18,9490,196,5,4,6,3,4,14,18
Jake Muzzin,LAK,D,2016-11-03,false,PIT,1,0,-4,10,1,0,0,0,0,0,23,15357,354,29,20,9,7,3,0,0
Ryan Murray,CBJ,D,2016-11-20,false,WSH,0,2,1,8,0,0,0,1,0,0,6,12975,299,4,18,4,2,1,0,0
Ryan Murphy,CAR,D,2017-01-21,false,CBJ,0,2,-8,6,0,0,0,0,0,0,2,9433,201,2,11,5,5,4,0,0
Connor Murphy,ARI,D,2016-11-04,false,ANA,0,3,-2,10,0,0,0,0,0,0,13,14279,316,20,24,3,2,0,0,0
Matt Moulson,BUF,L,2016-11-05,false,OTT,4,1,0,2,4,1,0,0,0,0,33,9899,208,8,7,5,1,5,0,0
Tyler Motte,CHI,L,2016-11-03,false,COL,3,2,4,10,0,0,0,0,0,0,17,8742,231,9,10,6,1,9,1,2
Joe Morrow,BOS,D,2016-12-03,false,BUF,0,1,-3,4,0,0,0,0,0,0,16,10384,226,19,11,9,4,1,0,0
Josh Morrissey,WPG,D,2016-11-03,false,WSH,0,2,3,2,0,0,0,0,0,0,17,11808,260,15,11,4,4,1,0,0
Dominic Moore,BOS,C,2016-11-05,false,NYR,3,1,1,10,0,0,1,0,1,0,15,8840,214,4,6,2,4,4,36,40
John Moore,NJD,D,2016-11-06,false,CAR,1,3,3,10,0,0,0,0,0,0,15,12247,283,7,11,6,7,0,0,0
Brandon Montour,ANA,D,2017-02-17,false,FLA,1,1,1,6,0,1,0,0,0,0,21,11206,216,4,11,7,8,1,0,0
Sean Monahan,CGY,C,2016-11-01,false,CHI,4,0,-8,6,1,0,0,0,1,1,21,12845,277,6,5,11,8,5,110,109
Torrey Mitchell,MTL,C,2016-11-04,false,CBJ,5,0,6,4,0,0,0,0,1,0,9,8387,221,2,6,6,3,3,65,43
John Mitchell,COL,C,2016-11-17,false,DAL,0,0,1,6,0,0,0,0,0,0,6,7141,175,9,7,4,0,4,50,37
Zack Mitchell,MIN,R,2017-02-14,false,ANA,0,0,-1,0,0,0,0,0,0,0,10,5561,136,14,3,4,1,2,11,8
Drew Miller,DET,L,2016-11-02,false,PHI,2,0,-2,2,0,0,0,0,1,0,10,7569,187,15,9,1,0,3,1,0
Kevan Miller,BOS,D,2016-12-12,false,MTL,0,0,-5,4,0,0,0,0,0,0,15,12378,270,29,14,4,4,1,0,0
J.T. Miller,NYR,L,2016-11-03,false,EDM,4,8,9,6,1,1,0,0,0,0,28,10314,247,19,11,11,6,7,19,21
Colin Miller,BOS,D,2016-11-05,false,NYR,0,1,-5,4,0,0,0,0,0,0,19,11015,251,12,6,11,6,4,0,0
Marc Methot,OTT,D,2016-11-05,false,BUF,0,2,6,4,0,0,0,0,0,0,20,14095,334,27,16,0,8,1,0,0
Jon Merrill,NJD,D,2016-12-22,false,PHI,0,0,-3,8,0,0,0,0,0,0,6,10197,240,9,11,4,5,1,0,0
Julian Melchiori,WPG,D,2017-03-24,false,ANA,0,0,-3,6,0,0,0,0,0,0,9,11628,247,17,21,5,10,4,0,0
Timo Meier,SJS,R,2017-01-10,false,EDM,1,1,-1,4,0,0,0,0,1,0,33,8674,219,30,2,6,11,8,0,1
Jayson Megna,VAN,C,2016-12-08,false,TBL,3,0,0,4,0,0,0,0,0,0,12,6397,155,14,5,1,0,3,0,1
Adam McQuaid,BOS,D,2016-11-13,false,COL,0,0,1,11,0,0,0,0,0,0,15,12026,285,21,19,7,3,0,0,0
Brayden McNabb,LAK,D,2017-01-03,false,SJS,2,0,2,13,0,0,0,0,0,0,8,12025,274,22,10,9,12,3,0,0
Cody McLeod,COL,L,2016-11-21,false,CBJ,0,0,-1,23,0,0,0,0,0,0,4,4194,105,19,0,1,0,0,0,0
Curtis McKenzie,DAL,L,2016-11-10,false,CGY,1,2,3,19,0,0,0,0,0,0,13,6333,164,21,7,3,0,0,1,1
Greg McKegg,FLA,C,2016-11-03,false,NJD,0,2,-2,6,0,0,0,0,0,0,7,7006,166,12,2,4,2,2,6,7
Jamie McGinn,ARI,L,2016-11-17,false,VAN,3,3,-1,6,0,0,0,0,1,0,21,9639,219,18,6,2,5,0,0,1
Brock McGinn,CAR,L,2016-12-08,false,LAK,1,2,2,2,0,0,0,1,0,0,11,6769,166,12,4,4,2,4,0,2
Ryan McDonagh,NYR,D,2016-11-03,false,EDM,0,9,8,4,0,2,0,0,0,0,23,16002,324,12,19,8,10,6,0,0
Connor McDavid,EDM,C,2016-11-03,false,NYR,5,8,3,6,0,4,0,0,2,0,29,14067,290,2,4,11,7,8,65,75
Jay McClement,CAR,C,2016-11-06,false,NJD,0,0,-6,0,0,0,0,0,0,0,6,6923,181,9,2,5,0,4,42,34
Michael McCarron,MTL,R,2017-01-07,false,TOR,1,3,3,16,0,0,0,0,0,0,15,6692,173,31,2,4,2,5,27,40
Jared McCann,FLA,C,2016-11-03,false,NJD,0,0,0,0,0,0,0,0,0,0,15,6471,148,8,1,3,4,5,15,15
Jake McCabe,BUF,D,2016-11-05,false,OTT,0,3,2,4,0,0,0,0,0,0,3,12244,282,9,11,6,3,1,0,0
Scott Mayfield,NYI,D,2017-02-19,false,NJD,1,3,5,24,0,0,0,0,0,0,17,8688,180,9,15,6,6,4,0,0
Shawn Matthias,WPG,L,2016-12-22,false,VAN,2,1,2,4,0,0,0,0,1,0,12,8031,194,8,7,8,3,1,1,4
Auston Matthews,TOR,C,2016-11-03,false,BUF,6,4,-3,0,1,3,0,0,0,0,46,11478,240,1,7,11,7,6,54,58
Michael Matheson,FLA,D,2016-11-05,false,WSH,2,2,-2,2,0,1,0,0,0,0,27,13038,226,7,14,7,9,9,1,0
Andreas Martinsen,COL,L,2016-11-06,false,STL,1,0,1,11,0,0,0,0,0,0,12,7300,191,33,7,5,2,5,1,0
Jordan Martinook,ARI,L,2016-11-04,false,ANA,3,2,0,6,0,0,0,1,0,0,17,9699,241,10,7,8,2,4,39,54
Alec Martinez,LAK,D,2016-11-03,false,PIT,2,7,1,2,0,2,0,0,2,2,27,15413,359,22,20,14,6,0,0,0
Paul Martin,SJS,D,2016-11-03,false,CGY,0,2,-3,6,0,0,0,0,0,0,7,12140,260,5,20,2,8,2,0,0
Matt Martin,TOR,L,2016-11-03,false,BUF,0,1,-2,18,0,0,0,0,0,0,11,6761,173,47,2,4,2,4,0,5
Patrick Maroon,EDM,L,2016-11-03,false,NYR,3,0,2,6,0,0,0,0,0,0,21,10090,226,28,1,6,4,1,1,3
Mitchell Marner,TOR,C,2016-11-03,false,BUF,3,5,-2,12,0,0,0,0,2,0,29,10902,237,4,9,11,8,8,4,3
Patrick Marleau,SJS,L,2016-11-03,false,CGY,3,1,-1,4,1,1,0,0,1,0,29,10968,228,11,3,5,3,5,1,5
Andrei Markov,MTL,D,2016-11-04,false,CBJ,0,4,-4,2,0,2,0,1,0,0,16,13728,296,4,13,8,10,5,0,0
Martin Marincin,TOR,D,2016-11-11,false,PHI,1,1,-6,0,0,0,0,0,0,0,13,13087,289,14,14,10,6,4,0,0
Jonathan Marchessault,FLA,C,2016-11-03,false,NJD,6,6,5,0,1,3,0,0,2,0,34,11932,224,13,1,11,6,9,30,26
Alexey Marchenko,DET,D,2016-11-02,false,PHI,0,3,2,8,0,0,0,1,0,0,12,12762,293,1,18,9,8,2,0,0
Brad Marchand,BOS,L,2016-11-05,false,NYR,4,9,8,16,0,1,0,0,1,0,23,12386,262,10,5,10,7,11,6,4
Anthony Mantha,DET,R,2016-12-04,false,NYI,3,3,2,0,1,1,0,0,1,0,30,10905,238,6,9,9,4,3,1,0
Josh Manson,ANA,D,2016-11-02,false,PIT,0,1,1,13,0,0,0,0,0,0,11,12652,271,22,10,4,11,2,0,0
Brandon Manning,PHI,D,2016-11-02,false,DET,2,5,5,9,0,0,1,0,1,0,18,12022,289,29,14,2,12,1,0,0
Evgeni Malkin,PIT,C,2016-11-03,false,LAK,6,5,1,18,0,4,0,0,1,0,25,12475,283,7,6,8,10,7,78,119
Denis Malgin,FLA,C,2016-11-03,false,NJD,2,2,1,4,1,0,0,0,0,0,15,7098,164,9,4,5,2,5,19,39
Nathan MacKinnon,COL,C,2016-11-06,false,STL,1,5,-3,0,0,3,0,0,0,0,32,12600,277,9,1,14,5,5,86,87
Derek MacKenzie,FLA,C,2016-11-03,false,NJD,0,2,3,7,0,0,0,1,0,0,11,8287,198,23,3,4,2,4,56,64
Andrew MacDonald,PHI,D,2016-11-17,false,WPG,1,3,-2,4,0,0,0,0,0,0,8,12554,291,10,21,0,12,2,0,0
Olli Maatta,PIT,D,2016-11-03,false,LAK,0,1,2,4,0,0,0,0,0,0,13,11588,279,9,22,5,6,0,0,0
Roman Lyubimov,PHI,L,2016-11-08,false,DET,1,0,-1,0,0,0,0,0,0,0,15,6096,153,9,4,4,1,2,0,1
Milan Lucic,EDM,L,2016-11-03,false,NYR,4,3,0,9,1,1,0,0,1,0,24,12122,261,30,3,7,11,6,1,1
Adam Lowry,WPG,C,2016-11-03,false,WSH,2,1,-1,8,0,1,0,0,0,0,18,10462,248,20,9,3,3,5,81,93
Ben Lovejoy,NJD,D,2016-11-06,false,CAR,0,1,-2,4,0,0,0,0,0,0,14,13727,284,18,22,5,2,3,0,0
Bryan Little,WPG,C,2016-12-18,false,COL,4,5,6,0,1,1,0,0,1,1,27,10962,264,4,3,11,4,8,110,85
Anton Lindholm,COL,D,2017-04-06,false,MIN,0,0,-6,2,0,0,0,0,0,0,6,9551,217,33,11,7,4,2,0,0
Hampus Lindholm,ANA,D,2016-12-01,false,VAN,0,2,3,4,0,1,0,0,0,0,14,14103,280,12,14,9,13,5,0,0
Elias Lindholm,CAR,C,2016-11-06,false,NJD,0,2,-7,0,0,1,0,1,0,0,25,12096,264,13,9,13,3,6,75,70
Esa Lindell,DAL,D,2016-11-21,false,MIN,0,1,-6,0,0,1,0,0,0,0,13,12334,268,15,16,6,2,4,0,1
Oscar Lindberg,NYR,C,2016-12-01,false,BUF,0,1,-2,10,0,1,0,0,0,0,8,6331,161,9,8,2,0,1,27,25
John-Michael Liles,BOS,D,2016-11-05,false,NYR,0,2,-4,2,0,1,0,0,0,0,9,11008,247,8,16,2,2,5,1,0
Trevor Lewis,LAK,C,2016-11-03,false,PIT,1,0,-8,0,0,0,0,0,0,0,22,8573,196,20,4,9,1,3,6,5
Mark Letestu,EDM,C,2016-11-03,false,NYR,2,4,0,0,0,0,2,0,2,0,9,8492,236,9,8,3,0,3,66,74
Kris Letang,PIT,D,2016-11-16,false,WSH,1,8,-5,10,1,4,0,0,0,0,34,16800,323,24,20,12,14,7,0,0
Josh Leivo,TOR,L,2017-02-25,false,MTL,1,7,3,4,0,1,0,0,0,0,23,8304,213,5,3,11,1,10,1,1
Jori Lehtera,STL,C,2016-11-10,false,NSH,1,1,2,8,0,0,0,0,1,0,17,10087,267,7,7,0,2,1,68,59
Artturi Lehkonen,MTL,L,2016-11-04,false,CBJ,2,1,0,4,0,0,0,0,0,0,27,9298,233,12,4,5,4,5,0,0
Anders Lee,NYI,L,2016-11-03,false,PHI,1,0,0,4,0,0,0,0,0,0,15,8112,200,31,5,9,0,6,0,1
Nick Leddy,NYI,D,2016-11-05,false,EDM,2,3,-6,2,0,0,0,0,0,0,22,15095,256,8,18,7,4,2,0,0
Curtis Lazar,OTT,C,2016-12-17,false,NJD,0,0,-2,2,0,0,0,0,0,0,14,6398,156,21,4,1,3,4,5,14
Adam Larsson,EDM,D,2016-11-03,false,NYR,1,2,2,6,0,0,0,0,0,0,13,13402,293,30,19,2,13,3,0,0
Philip Larsen,VAN,D,2016-11-03,false,OTT,0,3,-9,4,0,2,0,0,0,0,20,11776,241,4,6,13,3,1,0,0
Dylan Larkin,DET,C,2016-11-02,false,PHI,4,1,-7,13,1,0,0,0,1,0,34,10646,229,7,5,8,10,13,31,40
Nick Lappin,NJD,R,2016-11-19,false,LAK,3,2,1,2,0,0,0,0,0,0,19,7999,178,7,1,7,1,4,2,3
Gabriel Landeskog,COL,L,2016-11-06,false,STL,3,3,-2,9,2,0,0,0,2,1,22,11683,256,25,3,8,3,12,7,9
Anton Lander,EDM,C,2016-11-05,false,NYI,1,2,4,6,0,0,0,0,0,0,6,7016,193,13,6,2,1,4,50,39
Patrik Laine,WPG,R,2016-11-03,false,WSH,6,2,-3,2,4,1,0,0,1,1,34,12657,244,12,4,11,15,6,0,2
Andrew Ladd,NYI,L,2016-11-03,false,PHI,0,1,-3,6,0,0,0,0,0,0,23,11962,234,10,3,9,5,6,0,0
Kevin Labanc,SJS,R,2016-11-30,false,LAK,2,2,4,8,0,0,0,0,0,0,16,7954,183,5,2,5,5,1,0,0
Paul LaDue,LAK,D,2017-03-13,false,STL,0,4,-3,2,0,2,0,0,0,0,15,10931,260,8,6,2,5,2,0,0
Joseph LaBate,VAN,C,2017-03-25,false,MIN,0,0,-2,17,0,0,0,0,0,0,4,4528,124,15,1,2,1,2,1,0
Evgeny Kuznetsov,WSH,C,2016-11-05,false,FLA,1,5,4,2,0,0,0,0,0,0,18,11367,240,5,2,8,8,4,70,97
Chris Kunitz,PIT,L,2016-11-03,false,LAK,0,5,4,12,0,0,0,0,0,0,19,10862,260,38,3,6,7,5,2,3
Dmitry Kulikov,BUF,D,2016-11-07,false,BOS,0,0,-3,10,0,0,0,0,0,0,6,14836,329,12,9,9,7,2,0,0
Nikolay Kulemin,NYI,L,2016-11-07,false,VAN,1,3,4,6,0,0,0,0,0,0,11,8882,235,8,7,8,1,4,4,2
Brett Kulak,CGY,D,2016-11-18,false,CHI,0,3,3,8,0,0,0,0,0,0,9,10142,245,6,8,6,4,2,0,0
Tom Kuhnhackl,PIT,R,2016-11-18,false,NYI,0,2,1,4,0,0,0,0,0,0,7,5912,150,17,6,4,0,0,0,1
Nikita Kucherov,TBL,R,2016-11-05,false,NJD,4,11,5,2,2,5,0,0,1,0,26,10999,226,1,3,14,7,11,0,0
Marcus Kruger,CHI,C,2016-11-03,false,COL,1,1,4,6,0,0,0,0,0,0,7,8503,238,6,4,5,2,4,60,68
Torey Krug,BOS,D,2016-11-05,false,NYR,0,1,-8,6,0,1,0,0,0,0,35,13886,297,14,12,8,9,3,0,0
Niklas Kronwall,DET,D,2016-12-01,false,FLA,0,2,-1,8,0,1,0,0,0,0,11,12556,281,13,22,4,3,0,0,0
David Krejci,BOS,C,2016-11-05,false,NYR,0,4,-7,6,0,2,0,0,0,0,18,11497,232,9,8,7,10,9,83,74
Chris Kreider,NYR,L,2016-11-12,false,CGY,3,8,-1,6,1,2,0,0,0,0,35,10518,238,25,5,14,7,4,1,1
Lauri Korpikoski,DAL,L,2016-11-05,false,CHI,1,2,3,2,0,0,0,0,0,0,21,8859,230,7,7,5,3,3,0,2
Anze Kopitar,LAK,C,2016-11-03,false,PIT,2,4,0,2,0,1,0,1,0,0,26,14485,280,14,11,16,6,5,141,136
Travis Konecny,PHI,C,2016-11-02,false,DET,1,6,-2,6,1,0,0,0,0,0,22,10204,227,12,4,17,3,6,0,0
Leo Komarov,TOR,C,2016-11-03,false,BUF,0,2,0,2,0,1,0,0,0,0,14,11493,275,39,9,6,1,4,13,10
Mikko Koivu,MIN,C,2016-11-05,false,COL,2,3,1,4,0,1,0,1,1,0,17,13387,298,5,14,8,5,6,137,123
Slater Koekkoek,TBL,D,2016-11-21,false,NSH,0,3,4,6,0,0,0,0,0,0,13,8839,206,12,11,5,1,1,0,0
John Klingberg,DAL,D,2016-11-05,false,CHI,2,4,-4,6,0,3,0,0,0,0,18,15456,309,5,18,10,15,1,0,0
Kevin Klein,NYR,D,2016-11-08,false,VAN,0,3,1,0,0,0,0,1,0,0,12,12330,272,19,28,4,4,3,0,0
Oscar Klefbom,EDM,D,2016-11-03,false,NYR,0,2,2,0,0,0,0,0,0,0,21,14121,297,7,22,7,10,2,0,0
Dwight King,LAK,L,2016-11-03,false,PIT,0,1,0,4,0,0,0,0,0,0,14,10329,220,20,3,8,3,2,2,2
Jakub Kindl,FLA,D,2016-12-08,false,PIT,0,1,-8,8,0,0,0,0,0,0,7,10494,214,23,13,4,7,2,0,0
Alex Killorn,TBL,L,2016-11-03,false,BOS,6,2,0,10,1,2,0,0,1,0,23,11678,240,21,4,5,11,2,0,1
Phil Kessel,PIT,R,2016-11-03,false,LAK,3,7,-2,6,3,4,0,0,1,0,24,12155,277,2,3,13,4,1,0,2
Ryan Kesler,ANA,C,2016-11-02,false,PIT,2,5,3,13,2,2,0,0,0,0,23,14207,302,19,8,16,7,2,153,99
Tanner Kero,CHI,C,2017-01-15,false,MIN,1,1,2,0,0,0,0,0,0,0,11,8906,216,15,11,4,2,4,53,68
Michal Kempny,CHI,D,2016-11-06,false,DAL,0,0,5,6,0,0,0,0,0,0,8,10636,251,19,13,11,7,1,0,0
Adrian Kempe,LAK,L,2017-03-11,false,WSH,1,4,-2,6,0,2,0,1,1,0,16,8124,185,12,1,6,2,1,20,21
Chris Kelly,OTT,C,2016-11-05,false,BUF,1,2,0,4,0,0,0,0,0,0,16,9058,226,8,7,6,3,4,46,56
Duncan Keith,CHI,D,2016-11-03,false,COL,0,9,7,2,0,2,0,0,0,0,27,16565,321,3,11,8,9,3,0,0
Zack Kassian,EDM,R,2016-11-03,false,NYR,2,2,2,14,0,0,0,0,0,0,19,8695,220,29,2,4,5,6,0,0
Ondrej Kase,ANA,R,2016-12-07,false,CAR,1,3,0,0,0,0,0,0,1,0,17,8906,221,10,4,7,10,2,0,3
Melker Karlsson,SJS,C,2016-11-03,false,CGY,2,1,1,4,0,0,0,0,0,0,9,8158,203,7,7,8,3,4,0,2
William Karlsson,CBJ,C,2016-11-09,false,ANA,1,3,3,2,0,0,0,0,1,0,17,9763,241,5,3,9,3,4,74,85
Erik Karlsson,OTT,D,2016-11-05,false,BUF,3,7,6,4,1,2,0,1,0,0,27,17572,356,7,30,18,15,10,0,0
Evander Kane,BUF,L,2016-11-29,false,OTT,0,3,-5,10,0,2,0,0,0,0,25,12442,246,23,7,12,7,8,16,16
Patrick Kane,CHI,R,2016-11-03,false,COL,3,10,10,8,0,3,0,0,0,0,34,14815,266,5,1,11,2,3,3,11
Steven Kampfer,NYR,D,2017-04-08,false,OTT,1,1,-2,6,0,0,0,0,0,0,10,8750,215,24,10,5,3,2,0,0
Sergey Kalinin,NJD,C,2016-11-17,false,ANA,0,1,-2,7,0,0,0,0,0,0,11,8180,196,17,7,3,2,2,2,3
Nazem Kadri,TOR,C,2016-11-03,false,BUF,5,3,0,17,2,2,0,0,1,1,23,10273,249,19,6,10,6,11,69,93
Tomas Jurco,DET,L,2017-01-04,false,ANA,0,0,-3,2,0,0,0,0,0,0,7,6855,169,4,2,11,2,1,0,0
Roman Josi,NSH,D,2016-11-05,false,CAR,2,4,-8,4,1,3,0,0,0,0,33,16295,319,8,19,6,5,2,0,0
Jacob Josefson,NJD,C,2016-11-23,false,TOR,0,2,0,4,0,1,0,0,0,0,12,7830,174,9,3,9,3,1,38,27
Josh Jooris,NYR,R,2016-12-03,false,CAR,1,1,1,4,0,0,0,0,0,0,11,5669,155,18,6,4,1,2,29,26
Seth Jones,CBJ,D,2016-11-21,false,COL,3,3,0,0,0,0,0,0,1,1,19,15966,342,15,22,5,7,4,0,0
Jyrki Jokipakka,CGY,D,2016-11-06,false,ANA,1,3,-1,4,0,0,0,0,0,0,5,10195,264,5,10,3,6,1,0,0
Jussi Jokinen,FLA,L,2016-11-26,false,CBJ,1,3,1,8,0,0,0,0,1,0,20,12168,249,3,5,5,14,4,6,5
Erik Johnson,COL,D,2016-11-06,false,STL,0,4,-4,0,0,2,0,0,0,0,25,14946,344,30,29,6,5,5,0,0
Tyler Johnson,TBL,C,2016-11-03,false,BOS,4,2,-7,2,2,1,0,0,0,0,16,12005,245,13,7,7,1,6,98,82
Jack Johnson,CBJ,D,2016-11-09,false,ANA,0,2,3,6,0,0,0,0,0,0,15,14482,311,19,24,4,1,2,0,0
Stephen Johns,DAL,D,2016-11-08,false,WPG,2,2,-1,6,0,0,0,0,1,0,14,12829,298,31,19,9,7,4,0,0
Marcus Johansson,WSH,L,2016-11-05,false,FLA,6,5,4,2,2,2,0,0,2,0,23,11329,222,6,0,4,4,6,1,2
Ryan Johansen,NSH,C,2016-11-05,false,CAR,1,5,-1,8,1,4,0,0,0,0,21,11849,256,14,4,11,4,3,100,85
Nick Jensen,DET,D,2017-01-16,false,MTL,0,4,2,2,0,0,0,0,0,0,16,10277,244,10,11,7,5,1,0,0
Boone Jenner,CBJ,C,2016-11-09,false,ANA,1,2,-7,4,0,1,0,0,0,0,22,9593,216,22,11,6,3,4,19,10
Dmitrij Jaskin,STL,R,2016-11-06,false,COL,0,3,3,4,0,0,0,0,0,0,9,7056,168,17,3,6,2,3,3,4
Calle Jarnkrok,NSH,C,2016-11-05,false,CAR,1,1,-1,2,0,0,0,0,0,0,13,9159,240,5,3,5,4,4,38,52
Jaromir Jagr,FLA,R,2016-11-03,false,NJD,1,4,1,6,1,1,0,0,0,0,25,11577,227,3,2,11,9,8,0,0
Matt Irwin,NSH,D,2016-11-19,false,STL,3,2,6,0,0,0,0,0,1,0,11,8183,195,22,17,6,5,1,0,0
Jarome Iginla,COL,R,2016-11-06,false,STL,2,0,-4,27,1,0,0,0,0,0,19,9976,221,19,1,3,7,4,3,4
Zach Hyman,TOR,C,2016-11-03,false,BUF,0,1,-2,6,0,0,0,0,0,0,26,10991,256,15,8,11,1,5,7,9
Ben Hutton,VAN,D,2016-11-03,false,OTT,1,0,-2,8,0,0,0,0,0,0,18,13877,284,12,15,7,9,5,0,0
Matt Hunwick,TOR,D,2016-11-22,false,CAR,0,3,-1,0,0,0,0,0,0,0,15,11419,271,23,18,3,8,6,0,0
Brad Hunt,NSH,D,2017-04-06,false,DAL,1,5,0,2,1,1,0,0,0,0,13,9393,233,0,3,6,1,3,0,0
Jiri Hudler,DAL,R,2016-12-27,false,ARI,0,2,-2,2,0,0,0,0,0,0,4,8706,216,5,2,5,2,3,1,2
Jonathan Huberdeau,FLA,L,2017-02-28,false,CAR,4,7,4,2,0,3,0,0,2,1,35,12204,260,13,1,10,12,6,2,4
Marek Hrivik,NYR,L,2016-12-27,false,OTT,0,1,0,0,0,0,0,0,0,0,11,7208,170,13,3,7,2,3,15,23
Marian Hossa,CHI,R,2016-11-05,false,DAL,5,4,2,2,3,2,0,0,0,0,29,10954,268,2,5,9,1,8,2,0
Bo Horvat,VAN,C,2016-11-03,false,OTT,4,0,-3,6,0,0,1,0,0,0,14,10982,254,13,1,12,1,5,86,97
Patric Hornqvist,PIT,R,2016-11-03,false,LAK,4,6,4,2,3,2,0,0,1,0,40,10399,257,30,14,10,1,6,1,4
Julius Honka,DAL,D,2017-03-30,false,BOS,0,4,-4,2,0,1,0,0,0,0,22,11159,239,5,7,5,6,2,0,0
Korbinian Holzer,ANA,D,2016-12-27,false,SJS,0,2,-3,6,0,0,0,0,0,0,6,9558,211,26,13,5,3,1,0,0
Peter Holland,ARI,C,2016-12-17,false,MIN,0,3,-2,4,0,0,0,0,0,0,18,7912,173,7,1,5,3,2,43,54
Nick Holden,NYR,D,2016-11-03,false,EDM,0,5,10,6,0,0,0,0,0,0,6,12850,298,21,14,7,11,5,0,0
Mike Hoffman,OTT,L,2016-11-05,false,BUF,3,4,-1,6,1,2,0,0,2,0,43,11524,234,5,6,11,3,9,1,2
Joshua Ho-Sang,NYI,R,2017-03-22,false,NYR,3,4,-4,4,1,1,0,0,0,0,14,10566,208,3,2,4,9,2,0,2
Niklas Hjalmarsson,CHI,D,2016-11-05,false,DAL,2,1,5,2,0,0,0,0,0,0,9,13770,311,5,23,0,9,2,0,0
Vinnie Hinostroza,CHI,L,2016-11-21,false,EDM,1,2,0,2,0,0,0,0,0,0,11,6562,154,6,6,3,4,6,10,15
Thomas Hickey,NYI,D,2016-11-03,false,PHI,1,2,1,2,0,1,0,0,0,0,13,11910,238,10,17,4,3,0,0,0
Tomas Hertl,SJS,C,2016-11-03,false,CGY,4,4,2,10,1,0,0,0,1,0,25,11133,254,22,3,11,5,7,48,39
Adam Henrique,NJD,C,2016-11-06,false,CAR,2,2,3,8,0,0,0,0,0,0,18,12425,260,13,11,4,4,7,80,81
Matt Hendricks,EDM,L,2016-12-21,false,ARI,1,2,-3,8,0,0,0,0,1,0,11,8157,201,22,16,4,2,1,34,35
Ales Hemsky,DAL,R,2017-03-23,false,CHI,3,2,-1,0,0,1,0,0,0,0,22,9641,250,0,4,8,4,6,0,0
Darren Helm,DET,C,2016-11-02,false,PHI,4,3,10,8,2,0,0,1,1,0,17,10171,249,8,3,4,4,6,69,54
Victor Hedman,TBL,D,2016-11-03,false,BOS,2,6,4,2,1,4,0,0,1,0,15,16067,309,16,22,13,7,6,0,0
Kevin Hayes,NYR,C,2016-11-03,false,EDM,4,6,9,2,0,0,0,0,0,0,16,10793,254,7,7,5,13,10,64,64
Jimmy Hayes,BOS,R,2016-11-08,false,MTL,0,0,-9,7,0,0,0,0,0,0,16,7051,159,17,1,5,2,2,1,2
John Hayden,CHI,L,2017-04-06,false,ANA,1,3,3,4,0,0,0,0,0,0,22,7670,190,39,2,5,1,4,0,0
Erik Haula,MIN,L,2016-11-21,false,DAL,2,2,2,6,0,0,0,0,0,0,24,9539,227,4,4,3,5,4,61,66
Garnet Hathaway,CGY,R,2016-12-04,false,ANA,1,2,1,23,0,0,0,0,0,0,6,6044,145,26,6,3,1,2,7,7
Scott Hartnell,CBJ,L,2016-11-09,false,ANA,4,4,5,2,1,0,0,0,0,0,14,8249,203,13,5,6,6,2,0,0
Ryan Hartman,CHI,L,2016-11-11,false,WSH,2,1,0,0,0,0,0,0,0,0,19,6539,151,18,6,6,1,4,1,3
Scott Harrington,CBJ,D,2017-02-04,false,NJD,1,2,2,4,0,0,0,0,0,0,7,8492,206,13,11,6,3,2,0,0
Martin Hanzal,ARI,C,2016-11-17,false,VAN,2,3,-3,2,0,1,0,0,0,0,30,12046,257,21,12,7,7,4,132,100
Jannik Hansen,VAN,R,2016-11-03,false,OTT,2,2,-3,2,0,0,0,0,0,0,20,11134,251,12,2,7,3,5,0,0
Noah Hanifin,CAR,D,2016-11-06,false,NJD,0,7,-7,6,0,3,0,0,0,0,20,11285,243,8,5,7,9,3,0,0
Travis Hamonic,NYI,D,2016-11-03,false,PHI,2,3,-7,23,0,1,0,0,0,0,14,13872,264,17,23,11,5,4,0,0
Dougie Hamilton,CGY,D,2016-11-01,false,CHI,2,4,1,14,0,1,0,0,1,0,31,12484,295,16,10,6,9,3,0,0
Freddie Hamilton,CGY,C,2016-11-21,false,BUF,0,0,1,2,0,0,0,0,0,0,11,6427,153,20,0,6,1,3,30,24
Dan Hamhuis,DAL,D,2016-11-06,false,CHI,0,4,0,8,0,0,0,1,0,0,15,13514,295,18,15,7,3,2,0,0
Taylor Hall,NJD,L,2016-11-06,false,CAR,5,3,-1,4,3,1,0,0,2,1,48,13181,262,12,5,14,4,8,1,1
Micheal Haley,SJS,C,2016-11-25,false,NYI,0,2,0,32,0,0,0,0,0,0,7,5176,135,34,6,3,4,2,1,1
Ron Hainsey,CAR,D,2016-11-06,false,NJD,1,2,-2,6,0,0,1,0,0,0,14,13947,291,13,7,7,9,1,0,0
Carl Hagelin,PIT,L,2016-11-03,false,LAK,1,1,-1,2,0,0,0,0,0,0,18,10876,267,9,4,6,7,3,0,1
Carl Gunnarsson,STL,D,2016-11-10,false,NSH,0,1,-1,4,0,0,0,0,0,0,8,8738,213,7,13,3,1,0,0,0
Jake Guentzel,PIT,C,2017-01-26,false,BOS,4,3,4,4,0,0,0,0,0,0,10,9084,207,32,4,5,3,2,6,6
Radko Gudas,PHI,D,2016-11-15,false,OTT,1,4,-2,2,0,1,0,0,0,0,20,13711,285,40,33,22,5,3,0,0
Eric Gryba,EDM,D,2016-11-11,false,DAL,0,0,1,14,0,0,0,0,0,0,13,11677,248,39,12,2,3,3,0,0
Mikhail Grigorenko,COL,C,2016-11-06,false,STL,0,4,-2,8,0,2,0,0,0,0,19,9672,211,7,2,4,3,6,12,17
Seth Griffith,FLA,C,2016-12-03,false,OTT,0,1,1,0,0,0,0,0,0,0,8,6654,149,18,3,6,3,0,0,3
Andy Greene,NJD,D,2016-11-06,false,CAR,1,1,-1,0,0,0,1,0,0,0,12,14747,299,14,26,7,4,3,0,0
Matt Greene,LAK,D,2016-11-23,false,NYI,1,1,0,8,0,0,0,0,0,0,6,8779,232,42,16,3,7,1,0,0
Mike Green,DET,D,2016-11-02,false,PHI,3,5,1,12,1,1,0,0,0,0,16,15670,313,12,13,9,8,7,0,0
Kevin Gravel,LAK,D,2016-11-23,false,NYI,0,1,3,4,0,0,0,0,0,0,9,9752,234,19,17,6,5,0,0,0
Tyler Graovac,MIN,C,2016-11-23,false,WPG,2,0,1,0,0,0,0,0,0,0,11,6452,160,15,1,8,0,4,37,35
Derek Grant,BUF,C,2016-11-05,false,OTT,0,0,-3,2,0,0,0,0,0,0,8,7636,188,13,6,4,2,3,59,43
Mikael Granlund,MIN,C,2016-11-05,false,COL,2,4,0,0,1,1,1,0,1,0,17,12874,277,9,6,15,5,4,3,4
Markus Granlund,VAN,C,2016-11-03,false,OTT,2,1,-2,4,0,0,0,0,0,0,15,10669,244,6,2,8,2,8,11,13
Michael Grabner,NYR,R,2016-11-03,false,EDM,6,2,9,0,0,0,0,0,1,0,22,8232,221,7,6,7,7,12,2,1
Yanni Gourde,TBL,C,2017-03-23,false,BOS,1,1,-3,2,0,0,1,0,0,0,14,9522,214,6,3,5,3,10,25,35
Shayne Gostisbehere,PHI,D,2016-11-02,false,DET,2,5,-3,6,1,2,0,0,1,0,32,13948,295,7,17,19,15,2,0,0
Josh Gorges,BUF,D,2016-11-05,false,OTT,0,0,-1,12,0,0,0,0,0,0,4,12695,302,26,22,5,5,0,0,0
Boyd Gordon,PHI,C,2016-12-30,false,SJS,1,0,-3,2,0,0,0,0,0,0,6,5433,157,3,7,2,0,1,41,37
Cody Goloubef,COL,D,2017-01-12,false,ANA,0,2,-7,13,0,0,0,0,0,0,4,10356,242,7,16,0,1,2,0,0
Alex Goligoski,ARI,D,2016-11-04,false,ANA,0,6,-8,4,0,2,0,0,0,0,15,15918,313,12,20,6,8,1,0,0
Nikolay Goldobin,VAN,R,2017-04-04,false,SJS,1,0,1,0,0,0,0,0,1,0,11,6921,171,1,4,5,7,3,0,0
Luke Glendening,DET,C,2016-11-02,false,PHI,0,4,1,4,0,1,0,0,0,0,15,8764,214,27,14,7,0,4,60,58
Tanner Glass,NYR,L,2017-04-09,false,PIT,1,1,0,17,0,0,0,0,0,0,8,7201,187,37,4,7,0,2,2,0
Claude Giroux,PHI,C,2016-11-02,false,DET,2,11,-6,2,1,6,0,0,0,0,29,13460,285,11,1,12,0,3,124,121
Zemgus Girgensons,BUF,C,2016-11-05,false,OTT,1,3,-2,0,0,0,0,0,0,0,22,8199,199,11,4,6,0,0,49,47
Dan Girardi,NYR,D,2016-11-12,false,CGY,2,3,7,4,0,0,0,1,2,0,13,11323,266,20,24,5,8,1,0,0
Mark Giordano,CGY,D,2016-11-01,false,CHI,1,4,-1,16,0,1,0,1,0,0,22,16568,337,6,31,12,5,10,0,0
Brian Gionta,BUF,R,2016-11-05,false,OTT,3,3,3,4,0,0,0,0,1,0,25,11154,235,9,3,10,4,2,7,5
Stephen Gionta,NYI,R,2017-02-25,false,CBJ,0,4,2,0,0,0,0,0,0,0,8,7217,177,21,3,2,3,0,1,3
Tom Gilbert,LAK,D,2016-11-15,false,COL,1,3,-2,2,0,1,0,0,0,0,9,10751,248,5,15,6,4,1,0,0
Ryan Getzlaf,ANA,C,2016-11-09,false,CBJ,1,11,-2,8,0,5,0,0,0,0,29,12479,269,10,8,11,7,7,84,69
Eric Gelinas,COL,D,2016-12-14,false,PHI,0,1,-3,8,0,0,0,0,0,0,13,7906,189,8,4,7,4,1,0,0
Luke Gazdic,NJD,L,2017-04-04,false,PHI,0,0,-2,12,0,0,0,0,0,0,3,4707,113,16,6,1,0,1,0,0
Frederik Gauthier,TOR,C,2017-01-14,false,OTT,2,1,2,21,0,0,0,0,0,0,7,5896,182,7,9,3,1,1,63,60
Brendan Gaunce,VAN,C,2016-11-03,false,OTT,0,1,-2,4,0,0,0,0,0,0,9,6232,165,10,2,2,1,2,33,36
Cameron Gaunce,PIT,D,2017-04-08,false,TOR,1,3,0,13,0,0,0,0,0,0,8,7947,191,22,8,6,3,2,0,0
Johnny Gaudreau,CGY,L,2016-11-01,false,CHI,2,5,-8,0,0,1,0,0,0,0,30,12766,269,3,3,11,12,2,0,0
Jason Garrison,TBL,D,2016-11-03,false,BOS,0,2,-9,4,0,0,0,0,0,0,20,11767,269,13,15,11,10,4,0,0
Jake Gardiner,TOR,D,2016-11-03,false,BUF,1,5,0,2,1,1,0,0,0,0,17,12108,264,13,11,5,13,4,0,0
Brendan Gallagher,MTL,R,2016-11-04,false,CBJ,4,5,6,14,1,0,0,0,1,0,34,9899,236,12,1,7,3,3,18,23
Alex Galchenyuk,MTL,C,2016-11-04,false,CBJ,3,7,7,8,1,2,0,0,0,0,19,10324,238,5,7,9,7,3,47,77
Sam Gagner,CBJ,C,2016-11-10,false,BOS,4,2,1,0,2,2,0,0,1,0,23,9030,193,2,2,11,2,1,25,35
Kurtis Gabriel,MIN,R,2017-01-07,false,LAK,0,1,0,24,0,0,0,0,0,0,3,3952,104,26,1,2,3,0,0,0
Marian Gaborik,LAK,R,2016-12-22,false,NSH,1,3,2,2,1,1,0,0,0,0,25,9650,209,6,2,15,4,1,0,1
Michael Frolik,CGY,R,2016-11-01,false,CHI,5,2,1,4,0,0,2,0,0,0,24,10052,236,7,10,8,3,8,4,3
Cody Franson,BUF,D,2016-11-05,false,OTT,0,3,4,2,0,0,0,0,0,0,15,10390,238,5,4,4,5,0,0,0
Cam Fowler,ANA,D,2016-11-02,false,PIT,4,4,0,2,3,3,0,0,0,0,25,15904,316,8,13,5,11,3,0,0
Gustav Forsling,CHI,D,2016-11-06,false,DAL,0,1,1,2,0,0,0,0,0,0,13,10723,222,7,4,5,7,0,0,0
Filip Forsberg,NSH,L,2016-11-05,false,CAR,0,7,-4,4,0,3,0,0,0,0,20,12692,284,17,4,13,5,10,4,6
Derek Forbort,LAK,D,2016-11-03,false,PIT,0,0,-5,28,0,0,0,0,0,0,8,8876,212,21,17,2,6,2,0,0
Christian Folin,MIN,D,2016-11-10,false,PIT,0,1,8,8,0,0,0,0,0,0,11,11523,265,19,16,1,2,4,0,0
Marcus Foligno,BUF,L,2016-11-05,false,OTT,2,2,3,6,0,0,0,0,0,0,16,10785,249,32,9,8,7,8,0,1
Nick Foligno,CBJ,L,2016-11-09,false,ANA,4,8,5,14,2,4,0,0,0,0,15,11353,257,16,6,11,3,3,9,10
Brian Flynn,MTL,C,2016-11-08,false,BOS,0,2,0,2,0,0,0,0,0,0,11,8192,215,8,8,7,6,4,9,12
Mike Fisher,NSH,C,2016-11-15,false,TOR,3,4,-7,21,3,3,0,0,1,0,21,10778,243,33,9,6,0,2,106,84
Valtteri Filppula,TBL,C,2016-11-03,false,BOS,4,4,2,4,0,1,0,0,1,0,15,11601,239,5,5,2,4,5,84,118
Vernon Fiddler,NJD,C,2016-11-06,false,CAR,0,0,-3,13,0,0,0,0,0,0,12,8376,210,8,5,2,7,3,72,65
Kevin Fiala,NSH,L,2016-11-27,false,WPG,2,0,-1,2,0,0,0,0,1,0,20,7750,196,8,1,1,5,3,0,0
Micheal Ferland,CGY,L,2016-11-01,false,CHI,2,3,0,0,0,1,0,0,0,0,15,7297,175,24,2,5,6,3,0,0
Eric Fehr,PIT,C,2016-11-03,false,LAK,1,1,-2,2,0,0,0,0,1,0,10,7581,193,11,12,3,0,5,21,17
Taylor Fedun,BUF,D,2017-01-07,false,WPG,0,4,1,2,0,3,0,0,0,0,14,9426,220,2,9,3,5,1,0,0
Justin Faulk,CAR,D,2016-11-06,false,NJD,3,3,-5,8,1,2,0,0,0,0,26,15955,307,16,11,18,12,8,0,0
Jesper Fast,NYR,R,2016-11-03,false,EDM,1,4,5,8,0,0,0,0,0,0,7,8571,219,20,3,7,2,5,6,3
Justin Falk,BUF,D,2016-12-03,false,BOS,0,0,0,2,0,0,0,0,0,0,9,8631,219,18,4,3,4,1,0,0
Radek Faksa,DAL,C,2016-11-05,false,CHI,1,1,0,8,0,0,0,0,0,0,17,10516,275,10,9,10,4,4,85,80
Robby Fabbri,STL,C,2016-11-03,false,DAL,0,3,-4,6,0,1,0,0,0,0,16,10736,240,10,7,5,5,5,2,1
Adam Erne,TBL,L,2017-03-11,false,FLA,1,0,-2,4,0,0,0,0,0,0,20,8382,195,28,4,9,2,2,0,2
Joel Eriksson Ek,MIN,C,2017-04-01,false,NSH,3,3,2,2,0,0,0,0,1,0,11,6864,178,20,5,6,2,2,32,42
Loui Eriksson,VAN,L,2016-11-03,false,OTT,0,4,-4,0,0,1,0,1,0,0,19,12728,264,0,5,9,2,3,0,0
Jonathan Ericsson,DET,D,2016-11-02,false,PHI,0,3,2,28,0,0,0,0,0,0,8,11868,275,15,13,5,7,0,0,0
Toby Enstrom,WPG,D,2016-11-03,false,WSH,1,2,-2,10,0,1,1,0,0,0,13,14829,318,3,16,7,5,2,0,0
Tyler Ennis,BUF,L,2016-11-05,false,OTT,1,1,-5,0,0,0,0,0,0,0,29,9430,207,5,3,5,2,5,0,3
Deryk Engelland,CGY,D,2016-11-01,false,CHI,1,1,4,9,0,0,0,0,1,0,14,12647,299,14,26,7,9,2,0,0
Alexei Emelin,MTL,D,2016-11-04,false,CBJ,1,2,5,12,0,0,0,0,0,0,8,13686,284,39,18,3,13,0,0,0
Ryan Ellis,NSH,D,2016-11-05,false,CAR,0,3,-2,2,0,2,0,0,0,0,16,15652,312,19,19,9,3,2,0,0
Lars Eller,WSH,C,2016-11-05,false,FLA,2,0,2,10,0,0,0,0,0,0,21,9873,217,7,2,6,4,7,64,67
Remi Elie,DAL,L,2017-03-26,false,NJD,1,4,2,6,0,0,0,0,0,0,11,10338,245,22,8,5,9,5,1,0
Oliver Ekman-Larsson,ARI,D,2016-11-04,false,ANA,5,2,0,6,2,0,0,0,1,1,29,16794,304,20,10,14,6,3,0,0
Mattias Ekholm,NSH,D,2016-11-05,false,CAR,0,2,-1,4,0,1,0,0,0,0,17,15483,305,8,18,11,9,5,0,0
Aaron Ekblad,FLA,D,2016-11-03,false,NJD,2,0,-2,10,2,0,0,0,0,0,33,15630,259,24,13,15,3,5,0,0
Jack Eichel,BUF,C,2016-12-22,false,CAR,5,3,-1,2,2,2,0,0,2,0,44,12715,238,9,7,13,7,6,51,64
Nikolaj Ehlers,WPG,L,2016-11-03,false,WSH,2,2,-2,8,0,1,0,0,0,0,27,11824,236,7,5,16,6,4,0,1
Joel Edmundson,STL,D,2016-11-03,false,DAL,0,1,-3,17,0,0,0,0,0,0,9,10745,275,21,14,3,2,2,0,0
Alexander Edler,VAN,D,2016-11-03,false,OTT,1,0,-4,4,1,0,0,0,0,0,21,16135,323,20,33,5,5,2,0,0
Jordan Eberle,EDM,C,2016-11-03,false,NYR,3,4,-5,2,1,1,0,0,0,0,34,11973,266,2,5,7,1,5,0,1
Patrick Eaves,DAL,R,2016-11-06,false,CHI,2,4,-1,2,1,2,0,0,0,0,27,11285,263,19,6,15,0,0,0,0
Cody Eakin,DAL,C,2016-12-10,false,PHI,0,1,-6,0,0,0,0,0,0,0,12,10242,254,11,5,5,3,1,69,86
Ryan Dzingel,OTT,L,2016-11-05,false,BUF,4,3,4,0,0,1,1,0,1,0,13,7791,187,6,7,3,3,4,1,2
Christian Dvorak,ARI,C,2016-11-10,false,WPG,1,4,2,2,0,1,0,0,0,0,8,9657,194,8,11,4,3,0,59,66
Brian Dumoulin,PIT,D,2016-11-03,false,LAK,0,0,0,4,0,0,0,0,0,0,16,13779,319,20,13,6,8,1,0,0
Gabriel Dumont,TBL,C,2017-02-04,false,ANA,0,1,-2,7,0,0,0,0,0,0,17,6274,160,24,4,2,2,1,34,18
Matt Dumba,MIN,D,2016-11-05,false,COL,1,3,3,4,1,1,0,0,0,0,20,14872,285,15,12,7,3,3,0,0
Anthony Duclair,ARI,L,2016-11-04,false,ANA,1,1,-2,2,0,0,0,0,0,0,16,8976,205,1,1,4,5,4,0,0
Matt Duchene,COL,C,2016-11-06,false,STL,6,4,1,2,0,2,0,0,2,0,28,12297,262,4,9,6,5,5,74,44
Brandon Dubinsky,CBJ,C,2016-11-12,false,STL,1,2,-4,15,0,1,0,0,1,0,15,11396,271,34,7,9,5,4,102,102
Jonathan Drouin,TBL,L,2016-11-17,false,BUF,2,4,-3,4,2,1,0,0,0,0,32,10999,215,7,7,7,11,6,21,22
Leon Draisaitl,EDM,C,2016-11-03,false,NYR,2,4,-2,2,1,1,0,0,0,0,21,10724,232,6,4,6,10,7,74,72
Nic Dowd,LAK,C,2016-11-08,false,TOR,2,5,2,2,1,1,0,0,1,1,12,8949,213,30,4,6,4,1,61,66
Drew Doughty,LAK,D,2016-11-03,false,PIT,2,2,-4,12,0,1,0,0,0,0,30,18405,371,17,22,10,12,0,1,0
Jake Dotchin,TBL,D,2017-02-19,false,COL,0,3,6,12,0,0,0,0,0,0,14,11205,249,32,6,11,6,1,0,0
Joonas Donskoi,SJS,R,2016-11-03,false,CGY,2,3,-3,4,1,1,0,0,0,0,20,9679,229,3,3,11,4,7,0,0
Max Domi,ARI,L,2016-11-04,false,ANA,0,7,-1,11,0,1,0,0,0,0,24,11799,236,8,7,6,7,5,3,2
Shane Doan,ARI,R,2016-11-04,false,ANA,1,2,-4,2,1,1,0,0,0,0,23,10346,215,20,3,6,4,1,16,16
Brenden Dillon,SJS,D,2016-11-03,false,CGY,0,1,0,8,0,0,0,0,0,0,15,10290,235,23,8,6,2,0,0,0
Phillip Di Giuseppe,CAR,L,2016-11-10,false,ANA,0,0,-6,11,0,0,0,0,0,0,17,7934,181,17,3,10,2,4,0,1
Nicolas Deslauriers,BUF,L,2016-12-17,false,CAR,0,0,-3,4,0,0,0,0,0,0,6,5605,131,28,2,4,0,1,0,0
Andrew Desjardins,CHI,L,2016-12-06,false,ARI,0,0,-1,4,0,0,0,0,0,0,15,6803,160,15,2,3,2,3,14,7
David Desharnais,MTL,C,2016-11-04,false,CBJ,2,2,-1,2,0,0,0,0,0,0,12,8753,206,0,2,0,2,3,34,39
Jason Demers,FLA,D,2016-11-03,false,NJD,0,4,-4,4,0,2,0,1,0,0,11,12869,246,4,7,14,7,9,0,0
Michael Del Zotto,PHI,D,2016-12-03,false,CHI,3,4,-2,4,0,0,0,0,0,0,25,12317,272,49,24,8,5,2,0,0
Dylan DeMelo,SJS,D,2017-01-03,false,LAK,1,1,-1,2,0,0,0,0,0,0,17,10429,240,17,12,5,5,0,0,0
Danny DeKeyser,DET,D,2016-11-02,false,PHI,1,0,1,8,0,0,0,0,0,0,8,14876,318,13,29,6,7,1,0,0
Anthony DeAngelo,ARI,D,2016-12-03,false,CBJ,2,5,0,2,1,3,0,0,0,0,17,12698,263,4,13,7,6,1,0,0
Brandon Davidson,EDM,D,2017-01-14,false,CGY,0,1,-1,6,0,0,0,0,0,0,15,9747,223,13,22,5,8,1,0,0
Laurent Dauphin,ARI,C,2016-11-16,false,CGY,1,1,-2,4,0,0,1,0,0,0,12,7213,169,14,5,2,1,7,13,18
Marko Dano,WPG,C,2016-11-20,false,CAR,3,3,1,2,2,0,0,0,0,0,14,8359,194,22,5,7,7,5,1,3
Phillip Danault,MTL,L,2016-11-04,false,CBJ,2,3,4,0,0,0,0,0,0,0,15,8426,211,11,9,4,6,1,25,25
Trevor Daley,PIT,D,2016-11-03,false,LAK,1,2,2,6,1,1,0,0,0,0,17,14365,338,4,20,12,2,8,0,0
Klas Dahlbeck,CAR,D,2017-01-21,false,CBJ,1,2,-2,12,0,0,0,0,0,0,8,8078,200,16,6,4,2,4,0,0
Austin Czarnik,BOS,C,2016-11-12,false,ARI,2,2,-1,4,0,1,0,0,1,0,17,9558,222,1,6,3,5,3,5,14
Matt Cullen,PIT,C,2016-11-03,false,LAK,3,5,3,2,0,1,0,0,1,0,16,10180,263,6,2,9,5,1,102,72
Lawson Crouse,ARI,L,2016-11-12,false,BOS,1,0,-4,4,0,0,0,0,0,0,13,6959,162,21,4,4,0,2,0,0
Sidney Crosby,PIT,C,2016-11-18,false,NYI,11,4,3,2,4,1,0,0,1,0,40,12223,274,13,2,12,10,5,119,139
Joseph Cramarossa,ANA,C,2016-11-12,false,NSH,1,1,0,20,0,0,0,0,0,0,6,7505,189,25,8,5,5,3,1,0
Adam Cracknell,DAL,R,2016-11-05,false,CHI,2,1,2,0,0,0,0,0,0,0,14,6428,168,15,5,8,3,2,20,15
Charlie Coyle,MIN,C,2016-11-05,false,COL,3,4,1,18,1,0,0,0,1,0,21,11389,254,12,8,10,6,6,8,7
Sean Couturier,PHI,C,2016-11-02,false,DET,3,1,-3,6,0,0,0,0,1,0,18,12235,282,10,9,12,5,6,92,97
Logan Couture,SJS,C,2016-11-03,false,CGY,2,4,-3,2,2,0,0,0,0,0,35,12214,278,2,9,8,9,3,45,84
Nick Cousins,PHI,C,2016-11-11,false,TOR,1,3,0,2,0,1,0,0,0,0,13,7139,161,13,5,0,0,3,3,16
Andrew Copp,WPG,C,2016-11-20,false,CAR,2,2,0,2,0,0,1,0,0,0,11,8288,208,17,7,6,4,6,15,36
Kyle Connor,WPG,L,2016-11-04,false,DET,1,2,-5,4,0,1,0,0,1,0,17,9267,195,1,4,6,2,6,1,1
Brett Connolly,WSH,R,2016-11-23,false,STL,1,0,0,10,0,0,0,0,0,0,12,6621,157,24,1,3,1,4,0,1
Kevin Connauton,ARI,D,2017-01-07,false,NYI,0,1,-4,6,0,0,0,0,0,0,12,8179,196,24,9,7,2,1,0,0
Erik Condra,TBL,R,2017-01-26,false,FLA,0,0,-4,4,0,0,0,0,0,0,7,6312,148,4,7,3,2,3,1,0
Cory Conacher,TBL,C,2017-04-09,false,BUF,1,3,0,4,1,0,0,0,0,0,16,7631,194,1,0,7,8,6,1,1
J.T. Compher,COL,L,2017-03-21,false,STL,1,0,-3,2,0,0,0,0,1,0,10,8706,201,8,11,4,2,2,45,44
Blake Comeau,COL,L,2016-11-15,false,LAK,2,1,-1,16,1,0,0,0,0,0,16,9498,232,22,5,3,2,5,27,23
Blake Coleman,NJD,C,2017-03-09,false,COL,0,1,-3,4,0,0,0,0,0,0,14,8120,184,22,9,4,7,7,45,54
Ian Cole,PIT,D,2016-11-03,false,LAK,1,0,-4,10,0,0,0,0,0,0,9,12536,286,28,22,11,7,2,0,0
Joe Colborne,COL,C,2016-11-06,false,STL,3,1,-5,4,2,0,0,0,0,0,15,8635,199,9,4,0,3,3,14,31
Andrew Cogliano,ANA,L,2016-11-02,false,PIT,4,0,2,4,0,0,2,0,0,0,23,10170,259,13,6,2,3,4,1,4
Braydon Coburn,TBL,D,2016-11-03,false,BOS,0,2,-3,6,0,0,0,0,0,0,17,10550,236,16,4,4,2,0,0,0
Cal Clutterbuck,NYI,R,2016-11-03,false,PHI,1,4,1,8,0,0,0,0,0,0,18,10241,262,39,5,6,7,3,1,2
Kyle Clifford,LAK,L,2016-11-05,false,CGY,1,1,2,21,0,0,0,0,0,0,22,6476,150,27,1,7,1,3,0,1
Adam Clendening,NYR,D,2017-01-07,false,CBJ,1,4,3,6,1,1,0,0,0,0,9,10388,240,5,8,8,5,3,0,0
Fredrik Claesson,OTT,D,2017-01-22,false,CBJ,0,0,-3,0,0,0,0,0,0,0,6,7158,178,14,4,2,7,0,0,0
Casey Cizikas,NYI,C,2016-11-03,false,PHI,1,4,2,10,0,1,0,0,1,0,14,9894,258,26,15,3,2,5,88,92
Jakob Chychrun,ARI,D,2016-11-08,false,COL,1,2,0,21,0,0,0,0,0,0,14,11766,254,17,13,14,8,2,0,0
Taylor Chorney,WSH,D,2017-01-21,false,DAL,1,2,4,6,0,0,0,0,1,0,12,8914,205,19,18,7,3,2,0,0
Jason Chimera,NYI,L,2016-11-03,false,PHI,0,3,-5,10,0,0,0,0,0,0,14,9028,225,21,4,3,5,2,1,4
Alex Chiasson,CGY,R,2016-11-01,false,CHI,1,2,3,8,0,0,0,0,0,0,15,7998,207,14,2,4,4,4,0,4
Ben Chiarot,WPG,D,2016-11-04,false,DET,0,1,-5,4,0,0,0,0,0,0,5,8814,188,15,13,1,7,1,0,0
Zdeno Chara,BOS,D,2016-11-05,false,NYR,1,2,9,15,0,0,0,0,0,0,18,15567,304,21,24,8,9,9,0,0
Michael Chaput,VAN,C,2016-11-29,false,MIN,0,2,-5,4,0,0,0,0,0,0,10,7293,182,18,5,0,2,1,54,45
Peter Cehlarik,BOS,L,2017-03-13,false,VAN,0,2,0,0,0,1,0,0,0,0,8,9183,197,7,4,6,10,8,2,1
Cody Ceci,OTT,D,2016-11-05,false,BUF,0,2,-4,4,0,0,0,1,0,0,13,15009,337,23,27,8,7,5,0,0
Jeff Carter,LAK,C,2016-11-03,false,PIT,2,4,-1,4,0,0,0,0,1,1,32,11863,258,9,5,14,8,3,96,85
William Carrier,BUF,L,2016-11-25,false,WSH,1,0,1,2,0,0,0,0,0,0,17,5499,145,43,2,4,3,2,1,1
Connor Carrick,TOR,D,2016-11-03,false,BUF,1,0,1,8,0,0,0,0,0,0,24,12383,290,11,15,7,9,3,0,0
Daniel Carr,MTL,L,2016-11-29,false,ANA,1,1,2,6,0,0,0,0,1,0,16,6879,163,12,5,5,3,2,1,1
Ryan Carpenter,SJS,C,2017-02-09,false,BOS,2,2,5,4,0,0,0,0,0,0,20,6853,179,15,2,2,3,1,34,41
John Carlson,WSH,D,2016-11-05,false,FLA,0,5,3,0,0,1,0,0,0,0,34,15616,287,8,12,15,10,4,0,0
Brandon Carlo,BOS,D,2016-11-05,false,NYR,2,2,8,6,0,0,0,0,0,0,12,14864,302,12,28,9,2,1,0,0
Brian Campbell,CHI,D,2016-11-03,false,COL,1,5,9,4,0,2,0,0,0,0,12,12190,250,12,8,3,11,0,0,0
Michael Cammalleri,NJD,L,2016-11-06,false,CAR,3,3,3,8,0,1,0,0,1,0,26,10379,225,8,3,13,7,3,3,3
Matt Calvert,CBJ,L,2016-11-09,false,ANA,1,1,-1,10,0,0,0,0,0,0,15,10575,248,15,6,7,5,7,2,5
Ryan Callahan,TBL,R,2016-11-19,false,PHI,1,1,1,17,0,0,0,0,0,0,15,9445,219,31,10,6,3,6,2,3
Drake Caggiula,EDM,L,2016-12-08,false,PHI,1,4,0,2,1,1,0,0,0,0,12,9221,214,21,1,8,2,3,20,32
Paul Byron,MTL,L,2016-11-04,false,CBJ,2,3,1,4,0,0,1,0,1,0,11,8796,233,11,5,1,3,6,2,0
Dustin Byfuglien,WPG,D,2016-11-03,false,WSH,0,7,2,8,0,1,0,0,0,0,31,19162,325,29,19,20,18,7,0,0
Alexandre Burrows,VAN,L,2016-11-10,false,DET,2,0,-3,21,0,0,0,0,0,0,20,8003,214,9,2,3,4,9,0,2
Brent Burns,SJS,D,2016-11-03,false,CGY,4,7,1,4,1,2,0,0,1,0,63,15894,299,10,27,23,21,4,0,0
Alexander Burmistrov,WPG,C,2016-11-04,false,DET,0,1,-4,0,0,0,0,0,0,0,7,7605,165,8,2,3,4,1,25,44
Andre Burakovsky,WSH,L,2016-11-05,false,FLA,2,4,0,0,0,0,0,0,0,0,25,10371,208,4,2,6,6,7,0,0
Pavel Buchnevich,NYR,R,2017-01-13,false,TOR,4,5,4,4,1,2,0,0,0,0,19,9700,215,3,3,11,10,5,1,1
Dustin Brown,LAK,R,2016-11-03,false,PIT,1,4,-5,6,0,2,1,0,0,0,19,10920,242,25,3,10,4,5,0,1
Connor Brown,TOR,R,2016-11-03,false,BUF,1,1,-2,4,0,0,0,0,0,0,12,8834,227,14,9,5,1,2,0,0
J.T. Brown,TBL,R,2016-11-05,false,NJD,1,1,-4,10,0,0,1,0,0,0,11,6667,164,11,3,4,3,2,0,1
Patrick Brown,CAR,C,2017-03-19,false,PHI,0,0,-6,0,0,0,0,0,0,0,10,6375,148,22,4,6,2,2,4,3
Troy Brouwer,CGY,R,2016-11-01,false,CHI,3,3,-1,6,0,2,1,0,0,0,17,11514,262,29,7,6,2,5,7,13
Kyle Brodziak,STL,C,2016-11-05,false,CBJ,0,0,-2,10,0,0,0,0,0,0,9,5682,171,10,4,2,0,2,20,39
Jonas Brodin,MIN,D,2016-11-05,false,COL,1,3,6,6,0,0,0,0,1,0,14,12794,281,4,14,12,6,2,0,0
TJ Brodie,CGY,D,2016-11-01,false,CHI,0,2,-8,2,0,1,0,0,0,0,18,15641,341,7,12,5,7,8,0,0
Justin Braun,SJS,D,2016-11-03,false,CGY,0,0,-6,2,0,0,0,0,0,0,11,13036,274,13,24,7,7,7,0,0
Derick Brassard,OTT,C,2016-11-05,false,BUF,1,4,3,4,0,1,0,0,0,0,26,11818,247,16,0,10,5,8,90,102
Tyler Bozak,TOR,C,2016-11-03,false,BUF,3,3,-2,2,0,0,0,0,1,0,18,10389,245,10,3,7,4,5,105,70
Brian Boyle,TBL,C,2016-11-03,false,BOS,2,0,0,12,0,0,0,0,0,0,16,7221,177,16,6,2,3,5,51,42
Johnny Boychuk,NYI,D,2016-11-03,false,PHI,2,2,-1,2,0,1,1,0,1,0,31,13149,251,26,28,14,6,3,0,0
Jay Bouwmeester,STL,D,2016-11-03,false,DAL,0,1,-2,4,0,0,0,0,0,0,11,14896,330,9,17,8,7,2,0,0
Rene Bourque,COL,R,2016-11-11,false,WPG,4,1,-3,13,2,0,0,0,1,1,23,9483,216,23,7,8,2,3,0,3
Michael Bournival,TBL,L,2017-01-12,false,BUF,1,0,-3,2,0,0,0,0,0,0,15,6352,159,14,4,8,1,3,1,2
Lance Bouma,CGY,C,2016-11-01,false,CHI,0,1,-1,4,0,0,0,0,0,0,7,7941,200,24,8,2,2,3,0,1
Reid Boucher,NSH,C,2016-12-27,false,MIN,1,2,1,2,0,0,0,0,0,0,14,7648,157,12,7,4,1,6,0,0
Robert Bortuzzo,STL,D,2016-12-03,false,WPG,1,1,6,2,0,0,0,0,0,0,15,9111,246,26,19,7,6,2,0,0
Mark Borowiecki,OTT,D,2016-11-05,false,BUF,0,0,2,21,0,0,0,0,0,0,3,7930,216,26,14,4,0,0,0,0
Nick Bonino,PIT,C,2016-11-03,false,LAK,0,3,-5,4,0,1,0,0,0,0,17,11998,291,13,15,4,2,9,102,107
Jared Boll,ANA,R,2016-11-04,false,ARI,0,1,-3,16,0,0,0,0,0,0,3,4802,118,12,2,1,2,1,0,1
Zach Bogosian,BUF,D,2016-12-20,false,FLA,0,0,-4,8,0,0,0,0,0,0,15,12859,289,13,18,2,5,5,0,0
Mikkel Boedker,SJS,L,2016-11-03,false,CGY,2,0,-5,2,0,0,0,0,0,0,13,10147,244,7,3,11,7,4,2,4
Anton Blidh,BOS,L,2016-12-29,false,BUF,1,1,1,0,0,0,0,0,0,0,23,6228,147,23,1,6,3,3,0,0
Joseph Blandisi,NJD,L,2017-03-02,false,WSH,1,2,-3,14,0,1,0,0,0,0,11,7354,182,14,1,5,0,1,15,16
Nick Bjugstad,FLA,C,2016-12-13,false,MIN,0,0,-7,6,0,0,0,0,0,0,10,8556,190,18,2,4,5,5,30,33
Oliver Bjorkstrand,CBJ,R,2017-02-28,false,MTL,2,3,4,6,0,0,0,0,1,0,19,9209,215,6,3,7,4,5,1,0
Anthony Bitetto,NSH,D,2017-01-17,false,VAN,0,2,0,9,0,0,0,0,0,0,7,7901,196,17,10,7,2,0,0,0
Kevin Bieksa,ANA,D,2016-11-02,false,PIT,0,0,-2,15,0,0,0,0,0,0,24,13492,267,24,8,10,4,2,0,0
Alex Biega,VAN,D,2017-01-07,false,CGY,0,2,1,8,0,0,0,0,0,0,9,10716,248,25,11,12,1,2,0,0
Bryan Bickell,CAR,L,2017-04-09,false,PHI,1,0,-4,4,1,0,0,0,1,0,8,6891,160,16,3,6,2,3,0,2
Patrik Berglund,STL,C,2016-11-03,false,DAL,1,3,-1,6,0,0,0,0,0,0,18,10369,256,20,4,10,3,3,77,60
Patrice Bergeron,BOS,C,2016-11-10,false,CBJ,2,2,-1,2,0,0,0,0,1,0,43,12195,262,11,10,13,2,4,151,108
Matt Benning,EDM,D,2016-11-21,false,CHI,0,4,8,2,0,1,0,0,0,0,11,10580,238,18,10,9,9,0,0,0
Sam Bennett,CGY,C,2016-11-01,false,CHI,3,3,1,22,1,0,0,0,0,0,16,9700,232,28,1,9,5,5,60,58
Beau Bennett,NJD,R,2016-11-08,false,CAR,0,3,1,2,0,0,0,0,0,0,16,8006,177,7,2,2,3,6,0,1
Jamie Benn,DAL,L,2016-11-05,false,CHI,2,6,-3,21,2,1,0,0,0,0,27,13054,307,16,4,15,8,9,73,47
Jordie Benn,DAL,D,2016-11-08,false,WPG,1,3,0,10,0,1,0,0,0,0,16,12256,280,8,20,6,6,1,0,0
Pierre-Edouard Bellemare,PHI,L,2016-11-02,false,DET,0,2,2,0,0,0,0,1,0,0,14,9101,220,7,11,7,1,1,59,65
Matt Beleskey,BOS,L,2016-11-07,false,BUF,0,1,-6,7,0,1,0,0,0,0,18,10150,214,28,5,12,3,3,13,20
Anthony Beauvillier,NYI,C,2016-11-12,false,FLA,1,4,3,2,0,0,0,0,0,0,9,7303,168,16,2,3,2,1,5,4
Nathan Beaulieu,MTL,D,2016-11-04,false,CBJ,1,3,8,9,0,1,0,0,1,0,12,11677,252,13,19,3,16,5,0,0
Francois Beauchemin,COL,D,2016-11-06,false,STL,0,3,1,4,0,1,0,0,0,0,13,13243,290,11,15,6,6,5,0,0
Jay Beagle,WSH,C,2016-11-05,false,FLA,1,3,4,2,0,0,0,0,1,0,16,8134,202,5,5,2,4,1,75,51
Matt Bartkowski,CGY,D,2017-03-13,false,PIT,0,1,6,7,0,0,0,0,0,0,6,9689,239,17,8,4,5,2,0,0
Tyson Barrie,COL,D,2016-11-06,false,STL,1,4,-7,2,0,3,0,0,1,0,29,14811,299,11,11,17,4,2,0,0
Aleksander Barkov,FLA,C,2016-11-03,false,NJD,2,3,2,0,0,1,0,0,1,1,19,12709,254,4,5,7,2,8,77,74
Mark Barberio,MTL,D,2016-12-28,false,TBL,0,2,1,6,0,0,0,0,0,0,14,9841,219,4,7,3,8,1,0,0
Ivan Barbashev,STL,C,2017-02-18,false,BUF,2,1,3,2,0,0,0,0,1,0,8,6978,164,16,7,3,0,2,30,40
Nicholas Baptiste,BUF,R,2016-11-15,false,STL,2,0,2,6,0,0,0,0,0,0,11,5758,145,9,1,4,1,0,1,2
Justin Bailey,BUF,R,2017-02-06,false,NJD,1,0,2,0,0,0,0,0,0,0,11,6201,149,14,4,4,2,1,0,0
Josh Bailey,NYI,R,2016-11-03,false,PHI,2,5,4,0,0,0,0,0,1,1,21,12688,270,2,14,5,4,6,0,2
Sven Baertschi,VAN,L,2016-11-03,false,OTT,0,2,-2,0,0,0,0,0,0,0,18,9379,212,6,4,3,3,1,1,0
Nicklas Backstrom,WSH,C,2016-11-05,false,FLA,1,8,0,4,0,4,0,0,0,0,24,11846,256,8,2,1,8,6,98,74
Mikael Backlund,CGY,C,2016-11-01,false,CHI,1,6,0,2,0,1,0,2,0,0,26,11153,264,5,13,4,8,4,93,90
David Backes,BOS,R,2016-11-13,false,COL,3,4,9,15,0,1,0,0,0,0,26,11823,241,39,7,7,6,3,34,39
Yohann Auvitu,NJD,D,2016-11-06,false,CAR,0,2,2,0,0,1,0,0,0,0,27,11275,238,11,4,7,6,6,0,0
Cam Atkinson,CBJ,R,2016-11-09,false,ANA,4,4,-7,4,4,3,0,0,1,0,34,11547,274,5,6,12,0,4,2,0
Andreas Athanasiou,DET,C,2016-11-06,false,EDM,3,1,0,0,0,0,0,0,0,0,17,8323,190,5,4,7,4,2,0,3
Viktor Arvidsson,NSH,L,2016-11-05,false,CAR,4,2,-5,2,1,1,1,0,0,0,32,9507,241,6,7,7,3,4,1,0
Joel Armia,WPG,R,2016-12-22,false,VAN,1,3,0,4,0,0,0,0,0,0,19,9560,218,9,2,5,7,11,2,3
Artem Anisimov,CHI,C,2016-11-03,false,COL,7,7,9,10,1,2,0,0,3,1,20,12195,264,8,1,8,0,6,62,90
Sven Andrighetto,MTL,R,2017-01-11,false,WPG,1,3,4,0,0,0,0,0,0,0,13,6670,163,13,6,5,1,2,0,0
Andy Andreoff,LAK,L,2016-12-13,false,BUF,0,0,-1,12,0,0,0,0,0,0,4,6531,151,20,4,6,5,0,15,11
Josh Anderson,CBJ,R,2016-11-09,false,ANA,5,1,8,15,0,0,0,0,1,0,18,8077,209,14,6,4,3,1,1,2
Karl Alzner,WSH,D,2016-11-05,false,FLA,2,2,6,6,0,0,0,0,0,0,13,13264,289,10,18,4,7,2,0,0
Sebastian Aho,CAR,R,2016-11-06,false,NJD,0,5,-3,2,0,3,0,0,0,0,23,10179,219,5,1,11,7,2,0,0
Noel Acciari,BOS,C,2016-11-05,false,NYR,0,2,1,4,0,0,0,0,0,0,8,6826,164,22,2,3,2,4,7,10
Pontus Aberg,NSH,L,2017-01-12,false,BOS,1,1,1,2,0,0,0,0,0,0,7,7801,178,5,1,1,1,4,1,0
Justin Abdelkader,DET,L,2016-11-06,false,EDM,3,1,0,7,2,0,0,0,0,0,16,10868,232,29,3,7,2,4,0,2
Clayton Stoner,ANA,D,2016-11-09,false,CBJ,1,2,0,26,0,0,0,0,0,0,13,11706,262,26,13,3,2,1,0,0
Steven Stamkos,TBL,C,2016-11-03,false,BOS,7,6,-1,10,2,3,0,0,1,0,41,12499,252,14,2,12,1,9,70,72
Brad Richardson,ARI,R,2016-11-04,false,ANA,4,4,1,6,0,0,2,1,0,0,23,10373,241,9,6,5,3,10,92,78
Kyle Rau,FLA,C,2016-11-17,false,TOR,2,1,-1,4,0,0,0,0,0,0,10,7472,164,11,2,1,1,3,2,1
Teddy Purcell,LAK,L,2016-11-19,false,NJD,0,2,0,0,0,0,0,0,0,0,10,8561,196,7,2,3,3,2,3,0
Tyler Pitlick,EDM,R,2016-11-03,false,NYR,3,1,0,2,0,0,0,0,1,0,12,5435,145,26,3,2,2,1,1,0
Tyler Myers,WPG,D,2016-11-11,false,COL,2,3,5,13,0,0,0,1,0,0,16,14657,294,12,21,7,10,6,0,0
Johan Larsson,BUF,C,2016-11-05,false,OTT,2,4,0,6,0,0,0,0,2,0,13,11408,248,11,12,6,7,4,75,81
Shane Harper,FLA,R,2016-11-03,false,NJD,2,1,0,16,0,0,0,0,0,0,11,6681,153,17,0,4,2,3,0,0
Erik Gudbranson,VAN,D,2016-11-03,false,OTT,0,2,-2,7,0,0,0,0,0,0,12,12789,275,20,11,3,7,1,0,0
Ryan Garbutt,ANA,C,2016-11-02,false,PIT,1,1,-1,4,0,0,0,1,1,0,13,7324,195,22,7,8,1,1,2,1
Derek Dorsett,VAN,R,2016-11-10,false,DET,1,2,-4,33,0,0,0,0,0,0,20,6684,180,31,6,2,0,1,0,0
