James van Riemsdyk,TOR,L,2016-12-07,false,MIN,11,9,-4,10,2,3,0,0,1,0,74,23976,537,32,13,16,8,12,1,3
Trevor van Riemsdyk,CHI,D,2017-01-22,false,VAN,1,4,8,8,0,0,0,0,0,0,29,27947,607,11,39,12,15,11,0,0
Calvin de Haan,NYI,D,2016-12-06,false,NYR,1,6,7,26,0,0,0,0,0,0,36,27577,544,38,69,14,18,5,0,0
Jason Zucker,MIN,L,2016-12-07,false,TOR,4,10,14,10,0,0,0,0,0,0,37,19744,461,27,11,26,7,14,1,2
Mats Zuccarello,NYR,R,2016-12-01,false,BUF,7,8,-1,8,2,1,0,0,0,0,55,28054,575,32,11,14,12,21,3,2
Mika Zibanejad,NYR,C,2017-01-31,false,CBJ,7,11,2,8,0,5,0,0,0,0,60,25173,593,10,14,35,12,14,242,210
Henrik Zetterberg,DET,L,2016-12-03,false,PIT,5,12,3,6,1,3,0,0,0,0,49,29040,577,16,9,13,11,16,196,184
Travis Zajac,NJD,C,2016-12-06,false,VAN,8,13,3,14,3,2,0,0,1,0,57,30391,649,32,9,9,5,11,268,250
Nikita Zaitsev,TOR,D,2016-12-07,false,MIN,0,9,-9,6,0,2,0,0,0,0,34,33127,728,56,38,18,19,11,0,0
Nikita Zadorov,COL,D,2016-12-10,false,MTL,0,4,-8,26,0,0,0,0,0,0,17,25895,605,59,31,15,10,6,0,0
Pavel Zacha,NJD,C,2016-12-15,false,STL,2,5,-13,10,1,2,0,0,0,0,27,20873,442,23,15,8,7,5,73,96
Keith Yandle,FLA,D,2016-12-03,false,OTT,1,11,4,16,1,3,0,0,0,0,62,33716,626,9,27,27,21,8,0,0
Nail Yakupov,STL,R,2017-01-14,false,SJS,3,3,-3,10,0,0,0,0,0,0,20,15774,391,18,5,11,3,8,0,0
Miles Wood,NJD,L,2017-01-13,false,CGY,5,2,-4,22,0,0,0,0,0,0,39,18226,439,29,8,20,6,7,1,0
Luke Witkowski,TBL,D,2017-03-23,false,BOS,0,3,-3,28,0,0,0,0,0,0,17,14450,351,54,12,7,6,3,0,0
Daniel Winnik,WSH,L,2016-12-31,false,NJD,5,4,9,17,0,0,1,0,1,0,26,17903,414,12,12,9,13,9,4,4
Tommy Wingels,SJS,C,2016-12-13,false,TOR,4,1,1,13,0,0,0,0,2,0,26,14207,377,42,13,6,7,0,45,59
Scott Wilson,PIT,L,2016-12-10,false,TBL,3,6,-1,2,0,0,0,0,0,0,45,17890,446,55,13,16,4,5,1,0
Colin Wilson,NSH,L,2016-12-08,false,DAL,5,7,1,8,2,0,0,0,0,0,45,22429,515,17,11,11,8,11,0,3
Tom Wilson,WSH,R,2016-12-07,false,BOS,1,0,3,23,0,0,0,0,0,0,25,19231,441,56,6,5,5,13,0,3
Justin Williams,WSH,R,2016-12-07,false,BOS,4,3,-5,16,1,1,0,0,0,0,55,24072,489,8,12,33,11,15,33,21
Patrick Wiercioch,COL,D,2016-12-11,false,TOR,2,6,-2,17,0,0,0,0,0,0,29,26308,610,24,29,10,6,3,0,0
Chris Wideman,OTT,D,2016-12-14,false,SJS,1,6,-1,12,0,1,0,0,1,0,35,19874,524,22,17,12,14,3,0,0
Dennis Wideman,CGY,D,2016-12-14,false,TBL,2,6,0,16,2,2,0,0,0,0,50,31966,707,25,27,13,21,9,0,0
Ryan White,ARI,C,2016-12-08,false,CGY,1,2,-7,58,0,0,0,0,1,0,20,15597,368,77,13,7,2,3,27,40
Blake Wheeler,WPG,R,2016-11-29,false,NJD,8,9,3,18,1,3,1,0,0,0,71,30996,641,41,15,23,20,12,19,22
Zach Werenski,CBJ,D,2016-12-09,false,DET,6,11,5,6,3,5,0,0,1,1,73,32911,693,20,31,28,12,8,0,0
Alexander Wennberg,CBJ,C,2016-12-09,false,DET,6,16,6,4,1,10,0,0,2,0,30,27011,597,26,17,8,11,9,178,222
Dale Weise,PHI,R,2016-12-08,false,EDM,2,2,2,8,1,0,0,0,1,0,32,18700,430,43,6,14,6,8,0,0
Yannick Weber,NSH,D,2016-12-08,false,DAL,0,3,7,19,0,0,0,0,0,0,23,17443,427,29,21,14,11,0,0,0
Shea Weber,MTL,D,2016-12-04,false,LAK,8,10,17,14,7,3,0,1,3,0,64,38951,721,59,53,31,33,3,0,0
Austin Watson,NSH,L,2016-12-15,false,MIN,1,5,8,21,0,0,0,1,0,0,26,17358,418,43,12,10,0,6,0,3
Joel Ward,SJS,R,2016-12-02,false,MTL,2,5,1,6,0,0,1,0,1,0,39,24441,576,23,20,16,18,11,64,70
Chris Wagner,ANA,C,2017-01-10,false,DAL,3,0,-3,6,0,0,0,0,0,0,28,14474,362,60,12,13,8,2,33,55
Radim Vrbata,ARI,R,2016-12-06,false,CHI,8,9,-7,6,2,2,0,0,0,0,70,25729,557,19,5,28,10,16,9,11
Jakub Voracek,PHI,R,2016-12-01,false,OTT,8,14,-6,32,1,7,0,0,1,1,84,29260,618,9,5,31,13,9,0,4
Marc-Edouard Vlasic,SJS,D,2016-12-02,false,MTL,3,4,5,26,1,2,0,0,2,1,47,32127,650,7,42,22,21,6,0,0
Jimmy Vesey,NYR,L,2016-12-01,false,BUF,8,7,4,2,3,2,0,0,3,0,40,21920,481,22,10,14,10,15,0,1
Kris Versteeg,CGY,R,2016-12-27,false,COL,6,10,3,8,2,4,0,0,1,0,34,20451,450,2,10,13,14,13,9,6
Antoine Vermette,ANA,C,2016-12-03,false,EDM,4,5,-1,18,1,1,0,0,0,0,40,23865,625,23,18,17,9,6,269,138
Frank Vatrano,BOS,C,2017-02-19,false,SJS,8,5,-4,6,4,1,0,0,1,0,73,21455,497,34,8,32,4,6,2,5
Sami Vatanen,ANA,D,2016-12-03,false,EDM,1,10,5,6,1,6,0,0,0,0,33,32830,652,31,48,9,11,8,0,0
Thomas Vanek,DET,L,2016-12-29,false,OTT,7,13,1,14,3,3,0,0,0,0,63,22603,490,12,1,11,10,12,5,8
Chris VandeVelde,PHI,C,2016-12-01,false,OTT,4,3,-4,6,0,0,0,0,0,0,22,16070,409,31,18,8,5,5,16,12
Scottie Upshall,STL,R,2016-12-09,false,NJD,3,3,-5,13,0,0,0,0,0,0,26,15491,436,26,4,11,4,5,1,3
Fedor Tyutin,COL,D,2016-12-20,false,MIN,1,7,-9,10,0,0,0,0,0,0,19,28476,657,46,32,4,6,5,0,0
Kyle Turris,OTT,C,2016-12-03,false,FLA,10,6,1,8,1,2,0,0,3,2,49,28936,618,6,20,20,20,6,183,196
Nikita Tryamkin,VAN,D,2016-12-23,false,CGY,1,3,2,23,0,0,0,0,0,0,23,24905,563,65,27,18,11,3,0,0
Jacob Trouba,WPG,D,2017-01-03,false,TBL,2,10,2,18,0,0,0,1,0,0,50,35606,705,37,53,27,30,14,0,0
Vincent Trocheck,FLA,C,2016-12-03,false,OTT,6,7,-6,10,0,3,0,0,1,1,58,31019,596,64,16,30,23,19,258,250
Jordin Tootoo,CHI,R,2016-12-17,false,STL,0,0,-1,16,0,0,0,0,0,0,25,10313,266,21,3,10,6,4,1,0
Tyler Toffoli,LAK,C,2016-12-04,false,MTL,5,9,10,6,2,1,0,1,0,0,80,27397,598,32,2,33,15,8,1,2
Jonathan Toews,CHI,C,2016-12-18,false,SJS,4,10,5,15,1,3,0,0,2,0,63,30648,645,16,10,15,17,11,330,227
Matthew Tkachuk,CGY,L,2016-12-06,false,DAL,6,6,3,49,1,1,0,0,1,0,42,21641,480,25,7,23,8,12,2,5
Chris Tierney,SJS,C,2016-12-02,false,MTL,2,6,-1,0,0,0,1,1,1,0,24,19749,499,15,15,9,16,10,109,124
Shawn Thornton,FLA,L,2017-01-31,false,OTT,1,1,-3,11,0,0,0,0,0,0,14,10344,266,20,2,11,6,1,4,6
Joe Thornton,SJS,C,2016-12-02,false,MTL,2,13,2,6,0,6,0,0,0,0,24,28117,599,22,9,7,25,19,144,105
Chris Thorburn,WPG,R,2016-12-08,false,NYR,2,0,-6,48,0,0,1,0,0,0,15,12293,343,42,18,2,2,2,8,12
Nate Thompson,ANA,C,2017-03-28,false,VAN,0,0,2,9,0,0,0,0,0,0,17,15894,408,60,9,5,4,6,111,101
Shea Theodore,ANA,D,2017-01-23,false,WPG,1,7,-9,18,1,1,0,1,0,0,40,25223,534,11,20,23,21,3,0,0
Teuvo Teravainen,CAR,L,2016-12-04,false,TBL,5,5,-4,4,1,3,0,0,1,0,42,23772,512,9,4,20,13,10,32,40
Matt Tennyson,CAR,D,2017-01-10,false,CBJ,0,3,-3,0,0,0,0,0,0,0,23,21191,479,28,29,10,9,8,0,0
John Tavares,NYI,C,2016-12-06,false,NYR,7,13,0,18,3,3,0,0,0,0,77,30188,594,10,6,27,20,20,262,245
Tomas Tatar,DET,L,2016-12-03,false,PIT,3,5,-8,12,0,1,0,0,0,0,54,26018,561,25,11,23,9,10,3,3
Vladimir Tarasenko,STL,R,2016-12-03,false,WPG,13,14,0,2,3,8,0,0,3,2,90,27834,661,5,10,32,9,17,0,1
Christopher Tanev,VAN,D,2017-01-25,false,COL,0,5,6,6,0,0,0,0,0,0,15,30289,683,5,44,9,13,7,0,0
Brandon Tanev,WPG,L,2016-11-29,false,NJD,2,1,-3,24,0,0,0,0,1,0,36,18321,494,62,20,12,6,10,0,0
Brandon Sutter,VAN,C,2016-12-03,false,TOR,6,7,-12,0,2,1,0,0,1,1,60,29877,657,19,14,26,10,8,225,204
Ryan Suter,MIN,D,2016-12-07,false,TOR,4,12,16,10,1,5,1,0,0,0,52,40988,724,23,32,19,10,15,0,0
Andrej Sustr,TBL,D,2016-12-01,false,STL,0,4,-6,17,0,0,0,0,0,0,35,26768,588,19,32,9,12,10,0,0
P.K. Subban,NSH,D,2016-12-06,false,COL,7,10,-6,18,3,4,0,0,2,0,63,37558,692,25,37,16,30,15,0,0
Mark Stuart,WPG,D,2017-02-18,false,MTL,1,0,4,19,0,0,0,0,0,0,13,17194,418,36,53,2,12,3,0,0
Ryan Strome,NYI,C,2016-12-13,false,WSH,2,4,-7,14,1,1,0,0,0,0,41,21031,451,20,7,11,13,8,68,90
Mark Streit,PHI,D,2016-12-01,false,OTT,4,9,-5,14,1,4,0,0,1,0,50,30078,679,14,26,15,12,3,0,0
Anton Stralman,TBL,D,2016-12-22,false,STL,1,10,4,0,0,5,0,0,0,0,36,34079,665,32,24,19,6,7,0,0
Michael Stone,ARI,D,2016-12-31,false,CGY,0,6,-8,4,0,3,0,0,0,0,29,29756,651,54,52,26,10,0,1,0
Mark Stone,OTT,R,2016-12-05,false,PIT,8,11,0,8,3,4,0,0,2,0,42,27072,560,20,20,12,18,31,5,4
Chris Stewart,MIN,R,2016-12-07,false,TOR,4,3,-1,33,0,1,0,0,0,0,18,15725,382,32,6,5,6,7,0,3
Derek Stepan,NYR,C,2016-12-01,false,BUF,4,11,3,10,0,5,1,0,1,0,52,26359,609,4,20,11,17,15,208,236
Lee Stempniak,CAR,R,2016-12-04,false,TBL,4,6,2,18,1,2,0,0,0,0,35,23771,524,38,7,16,15,15,1,2
Alexander Steen,STL,L,2016-12-15,false,NJD,3,13,-12,29,0,7,0,0,0,0,39,29425,698,9,24,18,6,14,30,58
Troy Stecher,VAN,D,2016-12-22,false,WPG,1,8,-5,15,0,4,0,0,0,0,69,31360,615,18,24,24,10,9,0,0
Paul Stastny,STL,C,2016-12-03,false,WPG,6,7,0,20,2,4,0,0,2,0,38,30762,702,18,14,14,4,12,284,237
Viktor Stalberg,CAR,L,2016-12-07,false,ANA,7,2,-1,23,0,0,1,0,2,0,41,18432,480,49,6,13,12,17,0,2
Matt Stajan,CGY,C,2016-11-28,false,NYI,1,5,3,10,0,0,0,0,0,0,22,20253,481,23,19,16,4,8,130,104
Drew Stafford,WPG,R,2017-01-03,false,TBL,2,4,0,8,0,1,0,0,1,0,39,20546,476,26,1,8,15,5,2,7
Eric Staal,MIN,C,2016-12-07,false,TOR,6,12,9,8,1,3,0,1,3,0,73,28947,632,18,10,21,9,22,223,211
Jordan Staal,CAR,C,2016-12-22,false,BUF,6,5,-2,11,2,0,0,0,1,0,51,27437,640,51,8,22,16,20,250,164
Marc Staal,NYR,D,2016-12-01,false,BUF,2,3,6,10,0,0,0,1,0,0,24,29432,669,24,41,12,15,10,0,0
Jared Spurgeon,MIN,D,2016-12-15,false,NSH,1,9,15,6,0,1,0,1,0,0,47,35442,695,12,54,11,6,9,0,0
Ryan Sproul,DET,D,2017-02-28,false,VAN,1,6,-6,6,1,2,0,0,0,0,44,23294,525,10,14,21,7,3,0,0
Ryan Spooner,BOS,C,2016-12-05,false,FLA,3,6,0,8,2,1,0,0,0,0,52,21648,464,10,5,14,13,11,8,12
Jason Spezza,DAL,C,2016-12-15,false,NYR,5,10,-15,14,1,7,0,0,2,0,57,24524,580,6,9,31,15,9,145,118
Nikita Soshnikov,TOR,R,2016-12-28,false,FLA,1,3,0,6,0,1,0,0,0,0,36,15914,411,49,14,16,8,4,2,9
Carl Soderberg,COL,C,2016-12-08,false,BOS,4,4,-3,14,1,0,0,0,0,0,47,24617,568,11,17,10,7,13,150,134
Devante Smith-Pelly,NJD,R,2016-12-09,false,STL,2,4,-6,4,0,2,0,0,0,0,44,20465,451,40,9,18,6,9,11,12
Craig Smith,NSH,R,2016-12-08,false,DAL,6,4,1,18,2,1,0,0,0,0,49,21905,500,30,6,32,11,11,30,32
Brendan Smith,DET,D,2017-02-04,false,NSH,2,3,0,28,1,2,0,0,1,0,34,26964,603,35,27,13,20,2,0,0
Ben Smith,TOR,R,2016-12-11,false,COL,2,1,-2,0,0,0,0,0,0,0,19,17629,445,15,24,9,5,8,149,136
Reilly Smith,FLA,R,2016-12-03,false,OTT,4,4,-5,4,2,0,0,0,1,0,51,29182,595,25,7,24,6,24,1,1
Zack Smith,OTT,C,2016-12-03,false,FLA,3,3,-2,31,0,0,1,0,0,0,50,24656,552,49,16,17,21,9,105,96
Anton Slepyshev,EDM,L,2017-02-02,false,NSH,3,4,5,2,0,0,0,0,0,0,41,16609,388,37,6,8,11,7,1,2
Jaccob Slavin,CAR,D,2016-12-04,false,TBL,1,6,0,2,0,1,0,0,0,0,39,34519,670,11,51,12,13,17,0,0
Brady Skjei,NYR,D,2016-12-01,false,BUF,0,12,2,8,0,3,0,0,0,0,27,25101,564,38,23,15,20,4,0,1
Jeff Skinner,CAR,L,2016-12-07,false,ANA,9,12,-5,14,2,6,0,0,0,0,87,28097,572,12,9,37,20,30,4,11
Jack Skille,VAN,R,2016-12-18,false,CBJ,3,1,-3,4,0,0,0,0,0,0,31,13051,323,39,8,7,4,7,0,0
Colton Sissons,NSH,C,2016-12-22,false,LAK,2,1,-2,2,0,0,1,0,0,0,9,15170,394,49,8,5,6,6,83,83
Wayne Simmonds,PHI,R,2016-12-01,false,OTT,11,11,-6,23,5,5,1,0,1,0,62,28838,660,54,21,33,14,9,4,4
Jakob Silfverberg,ANA,R,2016-12-03,false,EDM,8,8,9,4,1,1,1,0,2,0,66,27712,651,15,14,18,14,12,1,3
Nick Shore,LAK,C,2016-12-08,false,CAR,1,4,0,12,0,0,0,0,0,0,24,17455,420,20,11,10,7,4,106,128
Devin Shore,DAL,C,2016-12-01,false,PIT,2,7,-7,4,0,3,0,0,0,0,27,19697,481,15,19,11,2,12,96,108
Conor Sheary,PIT,L,2016-12-17,false,TOR,8,10,12,10,1,1,0,0,2,0,63,22742,518,9,8,14,11,11,0,0
Riley Sheahan,DET,C,2016-12-03,false,PIT,0,5,-10,12,0,1,0,0,0,0,37,20135,482,22,14,15,8,7,56,46
Logan Shaw,ANA,C,2017-01-14,false,ARI,1,1,-3,6,0,0,0,0,0,0,31,13072,365,22,10,10,2,6,29,68
Andrew Shaw,MTL,C,2016-12-04,false,LAK,6,5,10,58,1,1,0,0,0,0,49,22560,494,63,12,14,10,11,98,80
Kevin Shattenkirk,STL,D,2016-12-03,false,WPG,6,13,0,21,5,7,0,0,0,0,47,30496,669,28,22,18,13,9,0,0
Patrick Sharp,DAL,L,2017-01-31,false,TOR,6,6,-5,23,0,0,1,0,0,0,69,24366,564,18,10,26,12,2,16,17
Michael Sgarbossa,FLA,C,2017-02-03,false,ANA,2,4,-5,2,1,1,0,0,0,0,29,18075,443,25,13,7,8,1,107,131
Damon Severson,NJD,D,2016-12-06,false,VAN,3,12,-9,19,0,6,0,0,1,0,42,31357,669,28,22,12,26,10,0,0
Devin Setoguchi,LAK,R,2016-12-18,false,BOS,3,4,-3,6,0,1,0,0,0,0,31,19590,459,32,4,15,12,7,2,2
Andrej Sekera,EDM,D,2016-12-01,false,WPG,3,6,9,8,0,2,0,0,0,0,26,30696,640,16,43,19,17,13,0,0
Dennis Seidenberg,NYI,D,2016-12-20,false,BOS,4,6,11,14,0,0,0,0,0,0,28,29039,553,39,54,6,17,2,0,0
Tyler Seguin,DAL,C,2016-12-01,false,PIT,8,17,-11,8,5,6,0,0,1,0,86,28537,639,26,7,35,11,9,157,143
Lukas Sedlak,CBJ,C,2016-12-13,false,EDM,2,5,6,4,0,0,0,0,0,0,21,14096,342,25,10,15,6,7,68,74
Daniel Sedin,VAN,L,2016-12-03,false,TOR,7,8,-5,6,2,3,0,0,1,0,71,28319,596,8,7,22,8,8,0,2
Henrik Sedin,VAN,C,2016-12-03,false,TOR,6,10,-6,6,1,5,0,0,1,1,29,29489,595,6,3,10,19,4,181,184
Brent Seabrook,CHI,D,2016-12-01,false,NJD,2,13,8,6,2,3,0,0,0,0,41,34264,719,39,38,17,28,6,0,0
Jaden Schwartz,STL,L,2016-12-11,false,MIN,11,7,4,4,3,0,0,0,3,1,67,29335,680,26,17,25,5,19,27,27
Justin Schultz,PIT,D,2016-12-03,false,DET,2,7,11,4,0,2,0,0,0,0,47,25341,581,21,20,15,13,6,0,0
Nick Schultz,PHI,D,2017-04-02,false,NYR,0,4,0,10,0,0,0,0,0,0,23,22472,564,36,51,14,9,1,0,0
Jordan Schroeder,MIN,C,2017-02-18,false,NSH,3,6,5,0,0,0,0,0,0,0,25,14823,331,17,9,9,2,8,5,8
Nate Schmidt,WSH,D,2016-12-16,false,CAR,0,6,2,8,0,0,0,0,0,0,27,22779,490,23,12,15,23,20,0,0
Nick Schmaltz,CHI,C,2016-12-01,false,NJD,1,3,-2,2,0,1,0,0,0,0,16,17704,400,11,10,4,6,15,46,96
David Schlemko,SJS,D,2016-12-13,false,TOR,0,5,2,8,0,2,0,0,0,0,51,25993,574,16,32,18,17,16,0,0
Luke Schenn,ARI,D,2016-12-13,false,DET,0,2,-3,16,0,0,0,0,0,0,25,24176,559,83,35,12,10,5,0,0
Brayden Schenn,PHI,C,2016-12-06,false,FLA,4,12,-5,15,3,7,0,0,1,0,54,26767,582,64,15,24,13,4,58,60
Mark Scheifele,WPG,C,2016-11-29,false,NJD,13,13,7,22,3,2,0,0,1,1,65,30914,607,28,14,17,12,21,211,265
Tim Schaller,BOS,C,2016-12-08,false,COL,4,5,-6,17,0,0,0,0,1,0,42,19323,448,26,13,24,13,8,21,14
Colton Sceviour,FLA,C,2016-12-03,false,OTT,5,4,-5,10,1,2,2,0,1,0,45,21700,459,29,22,19,8,10,22,18
Marco Scandella,MIN,D,2016-12-31,false,CBJ,2,2,-2,12,0,0,0,0,0,0,37,25366,576,19,32,10,12,9,0,0
Luca Sbisa,VAN,D,2016-12-03,false,TOR,0,6,4,15,0,0,0,0,0,0,18,26083,567,44,43,9,20,5,0,0
David Savard,CBJ,D,2016-12-09,false,DET,1,6,13,14,0,0,0,0,0,0,37,31950,695,44,42,29,11,7,0,0
Steven Santini,NJD,D,2017-02-27,false,MTL,2,4,-1,6,0,0,0,0,0,0,28,24060,559,50,27,11,7,1,0,0
Zach Sanford,WSH,L,2017-02-24,false,EDM,2,1,0,6,0,0,0,0,1,0,23,15252,362,18,10,7,10,10,10,8
Brandon Saad,CBJ,L,2016-12-09,false,DET,7,14,11,6,0,0,0,0,1,0,67,26158,614,7,7,29,6,15,1,2
Bobby Ryan,OTT,R,2016-12-14,false,SJS,4,6,0,6,1,2,0,0,0,0,37,22624,481,35,14,16,11,7,1,1
Derek Ryan,CAR,C,2017-01-05,false,STL,6,8,-4,8,2,4,1,0,2,0,29,21035,480,15,12,11,14,7,129,100
Bryan Rust,PIT,R,2016-12-10,false,TBL,6,5,-3,2,0,0,0,1,0,0,47,18991,480,40,14,15,8,5,1,2
Kris Russell,EDM,D,2016-12-13,false,CBJ,0,5,5,8,0,0,0,0,0,0,30,32353,689,27,76,11,23,13,0,0
Chad Ruhwedel,PIT,D,2017-03-17,false,NJD,2,5,5,6,0,1,0,0,0,0,36,24924,569,24,22,15,6,6,0,0
Carter Rowney,PIT,R,2017-04-06,false,NJD,2,4,2,4,0,0,0,0,1,0,22,15589,389,56,14,7,3,8,80,85
Antoine Roussel,DAL,L,2016-12-01,false,PIT,4,9,3,66,0,3,0,0,2,0,29,23121,606,36,15,18,17,6,1,3
Evan Rodrigues,BUF,L,2017-03-28,false,CBJ,4,2,-5,2,1,0,0,0,0,0,47,19381,423,10,11,20,7,11,83,114
Brett Ritchie,DAL,R,2016-12-01,false,PIT,6,2,0,15,1,0,0,0,0,0,54,18626,455,46,6,16,4,2,1,0
Nick Ritchie,ANA,L,2016-12-07,false,CAR,6,2,0,14,1,0,0,0,1,0,52,20867,511,78,9,19,3,3,2,2
Rasmus Ristolainen,BUF,D,2016-12-05,false,WSH,0,13,-6,12,0,10,0,0,0,0,60,39850,775,67,47,28,20,9,0,0
Morgan Rielly,TOR,D,2016-12-07,false,MIN,1,13,-7,9,1,2,0,0,0,0,52,34406,794,12,45,29,34,11,0,0
Tobias Rieder,ARI,R,2016-12-10,false,NSH,7,4,2,2,1,0,0,1,0,0,51,25441,574,9,12,22,7,12,1,2
Mike Ribeiro,NSH,C,2016-12-06,false,COL,3,14,1,12,2,3,0,0,0,0,20,24263,507,18,3,8,16,7,108,133
Sam Reinhart,BUF,C,2016-12-05,false,WSH,5,9,-1,4,2,4,0,0,1,0,60,26141,525,6,11,14,12,8,46,70
Ryan Reaves,STL,R,2016-12-08,false,NYI,0,2,0,11,0,0,0,0,0,0,17,11365,302,58,6,9,2,5,0,0
Matt Read,PHI,R,2016-12-01,false,OTT,6,4,-2,2,2,0,0,0,0,0,37,22677,540,44,14,10,6,10,3,7
Dennis Rasmussen,CHI,C,2016-12-06,false,ARI,2,2,2,4,0,0,0,0,0,0,29,18443,476,28,23,7,7,12,61,79
Victor Rask,CAR,C,2016-12-04,false,TBL,9,9,2,4,3,1,0,0,2,0,55,28673,608,8,9,13,13,15,147,166
Mikko Rantanen,COL,R,2016-12-18,false,WPG,4,10,-11,6,2,4,0,0,0,0,36,27284,568,4,14,15,9,13,18,8
Rickard Rakell,ANA,C,2016-12-27,false,SJS,14,7,-1,6,3,3,0,0,3,0,70,26038,577,34,10,22,9,4,11,11
Michael Raffl,PHI,L,2016-12-19,false,NSH,6,2,4,11,0,0,0,0,2,0,31,20890,508,39,10,18,5,10,2,2
Alexander Radulov,MTL,R,2016-12-08,false,NJD,5,16,4,20,2,5,0,0,0,0,50,24841,555,25,11,24,20,18,2,2
Alan Quine,NYI,C,2016-12-29,false,MIN,2,6,1,2,1,0,0,0,1,0,32,18011,420,37,14,5,6,10,97,86
Kyle Quincey,NJD,D,2016-12-06,false,VAN,2,7,9,12,0,0,0,0,0,0,32,26265,606,38,38,3,13,8,0,0
Mark Pysyk,FLA,D,2016-12-03,false,OTT,1,2,2,4,0,0,0,0,0,0,25,26593,516,20,31,12,6,10,0,1
Tom Pyatt,OTT,L,2016-12-03,false,FLA,2,4,-1,4,0,0,0,1,0,0,33,24182,571,13,32,10,6,10,8,12
Jesse Puljujarvi,EDM,R,2016-12-29,false,LAK,1,7,5,8,1,0,0,0,0,0,40,17556,407,10,10,15,10,11,0,1
Matt Puempel,NYR,L,2016-12-29,false,ARI,5,1,-7,9,3,0,0,0,1,0,27,13854,344,21,6,13,2,6,0,1
Ivan Provorov,PHI,D,2016-12-01,false,OTT,1,8,-7,8,0,2,0,0,0,0,45,30429,680,35,43,22,25,7,0,0
Dalton Prout,NJD,D,2017-03-26,false,DAL,0,4,-1,24,0,0,0,0,0,0,13,21105,502,36,22,8,10,2,0,0
Nate Prosser,MIN,D,2017-02-12,false,DET,0,4,-2,4,0,1,0,0,0,0,13,20105,456,22,47,12,9,3,0,0
Shane Prince,NYI,L,2016-12-20,false,BOS,4,6,-9,4,1,1,0,0,1,0,41,19217,429,25,6,7,9,11,3,2
Benoit Pouliot,EDM,L,2016-12-08,false,PHI,5,1,-1,22,0,0,0,0,1,0,35,23100,553,13,16,17,10,4,4,8
Paul Postma,WPG,D,2016-12-10,false,CGY,0,5,0,2,0,0,0,0,0,0,20,18218,406,14,17,5,10,2,0,0
Jason Pominville,MIN,R,2016-12-07,false,TOR,5,5,1,2,0,2,0,0,0,0,49,21851,528,18,17,18,3,8,14,12
Roman Polak,TOR,D,2016-12-17,false,PIT,1,2,0,24,0,0,0,0,0,0,21,25819,592,90,38,14,10,6,0,1
Brayden Point,TBL,C,2016-12-01,false,STL,2,9,-2,6,2,2,0,0,0,0,46,22206,445,9,8,14,8,9,9,11
Tomas Plekanec,MTL,C,2016-12-04,false,LAK,1,6,0,8,0,3,1,0,1,0,49,25753,634,26,22,10,8,9,235,237
Brandon Pirri,NYR,R,2016-12-01,false,BUF,5,5,0,13,3,1,0,0,3,0,37,19304,428,18,10,20,9,11,77,51
Alex Pietrangelo,STL,D,2016-12-03,false,WPG,5,9,-11,12,3,3,0,0,1,0,62,38198,778,14,50,21,6,20,0,0
Dion Phaneuf,OTT,D,2016-12-03,false,FLA,2,6,-5,33,0,2,0,0,0,0,59,34287,795,42,53,19,16,4,0,0
Jeff Petry,MTL,D,2016-12-06,false,STL,3,6,3,10,1,2,0,0,0,0,43,32895,692,51,49,21,25,5,0,0
Alex Petrovic,FLA,D,2017-02-20,false,STL,1,9,12,29,0,0,0,0,0,0,24,26705,517,54,28,14,14,10,0,0
Nic Petan,WPG,L,2017-01-14,false,LAK,1,9,-3,6,0,6,0,0,0,0,28,19147,437,7,6,16,5,9,80,92
Brett Pesce,CAR,D,2016-12-04,false,TBL,0,5,2,4,0,1,0,0,0,0,29,30695,634,19,49,16,13,15,0,0
Corey Perry,ANA,R,2016-12-03,false,EDM,4,15,-2,23,0,8,0,0,0,0,75,28798,608,22,10,31,3,8,0,4
David Perron,STL,L,2016-12-03,false,WPG,7,9,-6,16,2,3,0,0,2,0,50,27537,657,21,7,27,7,15,17,21
Mathieu Perreault,WPG,C,2016-12-31,false,NYI,3,5,-11,16,1,1,0,0,0,0,52,24336,520,40,7,10,6,18,95,89
Brendan Perlini,ARI,L,2017-02-02,false,CHI,8,3,-3,8,1,1,0,0,1,0,46,22461,460,21,10,17,4,2,1,0
Adam Pelech,NYI,D,2017-02-12,false,COL,1,5,-2,2,0,0,0,0,0,0,22,24192,482,31,32,11,23,9,0,0
Tanner Pearson,LAK,L,2016-12-10,false,OTT,7,5,7,0,1,2,0,0,0,0,40,23590,542,44,3,33,6,9,0,4
Joe Pavelski,SJS,C,2016-12-02,false,MTL,8,15,4,12,2,7,0,0,3,0,82,29188,620,55,27,37,28,13,144,134
Greg Pateryn,DAL,D,2017-03-02,false,NYI,1,6,0,4,0,0,0,0,0,0,29,21603,468,45,46,15,16,4,0,0
David Pastrnak,BOS,R,2016-12-12,false,MTL,18,6,15,8,4,1,0,0,3,1,84,25630,533,19,11,27,15,14,0,1
Zach Parise,MIN,L,2016-12-27,false,NSH,6,8,-1,16,2,2,0,0,0,0,77,27453,595,21,32,20,5,19,3,1
PA Parenteau,NJD,R,2016-12-06,false,VAN,5,4,-9,16,1,0,0,0,0,0,47,23557,507,23,1,10,12,8,1,6
Colton Parayko,STL,D,2016-12-03,false,WPG,0,13,2,10,0,4,0,0,0,0,66,31541,743,21,44,24,13,12,0,0
Cedric Paquette,TBL,C,2016-12-03,false,WSH,3,4,-1,20,0,0,0,0,0,0,27,16039,379,61,13,11,3,10,82,91
Richard Panik,CHI,R,2016-12-01,false,NJD,7,4,4,6,2,1,0,0,1,0,41,21071,476,53,12,12,9,13,0,4
Artemi Panarin,CHI,L,2016-12-01,false,NJD,8,13,11,13,2,3,0,0,1,1,66,29586,575,8,3,27,18,15,1,0
Kyle Palmieri,NJD,R,2016-12-09,false,STL,4,9,5,12,2,4,0,0,1,0,47,24620,538,52,13,25,12,9,3,8
Ondrej Palat,TBL,L,2016-12-01,false,STL,4,9,-3,17,0,4,0,0,0,0,42,26439,542,49,11,18,13,27,2,5
Jean-Gabriel Pageau,OTT,C,2016-12-03,false,FLA,3,4,2,4,0,0,0,0,1,0,44,24420,559,60,22,12,10,5,134,107
Max Pacioretty,MTL,L,2016-12-04,false,LAK,7,11,6,18,2,2,0,1,3,0,69,27128,612,26,10,43,16,18,0,2
Magnus Paajarvi,STL,L,2017-03-27,false,ARI,8,3,5,4,1,0,0,0,3,0,42,18047,450,25,15,9,0,10,1,2
Alex Ovechkin,WSH,L,2016-12-07,false,BOS,12,7,-1,22,4,2,0,0,4,1,98,28339,536,62,10,50,14,12,0,1
Xavier Ouellet,DET,D,2017-01-07,false,SJS,1,4,3,36,0,0,0,0,0,0,33,27399,599,26,35,15,8,5,0,1
Steve Ott,DET,C,2016-12-11,false,PHI,2,1,-2,42,0,0,0,0,0,0,23,14997,373,52,9,5,1,6,58,45
T.J. Oshie,WSH,R,2016-12-23,false,TBL,10,5,12,10,2,2,1,1,1,0,53,26409,539,33,17,23,12,16,31,33
Brooks Orpik,WSH,D,2016-12-07,false,BOS,0,6,7,6,0,0,0,0,0,0,27,25675,530,55,44,9,15,5,0,0
Dmitry Orlov,WSH,D,2016-12-07,false,BOS,1,7,6,12,0,1,0,0,0,0,40,28711,577,39,29,18,21,10,0,0
Jamie Oleksiak,DAL,D,2017-02-18,false,TBL,5,1,-1,23,0,0,0,1,1,0,23,23577,542,34,30,8,13,4,0,0
Kyle Okposo,BUF,R,2016-12-06,false,EDM,8,9,1,8,3,8,0,0,0,0,71,29267,565,20,8,19,16,8,40,35
Johnny Oduya,DAL,D,2016-12-23,false,LAK,1,5,2,6,0,0,0,0,0,0,17,28041,644,12,57,16,14,7,0,0
Ryan O'Reilly,BUF,C,2016-12-20,false,FLA,7,11,1,6,3,7,0,0,2,0,81,32568,648,3,10,24,10,21,340,256
Gustav Nyquist,DET,R,2016-12-03,false,PIT,4,10,0,4,0,2,0,0,2,0,48,25152,536,15,9,14,7,14,2,0
William Nylander,TOR,C,2016-12-10,false,BOS,6,11,-2,6,4,5,0,0,0,0,60,24079,537,5,9,27,8,17,38,47
Markus Nutivaara,CBJ,D,2016-12-09,false,DET,1,3,5,2,0,0,0,0,0,0,24,19195,442,16,14,9,6,3,0,0
Darnell Nurse,EDM,D,2016-12-01,false,WPG,3,2,-3,17,0,0,0,0,0,0,43,26508,570,60,25,15,18,8,0,0
Ryan Nugent-Hopkins,EDM,C,2016-12-01,false,WPG,3,8,-3,8,2,0,0,0,1,0,70,26413,598,14,6,19,2,13,166,205
Joakim Nordstrom,CAR,L,2016-12-04,false,TBL,1,3,-4,6,0,0,0,0,1,0,37,20370,516,33,18,11,6,9,3,6
Jordan Nolan,LAK,C,2016-12-28,false,VAN,2,3,-3,40,0,0,0,0,0,0,19,15619,355,32,2,15,4,3,1,1
Stefan Noesen,NJD,R,2017-02-27,false,MTL,4,2,3,4,0,0,0,0,0,0,34,14872,366,28,7,10,9,8,21,37
Matt Niskanen,WSH,D,2016-12-07,false,BOS,0,9,2,8,0,1,0,1,0,0,47,33026,647,37,33,23,27,12,0,0
Matt Nieto,COL,L,2017-01-31,false,ANA,2,3,-4,6,0,0,0,0,0,0,44,20647,509,28,17,11,9,12,0,3
Frans Nielsen,DET,C,2016-12-03,false,PIT,6,8,-7,0,0,6,2,0,0,0,48,25907,625,22,19,10,7,8,183,176
Nino Niederreiter,MIN,R,2016-12-07,false,TOR,7,8,10,4,3,0,0,0,0,0,45,21940,506,41,5,13,7,10,0,1
Nikita Nesterov,TBL,D,2016-12-28,false,MTL,2,4,3,18,1,0,0,0,0,0,32,24318,488,36,14,8,10,5,0,0
Patrik Nemeth,DAL,D,2017-02-16,false,MIN,0,2,-5,8,0,0,0,0,0,0,30,22821,514,26,25,9,8,7,0,0
Brock Nelson,NYI,C,2016-12-06,false,NYR,6,10,0,14,1,2,0,1,0,0,53,23940,571,21,24,16,13,12,115,143
Chris Neil,OTT,R,2016-12-05,false,PIT,1,1,-5,29,0,0,0,0,0,0,23,12254,308,58,11,4,5,4,0,0
James Neal,NSH,L,2016-12-15,false,MIN,12,6,-3,17,2,3,0,0,1,0,81,28554,582,34,9,19,12,16,1,1
Rick Nash,NYR,R,2016-12-01,false,BUF,11,6,-1,12,4,2,0,0,1,0,72,24508,600,16,19,17,23,19,0,0
Riley Nash,BOS,C,2016-12-03,false,BUF,1,3,0,6,0,0,0,1,0,0,36,21386,496,12,9,16,4,12,113,107
Vladislav Namestnikov,TBL,C,2016-12-03,false,WSH,3,7,-3,10,2,3,0,0,0,0,36,21411,427,11,9,13,7,5,54,63
Jake Muzzin,LAK,D,2016-12-04,false,MTL,3,3,-2,14,1,0,0,0,0,0,60,34164,782,60,38,22,18,4,0,0
Ryan Murray,CBJ,D,2016-12-20,false,LAK,0,3,4,16,0,0,0,1,0,0,19,27712,626,6,42,9,5,4,0,0
Ryan Murphy,CAR,D,2017-03-23,false,MTL,0,2,-11,8,0,0,0,0,0,0,16,19816,423,2,30,7,8,9,0,0
Connor Murphy,ARI,D,2016-12-08,false,CGY,0,4,-10,19,0,0,0,0,0,0,25,33016,728,56,39,8,11,6,0,0
Matt Moulson,BUF,L,2016-12-05,false,WSH,7,2,-2,2,6,2,0,0,1,0,52,20863,422,11,8,19,4,6,0,0
Tyler Motte,CHI,L,2016-12-11,false,DAL,3,3,4,14,0,0,0,0,0,0,34,17894,466,21,19,11,2,11,4,5
Josh Morrissey,WPG,D,2016-11-29,false,NJD,1,3,2,12,0,0,0,0,1,0,28,27337,581,38,41,10,9,3,0,0
Dominic Moore,BOS,C,2016-12-03,false,BUF,6,3,2,12,0,0,2,0,1,0,31,19580,461,12,15,6,7,7,123,101
John Moore,NJD,D,2016-12-06,false,VAN,4,6,3,27,0,1,0,0,0,0,37,29401,662,22,24,20,23,0,0,0
Brandon Montour,ANA,D,2017-04-04,false,CGY,2,3,10,12,0,1,0,0,0,0,46,25773,489,19,21,21,16,3,0,0
Sean Monahan,CGY,C,2016-11-28,false,NYI,6,3,-9,8,1,0,0,0,1,1,48,26822,586,13,8,20,14,14,225,218
Torrey Mitchell,MTL,C,2016-12-04,false,LAK,5,2,6,10,0,0,0,0,1,0,15,19283,510,13,22,9,17,14,140,127
John Mitchell,COL,C,2016-12-18,false,WPG,1,0,-3,14,0,0,0,0,1,0,29,19972,457,30,21,10,4,10,134,102
Drew Miller,DET,L,2016-12-29,false,OTT,4,0,-8,14,0,0,0,0,1,0,19,14842,372,38,18,3,1,6,1,0
Kevan Miller,BOS,D,2017-01-12,false,NSH,0,3,-5,17,0,0,0,0,0,0,26,26438,573,51,35,5,9,4,0,0
J.T. Miller,NYR,L,2016-12-01,false,BUF,8,11,10,8,1,1,1,0,2,0,55,23544,552,41,20,17,15,18,43,62
Colin Miller,BOS,D,2016-12-20,false,NYI,2,3,-5,10,1,0,0,0,0,0,42,24733,549,28,15,28,10,5,0,0
Marc Methot,OTT,D,2016-12-11,false,ANA,0,3,6,4,0,0,0,0,0,0,37,30343,722,50,30,3,19,4,0,0
Jon Merrill,NJD,D,2017-01-24,false,LAK,1,3,-3,18,0,0,0,0,0,0,20,27744,619,21,36,11,10,6,0,0
Timo Meier,SJS,R,2017-02-12,false,NJD,3,2,0,4,0,0,0,0,1,0,63,19782,478,55,4,25,20,19,1,4
Jayson Megna,VAN,C,2017-01-07,false,CGY,3,1,-3,4,0,1,0,0,0,0,31,16898,389,31,8,6,3,5,0,1
Adam McQuaid,BOS,D,2016-12-12,false,MTL,0,1,2,15,0,0,0,0,0,0,30,26702,629,59,40,12,13,3,0,0
Brayden McNabb,LAK,D,2017-02-07,false,TBL,2,1,1,25,0,0,0,0,0,0,24,24111,559,56,31,15,23,6,0,0
Cody McLeod,COL,L,2017-01-02,false,VAN,1,0,-2,45,0,0,0,0,0,0,12,8930,227,46,1,5,0,2,0,0
Curtis McKenzie,DAL,L,2016-12-27,false,ARI,3,5,5,40,0,0,0,0,1,0,37,15951,403,48,16,9,2,0,2,2
Greg McKegg,FLA,C,2017-01-18,false,EDM,3,2,-4,6,0,0,0,0,0,0,23,15804,379,26,11,4,5,3,27,26
Jamie McGinn,ARI,L,2016-12-15,false,TOR,6,3,-5,12,0,0,0,0,2,0,49,20116,467,52,10,8,9,1,0,1
Brock McGinn,CAR,L,2017-01-10,false,CBJ,2,4,0,2,0,0,0,1,0,0,32,18333,448,31,15,13,5,10,1,3
Ryan McDonagh,NYR,D,2016-12-01,false,BUF,1,13,10,9,1,3,0,0,0,0,43,35896,722,26,48,18,18,14,0,0
Connor McDavid,EDM,C,2016-12-01,false,WPG,11,23,9,10,0,9,0,0,3,0,68,31534,630,6,8,21,16,15,138,187
Jay McClement,CAR,C,2016-12-04,false,TBL,0,1,-5,8,0,0,0,0,0,0,18,17218,443,25,17,11,3,9,110,111
Michael McCarron,MTL,R,2017-03-12,false,EDM,1,4,-1,35,0,0,0,0,0,0,27,14279,360,59,8,11,4,6,62,83
Jared McCann,FLA,C,2017-01-18,false,EDM,1,5,1,4,0,0,0,0,0,0,39,17179,389,21,6,11,7,6,33,48
Jake McCabe,BUF,D,2016-12-05,false,WSH,0,4,-3,14,0,0,0,0,0,0,23,31879,684,28,34,20,12,6,0,0
Scott Mayfield,NYI,D,2017-04-09,false,OTT,2,7,-1,35,0,0,0,0,0,0,39,21210,430,37,36,16,11,8,0,0
Shawn Matthias,WPG,L,2017-01-23,false,ANA,6,2,2,6,0,0,1,0,1,0,36,19987,490,22,9,12,6,5,4,6
Auston Matthews,TOR,C,2016-12-07,false,MIN,11,8,-3,2,1,5,0,0,1,0,93,25933,549,5,17,37,13,25,123,148
Michael Matheson,FLA,D,2016-12-05,false,BOS,2,6,-3,8,0,1,0,0,0,0,51,29716,542,23,29,20,15,18,1,0
Andreas Martinsen,COL,L,2016-12-08,false,BOS,1,2,-4,20,0,0,0,1,0,0,29,16343,424,75,12,13,3,14,1,0
Jordan Martinook,ARI,L,2016-12-06,false,CHI,5,6,2,12,1,0,0,1,0,0,39,24144,588,23,19,19,7,11,143,179
Alec Martinez,LAK,D,2016-12-04,false,MTL,5,9,-1,10,0,3,0,0,2,2,55,34277,790,54,46,30,14,0,0,1
Paul Martin,SJS,D,2016-12-02,false,MTL,0,7,2,8,0,0,0,0,0,0,18,28214,608,14,40,5,18,6,0,0
Matt Martin,TOR,L,2016-12-07,false,MIN,2,2,2,51,0,0,0,0,0,0,23,14336,359,101,8,8,3,6,0,6
Patrick Maroon,EDM,L,2016-12-01,false,WPG,7,4,4,28,0,1,0,0,1,0,56,23141,510,55,3,19,12,7,4,5
Mitchell Marner,TOR,C,2016-12-07,false,MIN,7,12,-4,16,1,3,0,0,3,0,68,25653,552,13,18,31,18,23,6,8
Patrick Marleau,SJS,L,2016-12-02,false,MTL,6,2,-2,4,1,2,0,0,2,0,62,25286,538,28,8,21,8,12,15,21
Andrei Markov,MTL,D,2016-12-04,false,LAK,2,16,4,8,0,7,0,1,0,0,33,33098,687,19,23,15,25,11,0,0
Martin Marincin,TOR,D,2017-03-14,false,FLA,1,6,3,16,0,0,0,1,0,0,22,27071,625,25,27,17,15,7,0,0
Jonathan Marchessault,FLA,C,2016-12-03,false,OTT,10,9,1,12,3,4,0,0,2,0,64,27121,504,37,8,22,15,20,57,55
Alexey Marchenko,DET,D,2017-01-10,false,CHI,0,5,1,12,0,0,0,1,0,0,22,26792,627,5,39,13,12,3,0,0
Brad Marchand,BOS,L,2016-12-03,false,BUF,7,14,10,26,1,3,0,0,3,0,64,27844,597,18,9,28,17,19,10,11
Anthony Mantha,DET,R,2017-01-07,false,SJS,11,8,11,12,1,1,0,0,2,1,61,25612,549,16,17,20,14,9,2,2
Josh Manson,ANA,D,2016-12-03,false,EDM,0,5,-2,44,0,0,0,0,0,0,21,28398,595,66,25,11,21,6,0,0
Brandon Manning,PHI,D,2016-12-08,false,EDM,3,6,0,20,0,0,1,0,1,0,35,27613,647,57,25,10,18,1,0,0
Evgeni Malkin,PIT,C,2016-12-03,false,DET,9,16,2,36,1,7,0,0,1,0,73,28176,597,13,11,22,21,15,165,197
Denis Malgin,FLA,C,2016-12-03,false,OTT,4,4,2,8,1,0,0,0,1,1,34,17672,392,15,7,12,3,8,49,82
Nathan MacKinnon,COL,C,2016-12-08,false,BOS,7,11,-3,0,0,5,2,0,1,0,93,30164,652,17,10,31,11,14,255,216
Derek MacKenzie,FLA,C,2016-12-03,false,OTT,2,3,4,13,0,0,0,1,0,0,29,18395,429,60,13,10,5,9,129,119
Andrew MacDonald,PHI,D,2016-12-17,false,DAL,1,9,2,6,0,0,0,0,0,0,14,29484,667,14,56,13,18,2,0,0
Olli Maatta,PIT,D,2016-12-03,false,DET,0,1,8,6,0,0,0,0,0,0,30,27395,644,21,44,13,17,4,0,0
Roman Lyubimov,PHI,L,2016-12-21,false,WSH,3,1,1,2,0,0,0,0,0,0,28,15921,410,22,10,14,5,7,0,5
Milan Lucic,EDM,L,2016-12-01,false,WPG,7,12,1,11,2,6,0,0,1,0,60,27019,562,68,8,24,16,7,3,2
Adam Lowry,WPG,C,2016-11-29,false,NJD,6,2,-3,19,1,2,0,0,0,0,35,24259,596,61,17,15,8,11,196,216
Ben Lovejoy,NJD,D,2016-12-06,false,VAN,1,2,-5,10,0,0,0,0,1,0,29,30431,652,33,46,13,10,6,0,0
Bryan Little,WPG,C,2017-01-18,false,ARI,8,11,1,6,2,1,0,0,1,1,56,26069,624,9,10,23,8,11,276,205
Hampus Lindholm,ANA,D,2016-12-30,false,VAN,1,4,4,16,0,2,0,0,1,0,34,33258,680,38,33,19,21,8,0,0
Elias Lindholm,CAR,C,2016-12-16,false,WSH,2,7,-7,6,0,2,0,2,0,0,49,27199,598,32,24,22,13,18,134,121
Esa Lindell,DAL,D,2016-12-20,false,STL,2,3,1,6,0,1,0,0,1,0,28,30018,661,34,43,13,8,9,0,1
Oscar Lindberg,NYR,C,2017-01-03,false,BUF,0,5,-1,16,0,1,0,0,0,0,36,17421,425,35,15,13,4,4,115,108
John-Michael Liles,BOS,D,2017-01-14,false,PHI,0,5,-1,4,0,3,0,0,0,0,22,24359,544,16,33,10,5,8,1,0
Trevor Lewis,LAK,C,2016-12-04,false,MTL,4,4,-3,6,0,0,0,0,1,0,42,20407,463,54,9,18,5,4,22,37
Mark Letestu,EDM,C,2016-12-06,false,BUF,4,5,-3,2,2,0,2,0,2,0,23,19876,512,22,12,11,9,6,141,139
Kris Letang,PIT,D,2016-12-14,false,BOS,2,17,-3,20,1,8,0,0,1,1,79,39103,755,52,48,29,30,21,0,0
Jori Lehtera,STL,C,2016-12-13,false,NSH,3,5,1,12,0,1,0,0,1,0,27,23214,597,19,12,0,5,6,167,145
Artturi Lehkonen,MTL,L,2016-12-23,false,CBJ,7,2,5,6,1,1,0,0,1,0,55,20643,516,22,8,19,7,15,0,0
Anders Lee,NYI,L,2016-12-06,false,NYR,6,2,4,16,1,0,0,0,1,0,47,19439,463,61,13,15,6,10,1,4
Nick Leddy,NYI,D,2016-12-08,false,STL,4,8,-12,6,1,4,0,0,0,0,50,34516,602,28,42,22,7,11,0,0
Curtis Lazar,OTT,C,2017-01-22,false,CBJ,0,1,-6,4,0,0,0,0,0,0,22,12807,327,45,9,6,4,5,22,35
Adam Larsson,EDM,D,2016-12-01,false,WPG,2,4,-1,20,0,0,0,0,0,0,30,29987,655,77,41,12,20,7,0,0
Philip Larsen,VAN,D,2017-03-28,false,ANA,1,5,-8,4,0,2,0,0,0,0,31,25156,534,12,22,16,14,4,0,0
Dylan Larkin,DET,C,2016-12-03,false,PIT,8,1,-6,17,2,0,0,0,1,0,70,24875,526,13,7,17,18,26,55,75
Nick Lappin,NJD,R,2016-12-18,false,NYR,4,3,-5,15,0,0,0,0,0,0,36,18471,424,27,5,13,3,11,2,4
Gabriel Landeskog,COL,L,2016-12-29,false,DAL,6,5,-10,28,2,0,0,0,2,1,48,27844,596,61,12,13,10,29,17,20
Patrik Laine,WPG,R,2016-11-29,false,NJD,13,6,0,8,5,2,0,0,3,1,64,27654,550,25,13,24,28,10,0,2
Andrew Ladd,NYI,L,2016-12-06,false,NYR,3,3,-3,14,0,0,0,0,1,0,39,24881,519,29,15,18,13,19,1,2
Kevin Labanc,SJS,R,2017-01-03,false,LAK,7,4,5,12,0,1,0,0,2,1,39,19892,464,10,4,16,13,8,1,2
Evgeny Kuznetsov,WSH,C,2016-12-07,false,BOS,3,9,6,10,0,1,0,0,0,0,40,26170,533,15,5,19,20,10,156,209
Chris Kunitz,PIT,L,2016-12-16,false,LAK,2,10,5,22,0,2,0,0,2,0,47,23094,536,79,8,17,11,11,3,4
Dmitry Kulikov,BUF,D,2017-02-04,false,OTT,1,1,-7,16,0,0,0,0,0,0,26,34278,737,33,41,17,13,8,0,0
Nikolay Kulemin,NYI,L,2016-12-10,false,CBJ,2,3,-1,6,0,0,0,0,0,0,23,20472,521,27,17,16,8,8,5,2
Tom Kuhnhackl,PIT,R,2017-01-14,false,DET,2,3,3,8,0,0,0,0,0,0,19,14613,390,39,17,9,2,3,1,1
Nikita Kucherov,TBL,R,2016-12-03,false,WSH,13,16,11,15,4,5,0,0,3,0,71,27904,556,7,12,36,19,24,0,0
Marcus Kruger,CHI,C,2016-12-01,false,NJD,2,5,8,18,0,0,0,0,0,0,24,20172,543,12,18,11,4,10,138,138
Torey Krug,BOS,D,2016-12-03,false,BUF,1,10,-5,15,0,4,0,0,0,0,77,32988,685,26,20,25,17,5,0,1
Niklas Kronwall,DET,D,2017-01-04,false,ANA,0,3,2,10,0,1,0,0,0,0,25,28285,642,35,42,10,8,2,0,0
David Krejci,BOS,C,2016-12-03,false,BUF,4,11,-3,12,1,4,0,0,1,0,56,27352,544,24,22,25,16,13,174,171
Chris Kreider,NYR,L,2016-12-13,false,CHI,8,12,3,17,2,4,0,0,2,0,64,25188,547,48,15,28,14,8,2,2
Lauri Korpikoski,DAL,L,2016-12-01,false,PIT,4,4,0,4,0,0,0,1,0,0,41,21067,543,15,14,9,7,7,0,3
Anze Kopitar,LAK,C,2016-12-16,false,PIT,3,12,1,4,0,4,0,1,0,0,55,32169,629,36,17,27,12,10,317,279
Travis Konecny,PHI,C,2016-12-01,false,OTT,4,9,-4,33,2,1,0,0,0,0,55,22417,515,40,8,22,6,10,0,1
Leo Komarov,TOR,C,2016-12-07,false,MIN,3,7,1,13,0,2,1,0,0,0,33,25682,631,85,14,11,5,7,25,28
Mikko Koivu,MIN,C,2016-12-07,false,TOR,6,8,7,8,0,3,0,1,2,1,39,29993,667,7,30,19,10,13,326,265
Slater Koekkoek,TBL,D,2016-12-29,false,TOR,0,4,-1,8,0,0,0,0,0,0,26,19509,449,23,23,13,7,1,0,0
John Klingberg,DAL,D,2016-12-06,false,CGY,2,10,-9,14,0,6,0,0,0,0,32,34361,714,14,35,18,25,8,0,0
Kevin Klein,NYR,D,2016-12-09,false,CHI,0,7,2,0,0,1,0,1,0,0,21,26237,582,48,61,5,13,9,0,0
Oscar Klefbom,EDM,D,2016-12-01,false,WPG,3,5,-4,0,0,2,0,0,2,0,60,32898,658,17,41,26,19,5,0,0
Dwight King,LAK,L,2016-12-04,false,MTL,5,4,6,6,0,0,0,0,1,0,39,23128,494,39,10,13,8,6,3,4
Jakub Kindl,FLA,D,2017-01-14,false,CBJ,0,3,-10,22,0,0,0,0,0,0,28,22354,471,36,24,11,12,6,0,0
Alex Killorn,TBL,L,2016-12-01,false,STL,8,4,-1,16,2,3,0,0,2,0,57,25788,517,41,9,14,12,4,1,5
Phil Kessel,PIT,R,2016-12-03,false,DET,8,16,-1,10,3,6,0,0,2,0,65,27251,589,6,5,27,14,4,0,4
Ryan Kesler,ANA,C,2016-12-03,false,EDM,9,10,10,22,6,4,0,0,2,0,60,32136,673,39,24,31,16,4,337,223
Tanner Kero,CHI,C,2017-02-21,false,MIN,4,5,10,4,0,0,0,0,0,0,27,19780,469,24,29,7,7,5,111,138
Michal Kempny,CHI,D,2016-12-30,false,CAR,1,3,-2,14,0,0,0,0,0,0,29,22962,519,48,29,25,15,2,0,0
Adrian Kempe,LAK,L,2017-04-08,false,CHI,2,4,-3,6,0,2,0,1,1,0,32,18346,433,23,7,12,10,5,67,86
Chris Kelly,OTT,C,2016-12-03,false,FLA,1,2,-3,4,0,0,0,0,0,0,30,19841,486,24,18,10,9,9,96,116
Duncan Keith,CHI,D,2016-12-01,false,NJD,0,17,8,6,0,3,0,0,0,0,54,39161,739,10,26,15,19,7,0,0
Zack Kassian,EDM,R,2016-12-06,false,BUF,2,4,1,36,0,0,0,0,0,0,41,18171,441,52,6,10,8,8,1,0
Ondrej Kase,ANA,R,2017-01-06,false,ARI,4,6,-2,12,0,0,0,0,2,1,39,18261,471,18,9,18,16,9,1,3
Melker Karlsson,SJS,C,2016-12-18,false,CHI,3,4,5,6,0,0,0,0,0,0,20,17939,461,20,18,11,7,5,0,2
William Karlsson,CBJ,C,2016-12-09,false,DET,4,5,6,2,0,0,0,1,1,0,38,21402,522,12,5,16,8,13,131,174
Erik Karlsson,OTT,D,2016-12-03,false,FLA,5,15,5,12,1,4,0,1,2,0,61,40897,817,21,73,43,37,17,0,0
Evander Kane,BUF,L,2016-12-31,false,BOS,8,5,-10,37,1,3,0,0,1,0,77,27862,554,48,10,24,11,16,30,35
Patrick Kane,CHI,R,2016-12-01,false,NJD,8,16,3,14,2,4,0,0,2,0,80,33396,595,10,4,26,8,10,4,18
Sergey Kalinin,NJD,C,2016-12-20,false,NSH,1,1,-11,11,0,0,0,0,0,0,26,19003,459,36,12,7,6,3,18,30
Nazem Kadri,TOR,C,2016-12-07,false,MIN,10,8,-3,53,3,2,0,0,2,1,74,23911,580,37,10,30,14,22,171,201
Tomas Jurco,CHI,L,2017-03-21,false,VAN,0,0,-10,4,0,0,0,0,0,0,27,15738,381,20,6,16,6,2,0,1
Roman Josi,NSH,D,2016-12-06,false,COL,4,12,-1,4,2,6,0,0,1,0,73,37732,718,17,38,23,14,7,0,0
Jacob Josefson,NJD,C,2017-02-03,false,CGY,0,5,1,10,0,1,0,0,0,0,31,18447,426,22,8,16,8,5,88,87
Josh Jooris,ARI,R,2017-01-19,false,MIN,2,2,2,10,0,0,0,0,0,0,29,16320,410,30,11,8,2,6,81,78
Seth Jones,CBJ,D,2016-12-22,false,PIT,5,8,7,6,0,0,0,0,2,2,52,35044,754,28,48,13,15,8,0,0
Jyrki Jokipakka,CGY,D,2016-12-27,false,COL,1,4,-2,8,0,0,0,0,0,0,12,22449,535,15,21,6,12,3,0,0
Jussi Jokinen,FLA,L,2016-12-23,false,DET,2,4,-8,14,0,1,0,0,1,0,44,26769,571,7,12,16,21,9,16,15
Erik Johnson,COL,D,2017-02-28,false,PHI,1,11,-3,4,0,5,0,0,0,0,53,32605,750,50,65,18,14,12,0,0
Tyler Johnson,TBL,C,2016-12-01,false,STL,8,7,-4,10,4,3,0,0,1,0,48,27393,566,26,12,19,9,10,224,190
Jack Johnson,CBJ,D,2016-12-09,false,DET,0,5,12,12,0,0,0,0,0,0,34,32629,697,33,40,14,9,6,0,0
Stephen Johns,DAL,D,2016-12-15,false,NYR,3,3,-1,17,0,0,0,0,1,0,28,27550,633,67,44,16,18,5,0,0
Marcus Johansson,WSH,L,2016-12-07,false,BOS,11,8,6,4,3,3,0,0,5,2,45,26508,517,13,0,12,19,15,6,9
Ryan Johansen,NSH,C,2016-12-06,false,COL,5,12,4,16,3,6,0,0,3,0,58,27799,594,30,9,26,10,13,211,209
Nick Jensen,DET,D,2017-02-18,false,WSH,2,5,1,6,0,0,0,0,0,0,30,24005,551,25,25,12,14,4,0,0
Boone Jenner,CBJ,C,2016-12-09,false,DET,4,4,-3,14,0,1,0,0,1,0,59,22365,510,63,24,19,6,12,40,24
Dmitrij Jaskin,STL,R,2016-12-08,false,NYI,1,5,4,8,0,0,0,0,0,0,24,17323,411,45,5,14,6,6,3,4
Calle Jarnkrok,NSH,C,2016-12-06,false,COL,4,2,-1,4,0,0,0,0,0,0,30,21358,534,13,6,14,7,7,110,128
Jaromir Jagr,FLA,R,2016-12-03,false,OTT,4,8,0,12,2,2,0,0,0,0,59,24964,484,6,2,15,13,15,0,0
Matt Irwin,NSH,D,2016-12-19,false,PHI,3,4,10,4,0,0,0,0,1,0,40,23068,529,55,39,20,15,5,0,0
Jarome Iginla,COL,R,2016-12-08,false,BOS,3,3,-1,31,1,2,0,0,0,0,50,22914,493,26,6,15,9,11,5,6
Zach Hyman,TOR,C,2016-12-07,false,MIN,3,5,-3,10,0,0,0,0,1,0,52,24466,571,35,17,17,5,19,8,12
Ben Hutton,VAN,D,2016-12-03,false,TOR,3,4,-11,12,1,3,0,0,1,1,51,32474,657,21,41,18,23,11,0,0
Matt Hunwick,TOR,D,2016-12-23,false,ARI,0,8,5,8,0,0,0,0,0,0,26,26957,625,41,39,15,20,15,0,0
Jiri Hudler,DAL,R,2017-02-24,false,ARI,2,6,-2,4,0,0,0,0,1,0,18,18063,442,8,3,9,5,9,3,2
Jonathan Huberdeau,FLA,L,2017-03-28,false,TOR,8,15,7,13,2,4,0,0,2,1,69,26854,567,18,4,18,21,10,2,4
Marian Hossa,CHI,R,2016-12-03,false,PHI,12,6,5,6,3,3,0,0,4,3,57,26135,593,9,13,24,5,17,4,7
Bo Horvat,VAN,C,2016-12-03,false,TOR,8,8,-1,14,0,1,2,0,0,0,43,25753,611,30,9,32,6,11,227,203
Patric Hornqvist,PIT,R,2016-12-16,false,LAK,6,12,8,10,5,3,0,0,1,0,90,24581,570,77,27,19,3,11,1,4
Korbinian Holzer,ANA,D,2017-02-25,false,LAK,1,5,-2,12,0,0,0,0,0,0,12,20710,454,58,25,6,8,2,0,0
Peter Holland,ARI,C,2017-01-21,false,TBL,1,5,-10,14,0,0,0,0,0,0,41,20113,432,21,2,19,7,5,117,146
Nick Holden,NYR,D,2016-12-01,false,BUF,3,9,11,6,1,0,0,0,0,0,18,29654,657,46,32,14,19,9,0,1
Mike Hoffman,OTT,L,2016-12-07,false,SJS,9,11,-4,12,5,5,0,0,2,0,79,26093,525,17,11,30,13,16,4,2
Niklas Hjalmarsson,CHI,D,2016-12-03,false,PHI,3,3,5,4,0,0,0,0,0,0,22,32700,718,7,57,6,19,7,0,0
Vinnie Hinostroza,CHI,L,2016-12-18,false,SJS,3,4,-1,4,0,0,0,0,1,0,31,16942,370,15,14,14,8,14,54,89
Thomas Hickey,NYI,D,2016-12-06,false,NYR,2,4,3,8,0,1,0,0,1,1,32,28070,572,33,47,14,14,4,0,0
Tomas Hertl,SJS,C,2017-02-12,false,NJD,6,8,-1,12,1,1,0,0,2,0,60,25516,577,44,9,18,11,16,108,82
Adam Henrique,NJD,C,2016-12-06,false,VAN,5,6,0,10,1,0,0,0,1,1,38,27607,595,29,23,15,13,9,196,204
Matt Hendricks,EDM,L,2017-02-02,false,NSH,2,2,-5,25,0,0,0,0,1,0,28,16512,408,40,27,7,4,2,70,54
Darren Helm,DET,C,2017-02-07,false,CBJ,6,4,4,10,2,1,0,1,1,0,46,23524,567,41,10,12,13,13,147,134
Victor Hedman,TBL,D,2016-12-01,false,STL,5,13,3,14,2,5,0,0,2,0,44,36894,711,30,37,25,23,15,0,0
Kevin Hayes,NYR,C,2016-12-01,false,BUF,10,9,16,6,0,1,1,1,2,0,41,24530,571,17,19,15,28,17,144,167
Jimmy Hayes,BOS,R,2016-12-08,false,COL,1,0,-8,18,0,0,0,0,0,0,42,15366,358,37,3,12,5,8,1,5
Erik Haula,MIN,L,2016-12-29,false,NYI,6,5,5,10,0,0,0,0,2,0,49,21111,505,15,11,11,8,11,150,132
Garnet Hathaway,CGY,R,2017-02-07,false,PIT,1,4,2,44,0,0,0,0,0,0,19,13548,336,55,14,7,3,8,10,9
Scott Hartnell,CBJ,L,2016-12-09,false,DET,5,10,8,11,1,0,0,0,0,0,35,19080,470,22,16,10,12,4,2,1
Ryan Hartman,CHI,L,2016-12-11,false,DAL,5,3,4,4,0,0,0,0,1,0,54,17731,403,42,11,11,7,10,6,8
Martin Hanzal,ARI,C,2016-12-15,false,TOR,6,4,-12,22,2,2,0,0,1,1,57,27576,600,56,19,19,18,11,274,240
Jannik Hansen,VAN,R,2017-02-16,false,STL,5,7,1,27,0,0,0,0,1,0,47,24519,564,20,6,21,7,14,0,0
Noah Hanifin,CAR,D,2016-12-04,false,TBL,2,7,-7,16,2,3,0,0,0,0,43,25538,529,17,15,12,17,9,0,0
Travis Hamonic,NYI,D,2016-12-13,false,WSH,2,6,-16,49,0,1,0,0,0,0,37,30781,573,34,52,20,20,8,0,0
Dougie Hamilton,CGY,D,2016-11-28,false,NYI,2,10,-3,24,0,2,0,1,1,0,66,28932,672,37,27,19,16,4,0,0
Freddie Hamilton,CGY,C,2017-04-06,false,LAK,2,0,-2,8,0,0,0,0,1,0,29,14416,347,42,1,9,2,3,72,51
Dan Hamhuis,DAL,D,2016-12-06,false,CGY,0,5,-3,8,0,0,0,1,0,0,33,29845,661,32,40,12,10,5,0,0
Taylor Hall,NJD,L,2016-12-22,false,PHI,8,13,-6,8,4,3,0,0,2,1,84,30917,605,27,15,26,14,13,2,3
Micheal Haley,SJS,C,2017-01-03,false,LAK,0,3,0,47,0,0,0,0,0,0,14,11975,305,62,10,7,9,10,8,17
Ron Hainsey,CAR,D,2016-12-04,false,TBL,1,6,-5,10,0,0,1,0,0,0,30,32915,669,39,31,11,18,5,0,0
Carl Hagelin,PIT,L,2016-12-03,false,DET,2,7,3,2,0,0,0,1,0,0,51,24178,574,25,10,18,13,6,0,1
Carl Gunnarsson,STL,D,2016-12-19,false,EDM,0,2,-4,4,0,0,0,0,0,0,14,20691,532,18,31,10,1,1,0,0
Jake Guentzel,PIT,C,2017-03-01,false,CHI,7,8,1,8,0,1,0,0,0,0,40,23131,507,50,10,11,4,8,8,8
Radko Gudas,PHI,D,2016-12-19,false,NSH,1,8,3,27,0,1,0,0,0,0,42,29844,664,98,65,31,22,9,0,0
Eric Gryba,EDM,D,2017-01-18,false,FLA,1,2,-5,38,0,0,0,0,1,0,29,24536,539,91,25,11,12,5,0,0
Mikhail Grigorenko,COL,C,2016-12-10,false,MTL,3,6,-2,8,0,3,0,0,0,0,35,21298,474,8,7,6,6,13,46,45
Andy Greene,NJD,D,2016-12-06,false,VAN,3,4,-4,2,0,0,1,0,1,1,29,33296,699,27,59,19,20,7,0,0
Matt Greene,LAK,D,2017-01-09,false,DAL,1,1,3,19,0,0,0,0,0,0,14,19951,520,68,25,10,16,3,0,0
Mike Green,DET,D,2016-12-03,false,PIT,4,10,1,16,1,3,0,0,1,1,44,36527,715,21,30,22,19,10,0,0
Kevin Gravel,LAK,D,2017-01-03,false,SJS,0,2,5,4,0,1,0,0,0,0,22,20697,504,35,35,16,13,0,0,0
Tyler Graovac,MIN,C,2016-12-23,false,NYR,3,0,1,2,0,0,0,0,1,0,22,14812,368,27,6,16,1,9,91,93
Derek Grant,BUF,C,2016-12-05,false,WSH,0,3,-2,17,0,0,0,0,0,0,24,16330,411,19,16,11,6,6,127,107
Mikael Granlund,MIN,C,2016-12-07,false,TOR,5,10,6,2,1,4,1,0,2,0,43,29183,624,18,14,22,13,9,4,6
Markus Granlund,VAN,C,2016-12-03,false,TOR,5,4,-12,8,1,1,0,0,1,1,41,25228,572,12,3,17,4,14,29,42
Michael Grabner,NYR,R,2016-12-01,false,BUF,12,4,18,2,0,0,0,1,1,0,56,19736,517,13,17,15,10,23,2,2
Shayne Gostisbehere,PHI,D,2016-12-03,false,CHI,4,8,-3,12,1,4,0,0,1,0,62,31235,637,8,30,45,22,6,0,0
Josh Gorges,BUF,D,2016-12-13,false,LAK,0,1,-2,23,0,0,0,0,0,0,11,29170,684,58,46,8,6,0,0,1
Cody Goloubef,COL,D,2017-02-14,false,NJD,0,3,-11,21,0,0,0,0,0,0,24,26796,615,20,28,5,7,5,0,0
Alex Goligoski,ARI,D,2016-12-06,false,CHI,0,10,-10,6,0,3,0,0,0,0,36,34666,703,29,49,10,12,2,0,0
Luke Glendening,DET,C,2016-12-03,false,PIT,1,6,-1,10,0,1,0,0,0,0,34,20041,490,71,30,13,2,10,103,94
Claude Giroux,PHI,C,2016-12-01,false,OTT,7,15,-6,12,4,8,0,0,1,1,65,28980,638,19,7,25,10,9,303,252
Zemgus Girgensons,BUF,C,2016-12-05,false,WSH,2,3,-4,4,0,0,0,0,0,0,40,17909,420,32,9,12,5,2,85,80
Dan Girardi,NYR,D,2016-12-09,false,CHI,3,4,11,6,0,0,0,1,3,0,25,28221,637,48,67,10,19,2,0,0
Mark Giordano,CGY,D,2016-11-28,false,NYI,1,8,3,24,0,3,0,1,0,0,56,37283,769,20,64,25,6,16,0,0
Brian Gionta,BUF,R,2016-12-05,false,WSH,5,5,-2,8,0,0,0,0,1,0,53,25690,538,22,10,18,9,7,10,11
Stephen Gionta,NYI,R,2017-04-08,false,NJD,1,5,8,2,0,0,0,0,0,0,16,16599,414,55,7,2,6,3,53,59
Ryan Getzlaf,ANA,C,2016-12-09,false,SJS,2,20,-4,12,1,8,0,0,1,0,46,30461,647,33,24,26,25,19,198,166
Eric Gelinas,COL,D,2017-01-31,false,ANA,0,1,-3,12,0,0,0,0,0,0,28,17624,418,28,16,14,6,3,0,1
Brendan Gaunce,VAN,C,2016-12-03,false,TOR,0,2,-4,20,0,0,0,0,0,0,18,12950,334,35,4,5,3,3,61,67
Johnny Gaudreau,CGY,L,2016-12-20,false,SJS,7,15,-11,0,1,7,0,0,1,0,66,28438,579,3,5,23,38,11,0,0
Jason Garrison,TBL,D,2016-12-01,false,STL,1,2,-3,6,0,0,0,0,0,0,34,27459,608,27,39,20,14,6,0,0
Jake Gardiner,TOR,D,2016-12-07,false,MIN,4,5,2,10,1,1,0,0,0,0,40,30081,644,22,19,15,24,12,0,0
Brendan Gallagher,MTL,R,2016-12-04,false,LAK,5,9,7,20,1,1,0,0,1,0,68,23057,539,27,7,21,8,10,19,27
Alex Galchenyuk,MTL,C,2016-12-04,false,LAK,9,14,9,16,3,5,0,0,2,1,45,24254,543,10,13,19,14,7,118,181
Sam Gagner,CBJ,C,2016-12-10,false,NYI,11,8,10,4,3,4,0,0,1,0,65,20425,436,3,4,22,7,4,42,50
Marian Gaborik,LAK,R,2017-01-23,false,NYR,4,5,-1,6,1,1,0,0,0,0,57,22808,498,12,4,24,11,3,0,1
Michael Frolik,CGY,R,2016-11-28,false,NYI,6,8,1,10,0,0,2,0,1,1,57,24549,556,18,20,15,12,16,6,7
Cody Franson,BUF,D,2016-12-05,false,WSH,1,6,3,10,1,0,0,0,0,0,39,27786,613,23,27,11,14,5,0,0
Cam Fowler,ANA,D,2016-12-03,false,EDM,7,9,5,2,4,4,0,0,2,0,53,35996,702,13,32,14,23,4,0,0
Gustav Forsling,CHI,D,2016-12-11,false,DAL,1,3,2,2,0,1,0,0,0,0,32,23084,495,12,10,10,22,1,0,0
Filip Forsberg,NSH,L,2016-12-06,false,COL,2,14,-4,10,0,3,0,0,0,0,56,28133,636,39,7,33,13,26,5,7
Derek Forbort,LAK,D,2016-12-04,false,MTL,1,6,2,34,0,0,0,0,0,0,24,26761,618,54,60,11,14,2,1,0
Christian Folin,MIN,D,2016-12-29,false,NYI,0,3,12,20,0,0,0,0,0,0,20,24065,552,37,32,10,6,7,0,0
Marcus Foligno,BUF,L,2016-12-05,false,WSH,4,3,-1,17,0,0,0,0,0,0,39,23849,532,81,19,13,10,10,0,1
Nick Foligno,CBJ,L,2016-12-13,false,EDM,10,12,5,33,5,6,0,0,1,0,57,27888,609,37,16,22,13,10,24,24
Brian Flynn,MTL,C,2016-12-29,false,FLA,3,3,7,4,0,0,0,0,0,0,24,18203,494,10,15,12,8,7,52,44
Mike Fisher,NSH,C,2016-12-15,false,MIN,8,9,-7,31,4,5,0,0,2,0,48,24604,565,52,19,15,1,8,238,195
Valtteri Filppula,TBL,C,2016-12-03,false,WSH,5,11,2,8,0,5,0,0,1,0,31,27070,555,9,13,7,11,12,199,246
Vernon Fiddler,NJD,C,2016-12-06,false,VAN,1,2,-1,17,0,0,1,0,0,0,23,18964,484,25,11,11,11,4,169,150
Kevin Fiala,NSH,L,2016-12-29,false,CHI,5,2,-2,8,0,0,0,0,1,0,59,19687,463,26,7,16,10,18,0,0
Micheal Ferland,CGY,L,2016-11-28,false,NYI,4,5,-3,5,2,1,0,0,0,0,33,16485,413,59,7,11,12,14,0,1
Eric Fehr,PIT,C,2016-12-03,false,DET,3,2,-1,6,0,0,0,0,1,0,28,17024,426,30,18,6,6,15,29,26
Taylor Fedun,BUF,D,2017-02-12,false,VAN,0,7,3,16,0,3,0,0,0,0,24,20469,501,6,19,7,8,5,0,0
Justin Faulk,CAR,D,2016-12-10,false,SJS,3,6,-14,8,1,4,0,0,0,0,69,34661,673,47,26,33,23,16,0,0
Jesper Fast,NYR,R,2016-12-01,false,BUF,2,9,8,12,0,0,0,0,0,0,14,20279,505,36,12,9,6,18,7,10
Justin Falk,BUF,D,2017-01-12,false,TBL,0,2,2,11,0,0,0,0,0,0,16,19303,490,43,12,13,6,3,0,0
Radek Faksa,DAL,C,2016-12-01,false,PIT,2,6,3,15,0,0,0,0,0,0,42,24459,626,33,22,21,7,19,185,219
Robby Fabbri,STL,C,2016-12-06,false,MTL,5,7,-7,17,3,3,0,0,0,0,44,24366,551,33,10,15,6,12,9,6
Adam Erne,TBL,L,2017-04-07,false,MTL,3,0,-7,11,0,0,0,0,0,0,40,17638,424,67,12,18,5,2,0,2
Loui Eriksson,VAN,L,2016-12-03,false,TOR,6,5,-10,0,2,1,0,1,1,0,47,28184,609,3,11,13,8,7,0,0
Jonathan Ericsson,DET,D,2016-12-03,false,PIT,0,4,3,43,0,0,0,0,0,0,18,27219,635,38,17,11,11,1,0,0
Toby Enstrom,WPG,D,2016-12-04,false,CHI,1,7,1,10,0,4,1,0,0,0,23,33879,708,9,36,13,14,7,0,0
Tyler Ennis,BUF,L,2017-02-12,false,VAN,4,4,-3,2,0,1,0,0,0,0,46,19801,415,20,12,9,6,12,0,4
Deryk Engelland,CGY,D,2016-11-28,false,NYI,1,4,6,27,0,0,0,0,1,0,35,27639,632,50,45,12,17,5,1,0
Alexei Emelin,MTL,D,2016-12-04,false,LAK,1,3,5,29,0,0,0,0,0,0,28,32078,653,91,49,12,30,4,0,0
Ryan Ellis,NSH,D,2016-12-22,false,LAK,4,7,5,19,0,3,0,1,2,0,40,35928,706,34,49,22,15,9,0,0
Lars Eller,WSH,C,2016-12-09,false,BUF,2,1,-5,20,0,0,0,0,0,0,30,20839,460,18,5,20,8,11,130,141
Oliver Ekman-Larsson,ARI,D,2016-12-06,false,CHI,5,8,-5,12,2,4,0,0,1,1,54,36439,695,40,23,28,16,9,0,0
Mattias Ekholm,NSH,D,2016-12-06,false,COL,0,7,-1,10,0,1,0,1,0,0,43,35101,689,16,44,25,22,9,0,0
Aaron Ekblad,FLA,D,2016-12-03,false,OTT,6,1,-10,26,2,1,0,0,1,1,79,34930,606,48,22,29,17,10,0,0
Jack Eichel,BUF,C,2017-01-21,false,MTL,10,9,-3,4,5,5,0,0,2,0,103,29843,559,16,18,34,21,16,138,186
Nikolaj Ehlers,WPG,L,2016-11-29,false,NJD,4,16,1,12,0,2,0,0,1,0,53,26801,553,15,9,32,15,13,0,1
Joel Edmundson,STL,D,2016-12-30,false,NSH,0,8,-4,30,0,0,0,0,0,0,28,25224,622,52,33,11,7,4,0,0
Alexander Edler,VAN,D,2017-01-02,false,COL,1,4,-7,6,1,1,0,0,0,0,50,35241,700,47,59,15,15,8,2,1
Jordan Eberle,EDM,C,2016-12-01,false,WPG,7,10,-4,4,2,3,0,0,0,0,76,26679,571,6,12,25,7,8,2,1
Patrick Eaves,DAL,R,2016-12-03,false,COL,10,8,-5,10,5,3,0,0,1,0,63,25286,592,34,16,29,3,6,0,1
Cody Eakin,DAL,C,2017-01-19,false,NYI,1,3,-9,30,0,1,0,0,1,0,27,22984,569,29,12,18,10,5,159,167
Ryan Dzingel,OTT,L,2016-12-03,false,FLA,6,7,6,4,0,1,1,0,1,0,39,20686,470,14,12,12,9,10,2,4
Christian Dvorak,ARI,C,2016-12-13,false,DET,2,6,1,6,0,1,0,0,0,0,21,21403,458,25,22,10,5,3,114,148
Brian Dumoulin,PIT,D,2016-12-05,false,OTT,0,4,-5,10,0,0,0,0,0,0,37,28762,674,46,30,10,14,7,0,0
Gabriel Dumont,TBL,C,2017-03-11,false,FLA,1,1,-2,25,0,0,0,0,0,0,22,13564,342,51,6,7,3,3,68,58
Matt Dumba,MIN,D,2016-12-07,false,TOR,2,6,5,18,1,2,0,0,1,1,50,30904,623,29,21,19,13,9,0,0
Anthony Duclair,ARI,L,2016-12-08,false,CGY,1,3,-2,10,0,0,0,0,0,0,28,19519,453,9,6,9,15,11,1,0
Matt Duchene,COL,C,2016-12-16,false,FLA,12,9,-5,2,2,3,0,0,3,1,59,27987,595,8,20,21,13,24,160,96
Brandon Dubinsky,CBJ,C,2016-12-13,false,EDM,3,6,5,22,0,2,0,0,2,0,34,26642,617,73,19,16,11,13,245,226
Jonathan Drouin,TBL,L,2016-12-20,false,DET,8,9,-1,6,5,3,0,0,1,0,74,26004,505,18,8,14,24,17,30,36
Leon Draisaitl,EDM,C,2016-12-01,false,WPG,9,11,-5,2,6,3,0,0,0,0,53,25609,540,8,11,21,17,15,191,175
Nic Dowd,LAK,C,2016-12-15,false,DET,3,9,-6,2,1,3,0,0,2,1,32,20373,483,65,15,13,9,3,141,157
Drew Doughty,LAK,D,2016-12-04,false,MTL,4,9,4,20,1,3,0,0,0,0,59,40580,829,42,45,21,27,2,1,0
Jake Dotchin,TBL,D,2017-03-21,false,ARI,0,6,6,29,0,0,0,0,0,0,36,27531,581,59,15,22,14,3,0,0
Joonas Donskoi,SJS,R,2016-12-02,false,MTL,2,6,1,8,1,2,0,0,0,0,43,22384,531,11,10,23,14,15,4,2
Max Domi,ARI,L,2016-12-06,false,CHI,4,11,-6,15,1,3,0,0,1,0,55,26332,552,17,11,18,16,12,3,4
Shane Doan,ARI,R,2016-12-06,false,CHI,3,4,-2,18,1,1,0,0,0,0,50,23115,488,44,12,13,11,3,45,45
Brenden Dillon,SJS,D,2016-12-07,false,OTT,0,1,-1,20,0,0,0,0,0,0,27,23601,544,59,20,15,7,1,0,0
Phillip Di Giuseppe,CAR,L,2017-03-03,false,ARI,1,5,-12,13,0,1,0,0,1,1,55,19501,450,58,10,20,7,9,0,2
Nicolas Deslauriers,BUF,L,2017-02-04,false,OTT,0,0,-5,11,0,0,0,0,0,0,12,11261,257,71,4,8,0,1,0,1
Andrew Desjardins,CHI,L,2017-01-08,false,NSH,0,0,-5,6,0,0,0,0,0,0,28,14249,331,38,8,5,6,4,23,22
David Desharnais,MTL,C,2016-12-06,false,STL,3,6,4,4,0,2,0,0,0,0,23,19610,456,1,5,7,5,10,58,71
Jason Demers,FLA,D,2016-12-03,false,OTT,3,6,-3,10,0,3,0,1,0,0,30,29918,598,29,27,28,12,11,0,0
Michael Del Zotto,PHI,D,2017-01-08,false,CBJ,4,6,-6,4,0,0,0,0,0,0,49,29492,653,89,52,16,11,4,0,0
Dylan DeMelo,SJS,D,2017-04-08,false,CGY,1,7,2,14,0,0,0,0,0,0,32,23839,537,36,32,14,12,4,0,0
Danny DeKeyser,DET,D,2016-12-03,false,PIT,1,3,-4,15,0,0,0,0,0,0,16,33687,718,29,46,15,16,6,0,0
Anthony DeAngelo,ARI,D,2017-03-05,false,CAR,3,6,-8,16,2,4,0,0,0,0,44,28272,577,15,36,15,14,3,0,0
Brandon Davidson,EDM,D,2017-02-18,false,CHI,0,1,2,16,0,0,0,0,0,0,29,22712,530,25,41,11,15,3,0,0
Marko Dano,WPG,C,2016-12-20,false,VAN,3,6,1,8,2,0,0,0,0,0,30,17891,425,56,10,17,8,11,1,3
Phillip Danault,MTL,L,2016-12-04,false,LAK,5,4,1,6,0,0,0,0,1,0,38,19296,484,21,22,13,13,6,74,72
Trevor Daley,PIT,D,2016-12-03,false,DET,2,6,-1,12,1,1,0,1,0,0,37,31643,734,6,42,22,10,14,0,0
Klas Dahlbeck,CAR,D,2017-03-09,false,NYR,1,2,-6,18,0,0,0,0,0,0,20,20185,475,37,22,12,10,5,0,0
Austin Czarnik,BOS,C,2016-12-10,false,TOR,2,4,-4,8,0,2,0,0,1,0,33,20439,485,9,15,13,7,8,6,22
Matt Cullen,PIT,C,2016-12-03,false,DET,5,6,2,10,0,1,0,0,1,0,31,20947,536,13,6,17,9,4,176,151
Lawson Crouse,ARI,L,2016-12-13,false,DET,2,1,-8,23,0,0,0,0,1,0,28,16817,405,59,11,7,2,8,0,1
Sidney Crosby,PIT,C,2016-12-16,false,LAK,21,12,8,10,7,2,0,0,3,0,82,28839,619,29,7,18,28,13,289,303
Joseph Cramarossa,ANA,C,2016-12-29,false,CGY,2,3,-4,35,0,0,0,0,0,0,16,15214,388,56,12,8,10,5,2,0
Adam Cracknell,DAL,R,2016-12-06,false,CGY,2,1,2,0,0,0,0,0,0,0,28,15214,381,33,18,14,5,3,36,36
Charlie Coyle,MIN,C,2016-12-07,false,TOR,9,9,7,18,3,0,0,0,2,0,58,26945,581,27,22,14,13,13,12,15
Sean Couturier,PHI,C,2017-01-07,false,TBL,7,3,-3,14,0,1,0,1,1,0,42,27176,618,18,15,17,14,14,212,201
Logan Couture,SJS,C,2016-12-02,false,MTL,9,7,1,8,5,1,0,0,1,0,79,27686,618,12,24,23,27,11,102,173
Nick Cousins,PHI,C,2016-12-08,false,EDM,3,5,-1,12,1,1,0,0,0,0,35,16877,401,24,10,8,5,7,52,88
Andrew Copp,WPG,C,2016-12-20,false,VAN,4,3,0,6,0,0,1,0,1,0,30,18332,471,32,13,11,8,12,43,47
Brett Connolly,WSH,R,2017-01-07,false,OTT,4,1,2,18,1,0,0,0,0,0,32,16081,356,43,4,6,5,7,4,5
Blake Comeau,COL,L,2016-12-16,false,FLA,5,2,-3,22,2,0,1,0,0,0,38,23983,549,51,9,15,5,13,59,61
Ian Cole,PIT,D,2016-12-03,false,DET,2,7,10,23,0,0,0,0,0,0,29,27141,610,58,51,23,14,5,0,0
Joe Colborne,COL,C,2016-12-20,false,MIN,3,1,-10,12,2,0,0,0,0,0,24,17901,425,28,6,6,6,5,35,55
Andrew Cogliano,ANA,L,2016-12-03,false,EDM,6,5,7,10,0,0,2,0,0,0,62,22601,580,24,12,8,6,8,1,7
Braydon Coburn,TBL,D,2016-12-01,false,STL,0,4,-1,14,0,0,0,0,0,0,31,24350,545,26,19,10,9,0,0,0
Cal Clutterbuck,NYI,R,2016-12-08,false,STL,2,7,3,10,0,0,0,0,1,0,43,23146,576,89,10,16,12,14,1,2
Kyle Clifford,LAK,L,2016-12-15,false,DET,2,4,2,35,0,0,0,0,0,0,43,15739,373,55,2,13,2,7,0,1
Adam Clendening,NYR,D,2017-02-28,false,WSH,2,8,6,17,1,1,0,0,0,0,35,23889,535,16,25,15,17,7,0,0
Fredrik Claesson,OTT,D,2017-03-25,false,MTL,2,7,3,4,0,0,0,1,0,0,16,16403,407,39,15,7,12,2,0,0
Casey Cizikas,NYI,C,2016-12-06,false,NYR,3,7,4,14,0,1,0,0,1,0,28,22278,577,62,27,7,10,11,196,207
Jakob Chychrun,ARI,D,2016-12-19,false,CGY,1,5,-2,31,0,0,0,0,0,0,28,25204,556,42,38,23,14,4,0,0
Jason Chimera,NYI,L,2016-12-06,false,NYR,4,5,-6,16,0,0,0,0,0,0,35,20043,491,45,14,8,7,4,8,10
Alex Chiasson,CGY,R,2016-11-28,false,NYI,4,2,3,14,0,0,1,0,1,0,37,19865,489,27,3,9,8,7,0,11
Ben Chiarot,WPG,D,2016-12-01,false,EDM,0,5,-4,10,0,0,0,0,0,0,16,22194,464,33,37,3,18,3,0,0
Zdeno Chara,BOS,D,2016-12-14,false,PIT,1,5,8,21,0,1,0,0,0,0,39,34583,661,41,49,16,22,16,0,0
Michael Chaput,VAN,C,2016-12-30,false,ANA,0,3,-4,11,0,0,0,0,0,0,15,15261,381,28,7,1,4,4,97,95
Cody Ceci,OTT,D,2016-12-03,false,FLA,0,2,-8,6,0,0,0,1,0,0,43,34326,776,48,57,14,26,9,0,0
Jeff Carter,LAK,C,2016-12-04,false,MTL,11,10,4,10,3,2,1,0,6,2,80,27562,596,27,12,30,11,7,247,205
William Carrier,BUF,L,2017-01-03,false,NYR,1,2,1,17,0,0,0,0,0,0,29,13466,355,75,5,9,3,4,1,1
Connor Carrick,TOR,D,2016-12-15,false,ARI,1,2,3,26,0,0,0,0,0,0,36,25916,603,25,34,19,19,6,0,0
Daniel Carr,MTL,L,2017-01-04,false,DAL,1,5,5,6,0,0,0,0,1,0,35,15299,386,16,9,16,5,5,1,1
John Carlson,WSH,D,2016-12-07,false,BOS,0,10,1,0,0,4,0,0,0,0,61,35100,649,24,34,39,35,11,0,0
Brandon Carlo,BOS,D,2016-12-03,false,BUF,2,4,12,17,0,0,0,0,0,0,30,33518,656,24,44,14,12,4,0,0
Brian Campbell,CHI,D,2016-12-01,false,NJD,2,6,5,10,1,2,0,0,0,0,27,28075,597,18,24,15,17,0,0,0
Michael Cammalleri,NJD,L,2016-12-18,false,NYR,9,9,2,12,1,3,0,0,2,1,64,26919,556,19,5,27,11,13,9,7
Matt Calvert,CBJ,L,2016-12-20,false,LAK,4,2,6,14,0,0,2,0,1,0,37,21827,517,26,15,18,8,12,2,11
Drake Caggiula,EDM,L,2017-01-10,false,SJS,3,4,-1,2,1,1,0,0,0,0,31,19791,450,47,4,13,6,6,44,72
Paul Byron,MTL,L,2016-12-04,false,LAK,7,5,4,8,0,0,1,0,2,0,30,21412,555,35,8,5,8,11,2,0
Dustin Byfuglien,WPG,D,2016-11-29,false,NJD,2,11,-2,27,0,2,0,0,0,0,64,41716,712,64,44,38,33,20,0,0
Alexandre Burrows,VAN,L,2016-12-11,false,WSH,4,6,0,29,0,0,0,1,0,0,53,21464,540,16,4,13,7,19,0,4
Brent Burns,SJS,D,2016-12-02,false,MTL,10,12,3,4,3,4,0,1,2,1,107,36067,678,28,45,45,52,14,0,0
Alexander Burmistrov,ARI,C,2017-01-18,false,WPG,0,4,-6,6,0,1,0,1,0,0,15,17559,391,33,6,7,8,5,64,116
Andre Burakovsky,WSH,L,2016-12-07,false,BOS,2,8,-2,4,0,1,0,0,0,0,41,22014,453,10,10,17,14,15,0,1
Pavel Buchnevich,NYR,R,2017-02-19,false,WSH,6,9,3,13,1,2,0,0,0,0,36,20045,474,11,5,15,16,10,1,3
Dustin Brown,LAK,R,2016-12-04,false,MTL,4,7,-9,10,2,2,1,0,1,0,56,24275,558,63,6,18,8,6,0,1
Connor Brown,TOR,R,2016-12-07,false,MIN,3,5,3,4,0,0,0,0,1,0,36,21199,544,18,23,11,3,8,0,1
J.T. Brown,TBL,R,2016-12-16,false,VAN,2,1,-6,34,0,0,1,0,1,0,25,16131,383,40,11,9,4,4,0,2
Troy Brouwer,CGY,R,2016-11-28,false,NYI,5,4,-7,16,0,2,1,0,1,0,39,26205,586,58,20,13,7,8,11,25
Kyle Brodziak,STL,C,2016-12-06,false,MTL,2,1,-4,21,0,0,0,0,1,0,22,14543,411,24,14,6,0,8,75,96
Jonas Brodin,MIN,D,2016-12-07,false,TOR,2,8,0,12,1,2,0,0,2,0,37,30406,652,9,43,16,10,4,0,0
TJ Brodie,CGY,D,2016-11-28,false,NYI,1,6,-14,6,0,2,1,1,0,0,29,35279,761,11,30,14,24,21,0,0
Justin Braun,SJS,D,2016-12-02,false,MTL,0,3,-1,6,0,0,0,0,0,0,24,30139,631,32,47,16,17,14,0,0
Derick Brassard,OTT,C,2016-12-03,false,FLA,4,7,5,6,1,1,0,0,0,0,55,26540,560,27,4,25,13,18,223,204
Tyler Bozak,TOR,C,2016-12-07,false,MIN,6,12,-1,4,1,2,0,0,1,0,46,24571,565,20,6,17,12,18,231,172
Brian Boyle,TBL,C,2016-12-04,false,CAR,4,2,2,29,0,1,0,0,0,0,35,17210,397,36,14,10,6,7,75,70
Johnny Boychuk,NYI,D,2016-12-08,false,STL,4,5,1,4,0,1,1,0,1,0,59,30456,590,56,56,32,17,5,0,0
Jay Bouwmeester,STL,D,2016-12-03,false,WPG,1,4,-7,16,0,0,0,0,0,0,33,34169,757,22,29,12,15,5,0,0
Rene Bourque,COL,R,2016-12-11,false,TOR,8,3,-8,19,2,0,0,0,2,1,43,22365,519,38,12,22,3,12,0,3
Lance Bouma,CGY,C,2017-01-09,false,WPG,2,2,0,15,0,0,0,0,1,0,21,17391,434,65,17,11,5,5,1,5
Reid Boucher,VAN,C,2017-03-11,false,PIT,3,2,-1,4,0,0,0,0,0,0,41,16291,359,14,10,8,3,11,0,1
Robert Bortuzzo,STL,D,2017-03-03,false,WPG,1,2,7,9,0,0,0,0,0,0,34,20967,567,54,40,17,10,3,0,0
Mark Borowiecki,OTT,D,2016-12-03,false,FLA,0,1,1,42,0,0,0,0,0,0,11,19734,541,104,36,7,6,2,0,0
Nick Bonino,PIT,C,2016-12-03,false,DET,3,7,-2,8,0,1,1,0,0,0,40,25057,603,18,35,9,9,12,190,206
Jared Boll,ANA,R,2016-12-29,false,CGY,0,1,-5,53,0,0,0,0,0,0,7,9022,249,22,7,3,2,1,0,1
Zach Bogosian,BUF,D,2017-01-20,false,DET,0,3,-9,19,0,0,0,0,0,0,28,31162,647,37,51,10,12,7,0,0
Mikkel Boedker,SJS,L,2016-12-02,false,MTL,2,2,-4,4,0,0,0,0,0,0,24,21933,527,17,7,18,17,8,2,8
Joseph Blandisi,NJD,L,2017-04-01,false,PHI,3,6,-10,24,1,4,0,0,2,1,22,19990,457,34,6,14,3,6,71,81
Nick Bjugstad,FLA,C,2017-02-09,false,LAK,1,3,-10,12,0,1,0,0,0,0,42,20516,470,36,4,14,8,8,77,80
Oliver Bjorkstrand,CBJ,R,2017-04-08,false,PHI,6,7,5,6,0,0,0,0,2,0,52,21011,463,13,9,11,7,8,1,0
Anthony Bitetto,NSH,D,2017-03-30,false,TOR,0,5,-2,23,0,0,0,0,0,0,16,16961,429,40,20,9,6,1,0,0
Kevin Bieksa,ANA,D,2016-12-03,false,EDM,1,0,0,23,1,0,0,0,0,0,41,30232,597,61,27,13,13,3,0,0
Alex Biega,VAN,D,2017-03-09,false,NYI,0,3,0,14,0,0,0,0,0,0,25,21250,529,62,20,18,5,5,0,0
Patrik Berglund,STL,C,2016-12-03,false,WPG,1,6,-4,8,0,1,0,0,0,0,38,22387,563,45,12,21,6,9,155,144
Patrice Bergeron,BOS,C,2016-12-08,false,COL,4,4,2,8,1,1,0,0,2,0,84,28033,605,17,16,32,7,10,337,244
Matt Benning,EDM,D,2016-12-29,false,LAK,0,5,3,6,0,2,0,0,0,0,34,25035,564,54,28,18,19,1,0,0
Sam Bennett,CGY,C,2016-11-28,false,NYI,5,7,-2,28,1,0,0,1,0,0,38,23094,523,47,9,16,7,15,86,95
Beau Bennett,NJD,R,2016-12-18,false,NYR,1,6,-4,8,1,1,0,0,0,0,43,20385,429,23,6,19,7,7,1,4
Jamie Benn,DAL,L,2016-12-01,false,PIT,7,13,-7,27,5,2,0,0,2,1,60,30434,717,42,16,26,13,20,107,84
Jordie Benn,DAL,D,2016-12-06,false,CGY,1,5,0,16,0,2,0,0,0,0,30,28750,661,17,51,19,12,2,0,0
Pierre-Edouard Bellemare,PHI,L,2016-12-01,false,OTT,0,3,3,2,0,0,0,1,0,0,39,21258,527,29,25,13,4,4,148,161
Matt Beleskey,BOS,L,2017-01-20,false,CHI,2,3,-7,23,0,2,0,0,0,0,44,22383,486,65,13,21,6,5,26,39
Anthony Beauvillier,NYI,C,2016-12-27,false,WSH,4,5,3,6,0,0,0,0,0,0,26,17889,403,26,10,9,10,6,21,22
Nathan Beaulieu,MTL,D,2016-12-17,false,WSH,1,6,12,25,0,2,0,0,1,0,33,26360,554,27,40,13,32,6,0,0
Francois Beauchemin,COL,D,2016-12-08,false,BOS,0,6,2,12,0,2,0,0,0,0,38,31210,681,23,56,16,19,12,0,0
Jay Beagle,WSH,C,2016-12-07,false,BOS,5,5,5,6,0,0,1,1,2,0,36,19076,463,17,12,7,6,5,181,123
Tyson Barrie,COL,D,2016-12-08,false,BOS,2,10,-10,10,0,4,0,0,1,0,54,34426,706,12,26,28,16,8,0,0
Aleksander Barkov,FLA,C,2016-12-03,false,OTT,3,12,1,0,0,4,0,0,2,2,53,29018,569,17,12,18,11,18,181,190
Mark Barberio,MTL,D,2017-01-24,false,CGY,0,4,1,8,0,1,0,0,0,0,28,22747,480,10,23,9,14,5,0,0
Ivan Barbashev,STL,C,2017-03-31,false,COL,4,4,5,2,0,0,0,0,1,0,15,16608,391,29,12,9,2,5,65,93
Justin Bailey,BUF,R,2017-03-05,false,PIT,2,2,4,4,0,0,0,0,1,0,29,16192,378,23,12,11,9,7,0,1
Josh Bailey,NYI,R,2016-12-06,false,NYR,4,12,2,2,1,3,0,0,1,1,52,28378,594,13,20,23,11,14,5,3
Sven Baertschi,VAN,L,2016-12-08,false,TBL,4,7,0,0,0,1,0,0,2,0,45,22197,518,15,10,10,5,7,1,0
Nicklas Backstrom,WSH,C,2016-12-07,false,BOS,8,14,3,14,1,8,0,0,2,1,56,28235,573,22,8,13,18,22,220,194
Mikael Backlund,CGY,C,2016-11-28,false,NYI,3,7,0,6,0,1,0,3,1,0,59,26686,608,17,20,22,13,14,235,232
David Backes,BOS,R,2016-12-12,false,MTL,7,6,-1,25,2,1,0,0,1,0,62,27281,551,79,20,21,13,9,36,43
Yohann Auvitu,NJD,D,2017-01-07,false,EDM,2,2,1,2,0,1,0,0,0,0,54,23405,505,20,9,13,13,7,0,0
Cam Atkinson,CBJ,R,2016-12-09,false,DET,9,16,4,4,4,7,2,0,2,1,76,27289,624,9,9,23,4,13,2,0
Andreas Athanasiou,DET,C,2017-01-07,false,SJS,7,5,1,9,0,0,0,0,0,0,48,18416,430,9,6,20,6,6,27,30
Viktor Arvidsson,NSH,L,2016-12-06,false,COL,8,7,1,10,1,2,1,1,0,0,80,23681,563,10,14,27,10,10,2,1
Joel Armia,WPG,R,2017-01-23,false,ANA,3,3,-5,12,0,0,0,0,1,0,48,23418,539,24,8,10,12,15,2,4
Artem Anisimov,CHI,C,2016-12-03,false,PHI,10,12,11,18,1,3,0,0,3,1,41,27578,568,12,9,15,1,13,174,224
Sven Andrighetto,MTL,R,2017-02-11,false,STL,2,6,2,4,0,1,0,0,0,0,30,17509,421,27,12,18,1,6,0,0
Andy Andreoff,LAK,L,2017-02-28,false,CGY,0,2,-2,30,0,0,0,0,0,0,22,16515,376,46,7,13,7,4,36,24
Josh Anderson,CBJ,R,2016-12-09,false,DET,7,3,9,23,0,0,0,0,1,0,43,18202,460,45,16,9,11,5,6,15
Karl Alzner,WSH,D,2016-12-07,false,BOS,2,2,6,10,0,0,0,0,0,0,27,30343,648,29,45,11,17,6,0,0
Sebastian Aho,CAR,R,2016-12-04,false,TBL,3,8,-4,4,0,3,0,0,0,0,61,23095,510,9,2,22,14,8,6,7
Noel Acciari,BOS,C,2017-03-30,false,DAL,1,3,4,14,0,0,0,0,0,0,20,14858,360,70,4,8,4,10,11,16
Justin Abdelkader,DET,L,2017-01-14,false,PIT,4,5,-6,19,2,0,0,1,0,0,42,23902,514,61,9,14,6,9,1,4
Tyler Pitlick,EDM,R,2016-12-04,false,MIN,6,1,-1,4,0,0,0,0,1,0,45,15047,370,60,8,6,5,3,6,6
Johan Larsson,BUF,C,2016-12-05,false,WSH,4,4,-7,14,1,0,0,0,2,0,36,26428,554,24,20,19,10,10,189,193
Erik Gudbranson,VAN,D,2016-12-03,false,TOR,0,3,-13,12,0,0,0,0,0,0,34,30147,635,56,30,13,20,3,0,0
Ryan Garbutt,ANA,C,2016-12-03,false,EDM,2,1,-3,16,0,0,0,1,1,0,26,13756,376,50,12,17,3,3,5,4
