James van Riemsdyk,TOR,L,2016-10-19,false,WPG,1,1,-1,0,0,0,0,0,0,0,8,2764,62,4,0,4,1,1,0,2
Trevor van Riemsdyk,CHI,D,2016-12-03,false,PHI,0,0,-2,4,0,0,0,0,0,0,1,2426,54,2,3,1,0,0,0,0
Calvin de Haan,NYI,D,2016-10-16,false,ANA,0,0,1,4,0,0,0,0,0,0,6,3131,66,3,5,1,2,0,0,0
Jason Zucker,MIN,L,2016-10-18,false,LAK,0,1,2,2,0,0,0,0,0,0,6,1677,41,2,0,4,0,3,1,0
Mats Zuccarello,NYR,R,2016-10-17,false,SJS,2,2,4,0,0,0,0,0,0,0,5,3240,71,6,0,2,0,1,1,1
Harry Zolnierczyk,NSH,L,2017-01-06,false,FLA,0,0,0,4,0,0,0,0,0,0,1,2044,47,5,2,1,0,0,0,0
Mika Zibanejad,NYR,C,2016-10-17,false,SJS,1,3,0,2,0,1,0,0,0,0,10,3230,80,1,0,9,0,3,46,26
Henrik Zetterberg,DET,L,2016-10-17,false,OTT,0,2,-3,0,0,1,0,0,0,0,4,3002,60,3,0,0,3,2,5,3
Travis Zajac,NJD,C,2016-10-18,false,ANA,1,1,-1,2,0,1,0,0,0,0,5,3667,77,2,1,1,1,3,30,25
Nikita Zaitsev,TOR,D,2016-10-19,false,WPG,0,2,0,0,0,1,0,0,0,0,3,4076,81,3,6,3,6,1,0,0
Nikita Zadorov,COL,D,2016-10-18,false,WSH,0,1,-1,4,0,0,0,0,0,0,4,2874,71,8,3,1,2,0,0,0
Pavel Zacha,NJD,C,2016-10-18,false,ANA,0,1,0,0,0,0,0,0,0,0,3,2373,50,5,3,0,1,1,11,13
Keith Yandle,FLA,D,2016-10-18,false,TBL,0,0,1,6,0,0,0,0,0,0,8,4263,76,5,5,2,3,0,0,0
Nail Yakupov,STL,R,2016-10-15,false,NYR,1,1,1,2,0,0,0,0,0,0,4,1877,50,2,0,2,0,2,0,0
Tyler Wotherspoon,CGY,D,2017-01-04,false,COL,0,0,-1,0,0,0,0,0,0,0,0,2076,49,2,2,0,2,0,0,0
Miles Wood,NJD,L,2016-11-29,false,WPG,1,0,0,4,0,0,0,0,0,0,3,2091,49,2,2,5,1,0,0,0
Luke Witkowski,TBL,D,2016-11-25,false,CBJ,0,0,-2,2,0,0,0,0,0,0,1,1508,33,4,1,0,1,0,0,0
Daniel Winnik,WSH,L,2016-10-18,false,COL,2,0,2,0,0,0,0,0,1,0,4,1823,45,2,1,0,3,1,0,0
Tommy Wingels,SJS,C,2016-10-17,false,NYR,0,0,-1,0,0,0,0,0,0,0,2,1718,42,7,1,0,1,0,9,13
Scott Wilson,PIT,L,2016-10-17,false,COL,0,0,-2,0,0,0,0,0,0,0,1,2290,53,5,2,1,0,1,0,0
Colin Wilson,NSH,L,2016-10-18,false,DAL,1,0,-1,2,0,0,0,0,0,0,5,2984,68,3,1,1,2,1,0,1
Tom Wilson,WSH,R,2016-10-18,false,COL,0,0,2,10,0,0,0,0,0,0,2,1721,46,6,1,0,0,0,0,1
Justin Williams,WSH,R,2016-10-18,false,COL,0,0,0,2,0,0,0,0,0,0,1,2963,62,1,4,4,0,0,3,1
Patrick Wiercioch,COL,D,2016-10-18,false,WSH,1,1,0,4,0,0,0,0,0,0,3,2826,69,4,4,1,1,0,0,0
Chris Wideman,OTT,D,2016-10-17,false,DET,0,2,0,2,0,0,0,0,0,0,3,2587,68,2,4,1,2,2,0,0
Dennis Wideman,CGY,D,2016-10-22,false,STL,1,2,2,2,1,0,0,0,0,0,10,3633,92,3,3,2,5,0,0,0
Ryan White,ARI,C,2016-10-20,false,MTL,0,0,-3,6,0,0,0,0,0,0,2,1934,41,11,2,0,1,0,0,4
Blake Wheeler,WPG,R,2016-10-17,false,BOS,3,2,2,8,0,0,1,0,0,0,10,3794,81,3,0,1,3,2,1,2
Zach Werenski,CBJ,D,2016-10-21,false,CHI,2,2,-1,2,2,1,0,0,0,0,14,3998,78,5,2,0,2,0,0,0
Alexander Wennberg,CBJ,C,2016-10-21,false,CHI,1,3,-1,0,0,3,0,0,0,0,6,2883,62,2,4,2,0,0,16,26
Dale Weise,PHI,R,2016-10-18,false,CHI,0,0,1,2,0,0,0,0,0,0,1,2576,58,1,0,3,0,2,0,0
MacKenzie Weegar,FLA,D,2017-04-09,false,WSH,0,0,0,4,0,0,0,0,0,0,3,3140,62,4,1,2,0,1,0,0
Yannick Weber,NSH,D,2016-10-21,false,DET,0,0,-2,5,0,0,0,0,0,0,1,1762,48,10,3,1,3,0,0,0
Shea Weber,MTL,D,2016-10-18,false,PIT,0,2,3,4,0,0,0,0,0,0,5,4900,97,10,3,4,6,0,0,0
Jordan Weal,PHI,C,2017-02-16,false,EDM,0,0,0,0,0,0,0,0,0,0,7,2130,50,0,0,3,1,1,1,2
Austin Watson,NSH,L,2016-10-27,false,LAK,0,0,2,5,0,0,0,0,0,0,2,2129,50,6,0,2,0,0,0,1
David Warsofsky,PIT,D,2016-10-27,false,NYI,0,0,1,2,0,0,0,0,0,0,6,2723,68,2,3,5,2,2,0,0
Joel Ward,SJS,R,2016-10-17,false,NYR,1,0,-2,0,0,0,0,0,0,0,5,2698,64,3,3,3,1,1,9,9
Lucas Wallmark,CAR,C,2017-03-16,false,MIN,0,1,0,2,0,0,0,0,0,0,3,2244,53,5,1,2,0,0,16,8
Chris Wagner,ANA,C,2016-10-16,false,NYI,0,0,-1,0,0,0,0,0,0,0,2,1257,33,4,0,1,0,0,3,6
Radim Vrbata,ARI,R,2016-10-20,false,MTL,0,2,0,2,0,0,0,0,0,0,10,3093,62,3,1,3,1,1,2,0
Jakub Vrana,WSH,L,2016-12-05,false,BUF,0,0,0,0,0,0,0,0,0,0,9,2449,49,1,2,3,2,1,0,0
Jakub Voracek,PHI,R,2016-10-18,false,CHI,0,3,-3,22,0,2,0,0,0,0,6,3242,71,0,0,2,2,0,0,1
Marc-Edouard Vlasic,SJS,D,2016-10-17,false,NYR,0,1,-1,0,0,1,0,0,0,0,4,3992,80,0,2,1,1,0,0,0
Jimmy Vesey,NYR,L,2016-10-17,false,SJS,1,0,2,0,0,0,0,0,1,0,3,2413,55,1,0,2,0,1,0,0
Kris Versteeg,CGY,R,2016-10-15,false,VAN,0,1,0,0,0,0,0,0,0,0,2,2539,56,0,0,2,1,0,2,2
Joel Vermin,TBL,R,2016-12-04,false,CAR,0,2,2,0,0,0,0,0,0,0,5,2562,58,7,2,5,1,3,0,0
Antoine Vermette,ANA,C,2016-10-16,false,NYI,0,0,-2,0,0,0,0,0,0,0,7,2795,74,3,3,3,0,2,32,15
Frank Vatrano,BOS,C,2016-12-27,false,CBJ,1,0,1,0,0,0,0,0,0,0,5,2542,61,2,0,2,0,1,0,0
Sami Vatanen,ANA,D,2016-10-16,false,NYI,0,1,-1,0,0,0,0,0,0,0,6,4378,84,3,4,0,0,0,0,0
Phil Varone,OTT,C,2016-10-22,false,TBL,0,0,-1,2,0,0,0,0,0,0,0,1478,36,1,0,2,3,1,7,8
Thomas Vanek,DET,L,2016-10-17,false,OTT,2,3,2,2,1,2,0,0,0,0,5,2467,53,1,1,0,1,1,0,1
Chris VandeVelde,PHI,C,2016-10-18,false,CHI,0,0,-2,0,0,0,0,0,0,0,4,2001,48,5,0,1,1,0,1,1
Scottie Upshall,STL,R,2016-10-15,false,NYR,1,0,-2,2,0,0,0,0,0,0,3,1991,59,7,0,1,1,0,0,0
Fedor Tyutin,COL,D,2016-10-18,false,WSH,0,1,0,0,0,0,0,0,0,0,0,3348,76,5,5,1,2,1,0,0
TJ Tynan,CBJ,C,2017-03-11,false,BUF,0,0,-1,0,0,0,0,0,0,0,3,1347,34,1,1,2,0,0,0,0
Kyle Turris,OTT,C,2016-10-17,false,DET,2,0,1,0,0,0,0,0,1,1,9,3782,83,0,2,5,2,0,20,23
Alex Tuch,MIN,R,2017-02-08,false,CHI,0,0,-2,0,0,0,0,0,0,0,7,2143,48,3,3,2,0,1,0,0
Nikita Tryamkin,VAN,D,2016-11-07,false,NYI,0,0,-1,7,0,0,0,0,0,0,3,3117,67,12,3,2,2,0,0,0
Jacob Trouba,WPG,D,2016-11-15,false,CHI,0,0,-1,0,0,0,0,0,0,0,5,4504,90,2,11,3,7,1,0,0
Vincent Trocheck,FLA,C,2016-10-18,false,TBL,2,0,-2,2,0,0,0,0,0,0,8,3994,77,4,2,6,2,3,25,27
Jordin Tootoo,CHI,R,2016-10-15,false,NSH,0,0,0,7,0,0,0,0,0,0,2,1162,36,3,1,2,1,0,0,0
Tyler Toffoli,LAK,C,2016-10-18,false,MIN,1,1,2,0,1,0,0,0,0,0,11,3415,70,5,1,4,0,1,0,0
Jonathan Toews,CHI,C,2016-10-15,false,NSH,0,1,1,9,0,1,0,0,0,0,7,3584,78,2,0,1,1,1,35,32
Matthew Tkachuk,CGY,L,2016-10-15,false,VAN,0,0,-1,2,0,0,0,0,0,0,7,2265,53,2,2,3,0,2,0,0
Chris Tierney,SJS,C,2016-10-17,false,NYR,0,1,0,0,0,0,0,0,0,0,2,2642,60,0,2,1,2,1,7,18
Shawn Thornton,FLA,L,2016-11-20,false,NYR,0,0,-1,0,0,0,0,0,0,0,1,1535,39,1,0,1,2,0,0,0
Joe Thornton,SJS,C,2016-10-17,false,NYR,0,3,-2,2,0,2,0,0,0,0,1,3472,76,3,0,0,2,3,17,11
Chris Thorburn,WPG,R,2016-10-27,false,DAL,0,0,-1,9,0,0,0,0,0,0,0,1231,35,3,1,0,0,0,3,2
Ben Thomson,NJD,L,2017-04-09,false,DET,0,0,-4,4,0,0,0,0,0,0,7,1960,47,7,1,1,1,0,0,1
Nate Thompson,ANA,C,2017-02-04,false,TBL,0,0,1,2,0,0,0,0,0,0,3,1926,49,5,2,0,0,0,13,19
Paul Thompson,FLA,R,2016-12-08,false,PIT,0,0,-2,0,0,0,0,0,0,0,3,1793,42,12,5,2,1,1,0,0
Shea Theodore,ANA,D,2016-10-26,false,NSH,0,1,2,2,0,0,0,1,0,0,2,3248,70,0,3,5,11,0,0,0
Chris Terry,MTL,L,2016-11-19,false,TOR,0,1,-1,2,0,0,0,0,0,0,5,2258,57,5,1,2,3,1,0,0
Teuvo Teravainen,CAR,L,2016-10-18,false,EDM,1,0,-1,0,1,0,0,0,0,0,2,2295,56,2,1,1,1,0,0,0
Matt Tennyson,CAR,D,2016-11-18,false,MTL,0,0,2,0,0,0,0,0,0,0,3,2556,63,2,0,1,2,0,0,0
John Tavares,NYI,C,2016-10-16,false,ANA,1,0,-2,6,0,0,0,0,0,0,9,3471,74,1,1,7,1,5,23,32
Tomas Tatar,DET,L,2016-10-17,false,OTT,0,1,-4,0,0,1,0,0,0,0,7,2774,60,1,0,2,1,0,1,0
Vladimir Tarasenko,STL,R,2016-10-15,false,NYR,3,2,1,0,1,2,0,0,0,0,13,3527,82,2,3,2,0,2,0,1
Christopher Tanev,VAN,D,2016-10-18,false,STL,0,1,1,4,0,0,0,0,0,0,1,3598,86,0,4,4,1,1,0,0
Brandon Tanev,WPG,L,2016-10-17,false,BOS,0,0,-1,0,0,0,0,0,0,0,4,1640,45,4,1,0,1,0,0,0
Brandon Sutter,VAN,C,2016-10-18,false,STL,1,1,2,0,0,0,0,0,1,1,11,3286,79,3,2,5,1,0,27,23
Ryan Suter,MIN,D,2016-10-18,false,LAK,1,3,1,0,0,1,0,0,0,0,6,4604,88,3,3,1,2,2,0,0
Andrej Sustr,TBL,D,2016-10-18,false,FLA,0,0,-1,7,0,0,0,0,0,0,4,3009,69,1,2,3,2,2,0,0
Oskar Sundqvist,PIT,C,2017-03-13,false,CGY,0,0,0,0,0,0,0,0,0,0,4,1348,35,5,0,0,1,0,2,5
P.K. Subban,NSH,D,2016-10-18,false,DAL,1,1,-2,6,1,1,0,0,0,0,9,4445,83,5,9,3,5,0,0,0
Mark Stuart,WPG,D,2016-10-27,false,DAL,0,0,1,0,0,0,0,0,0,0,3,2083,57,3,9,0,1,0,0,0
Ryan Strome,NYI,C,2016-10-16,false,ANA,1,0,-4,0,1,0,0,0,0,0,5,2390,53,1,2,2,0,1,5,6
Mark Streit,PHI,D,2016-10-18,false,CHI,1,1,-3,2,0,0,0,0,0,0,6,3769,89,4,2,0,3,0,0,0
Ben Street,DET,C,2017-04-03,false,OTT,0,1,1,0,0,0,0,0,0,0,1,1319,35,0,0,2,0,0,0,0
Anton Stralman,TBL,D,2016-10-18,false,FLA,0,0,1,0,0,0,0,0,0,0,2,4226,84,2,2,4,0,1,0,0
Brian Strait,WPG,D,2017-03-23,false,LAK,0,2,2,0,0,0,0,0,0,0,1,2842,68,3,5,2,0,0,0,0
Michael Stone,ARI,D,2016-10-25,false,NJD,0,2,-2,0,0,1,0,0,0,0,4,3833,77,6,5,3,0,0,0,0
Mark Stone,OTT,R,2016-10-17,false,DET,0,2,0,0,0,0,0,0,0,0,3,3366,71,4,1,0,1,3,0,0
Karl Stollery,NJD,D,2017-01-15,false,VAN,0,1,0,2,0,1,0,0,0,0,2,2896,67,6,3,0,1,2,0,0
Chris Stewart,MIN,R,2016-10-18,false,LAK,1,2,1,19,0,1,0,0,0,0,3,2231,55,1,0,1,0,0,0,1
Chandler Stephenson,WSH,C,2017-02-01,false,BOS,0,0,0,0,0,0,0,0,0,0,2,1576,34,0,0,0,0,1,11,7
Derek Stepan,NYR,C,2016-10-17,false,SJS,0,2,2,0,0,0,0,0,0,0,10,3061,79,1,7,3,1,3,26,29
Lee Stempniak,CAR,R,2016-10-18,false,EDM,3,2,1,2,1,0,0,0,0,0,6,3170,69,3,0,3,2,2,0,0
Alexander Steen,STL,L,2016-10-15,false,NYR,1,3,2,0,0,1,0,0,0,0,7,3904,94,3,4,2,0,3,5,4
Troy Stecher,VAN,D,2016-10-29,false,WSH,0,0,-3,2,0,0,0,0,0,0,7,3846,80,2,2,5,0,0,0,0
Paul Stastny,STL,C,2016-10-15,false,NYR,2,4,2,2,1,2,0,0,1,0,4,3959,93,2,2,2,0,1,38,30
Viktor Stalberg,CAR,L,2016-10-20,false,CGY,1,0,1,2,0,0,0,0,1,0,5,2162,54,5,1,0,0,3,0,1
Matt Stajan,CGY,C,2016-10-15,false,VAN,0,1,2,0,0,0,0,0,0,0,2,2011,55,0,1,1,0,0,17,13
Drew Stafford,WPG,R,2016-10-17,false,BOS,0,0,0,2,0,0,0,0,0,0,2,2813,57,1,0,0,3,1,0,2
Eric Staal,MIN,C,2016-10-18,false,LAK,1,0,-2,0,0,0,0,0,0,0,7,3317,81,5,1,2,0,2,25,27
Jordan Staal,CAR,C,2016-10-18,false,EDM,1,0,-1,4,0,0,0,0,0,0,6,3332,84,6,0,0,1,3,38,15
Marc Staal,NYR,D,2016-10-17,false,SJS,1,0,1,0,0,0,0,0,0,0,4,3866,98,3,4,1,1,2,0,0
Jared Spurgeon,MIN,D,2016-10-18,false,LAK,1,1,2,0,0,0,0,0,0,0,2,4447,90,2,5,1,0,0,0,0
Ryan Sproul,DET,D,2016-10-25,false,CAR,0,2,2,0,0,1,0,0,0,0,9,2706,61,2,3,2,0,0,0,0
Ryan Spooner,BOS,C,2016-10-17,false,WPG,0,1,-1,2,0,0,0,0,0,0,7,2756,53,0,0,1,2,3,0,0
Jason Spezza,DAL,C,2016-10-18,false,NSH,1,0,-3,0,0,0,0,0,1,0,5,3220,78,2,1,5,0,4,12,15
Nikita Soshnikov,TOR,R,2016-11-05,false,VAN,1,1,2,4,0,0,0,0,0,0,5,1513,47,8,0,1,1,0,0,1
Marcus Sorensen,SJS,R,2017-02-28,false,TOR,0,1,1,0,0,0,0,0,0,0,6,1597,41,3,0,1,1,2,0,0
Carl Soderberg,COL,C,2016-10-18,false,WSH,1,0,1,2,0,0,0,0,0,0,5,3218,72,0,4,1,1,3,18,15
Devante Smith-Pelly,NJD,R,2016-10-18,false,ANA,0,0,-2,2,0,0,0,0,0,0,8,2917,63,2,1,3,2,1,3,5
Craig Smith,NSH,R,2016-10-18,false,DAL,1,0,0,2,1,0,0,0,0,0,5,2530,62,3,0,7,0,0,5,6
Brendan Smith,DET,D,2016-10-17,false,OTT,0,0,-1,5,0,0,0,0,0,0,8,3068,73,5,4,1,2,0,0,0
Ben Smith,COL,R,2016-10-20,false,TBL,0,0,-1,0,0,0,0,0,0,0,0,1920,50,1,0,1,0,0,15,10
Reilly Smith,FLA,R,2016-10-18,false,TBL,0,1,-1,0,0,0,0,0,0,0,7,3534,78,1,1,3,2,3,0,0
Gemel Smith,DAL,C,2016-10-27,false,WPG,0,0,-1,2,0,0,0,0,0,0,2,1984,54,1,2,1,1,0,6,5
Zack Smith,OTT,C,2016-10-17,false,DET,1,1,2,4,0,0,0,0,0,0,4,3026,72,12,1,1,2,0,13,4
Anton Slepyshev,EDM,L,2016-10-20,false,STL,1,0,1,2,0,0,0,0,0,0,5,2003,47,3,1,1,1,1,0,0
Jaccob Slavin,CAR,D,2016-10-18,false,EDM,0,0,-1,2,0,0,0,0,0,0,3,3947,83,2,6,0,2,1,0,0
Brady Skjei,NYR,D,2016-10-17,false,SJS,0,1,0,2,0,0,0,0,0,0,4,2945,71,8,4,1,3,0,0,0
Jeff Skinner,CAR,L,2016-10-18,false,EDM,1,2,-1,0,0,1,0,0,0,0,14,3282,71,3,1,3,1,2,1,3
Jack Skille,VAN,R,2016-10-23,false,ANA,0,0,0,0,0,0,0,0,0,0,5,1914,43,5,1,0,1,0,0,0
Colton Sissons,NSH,C,2016-10-18,false,DAL,0,0,-1,0,0,0,0,0,0,0,2,1949,49,4,1,0,0,2,14,19
Wayne Simmonds,PHI,R,2016-10-18,false,CHI,2,0,0,4,1,0,0,0,0,0,10,3661,81,13,3,6,1,0,0,0
Jakob Silfverberg,ANA,R,2016-10-16,false,NYI,0,1,0,0,0,0,0,0,0,0,6,3616,83,3,1,2,0,2,1,1
Duncan Siemens,COL,D,2017-04-08,false,DAL,0,0,-2,2,0,0,0,0,0,0,2,2216,57,10,1,1,2,0,0,0
Nick Shore,LAK,C,2016-10-18,false,MIN,0,0,-4,2,0,0,0,0,0,0,4,2423,60,2,0,2,1,1,21,22
Devin Shore,DAL,C,2016-10-18,false,NSH,1,2,3,0,0,0,0,0,0,0,4,2574,64,2,3,2,0,3,17,27
Drew Shore,VAN,C,2017-03-18,false,EDM,0,1,0,2,0,0,0,0,0,0,3,2061,51,6,1,0,0,2,3,0
Conor Sheary,PIT,L,2016-10-17,false,COL,1,2,3,0,0,0,0,0,0,0,5,2434,54,3,3,2,0,0,0,0
Riley Sheahan,DET,C,2016-10-17,false,OTT,0,1,-3,4,0,0,0,0,0,0,7,2609,64,1,2,1,0,0,3,1
Logan Shaw,ANA,C,2016-11-29,false,MTL,0,0,1,0,0,0,0,0,0,0,3,1143,33,4,0,1,0,0,6,13
Andrew Shaw,MTL,C,2016-10-18,false,PIT,1,0,4,10,0,0,0,0,0,0,6,2374,59,5,0,2,2,0,12,11
Kevin Shattenkirk,STL,D,2016-10-15,false,NYR,1,2,0,0,1,2,0,0,0,0,6,3510,77,4,1,1,2,2,0,0
Patrick Sharp,DAL,L,2016-10-18,false,NSH,0,1,-2,6,0,0,0,0,0,0,8,3147,75,3,3,4,1,0,0,3
Michael Sgarbossa,ANA,C,2016-10-26,false,NSH,0,1,0,0,0,1,0,0,0,0,2,1814,43,0,1,4,0,0,10,13
Damon Severson,NJD,D,2016-10-18,false,ANA,0,1,-3,2,0,1,0,0,0,0,4,3456,72,3,3,2,1,1,0,0
Devin Setoguchi,LAK,R,2016-10-18,false,MIN,0,1,1,0,0,0,0,0,0,0,3,2565,58,2,0,3,1,1,0,0
Tom Sestito,PIT,L,2016-10-17,false,COL,0,0,0,5,0,0,0,0,0,0,2,840,24,6,0,0,0,0,0,0
Mikhail Sergachev,MTL,D,2016-10-20,false,ARI,0,0,1,0,0,0,0,0,0,0,2,1877,48,7,2,1,2,1,0,0
Andrej Sekera,EDM,D,2016-10-16,false,BUF,0,1,1,2,0,0,0,0,0,0,2,3785,85,2,5,4,1,2,0,0
Dennis Seidenberg,NYI,D,2016-10-16,false,ANA,0,0,2,2,0,0,0,0,0,0,4,3265,68,4,5,3,3,0,0,0
Tyler Seguin,DAL,C,2016-10-18,false,NSH,2,1,0,0,1,1,0,0,0,0,8,3157,74,2,0,6,1,0,16,23
Lukas Sedlak,CBJ,C,2016-10-25,false,LAK,0,0,0,0,0,0,0,0,0,0,6,1975,49,3,1,1,1,2,7,8
Daniel Sedin,VAN,L,2016-10-18,false,STL,1,1,0,0,0,0,0,0,0,0,9,3726,77,2,2,4,0,0,0,0
Henrik Sedin,VAN,C,2016-10-18,false,STL,1,1,-1,2,0,0,0,0,1,1,4,3658,75,1,1,4,4,0,26,22
Brent Seabrook,CHI,D,2016-10-15,false,NSH,1,1,0,2,1,0,0,0,0,0,6,4324,90,6,4,1,4,0,0,0
Jaden Schwartz,STL,L,2016-10-25,false,CGY,0,1,0,0,0,0,0,0,0,0,6,3470,83,2,3,4,1,2,12,5
Justin Schultz,PIT,D,2016-10-17,false,COL,0,1,0,2,0,1,0,0,0,0,9,2697,66,1,1,1,1,0,0,0
Nick Schultz,PHI,D,2016-10-18,false,CHI,0,2,3,0,0,0,0,0,0,0,0,3113,80,5,6,1,1,1,0,0
Jordan Schroeder,MIN,C,2016-12-22,false,MTL,1,0,0,0,0,0,0,0,0,0,7,1358,42,1,1,1,0,0,0,0
Nate Schmidt,WSH,D,2016-10-18,false,COL,0,0,0,0,0,0,0,0,0,0,4,2586,53,4,0,0,2,2,0,0
Nick Schmaltz,CHI,C,2016-10-15,false,NSH,1,0,0,2,0,0,0,0,0,0,2,1964,50,3,1,0,2,1,9,16
Jordan Schmaltz,STL,D,2017-03-29,false,ARI,0,0,0,0,0,0,0,0,0,0,3,2486,61,2,2,1,2,0,0,0
David Schlemko,SJS,D,2016-10-17,false,NYR,0,0,-1,0,0,0,0,0,0,0,5,3064,66,3,2,2,3,2,0,0
Nikita Scherbak,MTL,R,2017-01-11,false,WPG,1,0,1,0,1,0,0,0,0,0,3,2048,50,0,1,1,0,0,0,0
Luke Schenn,ARI,D,2016-10-20,false,MTL,0,0,-2,0,0,0,0,0,0,0,3,3177,73,9,2,0,2,0,0,0
Brayden Schenn,PHI,C,2016-10-24,false,MTL,0,0,-2,2,0,0,0,0,0,0,3,3386,73,7,1,3,1,0,0,1
Mark Scheifele,WPG,C,2016-10-17,false,BOS,2,1,2,4,0,0,0,0,1,1,10,3907,77,1,4,0,1,3,31,38
Tim Schaller,BOS,C,2016-10-22,false,MTL,0,2,1,0,0,0,0,0,0,0,4,1898,46,4,1,3,2,1,3,1
Colton Sceviour,FLA,C,2016-10-18,false,TBL,2,0,1,0,0,0,1,0,1,0,8,2308,52,1,1,1,0,1,0,0
Marco Scandella,MIN,D,2016-10-18,false,LAK,0,0,-3,0,0,0,0,0,0,0,3,3579,85,2,4,2,2,0,0,0
Luca Sbisa,VAN,D,2016-10-18,false,STL,0,0,0,0,0,0,0,0,0,0,1,3009,65,6,4,1,4,0,0,0
David Savard,CBJ,D,2016-10-21,false,CHI,0,1,-3,2,0,0,0,0,0,0,4,4015,84,6,9,6,1,0,0,0
Steven Santini,NJD,D,2017-01-06,false,TOR,0,1,4,0,0,0,0,0,0,0,2,2439,56,9,2,1,0,0,0,0
Zach Sanford,WSH,L,2016-10-22,false,NYR,0,0,0,2,0,0,0,0,0,0,3,2144,47,2,0,1,2,0,3,0
Miikka Salomaki,NSH,R,2017-04-04,false,NYI,0,0,-1,2,0,0,0,0,0,0,2,2061,46,9,8,0,0,0,0,0
Brandon Saad,CBJ,L,2016-10-21,false,CHI,0,1,1,0,0,0,0,0,0,0,12,2960,64,2,0,1,0,1,1,1
Bobby Ryan,OTT,R,2016-10-17,false,DET,1,1,1,0,0,0,0,0,0,0,7,3057,63,4,2,1,4,1,0,0
Derek Ryan,CAR,C,2016-11-18,false,MTL,0,0,-1,2,0,0,0,0,0,0,2,2703,59,3,0,2,2,2,20,12
Bryan Rust,PIT,R,2016-10-22,false,NSH,0,0,-5,0,0,0,0,0,0,0,5,2187,60,5,0,0,0,1,0,0
Robbie Russo,DET,D,2017-03-10,false,CHI,0,0,-1,0,0,0,0,0,0,0,1,2763,61,4,2,0,4,0,0,0
Kris Russell,EDM,D,2016-10-16,false,BUF,0,3,3,0,0,0,0,0,0,0,3,3703,84,3,6,0,0,1,0,0
Chad Ruhwedel,PIT,D,2016-12-27,false,NJD,1,1,3,0,0,0,0,0,0,0,5,3120,78,1,2,3,1,0,0,0
Michal Rozsival,CHI,D,2016-10-30,false,LAK,0,0,0,0,0,0,0,0,0,0,3,2990,70,10,5,3,1,0,0,0
Carter Rowney,PIT,R,2017-02-04,false,STL,0,1,0,0,0,0,0,0,0,0,3,1882,38,8,3,2,0,2,14,13
Antoine Roussel,DAL,L,2016-10-18,false,NSH,1,2,3,0,0,0,0,0,1,0,5,2618,71,2,2,2,0,1,0,0
Kevin Rooney,NJD,C,2017-03-05,false,CBJ,0,0,-2,4,0,0,0,0,0,0,1,1821,42,2,1,2,1,0,7,10
Evan Rodrigues,BUF,L,2017-02-11,false,TOR,0,0,-1,0,0,0,0,0,0,0,2,2086,48,2,0,0,1,0,3,4
Anton Rodin,VAN,R,2017-01-06,false,CGY,0,1,1,0,0,0,0,0,0,0,2,1604,40,0,1,1,1,2,0,0
Brett Ritchie,DAL,R,2016-10-18,false,NSH,1,1,3,2,0,0,0,0,0,0,6,2509,62,4,1,1,0,1,0,0
Nick Ritchie,ANA,L,2016-10-16,false,NYI,0,1,0,6,0,0,0,0,0,0,5,3304,72,14,1,9,0,0,1,1
Rasmus Ristolainen,BUF,D,2016-10-18,false,CGY,0,5,-3,0,0,4,0,0,0,0,7,4564,97,5,9,4,2,1,0,0
Morgan Rielly,TOR,D,2016-10-19,false,WPG,0,3,3,2,0,0,0,0,0,0,2,4290,98,2,7,3,5,0,0,0
Tobias Rieder,ARI,R,2016-10-20,false,MTL,1,0,-2,0,0,0,0,0,0,0,6,2574,60,1,2,1,1,0,0,0
Mike Ribeiro,NSH,C,2016-10-18,false,DAL,0,1,0,2,0,1,0,0,0,0,2,2519,56,3,1,0,3,0,13,11
Sam Reinhart,BUF,C,2016-10-18,false,CGY,0,2,0,0,0,1,0,0,0,0,7,3321,71,0,0,3,1,0,10,6
Mike Reilly,MIN,D,2016-11-10,false,PIT,0,0,-1,0,0,0,0,0,0,0,4,2023,44,0,1,5,2,0,0,0
Zach Redmond,MTL,D,2016-12-12,false,BOS,0,3,5,2,0,0,0,0,0,0,3,2914,61,9,6,0,3,2,0,0
Ryan Reaves,STL,R,2016-10-15,false,NYR,0,0,-2,0,0,0,0,0,0,0,2,1041,31,6,0,1,0,1,0,0
Matt Read,PHI,R,2016-10-18,false,CHI,3,0,-1,0,1,0,0,0,0,0,11,2458,61,3,1,0,1,2,0,0
Ty Rattie,STL,R,2016-11-26,false,MIN,0,0,0,0,0,0,0,0,0,0,1,1387,33,0,2,0,0,0,0,0
Dennis Rasmussen,CHI,C,2016-10-21,false,CBJ,1,0,1,0,0,0,0,0,0,0,4,2070,57,2,5,2,1,2,1,1
Victor Rask,CAR,C,2016-10-18,false,EDM,2,2,1,0,1,0,0,0,0,0,9,3337,79,2,1,1,1,1,29,23
Mikko Rantanen,COL,R,2016-11-01,false,NSH,0,0,-3,0,0,0,0,0,0,0,6,2955,63,0,2,2,0,2,5,0
Rickard Rakell,ANA,C,2016-11-04,false,ARI,3,3,1,0,0,2,0,0,2,0,13,3275,69,5,1,2,1,0,8,6
Michael Raffl,PHI,L,2016-10-18,false,CHI,1,0,1,0,0,0,0,0,0,0,4,2223,51,6,1,3,1,0,0,0
Alexander Radulov,MTL,R,2016-10-18,false,PIT,1,0,0,10,1,0,0,0,0,0,7,3047,67,2,2,1,3,4,0,0
Alan Quine,NYI,C,2016-10-21,false,ARI,0,0,0,0,0,0,0,0,0,0,2,1600,39,7,1,0,1,1,7,3
Kyle Quincey,NJD,D,2016-10-18,false,ANA,0,0,1,0,0,0,0,0,0,0,3,3071,72,7,3,0,1,1,0,0
John Quenneville,NJD,C,2017-03-16,false,PHI,0,0,-1,2,0,0,0,0,0,0,2,1956,46,3,1,2,1,0,0,0
Mark Pysyk,FLA,D,2016-10-18,false,TBL,0,0,1,2,0,0,0,0,0,0,2,2767,54,0,3,3,0,0,0,0
Tom Pyatt,OTT,L,2016-10-17,false,DET,1,0,0,0,0,0,0,0,0,0,3,2614,69,1,1,3,0,1,0,0
Teemu Pulkkinen,MIN,L,2016-10-18,false,LAK,1,0,-1,0,0,0,0,0,0,0,2,1548,40,0,0,2,0,0,0,0
Jesse Puljujarvi,EDM,R,2016-10-16,false,BUF,1,0,0,0,1,0,0,0,0,0,5,1954,43,1,0,2,2,3,0,0
Matt Puempel,OTT,L,2016-10-28,false,CGY,0,0,-1,0,0,0,0,0,0,0,3,1673,40,1,2,1,0,1,0,0
Ivan Provorov,PHI,D,2016-10-18,false,CHI,0,1,-4,0,0,0,0,0,0,0,1,3664,85,6,5,3,3,0,0,0
Dalton Prout,CBJ,D,2016-10-25,false,LAK,0,0,0,2,0,0,0,0,0,0,0,2593,66,5,4,2,1,1,0,0
Nate Prosser,MIN,D,2016-10-25,false,BOS,0,0,-2,0,0,0,0,0,0,0,3,2618,57,1,3,2,1,0,0,0
Shane Prince,NYI,L,2016-10-27,false,PIT,1,1,-3,0,1,0,0,0,0,0,4,2168,52,5,0,2,0,0,0,1
Benoit Pouliot,EDM,L,2016-10-16,false,BUF,1,0,0,12,0,0,0,0,0,0,4,2010,58,0,3,3,4,1,0,1
Derrick Pouliot,PIT,D,2016-12-17,false,TOR,0,0,-1,2,0,0,0,0,0,0,4,3007,65,7,3,0,1,0,0,0
Paul Postma,WPG,D,2016-10-17,false,BOS,0,0,-2,0,0,0,0,0,0,0,2,1603,38,0,2,0,0,0,0,0
Jason Pominville,MIN,R,2016-10-18,false,LAK,1,1,2,0,0,0,0,0,0,0,6,2719,66,1,2,2,1,0,2,1
Roman Polak,TOR,D,2016-10-25,false,TBL,1,0,1,2,0,0,0,0,0,0,3,3321,83,7,11,1,1,0,0,0
Brayden Point,TBL,C,2016-10-18,false,FLA,0,1,0,0,0,0,0,0,0,0,10,2763,56,2,0,0,0,1,1,0
Tomas Plekanec,MTL,C,2016-10-18,false,PIT,0,1,-1,2,0,1,0,0,0,0,6,3285,82,1,2,2,2,2,26,39
Brandon Pirri,NYR,R,2016-10-17,false,SJS,1,1,1,0,1,0,0,0,1,0,2,1923,44,0,1,2,1,1,5,7
Alex Pietrangelo,STL,D,2016-10-15,false,NYR,1,1,3,0,1,1,0,0,1,0,7,4963,95,2,5,1,3,4,0,0
Blake Pietila,NJD,L,2017-03-11,false,ARI,0,0,-2,4,0,0,0,0,0,0,0,2158,47,6,2,0,0,1,4,5
Dion Phaneuf,OTT,D,2016-10-17,false,DET,0,0,-5,13,0,0,0,0,0,0,8,3762,97,9,7,2,1,0,0,0
Jeff Petry,MTL,D,2016-10-20,false,ARI,2,2,2,0,1,0,0,0,0,0,5,3909,81,9,7,2,2,0,0,0
Alex Petrovic,FLA,D,2016-10-18,false,TBL,0,1,2,0,0,0,0,0,0,0,4,2906,59,5,1,2,1,2,0,0
Nic Petan,WPG,L,2016-11-08,false,DAL,0,2,-3,0,0,2,0,0,0,0,7,2999,62,1,0,1,1,1,17,10
Brett Pesce,CAR,D,2016-10-18,false,EDM,0,0,-1,0,0,0,0,0,0,0,3,3794,79,1,9,2,1,1,0,0
Corey Perry,ANA,R,2016-10-16,false,NYI,1,0,-1,4,0,0,0,0,0,0,9,3960,80,5,1,1,0,1,0,0
David Perron,STL,L,2016-10-15,false,NYR,0,0,0,2,0,0,0,0,0,0,6,3264,82,5,1,2,0,1,0,3
Mathieu Perreault,WPG,C,2016-10-17,false,BOS,1,1,-1,0,0,0,0,0,0,0,8,3112,64,7,0,4,2,3,22,23
Brendan Perlini,ARI,L,2016-12-08,false,CGY,0,0,-2,2,0,0,0,0,0,0,3,2679,56,1,0,5,0,2,1,0
Adam Pelech,NYI,D,2016-11-12,false,FLA,0,1,0,0,0,0,0,0,0,0,2,2890,61,3,4,4,2,2,0,0
Matthew Peca,TBL,C,2016-12-31,false,CAR,0,1,1,0,0,0,0,0,0,0,3,2340,52,5,0,3,1,0,15,16
Tanner Pearson,LAK,L,2016-10-22,false,VAN,4,1,4,0,1,0,0,0,0,0,10,2999,69,3,0,5,2,2,0,1
Joe Pavelski,SJS,C,2016-10-17,false,NYR,1,4,0,2,0,2,0,0,0,0,12,3449,77,7,6,5,2,2,16,18
Greg Pateryn,MTL,D,2016-10-22,false,BOS,0,1,1,0,0,0,0,0,0,0,3,2960,72,1,6,1,1,3,0,0
David Pastrnak,BOS,R,2016-10-17,false,WPG,4,2,7,0,1,0,0,0,1,0,15,2814,59,1,1,1,1,0,0,1
Zach Parise,MIN,L,2016-10-18,false,LAK,0,2,-4,6,0,1,0,0,0,0,8,3075,77,3,5,5,2,4,0,0
PA Parenteau,NJD,R,2016-10-18,false,ANA,1,1,0,2,0,0,0,0,0,0,7,2631,56,4,0,0,3,2,0,0
Colton Parayko,STL,D,2016-10-15,false,NYR,0,2,0,6,0,0,0,0,0,0,7,3636,90,2,7,3,3,2,0,0
Cedric Paquette,TBL,C,2016-10-18,false,FLA,1,1,1,2,0,0,0,0,0,0,5,1610,41,6,1,1,0,2,0,1
Richard Panik,CHI,R,2016-10-15,false,NSH,4,1,1,0,2,0,0,0,1,0,6,2733,60,9,0,2,1,0,0,1
Artemi Panarin,CHI,L,2016-10-15,false,NSH,0,0,-1,0,0,0,0,0,0,0,4,3729,72,2,0,4,1,1,0,0
Kyle Palmieri,NJD,R,2016-10-18,false,ANA,1,1,-1,4,0,1,0,0,0,0,6,2977,65,4,0,2,4,2,1,1
Ondrej Palat,TBL,L,2016-10-18,false,FLA,1,2,0,7,0,1,0,0,0,0,5,3012,66,6,0,2,1,3,0,0
Iiro Pakarinen,EDM,R,2017-02-18,false,CHI,0,2,1,0,0,0,0,0,0,0,4,1375,40,9,3,0,0,0,0,0
Jean-Gabriel Pageau,OTT,C,2016-10-17,false,DET,0,1,-1,0,0,0,0,0,0,0,8,2616,69,8,4,1,1,2,19,11
Max Pacioretty,MTL,L,2016-10-18,false,PIT,1,2,4,6,0,0,0,0,1,0,9,3275,77,5,1,6,0,1,0,0
Magnus Paajarvi,STL,L,2016-10-18,false,VAN,1,0,0,0,0,0,0,0,1,0,2,1667,51,1,2,0,0,0,1,1
Alex Ovechkin,WSH,L,2016-10-18,false,COL,1,1,0,6,1,0,0,0,1,0,13,3586,64,5,0,4,5,5,0,0
Xavier Ouellet,DET,D,2016-10-17,false,OTT,0,1,2,0,0,0,0,0,0,0,4,2749,63,2,3,0,0,0,0,0
Steve Ott,DET,C,2016-10-22,false,SJS,0,0,1,8,0,0,0,0,0,0,3,1531,43,5,0,0,0,0,7,5
T.J. Oshie,WSH,R,2016-10-18,false,COL,2,0,0,0,1,0,0,0,0,0,9,3201,67,2,2,2,3,3,4,4
Brooks Orpik,WSH,D,2016-10-18,false,COL,0,1,2,0,0,0,0,0,0,0,2,2940,58,5,8,2,2,1,0,0
Dmitry Orlov,WSH,D,2016-10-18,false,COL,0,1,1,0,0,1,0,0,0,0,5,3384,67,4,2,0,3,3,0,0
Gustav Olofsson,MIN,D,2017-02-10,false,TBL,0,0,0,0,0,0,0,0,0,0,0,2266,47,2,5,1,0,0,0,0
Steve Oleksy,PIT,D,2016-12-22,false,CBJ,0,1,-1,11,0,0,0,0,0,0,3,2206,59,8,2,0,0,0,0,0
Jamie Oleksiak,DAL,D,2016-11-10,false,CGY,0,0,1,5,0,0,0,0,0,0,0,2344,57,2,0,0,1,0,0,0
Kyle Okposo,BUF,R,2016-10-20,false,VAN,1,2,2,0,0,2,0,0,0,0,9,3473,70,2,0,3,1,0,0,2
Johnny Oduya,DAL,D,2016-10-18,false,NSH,0,1,-1,2,0,0,0,0,0,0,3,3430,78,2,6,0,0,0,0,0
Ryan O'Reilly,BUF,C,2016-10-18,false,CGY,3,2,0,0,2,1,0,0,1,0,8,4052,79,1,1,2,4,3,39,19
Cal O'Reilly,BUF,C,2016-11-23,false,DET,0,0,0,0,0,0,0,0,0,0,1,2073,42,0,0,0,1,2,12,15
Daniel O'Regan,SJS,C,2017-04-08,false,CGY,1,0,-2,0,1,0,0,0,0,0,5,2079,46,1,2,1,0,2,15,17
Gustav Nyquist,DET,R,2016-10-17,false,OTT,0,3,2,0,0,0,0,0,0,0,2,2799,62,5,0,2,1,2,1,0
William Nylander,TOR,C,2016-10-19,false,WPG,1,3,3,2,1,1,0,0,0,0,9,2898,62,0,3,1,0,3,7,10
Alexander Nylander,BUF,R,2017-04-08,false,FLA,0,0,0,0,0,0,0,0,0,0,4,2274,46,1,0,1,3,2,0,2
Markus Nutivaara,CBJ,D,2016-10-21,false,CHI,0,0,-2,0,0,0,0,0,0,0,0,2298,53,3,1,0,1,0,0,0
Darnell Nurse,EDM,D,2016-10-16,false,BUF,0,2,-3,2,0,0,0,0,0,0,2,3229,71,4,4,1,2,1,0,0
Ryan Nugent-Hopkins,EDM,C,2016-10-16,false,BUF,0,1,-2,2,0,0,0,0,0,0,7,3199,74,4,0,2,0,3,17,29
Tomas Nosek,DET,L,2017-03-24,false,TBL,0,0,1,2,0,0,0,0,0,0,10,1825,45,5,0,0,0,2,11,6
Joakim Nordstrom,CAR,L,2016-10-18,false,EDM,0,1,-2,2,0,0,0,0,0,0,5,2596,66,3,2,2,2,1,0,1
Jordan Nolan,LAK,C,2016-10-18,false,MIN,0,0,-2,2,0,0,0,0,0,0,3,1583,39,3,0,0,1,0,0,0
Nelson Nogier,WPG,D,2017-03-24,false,ANA,0,0,-1,0,0,0,0,0,0,0,4,2250,50,7,1,0,2,0,0,0
Stefan Noesen,ANA,R,2016-12-11,false,OTT,1,0,2,0,0,0,0,0,0,0,4,1421,40,5,0,0,1,0,5,11
Matt Niskanen,WSH,D,2016-10-18,false,COL,0,1,1,0,0,0,0,0,0,0,7,4098,80,6,4,3,5,4,0,0
Matt Nieto,SJS,L,2016-10-17,false,NYR,0,0,0,0,0,0,0,0,0,0,7,2257,52,0,3,3,0,1,0,1
Frans Nielsen,DET,C,2016-10-17,false,OTT,1,1,-1,0,0,1,0,0,0,0,4,2934,72,3,1,1,1,0,23,25
Nino Niederreiter,MIN,R,2016-10-18,false,LAK,0,1,3,0,0,0,0,0,0,0,3,2405,58,11,1,1,2,0,0,1
Andrej Nestrasil,CAR,C,2016-10-25,false,DET,0,1,-3,0,0,0,0,0,0,0,4,2029,48,4,2,1,2,0,0,2
Nikita Nesterov,TBL,D,2016-10-18,false,FLA,0,0,1,4,0,0,0,0,0,0,6,2841,64,5,1,3,1,0,0,0
Patrik Nemeth,DAL,D,2016-10-22,false,CBJ,0,0,1,2,0,0,0,0,0,0,1,3350,72,5,5,1,2,0,0,0
Brock Nelson,NYI,C,2016-10-16,false,ANA,2,1,0,2,0,1,0,0,0,0,5,3030,75,1,4,3,0,3,18,25
Casey Nelson,BUF,D,2016-11-05,false,OTT,0,0,-2,0,0,0,0,0,0,0,3,2338,60,3,0,0,1,0,0,0
Chris Neil,OTT,R,2016-10-17,false,DET,0,0,-2,9,0,0,0,0,0,0,4,1179,35,2,3,1,1,0,0,0
James Neal,NSH,L,2016-10-18,false,DAL,0,1,-2,5,0,0,0,0,0,0,12,3597,71,4,0,5,3,0,0,0
Rick Nash,NYR,R,2016-10-17,false,SJS,1,0,-3,0,0,0,0,0,0,0,6,2948,75,3,3,1,2,2,0,0
Riley Nash,BOS,C,2016-10-17,false,WPG,0,0,-1,0,0,0,0,0,0,0,3,2729,63,1,0,3,0,2,23,14
Vladislav Namestnikov,TBL,C,2016-10-18,false,FLA,0,0,-1,0,0,0,0,0,0,0,3,2749,54,2,0,0,1,1,1,2
Jake Muzzin,LAK,D,2016-10-18,false,MIN,0,0,-2,4,0,0,0,0,0,0,3,4188,93,6,3,3,1,1,0,0
Ryan Murray,CBJ,D,2016-11-01,false,DAL,0,0,-3,2,0,0,0,0,0,0,2,2659,63,2,6,0,0,0,0,0
Ryan Murphy,CAR,D,2016-11-06,false,NJD,0,1,-3,0,0,0,0,0,0,0,1,2329,57,0,4,2,2,2,0,0
Connor Murphy,ARI,D,2016-10-20,false,MTL,0,2,-1,2,0,0,0,0,0,0,2,3983,86,5,7,1,0,0,0,0
Mirco Mueller,SJS,D,2017-01-07,false,DET,1,1,2,0,0,0,0,0,0,0,3,2233,54,2,3,0,2,2,0,0
Matt Moulson,BUF,L,2016-10-18,false,CGY,2,0,-1,0,2,0,0,0,0,0,7,2227,53,1,1,0,0,0,0,0
Tyler Motte,CHI,L,2016-10-15,false,NSH,0,2,1,0,0,0,0,0,0,0,4,2507,63,5,5,2,0,5,0,1
Joe Morrow,BOS,D,2016-11-13,false,COL,0,0,-1,4,0,0,0,0,0,0,4,2774,63,5,1,4,1,0,0,0
Josh Morrissey,WPG,D,2016-10-17,false,BOS,0,0,1,0,0,0,0,0,0,0,6,3128,72,5,1,0,1,0,0,0
Dominic Moore,BOS,C,2016-10-17,false,WPG,1,0,1,0,0,0,0,0,0,0,5,2203,58,0,2,0,1,0,8,5
John Moore,NJD,D,2016-10-18,false,ANA,0,1,0,6,0,0,0,0,0,0,3,3304,75,2,4,2,0,0,0,0
Brandon Montour,ANA,D,2017-01-04,false,DET,0,0,1,2,0,0,0,0,0,0,4,2620,52,0,1,1,2,0,0,0
Sean Monahan,CGY,C,2016-10-15,false,VAN,1,0,-3,2,0,0,0,0,0,0,7,3611,74,1,2,3,4,2,36,30
Griffen Molino,VAN,C,2017-04-04,false,SJS,0,0,-1,0,0,0,0,0,0,0,3,1847,45,1,1,1,0,0,0,0
Torrey Mitchell,MTL,C,2016-10-18,false,PIT,1,0,1,2,0,0,0,0,1,0,2,2112,58,0,1,0,0,0,20,13
John Mitchell,COL,C,2016-11-01,false,NSH,0,0,0,2,0,0,0,0,0,0,3,1727,42,1,1,1,0,1,8,10
Zack Mitchell,MIN,R,2016-11-15,false,CGY,0,0,0,0,0,0,0,0,0,0,3,1563,40,7,2,3,1,0,0,1
Drew Miller,DET,L,2016-10-17,false,OTT,0,0,0,0,0,0,0,0,0,0,2,2293,58,4,2,0,0,0,1,0
Kevan Miller,BOS,D,2016-11-27,false,TBL,0,0,-2,0,0,0,0,0,0,0,1,3622,78,8,2,3,0,0,0,0
J.T. Miller,NYR,L,2016-10-17,false,SJS,1,1,1,4,0,0,0,0,0,0,9,2639,67,7,3,1,1,1,7,3
Colin Miller,BOS,D,2016-10-17,false,WPG,0,0,-5,2,0,0,0,0,0,0,3,3112,73,3,2,5,3,0,0,0
Sonny Milano,CBJ,L,2017-04-04,false,PIT,0,0,-1,0,0,0,0,0,0,0,2,2125,48,2,2,1,1,0,0,0
Zbynek Michalek,ARI,D,2017-04-08,false,MIN,0,0,1,0,0,0,0,0,0,0,3,3179,68,7,5,0,3,0,0,0
Marc Methot,OTT,D,2016-10-17,false,DET,0,0,3,4,0,0,0,0,0,0,6,3544,94,11,5,0,2,0,0,0
Jon Merrill,NJD,D,2016-11-21,false,SJS,0,0,-2,0,0,0,0,0,0,0,0,2786,63,3,1,2,2,0,0,0
Julian Melchiori,WPG,D,2016-11-04,false,DET,0,0,-1,0,0,0,0,0,0,0,0,2439,54,5,4,2,3,0,0,0
Timo Meier,SJS,R,2016-12-20,false,CGY,1,0,-1,2,0,0,0,0,1,0,11,2245,56,7,0,2,2,2,0,0
Jayson Megna,VAN,C,2016-11-19,false,CHI,0,0,-1,2,0,0,0,0,0,0,0,1549,39,7,0,0,0,1,0,0
Wade Megan,STL,C,2017-02-16,false,VAN,1,0,1,0,0,0,0,0,0,0,6,1584,41,2,0,1,0,0,13,14
Adam McQuaid,BOS,D,2016-10-29,false,DET,0,0,-3,2,0,0,0,0,0,0,5,3102,77,5,3,2,1,0,0,0
Brayden McNabb,LAK,D,2016-10-18,false,MIN,1,0,0,0,0,0,0,0,0,0,2,3516,80,3,3,1,2,0,0,0
Cody McLeod,COL,L,2016-10-22,false,FLA,0,0,0,5,0,0,0,0,0,0,1,1286,29,3,0,0,0,0,0,0
Curtis McKenzie,DAL,L,2016-10-22,false,CBJ,0,1,1,0,0,0,0,0,0,0,4,1428,37,2,0,1,0,0,0,1
Greg McKegg,FLA,C,2016-10-18,false,TBL,0,1,1,2,0,0,0,0,0,0,0,1837,46,5,0,2,1,1,2,2
Dylan McIlrath,FLA,D,2016-12-10,false,VAN,0,0,-2,4,0,0,0,0,0,0,1,1983,43,9,2,1,2,1,0,0
Jamie McGinn,ARI,L,2016-10-29,false,COL,1,1,0,4,0,0,0,0,0,0,5,2400,61,6,3,1,2,0,0,0
Brock McGinn,CAR,L,2016-11-18,false,MTL,0,0,-1,0,0,0,0,0,0,0,1,1856,44,3,1,0,2,1,0,1
Colin McDonald,PHI,R,2017-04-04,false,NJD,1,0,1,0,0,0,0,0,0,0,5,1624,37,9,0,1,0,0,0,1
Ryan McDonagh,NYR,D,2016-10-17,false,SJS,0,2,1,2,0,1,0,0,0,0,9,4769,101,4,4,3,1,0,0,0
Connor McDavid,EDM,C,2016-10-16,false,BUF,3,3,3,2,0,2,0,0,1,0,9,3859,85,1,0,4,3,0,17,26
Ian McCoshen,FLA,D,2017-04-09,false,WSH,0,1,0,0,0,0,0,0,0,0,0,2386,52,3,2,0,0,0,0,0
Max McCormick,OTT,R,2016-11-19,false,FLA,0,0,-2,0,0,0,0,0,0,0,3,1474,39,7,0,1,0,1,11,9
Jay McClement,CAR,C,2016-10-18,false,EDM,0,0,-2,0,0,0,0,0,0,0,2,2327,58,2,0,3,0,2,12,12
Michael McCarron,MTL,R,2016-12-20,false,ANA,0,2,1,2,0,0,0,0,0,0,3,1938,47,9,1,1,1,1,4,10
Jared McCann,FLA,C,2016-10-18,false,TBL,0,0,-1,0,0,0,0,0,0,0,3,1657,40,3,0,2,1,2,3,3
Jake McCabe,BUF,D,2016-10-18,false,CGY,0,1,0,4,0,0,0,0,0,0,0,3767,86,4,3,2,1,0,0,0
Scott Mayfield,NYI,D,2016-12-06,false,NYR,1,2,4,17,0,0,0,0,0,0,2,2086,45,0,4,0,2,1,0,0
Shawn Matthias,WPG,L,2016-10-17,false,BOS,1,0,0,2,0,0,0,0,0,0,2,2186,53,2,2,1,2,0,0,0
Auston Matthews,TOR,C,2016-10-19,false,WPG,4,1,2,0,0,1,0,0,0,0,15,3145,64,0,2,1,4,3,12,18
Michael Matheson,FLA,D,2016-10-18,false,TBL,1,1,2,0,0,0,0,0,0,0,9,3597,64,2,2,2,4,3,0,0
Andreas Martinsen,COL,L,2016-10-18,false,WSH,0,0,0,0,0,0,0,0,0,0,3,2083,56,9,1,1,0,2,1,0
Jordan Martinook,ARI,L,2016-10-20,false,MTL,2,2,2,4,0,0,0,1,0,0,7,2623,63,2,2,2,1,2,0,2
Alec Martinez,LAK,D,2016-10-18,false,MIN,0,1,0,0,0,0,0,0,0,0,5,3822,89,6,7,6,2,0,0,0
Paul Martin,SJS,D,2016-10-17,false,NYR,0,1,2,0,0,0,0,0,0,0,1,3302,72,2,7,1,1,1,0,0
Matt Martin,TOR,L,2016-10-19,false,WPG,0,0,0,12,0,0,0,0,0,0,5,1949,50,13,1,1,0,1,0,2
Patrick Maroon,EDM,L,2016-10-16,false,BUF,1,0,0,6,0,0,0,0,0,0,7,2782,66,7,0,1,1,0,0,0
Mitchell Marner,TOR,C,2016-10-19,false,WPG,1,1,-2,4,0,0,0,0,1,0,11,2868,64,1,5,2,1,4,0,0
Patrick Marleau,SJS,L,2016-10-17,false,NYR,1,0,-1,0,1,0,0,0,1,0,12,3168,65,4,1,1,0,0,1,2
Andrei Markov,MTL,D,2016-10-18,false,PIT,0,1,1,0,0,0,0,0,0,0,6,3869,83,2,3,3,1,1,0,0
Martin Marincin,TOR,D,2016-10-19,false,WPG,0,1,-3,0,0,0,0,0,0,0,8,3830,86,1,4,5,1,1,0,0
Jonathan Marchessault,FLA,C,2016-10-18,false,TBL,2,2,4,0,0,0,0,0,0,0,9,3373,69,4,1,5,4,2,11,9
Alexey Marchenko,DET,D,2016-10-17,false,OTT,0,0,-2,2,0,0,0,0,0,0,3,3640,84,0,6,2,3,0,0,0
Brad Marchand,BOS,L,2016-10-17,false,WPG,2,5,7,4,0,1,0,0,1,0,9,3311,71,1,1,3,0,4,3,0
Anthony Mantha,DET,R,2016-11-18,false,WSH,0,1,-1,0,0,1,0,0,0,0,2,2865,62,4,3,1,3,1,1,0
Josh Manson,ANA,D,2016-10-16,false,NYI,0,0,-1,4,0,0,0,0,0,0,3,3158,73,9,2,1,2,2,0,0
Brandon Manning,PHI,D,2016-10-18,false,CHI,0,3,3,2,0,0,0,0,0,0,4,3027,73,13,1,1,2,0,0,0
Evgeni Malkin,PIT,C,2016-10-17,false,COL,1,2,-1,4,0,1,0,0,0,0,8,3684,83,3,3,0,3,2,23,35
Denis Malgin,FLA,C,2016-10-18,false,TBL,0,1,0,0,0,0,0,0,0,0,6,2078,46,2,0,1,0,3,5,11
Nathan MacKinnon,COL,C,2016-10-18,false,WSH,1,3,2,0,0,2,0,0,0,0,10,3302,74,2,0,3,2,2,23,31
Derek MacKenzie,FLA,C,2016-10-18,false,TBL,0,1,3,0,0,0,0,1,0,0,1,2125,57,5,1,1,1,3,18,16
Andrew MacDonald,PHI,D,2016-10-18,false,CHI,0,0,1,2,0,0,0,0,0,0,2,3520,87,3,5,0,2,0,0,0
Clarke MacArthur,OTT,L,2017-04-08,false,NYR,0,0,0,0,0,0,0,0,0,0,2,2244,48,4,0,3,0,1,0,0
Olli Maatta,PIT,D,2016-10-17,false,COL,0,0,-1,4,0,0,0,0,0,0,3,2730,73,2,6,1,1,0,0,0
Roman Lyubimov,PHI,L,2016-10-24,false,MTL,0,0,-1,0,0,0,0,0,0,0,2,1371,38,5,0,0,0,1,0,0
Milan Lucic,EDM,L,2016-10-16,false,BUF,1,2,0,5,0,1,0,0,0,0,7,3420,72,12,1,3,3,2,0,0
Adam Lowry,WPG,C,2016-10-17,false,BOS,0,0,-1,2,0,0,0,0,0,0,2,2503,62,4,4,1,1,1,15,26
Ben Lovejoy,NJD,D,2016-10-18,false,ANA,0,0,-1,0,0,0,0,0,0,0,3,3651,76,8,7,0,0,0,0,0
Bryan Little,WPG,C,2016-12-01,false,EDM,1,1,2,0,0,0,0,0,0,0,7,2410,61,0,2,3,1,1,24,23
Anton Lindholm,COL,D,2017-03-19,false,CHI,0,0,-2,0,0,0,0,0,0,0,1,2773,64,10,2,1,1,0,0,0
Hampus Lindholm,ANA,D,2016-11-12,false,NSH,0,0,1,0,0,0,0,0,0,0,5,3533,73,2,2,2,0,2,0,0
Elias Lindholm,CAR,C,2016-10-18,false,EDM,0,0,-2,0,0,0,0,0,0,0,6,3303,72,7,6,3,1,1,19,14
Esa Lindell,DAL,D,2016-10-25,false,WPG,0,0,1,0,0,0,0,0,0,0,2,2982,64,2,4,1,0,2,0,0
Petteri Lindbohm,STL,D,2016-11-12,false,CBJ,0,0,-3,4,0,0,0,0,0,0,5,2259,55,4,3,1,0,1,0,0
Oscar Lindberg,NYR,C,2016-10-28,false,CAR,0,0,1,2,0,0,0,0,0,0,2,1902,45,2,3,1,0,0,14,8
John-Michael Liles,BOS,D,2016-10-17,false,WPG,0,1,-3,0,0,1,0,0,0,0,4,3215,73,2,10,0,0,0,0,0
Trevor Lewis,LAK,C,2016-10-18,false,MIN,0,0,-7,0,0,0,0,0,0,0,5,2591,58,7,2,3,0,2,1,1
Mark Letestu,EDM,C,2016-10-16,false,BUF,1,0,-2,0,0,0,1,0,1,0,5,2462,68,5,0,1,0,1,21,24
Kris Letang,PIT,D,2016-10-17,false,COL,0,2,-1,0,0,2,0,0,0,0,13,5142,95,8,4,5,1,1,0,0
Josh Leivo,TOR,L,2017-02-09,false,STL,0,0,1,2,0,0,0,0,0,0,2,1695,45,1,0,2,0,1,1,0
Jori Lehtera,STL,C,2016-10-15,false,NYR,0,0,1,0,0,0,0,0,0,0,5,2692,73,1,1,0,1,0,21,16
Artturi Lehkonen,MTL,L,2016-10-18,false,PIT,1,0,0,0,0,0,0,0,0,0,9,2430,64,5,0,1,0,1,0,0
Anders Lee,NYI,L,2016-10-16,false,ANA,0,0,-2,0,0,0,0,0,0,0,3,2208,54,10,3,4,0,1,0,0
Nick Leddy,NYI,D,2016-10-16,false,ANA,1,1,-5,0,0,0,0,0,0,0,5,4290,76,3,9,0,0,0,0,0
Curtis Lazar,OTT,C,2016-11-24,false,BOS,0,0,0,0,0,0,0,0,0,0,4,2132,49,7,0,0,0,1,1,6
Adam Larsson,EDM,D,2016-10-16,false,BUF,0,1,1,0,0,0,0,0,0,0,3,3577,82,4,3,0,4,1,0,0
Philip Larsen,VAN,D,2016-10-18,false,STL,0,0,0,0,0,0,0,0,0,0,7,3396,66,0,1,3,0,0,0,0
Dylan Larkin,DET,C,2016-10-17,false,OTT,0,1,-5,4,0,0,0,0,0,0,6,2977,61,3,2,3,2,1,25,27
Nick Lappin,NJD,R,2016-11-03,false,FLA,0,2,2,0,0,0,0,0,0,0,3,1736,40,2,0,0,0,1,0,0
Gabriel Landeskog,COL,L,2016-10-18,false,WSH,2,1,2,2,1,0,0,0,1,1,6,3199,73,7,0,3,0,2,5,4
Anton Lander,EDM,C,2016-10-18,false,CAR,0,1,1,2,0,0,0,0,0,0,1,1923,52,2,3,1,1,1,9,10
Patrik Laine,WPG,R,2016-10-17,false,BOS,1,1,1,0,1,0,0,0,0,0,5,3478,69,4,1,1,3,1,0,1
Andrew Ladd,NYI,L,2016-10-16,false,ANA,0,0,-2,0,0,0,0,0,0,0,7,3436,72,2,1,1,2,2,0,0
Kevin Labanc,SJS,R,2016-11-12,false,TBL,0,0,2,2,0,0,0,0,0,0,4,2327,51,0,1,0,1,1,0,0
Paul LaDue,LAK,D,2017-02-16,false,ARI,0,1,0,0,0,0,0,0,0,0,3,2639,67,2,1,1,2,0,0,0
Joseph LaBate,VAN,C,2016-11-26,false,COL,0,0,1,7,0,0,0,0,0,0,0,911,27,4,0,0,0,0,0,0
Evgeny Kuznetsov,WSH,C,2016-10-18,false,COL,0,1,1,0,0,0,0,0,0,0,7,3195,67,0,2,1,0,1,19,25
Sean Kuraly,BOS,C,2016-11-17,false,MIN,0,0,-1,2,0,0,0,0,0,0,4,1419,41,1,0,0,0,0,1,2
Chris Kunitz,PIT,L,2016-10-17,false,COL,0,2,2,6,0,0,0,0,0,0,6,2799,67,17,0,1,1,3,1,3
Dmitry Kulikov,BUF,D,2016-10-20,false,VAN,0,0,0,2,0,0,0,0,0,0,1,3621,88,3,0,2,1,1,0,0
Nikolay Kulemin,NYI,L,2016-10-16,false,ANA,0,1,1,0,0,0,0,0,0,0,3,2482,67,3,1,2,0,2,3,1
Brett Kulak,CGY,D,2016-10-20,false,CAR,0,1,2,2,0,0,0,0,0,0,2,2658,68,0,4,2,1,0,0,0
Tom Kuhnhackl,PIT,R,2016-10-17,false,COL,0,0,0,2,0,0,0,0,0,0,2,1592,41,8,0,0,0,0,0,1
Nikita Kucherov,TBL,R,2016-10-18,false,FLA,0,2,1,0,0,0,0,0,0,0,6,3187,67,0,2,5,1,1,0,0
Marcus Kruger,CHI,C,2016-10-15,false,NSH,1,1,2,0,0,0,0,0,0,0,1,2308,63,1,1,1,2,3,19,19
Torey Krug,BOS,D,2016-10-17,false,WPG,0,0,0,0,0,0,0,0,0,0,7,3907,77,3,4,1,4,2,0,0
Niklas Kronwall,DET,D,2016-11-08,false,PHI,0,0,-2,0,0,0,0,0,0,0,5,3532,77,2,2,3,0,0,0,0
David Krejci,BOS,C,2016-10-17,false,WPG,0,1,0,2,0,0,0,0,0,0,3,3068,61,1,2,3,3,2,23,16
Chris Kreider,NYR,L,2016-10-17,false,SJS,3,3,-1,2,1,1,0,0,0,0,18,3141,73,11,2,4,0,1,0,0
Lauri Korpikoski,DAL,L,2016-10-18,false,NSH,1,0,3,2,0,0,0,0,0,0,8,2021,56,2,1,0,0,1,0,1
Anze Kopitar,LAK,C,2016-10-18,false,MIN,1,2,1,2,0,1,0,0,0,0,9,3719,73,2,3,6,2,2,35,38
Travis Konecny,PHI,C,2016-10-18,false,CHI,0,4,1,2,0,0,0,0,0,0,8,2731,62,4,0,3,0,1,0,0
Leo Komarov,TOR,C,2016-10-19,false,WPG,0,1,0,0,0,1,0,0,0,0,5,3173,78,14,1,3,0,0,3,0
Mikko Koivu,MIN,C,2016-10-18,false,LAK,1,1,0,2,0,1,0,0,1,0,4,3579,82,1,11,0,3,1,39,26
Slater Koekkoek,TBL,D,2016-11-05,false,NJD,0,3,2,2,0,0,0,0,0,0,3,2480,54,6,4,1,0,0,0,0
John Klingberg,DAL,D,2016-10-18,false,NSH,0,1,2,0,0,1,0,0,0,0,3,4323,87,2,8,2,0,0,0,0
Kevin Klein,NYR,D,2016-10-23,false,ARI,0,0,-1,0,0,0,0,0,0,0,6,3726,80,4,9,1,1,2,0,0
Oscar Klefbom,EDM,D,2016-10-16,false,BUF,0,1,1,0,0,0,0,0,0,0,3,3841,79,1,6,1,4,0,0,0
Dwight King,LAK,L,2016-10-18,false,MIN,0,1,2,0,0,0,0,0,0,0,3,3085,66,6,1,0,3,1,1,1
Jakub Kindl,FLA,D,2016-11-22,false,PHI,0,1,-1,2,0,0,0,0,0,0,2,2710,56,7,2,0,1,1,0,0
Alex Killorn,TBL,L,2016-10-18,false,FLA,3,1,0,0,1,1,0,0,1,0,5,3171,69,5,1,2,5,2,0,0
Jujhar Khaira,EDM,L,2017-01-18,false,FLA,1,0,1,0,0,0,0,0,1,0,4,1178,30,3,0,1,0,1,4,6
Phil Kessel,PIT,R,2016-10-17,false,COL,2,0,-1,2,2,0,0,0,1,0,9,3455,78,0,1,2,0,0,0,0
Ryan Kesler,ANA,C,2016-10-16,false,NYI,0,2,1,0,0,1,0,0,0,0,2,3804,86,7,4,2,0,0,38,22
Tanner Kero,CHI,C,2016-12-29,false,NSH,0,0,1,0,0,0,0,0,0,0,3,1836,50,2,5,0,0,1,12,15
Michal Kempny,CHI,D,2016-10-15,false,NSH,0,0,0,0,0,0,0,0,0,0,0,3320,75,6,5,1,1,0,0,0
Adrian Kempe,LAK,L,2017-02-19,false,ANA,0,0,-2,0,0,0,0,0,0,0,2,2218,48,5,0,3,0,0,1,1
Chris Kelly,OTT,C,2016-10-17,false,DET,0,0,-1,0,0,0,0,0,0,0,5,2445,62,1,2,1,0,1,8,11
Clayton Keller,ARI,C,2017-04-04,false,DAL,0,2,-3,0,0,1,0,0,0,0,0,2280,51,0,0,0,0,1,0,0
Duncan Keith,CHI,D,2016-10-15,false,NSH,0,3,1,2,0,1,0,0,0,0,5,4582,87,1,3,4,1,1,0,0
Zack Kassian,EDM,R,2016-10-16,false,BUF,1,1,0,2,0,0,0,0,0,0,5,2150,63,5,0,1,0,5,0,0
Ondrej Kase,ANA,R,2016-11-20,false,LAK,0,1,0,0,0,0,0,0,0,0,4,2121,53,5,0,1,3,0,0,1
Melker Karlsson,SJS,C,2016-10-17,false,NYR,0,0,0,0,0,0,0,0,0,0,0,1985,50,2,3,2,1,2,0,1
William Karlsson,CBJ,C,2016-10-21,false,CHI,1,0,1,0,0,0,0,0,1,0,5,2325,57,3,0,3,2,0,22,16
Erik Karlsson,OTT,D,2016-10-17,false,DET,1,4,4,0,0,0,0,1,0,0,10,4958,107,4,6,6,4,2,0,0
Michael Kapla,NJD,D,2017-04-06,false,PIT,0,0,-2,0,0,0,0,0,0,0,3,3140,72,3,2,0,2,1,0,0
Kasperi Kapanen,TOR,R,2017-04-01,false,DET,0,0,-2,0,0,0,0,0,0,0,4,1968,52,2,1,0,0,0,0,0
Evander Kane,BUF,L,2016-11-11,false,NJD,0,0,0,6,0,0,0,0,0,0,7,3059,61,9,1,3,2,1,6,5
Patrick Kane,CHI,R,2016-10-15,false,NSH,0,2,-1,2,0,1,0,0,0,0,10,3858,70,2,0,4,1,0,1,3
Steven Kampfer,NYR,D,2017-03-06,false,TBL,0,0,-3,4,0,0,0,0,0,0,4,2472,57,3,5,1,3,0,0,0
Sergey Kalinin,NJD,C,2016-10-28,false,CHI,0,0,0,2,0,0,0,0,0,0,1,2307,56,5,2,0,0,1,1,2
Nazem Kadri,TOR,C,2016-10-19,false,WPG,2,0,0,5,1,0,0,0,0,0,5,2787,66,3,2,1,3,1,27,19
Tomas Jurco,DET,L,2016-12-03,false,PIT,0,0,-1,2,0,0,0,0,0,0,3,1968,47,1,0,4,1,0,0,0
Tyson Jost,COL,C,2017-04-04,false,CHI,0,0,-2,0,0,0,0,0,0,0,6,2780,61,2,2,1,0,2,18,19
Roman Josi,NSH,D,2016-10-18,false,DAL,1,1,-2,2,1,1,0,0,0,0,12,4464,86,2,3,2,0,0,0,0
Jacob Josefson,NJD,C,2016-10-20,false,BOS,0,1,1,2,0,1,0,0,0,0,3,2320,55,3,0,1,1,1,2,1
Josh Jooris,NYR,R,2016-10-22,false,WSH,0,0,0,0,0,0,0,0,0,0,2,1535,39,4,2,1,1,1,11,6
Seth Jones,CBJ,D,2016-10-21,false,CHI,1,1,-1,0,0,0,0,0,0,0,4,4531,89,0,7,1,2,3,0,0
Connor Jones,NYI,C,2017-04-06,false,CAR,0,0,1,0,0,0,0,0,0,0,2,1829,44,8,1,1,1,2,1,2
Jyrki Jokipakka,CGY,D,2016-10-18,false,BUF,1,0,0,0,0,0,0,0,0,0,4,2896,73,0,0,1,1,0,0,0
Jussi Jokinen,FLA,L,2016-10-18,false,TBL,0,2,-1,4,0,0,0,0,0,0,4,3439,73,2,1,0,3,1,5,4
Ryan Johnston,MTL,D,2017-01-03,false,NSH,0,0,-1,2,0,0,0,0,0,0,2,1700,45,0,1,1,2,0,0,0
Erik Johnson,COL,D,2016-10-18,false,WSH,0,3,1,0,0,2,0,0,0,0,10,4018,97,7,6,1,2,4,0,0
Tyler Johnson,TBL,C,2016-10-18,false,FLA,1,1,-2,0,1,0,0,0,0,0,4,3357,72,3,2,3,0,2,35,23
Jack Johnson,CBJ,D,2016-10-21,false,CHI,0,0,-3,0,0,0,0,0,0,0,4,3964,80,8,5,1,0,0,0,0
Stephen Johns,DAL,D,2016-10-18,false,NSH,1,0,0,2,0,0,0,0,0,0,6,3432,77,7,4,4,3,1,0,0
Marcus Johansson,WSH,L,2016-10-18,false,COL,0,3,2,0,0,2,0,0,0,0,4,3273,65,1,0,1,2,1,1,1
Ryan Johansen,NSH,C,2016-10-18,false,DAL,0,4,-2,4,0,4,0,0,0,0,4,3256,72,4,2,1,2,1,27,20
Nick Jensen,DET,D,2016-12-27,false,BUF,0,1,2,0,0,0,0,0,0,0,6,3120,75,3,1,3,1,1,0,0
Nicklas Jensen,NYR,R,2016-12-11,false,NJD,0,0,0,0,0,0,0,0,0,0,1,1851,47,3,1,2,1,1,0,0
Boone Jenner,CBJ,C,2016-10-21,false,CHI,0,0,-6,2,0,0,0,0,0,0,3,2456,54,7,4,1,1,0,6,2
Dmitrij Jaskin,STL,R,2016-10-20,false,EDM,0,1,1,0,0,0,0,0,0,0,2,2051,48,5,2,0,1,1,3,3
Calle Jarnkrok,NSH,C,2016-10-18,false,DAL,0,0,-1,0,0,0,0,0,0,0,2,2303,57,2,2,1,2,2,5,2
Jaromir Jagr,FLA,R,2016-10-18,false,TBL,0,1,2,2,0,0,0,0,0,0,9,3345,71,0,1,3,6,2,0,0
Matt Irwin,NSH,D,2016-11-01,false,COL,1,0,1,0,0,0,0,0,1,0,2,2229,56,5,3,1,1,0,0,0
Jarome Iginla,COL,R,2016-10-18,false,WSH,1,0,0,19,1,0,0,0,0,0,5,2638,59,9,0,1,4,2,0,1
Zach Hyman,TOR,C,2016-10-19,false,WPG,0,1,4,2,0,0,0,0,0,0,4,2864,66,1,4,3,0,1,4,3
Ben Hutton,VAN,D,2016-10-18,false,STL,1,0,2,0,0,0,0,0,0,0,6,3727,81,2,2,3,2,1,0,0
Matt Hunwick,TOR,D,2016-10-19,false,WPG,0,1,1,0,0,0,0,0,0,0,0,2495,56,6,6,0,1,1,0,0
Brad Hunt,STL,D,2016-12-13,false,NSH,1,2,1,0,1,0,0,0,0,0,4,2590,65,0,0,1,0,0,0,0
Jiri Hudler,DAL,R,2016-10-29,false,MIN,0,0,-4,0,0,0,0,0,0,0,0,2614,66,0,0,3,1,3,1,1
Jonathan Huberdeau,FLA,L,2017-02-11,false,NSH,2,3,0,2,0,1,0,0,1,0,13,2923,72,3,0,1,0,0,1,1
Marek Hrivik,NYR,L,2016-12-09,false,CHI,0,0,-1,0,0,0,0,0,0,0,4,2306,51,3,3,3,2,0,1,4
Marian Hossa,CHI,R,2016-10-15,false,NSH,0,3,1,0,0,2,0,0,0,0,7,3018,75,0,2,3,0,1,0,0
Bo Horvat,VAN,C,2016-10-18,false,STL,2,0,1,0,0,0,0,0,0,0,5,2963,73,1,0,2,0,2,20,28
Patric Hornqvist,PIT,R,2016-10-17,false,COL,1,1,-1,0,1,1,0,0,0,0,11,2759,64,10,2,1,0,2,0,1
Julius Honka,DAL,D,2016-11-25,false,VAN,0,1,-2,2,0,0,0,0,0,0,13,3360,71,1,2,2,1,0,0,0
Korbinian Holzer,ANA,D,2016-10-26,false,NSH,0,1,1,2,0,0,0,0,0,0,2,2446,56,2,4,1,1,0,0,0
Peter Holland,TOR,C,2016-10-19,false,WPG,0,1,0,2,0,0,0,0,0,0,7,2337,50,1,1,1,1,1,17,13
Nick Holden,NYR,D,2016-10-17,false,SJS,0,2,3,0,0,0,0,0,0,0,2,4020,100,6,4,1,2,1,0,0
Mike Hoffman,OTT,L,2016-10-17,false,DET,0,0,-1,4,0,0,0,0,0,0,12,3089,65,4,0,5,1,3,1,1
Joshua Ho-Sang,NYI,R,2017-03-05,false,CGY,0,0,-3,2,0,0,0,0,0,0,3,2798,60,0,1,1,0,1,0,0
Niklas Hjalmarsson,CHI,D,2016-10-18,false,PHI,1,1,2,0,0,0,0,0,0,0,4,3769,87,0,4,0,6,1,0,0
Vinnie Hinostroza,CHI,L,2016-10-15,false,NSH,0,0,0,0,0,0,0,0,0,0,1,1780,43,1,1,0,1,3,1,1
Thomas Hickey,NYI,D,2016-10-16,false,ANA,0,1,2,2,0,0,0,0,0,0,2,3000,64,3,5,1,1,0,0,0
Tomas Hertl,SJS,C,2016-10-17,false,NYR,0,1,-2,4,0,0,0,0,0,0,7,2982,69,9,0,2,2,1,7,7
Adam Henrique,NJD,C,2016-10-18,false,ANA,0,0,0,2,0,0,0,0,0,0,3,3581,70,3,4,2,1,2,18,24
Matt Hendricks,EDM,L,2016-11-23,false,COL,0,1,1,2,0,0,0,0,0,0,1,1994,54,3,5,3,0,0,2,1
Ales Hemsky,DAL,R,2017-03-04,false,FLA,0,0,-1,0,0,0,0,0,0,0,4,2391,65,0,2,3,1,0,0,0
Darren Helm,DET,C,2016-10-17,false,OTT,3,1,4,0,1,0,0,0,1,0,7,2789,71,3,1,1,2,2,15,18
Seth Helgeson,NJD,D,2017-01-06,false,TOR,0,0,0,5,0,0,0,0,0,0,0,2380,57,4,4,2,0,0,0,0
Victor Hedman,TBL,D,2016-10-18,false,FLA,0,3,3,0,0,2,0,0,0,0,5,4573,90,6,7,4,2,1,0,0
Kevin Hayes,NYR,C,2016-10-17,false,SJS,1,1,1,0,0,0,0,0,0,0,5,2826,70,3,1,0,1,2,14,15
Jimmy Hayes,BOS,R,2016-10-17,false,WPG,0,0,-4,0,0,0,0,0,0,0,8,2078,49,5,1,2,0,2,1,1
John Hayden,CHI,L,2017-03-19,false,COL,1,2,4,0,0,0,0,0,0,0,6,2483,60,15,1,1,1,3,0,0
Erik Haula,MIN,L,2016-10-18,false,LAK,1,1,3,2,0,0,0,0,0,0,5,2699,67,0,1,1,2,2,19,24
Garnet Hathaway,CGY,R,2016-11-18,false,CHI,0,0,0,2,0,0,0,0,0,0,2,1613,38,4,1,1,0,0,4,0
Scott Hartnell,CBJ,L,2016-10-21,false,CHI,0,2,0,2,0,0,0,0,0,0,2,2302,55,2,0,0,1,1,0,0
Ryan Hartman,CHI,L,2016-10-21,false,CBJ,1,1,1,0,0,0,0,0,0,0,3,1298,30,1,2,2,0,1,0,1
Scott Harrington,CBJ,D,2016-11-20,false,WSH,0,0,0,0,0,0,0,0,0,0,1,2392,56,1,4,2,1,1,0,0
Ben Harpur,OTT,D,2017-04-04,false,DET,0,0,-1,0,0,0,0,0,0,0,1,2482,66,2,3,1,2,0,0,0
Martin Hanzal,ARI,C,2016-10-20,false,MTL,1,1,-4,0,0,0,0,0,0,0,10,3571,72,10,3,5,3,2,40,23
Jannik Hansen,VAN,R,2016-10-18,false,STL,0,1,1,2,0,0,0,0,0,0,6,2912,67,0,0,1,1,3,0,0
Markus Hannikainen,CBJ,L,2016-11-26,false,FLA,0,0,-2,0,0,0,0,0,0,0,2,1438,37,5,2,0,0,0,0,0
Noah Hanifin,CAR,D,2016-10-18,false,EDM,0,1,-4,0,0,1,0,0,0,0,6,2845,63,2,1,1,3,0,0,0
Travis Hamonic,NYI,D,2016-10-16,false,ANA,0,2,-5,0,0,0,0,0,0,0,2,3758,75,4,3,3,1,1,0,0
Dougie Hamilton,CGY,D,2016-10-15,false,VAN,0,0,-2,10,0,0,0,0,0,0,13,3519,88,4,2,1,1,1,0,0
Freddie Hamilton,CGY,C,2016-11-05,false,LAK,0,0,0,0,0,0,0,0,0,0,2,1815,41,9,0,3,0,1,12,7
Dan Hamhuis,DAL,D,2016-10-18,false,NSH,0,2,2,2,0,0,0,0,0,0,3,4046,86,4,4,0,0,0,0,0
Taylor Hall,NJD,L,2016-10-18,false,ANA,2,0,-2,0,2,0,0,0,1,0,10,3544,72,5,1,2,0,1,1,0
Micheal Haley,SJS,C,2016-10-27,false,CBJ,0,1,1,17,0,0,0,0,0,0,2,1292,33,8,0,1,1,1,0,0
Ron Hainsey,CAR,D,2016-10-18,false,EDM,0,0,-2,4,0,0,0,0,0,0,1,3826,80,2,0,3,0,0,0,0
Carl Hagelin,PIT,L,2016-10-17,false,COL,0,0,0,0,0,0,0,0,0,0,4,3247,76,3,1,1,3,1,0,1
Carl Gunnarsson,STL,D,2016-10-22,false,CGY,0,0,-1,0,0,0,0,0,0,0,4,1888,48,1,3,1,0,0,0,0
Jake Guentzel,PIT,C,2016-11-25,false,MIN,2,1,1,2,0,0,0,0,0,0,5,2683,59,8,1,2,0,2,2,2
Radko Gudas,PHI,D,2016-10-29,false,PIT,0,2,0,0,0,1,0,0,0,0,5,3438,78,7,4,10,1,1,0,0
Eric Gryba,EDM,D,2016-10-20,false,STL,0,0,0,8,0,0,0,0,0,0,1,2917,67,8,1,0,0,0,0,0
Rocco Grimaldi,COL,C,2017-04-06,false,MIN,0,1,-2,0,0,0,0,0,0,0,7,1928,43,1,4,2,0,3,0,0
Mikhail Grigorenko,COL,C,2016-10-18,false,WSH,0,2,0,0,0,2,0,0,0,0,7,2464,53,1,1,3,0,3,5,3
Seth Griffith,TOR,C,2016-10-30,false,NYI,0,0,0,0,0,0,0,0,0,0,3,1704,42,3,0,4,0,0,0,0
Alexandre Grenier,VAN,R,2017-03-11,false,PIT,0,0,-1,0,0,0,0,0,0,0,1,1167,29,3,0,1,0,0,2,0
Andy Greene,NJD,D,2016-10-18,false,ANA,0,0,-1,0,0,0,0,0,0,0,5,3743,72,5,7,0,1,0,0,0
Matt Greene,LAK,D,2016-10-30,false,CHI,0,0,-3,2,0,0,0,0,0,0,1,2186,59,10,3,1,2,0,0,0
Mike Green,DET,D,2016-10-17,false,OTT,3,2,1,6,1,0,0,0,0,0,7,4268,86,5,2,0,2,1,0,0
Kevin Gravel,LAK,D,2016-11-08,false,TOR,0,1,3,0,0,0,0,0,0,0,3,2959,70,9,6,3,3,0,0,0
Tyler Graovac,MIN,C,2016-11-05,false,COL,1,0,1,0,0,0,0,0,0,0,2,1618,48,1,0,1,0,1,12,10
Derek Grant,BUF,C,2016-10-18,false,CGY,0,0,-2,2,0,0,0,0,0,0,2,2294,60,1,2,2,0,2,26,21
Mikael Granlund,MIN,C,2016-10-18,false,LAK,0,1,0,0,0,0,0,0,0,0,5,3266,68,4,2,4,1,2,1,3
Markus Granlund,VAN,C,2016-10-18,false,STL,1,1,2,2,0,0,0,0,0,0,4,2847,68,0,0,2,1,3,6,7
Petter Granberg,NSH,D,2016-12-06,false,COL,0,0,-1,4,0,0,0,0,0,0,0,1678,35,6,3,0,0,0,0,0
Michael Grabner,NYR,R,2016-10-17,false,SJS,2,0,1,0,0,0,0,0,0,0,3,2071,60,3,0,1,3,3,0,1
Yanni Gourde,TBL,C,2017-03-06,false,NYR,0,0,0,0,0,0,0,0,0,0,1,1690,44,0,0,2,0,2,3,1
Shayne Gostisbehere,PHI,D,2016-10-18,false,CHI,0,2,0,2,0,0,0,0,0,0,13,4062,83,4,5,3,4,2,0,0
Josh Gorges,BUF,D,2016-10-18,false,CGY,0,0,-4,8,0,0,0,0,0,0,2,3094,82,6,5,1,2,0,0,0
Boyd Gordon,PHI,C,2016-10-18,false,CHI,1,0,-1,2,0,0,0,0,0,0,2,1642,47,2,1,0,0,1,10,12
Barclay Goodrow,SJS,R,2017-04-08,false,CGY,0,1,0,0,0,0,0,0,0,0,3,2035,54,3,1,1,1,1,0,0
Cody Goloubef,COL,D,2016-12-10,false,MTL,0,0,-5,4,0,0,0,0,0,0,1,3383,70,4,8,0,1,1,0,0
Alex Goligoski,ARI,D,2016-10-20,false,MTL,0,3,-5,0,0,2,0,0,0,0,4,4331,85,3,7,2,3,0,0,0
Nikolay Goldobin,VAN,R,2017-03-04,false,LAK,1,0,0,0,0,0,0,0,1,0,5,1530,38,1,1,0,0,3,0,0
Luke Glendening,DET,C,2016-10-17,false,OTT,0,1,1,0,0,0,0,0,0,0,2,2653,66,4,5,2,0,3,20,21
Tanner Glass,NYR,L,2017-03-09,false,CAR,1,1,1,5,0,0,0,0,0,0,4,1808,50,6,2,2,0,1,0,0
Claude Giroux,PHI,C,2016-10-18,false,CHI,0,4,-2,0,0,2,0,0,0,0,5,3738,80,4,0,3,0,0,36,35
Zemgus Girgensons,BUF,C,2016-10-18,false,CGY,1,0,-3,0,0,0,0,0,0,0,5,2033,59,3,1,1,0,0,14,14
Dan Girardi,NYR,D,2016-10-23,false,ARI,1,1,2,2,0,0,0,0,1,0,3,2660,68,6,5,0,1,1,0,0
Mark Giordano,CGY,D,2016-10-15,false,VAN,0,1,-3,6,0,0,0,1,0,0,6,4710,97,2,11,0,0,3,0,0
Brian Gionta,BUF,R,2016-10-18,false,CGY,2,1,1,0,0,0,0,0,0,0,5,2997,65,3,0,0,1,1,1,2
Stephen Gionta,NYI,R,2017-01-21,false,LAK,0,1,1,0,0,0,0,0,0,0,1,2061,51,7,2,0,1,0,1,1
Tom Gilbert,LAK,D,2016-10-22,false,VAN,0,2,-1,0,0,1,0,0,0,0,1,2831,66,1,1,2,1,1,0,0
Ryan Getzlaf,ANA,C,2016-10-16,false,NYI,1,3,0,2,0,1,0,0,0,0,17,3953,84,3,3,2,1,2,35,24
Eric Gelinas,COL,D,2016-10-29,false,ARI,0,1,0,2,0,0,0,0,0,0,3,2486,52,2,1,3,0,0,0,0
Luke Gazdic,NJD,L,2016-12-22,false,PHI,0,0,0,7,0,0,0,0,0,0,2,1154,30,5,4,0,0,0,0,0
Frederik Gauthier,TOR,C,2016-12-23,false,ARI,1,1,3,0,0,0,0,0,0,0,4,2065,61,5,6,1,0,1,22,22
Brendan Gaunce,VAN,C,2016-10-18,false,STL,0,1,1,2,0,0,0,0,0,0,2,1887,48,3,0,0,1,1,5,8
Cameron Gaunce,PIT,D,2017-01-22,false,BOS,0,2,3,4,0,0,0,0,0,0,3,2390,53,3,2,0,0,2,0,0
Johnny Gaudreau,CGY,L,2016-10-15,false,VAN,0,1,-4,0,0,0,0,0,0,0,9,3441,71,1,2,2,4,0,0,0
Frederick Gaudreau,NSH,C,2016-11-29,false,COL,0,1,1,0,0,0,0,0,0,0,1,1798,45,0,3,0,1,0,1,2
Jason Garrison,TBL,D,2016-10-18,false,FLA,0,1,0,2,0,0,0,0,0,0,3,3197,73,4,4,4,4,1,0,0
Jake Gardiner,TOR,D,2016-10-19,false,WPG,0,2,0,2,0,0,0,0,0,0,5,3275,71,4,2,2,1,0,0,0
Brendan Gallagher,MTL,R,2016-10-18,false,PIT,2,1,3,0,0,0,0,0,0,0,7,2851,72,5,1,3,1,1,4,6
Alex Galchenyuk,MTL,C,2016-10-18,false,PIT,0,3,3,4,0,1,0,0,0,0,5,3196,75,1,1,1,3,0,12,25
Sam Gagner,CBJ,C,2016-10-22,false,DAL,0,0,1,0,0,0,0,0,0,0,2,2085,47,0,1,2,0,0,8,12
Kurtis Gabriel,MIN,R,2016-12-07,false,TOR,0,1,0,10,0,0,0,0,0,0,1,939,30,7,1,0,1,0,0,0
Marian Gaborik,LAK,R,2016-12-01,false,ARI,0,2,-1,2,0,1,0,0,0,0,10,2545,54,0,0,7,1,0,0,1
Michael Frolik,CGY,R,2016-10-15,false,VAN,2,0,-1,0,0,0,1,0,0,0,5,2746,64,2,2,1,2,0,0,0
Byron Froese,TBL,C,2017-03-13,false,NYR,0,0,-1,5,0,0,0,0,0,0,4,1638,46,0,1,0,1,2,12,19
Cody Franson,BUF,D,2016-10-18,false,CGY,0,1,0,2,0,0,0,0,0,0,5,2948,72,1,0,0,2,0,0,0
Cam Fowler,ANA,D,2016-10-16,false,NYI,2,1,-1,0,1,0,0,0,0,0,10,4553,87,4,5,2,0,1,0,0
Gustav Forsling,CHI,D,2016-10-15,false,NSH,0,0,0,0,0,0,0,0,0,0,4,2839,58,2,0,0,3,0,0,0
Filip Forsberg,NSH,L,2016-10-18,false,DAL,0,2,-2,0,0,2,0,0,0,0,5,3481,78,6,0,1,0,6,1,3
Derek Forbort,LAK,D,2016-10-18,false,MIN,0,0,-3,0,0,0,0,0,0,0,1,2518,58,8,6,1,2,1,0,0
Christian Folin,MIN,D,2016-10-20,false,TOR,0,0,5,8,0,0,0,0,0,0,2,2926,71,10,4,0,1,1,0,0
Marcus Foligno,BUF,L,2016-10-18,false,CGY,1,1,0,4,0,0,0,0,0,0,6,2901,72,5,4,2,3,1,0,0
Nick Foligno,CBJ,L,2016-10-21,false,CHI,1,3,-1,0,1,2,0,0,0,0,3,3290,67,7,3,6,2,2,5,5
Brian Flynn,MTL,C,2016-10-22,false,BOS,0,0,0,2,0,0,0,0,0,0,5,2222,64,3,1,4,0,1,3,7
Mike Fisher,NSH,C,2016-10-18,false,DAL,2,1,-2,2,2,1,0,0,1,0,5,3347,69,9,5,2,0,1,33,26
Christian Fischer,ARI,R,2017-01-26,false,VAN,2,0,0,0,0,0,0,0,1,0,2,2208,50,4,0,0,2,0,0,0
Valtteri Filppula,TBL,C,2016-10-18,false,FLA,2,1,1,0,0,0,0,0,1,0,3,3042,67,3,0,1,1,2,22,27
Vernon Fiddler,NJD,C,2016-10-18,false,ANA,0,0,0,5,0,0,0,0,0,0,1,2233,54,2,1,1,3,1,19,22
Kevin Fiala,NSH,L,2016-10-18,false,DAL,0,0,-2,0,0,0,0,0,0,0,5,2176,54,0,0,0,0,3,0,0
Micheal Ferland,CGY,L,2016-10-15,false,VAN,0,0,0,0,0,0,0,0,0,0,3,1860,47,3,0,2,1,0,0,0
Eric Fehr,PIT,C,2016-10-17,false,COL,0,0,-1,0,0,0,0,0,0,0,5,2311,57,3,3,1,0,3,8,6
Taylor Fedun,BUF,D,2016-11-21,false,CGY,0,4,0,0,0,3,0,0,0,0,3,2798,64,1,1,1,0,1,0,0
Justin Faulk,CAR,D,2016-10-18,false,EDM,1,3,0,4,0,2,0,0,0,0,4,4200,83,3,2,6,4,2,0,0
Jesper Fast,NYR,R,2016-10-17,false,SJS,0,2,3,4,0,0,0,0,0,0,2,2158,63,6,0,0,1,1,1,1
Hudson Fasching,BUF,R,2016-10-25,false,PHI,0,0,-1,2,0,0,0,0,0,0,1,1764,46,7,0,0,0,0,0,0
Bobby Farnham,MTL,R,2017-01-09,false,WSH,0,0,0,17,0,0,0,0,0,0,4,1489,43,8,2,0,0,0,1,0
Justin Falk,BUF,D,2016-11-15,false,STL,0,0,-2,0,0,0,0,0,0,0,3,2581,70,4,1,1,0,1,0,0
Radek Faksa,DAL,C,2016-10-18,false,NSH,0,1,2,0,0,0,0,0,0,0,2,2692,73,1,2,5,2,1,16,21
Robby Fabbri,STL,C,2016-10-15,false,NYR,0,2,1,4,0,0,0,0,0,0,4,2902,69,3,2,1,1,0,1,0
Adam Erne,TBL,L,2017-01-07,false,PHI,0,0,-3,0,0,0,0,0,0,0,5,2138,50,13,0,1,1,0,0,1
Joel Eriksson Ek,MIN,C,2016-10-25,false,BOS,1,3,2,0,0,0,0,0,0,0,6,1807,51,5,1,2,1,1,12,13
Loui Eriksson,VAN,L,2016-10-18,false,STL,0,1,-2,0,0,0,0,0,0,0,3,3537,77,0,1,4,0,0,0,0
Jonathan Ericsson,DET,D,2016-10-17,false,OTT,0,0,-1,24,0,0,0,0,0,0,4,2945,69,2,4,1,0,0,0,0
Toby Enstrom,WPG,D,2016-10-17,false,BOS,0,2,1,2,0,1,0,0,0,0,1,3914,89,0,3,1,1,0,0,0
Tyler Ennis,BUF,L,2016-10-18,false,CGY,0,1,-4,0,0,0,0,0,0,0,6,2592,56,0,1,2,0,0,0,0
Andreas Englund,OTT,D,2016-12-07,false,SJS,0,0,1,2,0,0,0,0,0,0,1,1371,39,10,0,1,1,0,0,0
Deryk Engelland,CGY,D,2016-10-15,false,VAN,0,1,2,7,0,0,0,0,0,0,4,3348,80,0,6,2,3,1,0,0
Alexei Emelin,MTL,D,2016-10-18,false,PIT,0,0,-1,0,0,0,0,0,0,0,2,3546,80,10,4,1,2,0,0,0
Ryan Ellis,NSH,D,2016-10-18,false,DAL,0,0,-1,2,0,0,0,0,0,0,4,4282,84,6,8,0,0,0,0,0
Lars Eller,WSH,C,2016-10-18,false,COL,0,0,0,2,0,0,0,0,0,0,5,2879,61,1,0,1,1,1,11,23
Remi Elie,DAL,L,2017-03-08,false,OTT,0,1,-1,0,0,0,0,0,0,0,4,2871,68,8,2,1,3,2,1,0
Oliver Ekman-Larsson,ARI,D,2016-10-20,false,MTL,2,0,-2,4,1,0,0,0,1,1,10,4858,86,6,2,5,3,0,0,0
Mattias Ekholm,NSH,D,2016-10-18,false,DAL,0,1,-1,0,0,0,0,0,0,0,7,4328,85,2,5,2,2,2,0,0
Aaron Ekblad,FLA,D,2016-10-18,false,TBL,0,0,1,2,0,0,0,0,0,0,10,4425,78,5,3,5,0,4,0,0
Jack Eichel,BUF,C,2016-12-03,false,BOS,3,1,2,2,2,1,0,0,1,0,11,3379,62,0,5,3,0,0,10,19
Nikolaj Ehlers,WPG,L,2016-10-17,false,BOS,1,0,-1,0,0,0,0,0,0,0,5,3302,60,1,0,4,1,0,0,0
Joel Edmundson,STL,D,2016-10-15,false,NYR,0,0,0,0,0,0,0,0,0,0,3,2962,80,8,3,1,1,1,0,0
Alexander Edler,VAN,D,2016-10-18,false,STL,0,0,1,2,0,0,0,0,0,0,7,4497,89,1,10,1,2,1,0,0
Jordan Eberle,EDM,C,2016-10-16,false,BUF,2,2,0,2,1,0,0,0,0,0,9,3449,74,1,1,3,0,1,0,1
Patrick Eaves,DAL,R,2016-10-18,false,NSH,0,3,0,0,0,1,0,0,0,0,2,2755,69,6,1,3,0,0,0,0
Cody Eakin,DAL,C,2016-11-21,false,MIN,0,0,-2,0,0,0,0,0,0,0,4,2840,76,2,2,2,1,1,31,24
Ryan Dzingel,OTT,L,2016-10-17,false,DET,2,1,2,0,0,0,1,0,0,0,4,1779,47,3,2,0,0,0,0,0
Christian Dvorak,ARI,C,2016-10-21,false,NYI,0,1,0,2,0,1,0,0,0,0,1,3010,60,5,4,2,1,0,17,22
Brian Dumoulin,PIT,D,2016-10-17,false,COL,0,0,1,0,0,0,0,0,0,0,4,4315,88,6,5,1,2,0,0,0
Gabriel Dumont,TBL,C,2017-01-16,false,LAK,0,0,-2,0,0,0,0,0,0,0,8,1750,47,3,1,0,1,0,8,4
Matt Dumba,MIN,D,2016-10-18,false,LAK,1,0,-2,2,1,0,0,0,0,0,5,3288,72,4,5,2,1,1,0,0
Anthony Duclair,ARI,L,2016-10-20,false,MTL,0,0,-3,0,0,0,0,0,0,0,4,2374,52,1,0,2,2,0,0,0
Matt Duchene,COL,C,2016-10-18,false,WSH,0,0,-1,2,0,0,0,0,0,0,6,3175,67,1,1,1,3,0,12,7
Brandon Dubinsky,CBJ,C,2016-10-21,false,CHI,0,0,-6,4,0,0,0,0,0,0,4,3205,72,11,3,5,1,0,32,26
Jonathan Drouin,TBL,L,2016-10-18,false,FLA,1,3,1,2,1,1,0,0,0,0,11,3399,70,2,3,2,4,3,9,7
Leon Draisaitl,EDM,C,2016-10-16,false,BUF,2,3,0,0,1,1,0,0,0,0,12,2931,66,2,2,2,2,1,22,17
Justin Dowling,DAL,C,2016-11-10,false,CGY,0,2,0,2,0,1,0,0,0,0,4,2053,56,0,0,1,0,1,13,12
Nic Dowd,LAK,C,2016-10-22,false,VAN,1,1,-1,0,1,0,0,0,0,0,5,1853,50,8,0,5,0,0,15,14
Drew Doughty,LAK,D,2016-10-18,false,MIN,1,1,-1,0,0,1,0,0,0,0,8,4881,93,4,6,3,6,0,0,0
Jake Dotchin,TBL,D,2017-01-26,false,FLA,0,0,-1,6,0,0,0,0,0,0,4,2647,63,10,2,2,1,0,0,0
Joonas Donskoi,SJS,R,2016-10-17,false,NYR,0,1,1,2,0,0,0,0,0,0,6,2607,59,0,0,4,1,3,0,0
Max Domi,ARI,L,2016-10-20,false,MTL,0,1,-3,2,0,0,0,0,0,0,8,3562,66,4,2,3,1,3,1,1
Shane Doan,ARI,R,2016-10-20,false,MTL,1,1,-2,2,1,1,0,0,0,0,10,2785,63,9,1,3,0,0,3,1
Brenden Dillon,SJS,D,2016-10-17,false,NYR,0,1,0,2,0,0,0,0,0,0,3,2748,61,5,1,0,0,0,0,0
Jason Dickinson,DAL,C,2017-03-26,false,NJD,0,0,-1,0,0,0,0,0,0,0,0,1849,48,1,1,1,0,1,4,9
Christopher DiDomenico,OTT,C,2017-04-09,false,NYI,0,0,0,6,0,0,0,0,0,0,5,1983,47,2,2,1,0,0,2,1
Phillip Di Giuseppe,CAR,L,2016-10-22,false,PHI,0,0,-2,0,0,0,0,0,0,0,8,2267,54,2,1,4,1,1,0,0
Nicolas Deslauriers,BUF,L,2016-10-18,false,CGY,0,0,-2,4,0,0,0,0,0,0,4,1999,44,11,0,1,0,1,0,0
Andrew Desjardins,CHI,L,2016-11-13,false,MTL,0,0,1,2,0,0,0,0,0,0,4,1939,45,4,2,1,0,0,1,0
David Desharnais,MTL,C,2016-10-18,false,PIT,2,1,3,0,0,0,0,0,0,0,2,2194,55,0,1,0,1,0,10,8
Jason Demers,FLA,D,2016-10-18,false,TBL,0,1,0,2,0,0,0,0,0,0,2,3453,66,3,1,5,2,3,0,0
Michael Del Zotto,PHI,D,2016-11-11,false,TOR,0,2,-1,4,0,0,0,0,0,0,5,3517,78,17,5,4,1,2,0,0
Dylan DeMelo,SJS,D,2016-12-07,false,OTT,1,0,0,0,0,0,0,0,0,0,6,2447,64,6,3,1,1,0,0,0
Danny DeKeyser,DET,D,2016-10-17,false,OTT,1,0,2,2,0,0,0,0,0,0,1,4152,85,2,9,0,2,0,0,0
Anthony DeAngelo,ARI,D,2016-11-12,false,BOS,1,1,1,0,0,1,0,0,0,0,4,3715,72,0,3,2,0,0,0,0
Jacob De La Rose,MTL,L,2017-01-20,false,NJD,0,0,-2,2,0,0,0,0,0,0,3,1907,55,10,0,1,0,1,5,2
Brandon Davidson,EDM,D,2016-12-17,false,TBL,0,0,-2,2,0,0,0,0,0,0,4,2151,51,3,2,0,0,0,0,0
Laurent Dauphin,ARI,C,2016-10-20,false,MTL,1,0,-1,0,0,0,1,0,0,0,5,1897,47,11,1,0,1,3,5,7
Marko Dano,WPG,C,2016-11-06,false,NYR,1,1,0,2,0,0,0,0,0,0,1,1870,42,3,0,1,1,0,0,0
Phillip Danault,MTL,L,2016-10-18,false,PIT,0,2,1,0,0,0,0,0,0,0,1,1964,54,0,2,1,2,0,5,11
Trevor Daley,PIT,D,2016-10-17,false,COL,1,1,-1,0,1,0,0,0,0,0,4,3484,87,2,3,0,0,3,0,0
Klas Dahlbeck,CAR,D,2016-10-20,false,CGY,0,1,1,4,0,0,0,0,0,0,1,2103,54,2,0,1,1,1,0,0
Austin Czarnik,BOS,C,2016-10-26,false,NYR,1,0,-2,4,0,0,0,0,0,0,3,2443,54,1,1,0,0,2,2,8
Matt Cullen,PIT,C,2016-10-17,false,COL,1,2,0,0,0,1,0,0,0,0,8,3139,79,2,0,3,2,0,30,24
Lawson Crouse,ARI,L,2016-10-21,false,NYI,0,0,-2,2,0,0,0,0,0,0,3,1241,31,6,0,0,0,0,0,0
Sidney Crosby,PIT,C,2016-10-29,false,PHI,4,1,1,0,2,1,0,0,1,0,13,3259,79,3,0,4,1,2,29,32
Joseph Cramarossa,ANA,C,2016-10-26,false,NSH,0,0,0,0,0,0,0,0,0,0,2,1661,40,11,2,2,1,2,1,0
Adam Cracknell,DAL,R,2016-10-18,false,NSH,2,1,2,0,0,0,0,0,0,0,9,1762,49,8,1,4,1,0,5,2
Charlie Coyle,MIN,C,2016-10-18,false,LAK,2,1,-1,4,1,0,0,0,0,0,7,2923,69,5,5,2,0,2,2,4
Sean Couturier,PHI,C,2016-10-18,false,CHI,3,0,1,0,0,0,0,0,1,0,5,3298,76,3,2,1,0,3,15,28
Logan Couture,SJS,C,2016-10-17,false,NYR,2,2,1,2,2,0,0,0,0,0,8,3081,75,0,1,2,3,0,14,21
Nick Cousins,PHI,C,2016-10-20,false,ANA,0,2,1,2,0,0,0,0,0,0,3,2059,46,1,1,0,0,0,0,1
Frank Corrado,PIT,D,2017-03-21,false,BUF,0,0,-1,6,0,0,0,0,0,0,2,2231,55,3,2,4,2,0,0,0
Andrew Copp,WPG,C,2016-11-06,false,NYR,0,1,-1,0,0,0,0,0,0,0,1,1687,43,4,1,1,0,0,8,19
Kyle Connor,WPG,L,2016-10-17,false,BOS,0,1,-4,2,0,1,0,0,0,0,4,2792,57,1,1,3,0,1,0,0
Brett Connolly,WSH,R,2016-10-29,false,VAN,0,0,0,0,0,0,0,0,0,0,8,1800,44,6,1,1,0,0,0,0
Kevin Connauton,ARI,D,2016-11-01,false,SJS,0,1,0,2,0,0,0,0,0,0,2,2142,51,5,1,1,0,0,0,0
Erik Condra,TBL,R,2016-12-16,false,VAN,0,0,-2,2,0,0,0,0,0,0,0,2144,46,2,4,2,2,1,1,0
Cory Conacher,TBL,C,2016-12-16,false,VAN,1,0,-1,0,1,0,0,0,0,0,7,2524,60,0,0,2,2,0,1,1
J.T. Compher,COL,L,2017-03-05,false,STL,0,0,-1,2,0,0,0,0,0,0,5,2336,57,3,1,0,1,1,9,14
Blake Comeau,COL,L,2016-10-18,false,WSH,0,1,0,6,0,0,0,0,0,0,3,2710,67,7,1,2,0,1,8,14
Blake Coleman,NJD,C,2017-01-15,false,VAN,0,0,0,2,0,0,0,0,0,0,4,2029,49,6,3,1,2,1,8,13
Ian Cole,PIT,D,2016-10-17,false,COL,1,0,1,4,0,0,0,0,0,0,3,2805,67,2,6,3,2,1,0,0
Joe Colborne,COL,C,2016-10-18,false,WSH,3,0,-1,2,2,0,0,0,0,0,6,2584,61,3,3,0,0,0,9,14
Andrew Cogliano,ANA,L,2016-10-16,false,NYI,2,0,1,2,0,0,1,0,0,0,9,2686,72,3,2,0,0,1,1,2
Braydon Coburn,TBL,D,2016-10-18,false,FLA,0,0,-1,6,0,0,0,0,0,0,5,2787,62,3,1,1,2,0,0,0
Cal Clutterbuck,NYI,R,2016-10-16,false,ANA,1,2,2,4,0,0,0,0,0,0,5,2792,81,13,3,1,1,0,0,0
Kyle Clifford,LAK,L,2016-10-20,false,DAL,0,0,0,2,0,0,0,0,0,0,5,1757,42,11,1,2,1,1,0,0
Adam Clendening,NYR,D,2016-10-17,false,SJS,0,0,3,0,0,0,0,0,0,0,4,3080,68,0,1,3,1,0,0,0
Fredrik Claesson,OTT,D,2016-11-08,false,NSH,0,0,-1,0,0,0,0,0,0,0,1,1846,53,4,1,0,1,0,0,0
Casey Cizikas,NYI,C,2016-10-16,false,ANA,0,2,2,0,0,0,0,0,0,0,3,2463,73,6,5,1,0,0,29,24
Jakob Chychrun,ARI,D,2016-10-21,false,NYI,1,2,1,0,0,0,0,0,0,0,4,2925,60,6,3,4,4,1,0,0
Taylor Chorney,WSH,D,2016-11-25,false,BUF,0,1,1,0,0,0,0,0,0,0,6,2297,53,2,2,1,1,0,0,0
Jason Chimera,NYI,L,2016-10-16,false,ANA,0,1,-1,2,0,0,0,0,0,0,4,2697,71,4,0,3,3,1,0,1
Alex Chiasson,CGY,R,2016-10-15,false,VAN,1,0,1,2,0,0,0,0,0,0,7,1515,42,4,0,1,2,1,0,1
Ben Chiarot,WPG,D,2016-10-19,false,TOR,0,0,-3,2,0,0,0,0,0,0,1,2315,50,4,3,0,5,0,0,0
Zdeno Chara,BOS,D,2016-10-17,false,WPG,1,1,6,9,0,0,0,0,0,0,4,4029,83,6,7,1,3,2,0,0
Michael Chaput,VAN,C,2016-11-10,false,DET,0,1,0,0,0,0,0,0,0,0,0,1583,41,5,0,0,1,0,7,7
Peter Cehlarik,BOS,L,2017-02-19,false,SJS,0,2,2,0,0,1,0,0,0,0,1,2584,61,2,1,1,3,3,1,0
Cody Ceci,OTT,D,2016-10-17,false,DET,0,0,-3,0,0,0,0,0,0,0,5,4203,94,3,4,3,1,1,0,0
Jeff Carter,LAK,C,2016-10-18,false,MIN,0,2,-1,2,0,0,0,0,0,0,5,3077,69,3,2,3,2,1,38,18
William Carrier,BUF,L,2016-11-09,false,OTT,0,0,1,0,0,0,0,0,0,0,5,1444,37,12,1,1,3,0,0,0
Connor Carrick,TOR,D,2016-10-19,false,WPG,1,0,3,0,0,0,0,0,0,0,7,3069,75,6,2,1,3,1,0,0
Daniel Carr,MTL,L,2016-11-08,false,BOS,0,1,1,2,0,0,0,0,0,0,3,1996,52,3,0,2,0,0,0,0
Ryan Carpenter,SJS,C,2016-11-30,false,LAK,1,0,1,0,0,0,0,0,0,0,4,1596,42,8,0,1,1,1,10,9
John Carlson,WSH,D,2016-10-18,false,COL,0,1,2,0,0,0,0,0,0,0,13,4222,73,2,6,7,3,3,0,0
Brandon Carlo,BOS,D,2016-10-17,false,WPG,1,1,7,2,0,0,0,0,0,0,5,3885,83,1,6,5,2,0,0,0
Paul Carey,WSH,C,2016-12-05,false,BUF,0,0,-2,0,0,0,0,0,0,0,3,1870,43,3,1,2,1,0,0,0
Brian Campbell,CHI,D,2016-10-15,false,NSH,0,0,1,2,0,0,0,0,0,0,1,3024,60,7,1,0,4,0,0,0
Michael Cammalleri,NJD,L,2016-10-18,false,ANA,0,1,1,4,0,1,0,0,0,0,7,3093,62,2,1,5,1,0,1,0
Matt Calvert,CBJ,L,2016-10-21,false,CHI,0,0,-3,2,0,0,0,0,0,0,6,3031,64,2,1,0,1,3,1,1
Mitch Callahan,DET,R,2017-03-12,false,NYR,0,0,0,0,0,0,0,0,0,0,2,1301,34,2,0,1,0,1,0,0
Ryan Callahan,TBL,R,2016-11-03,false,BOS,0,1,1,17,0,0,0,0,0,0,5,2276,63,6,2,3,2,3,2,0
Drake Caggiula,EDM,L,2016-11-23,false,COL,0,2,1,0,0,0,0,0,0,0,1,2528,59,2,0,1,0,1,7,9
Paul Byron,MTL,L,2016-10-18,false,PIT,0,1,-1,2,0,0,0,0,0,0,5,2333,67,2,1,0,0,1,1,0
Dustin Byfuglien,WPG,D,2016-10-17,false,BOS,0,2,0,0,0,0,0,0,0,0,6,5361,97,7,3,5,5,2,0,0
Alexandre Burrows,VAN,L,2016-10-18,false,STL,0,0,-1,0,0,0,0,0,0,0,2,1973,57,4,0,0,0,4,0,1
Brent Burns,SJS,D,2016-10-17,false,NYR,3,3,0,2,0,1,0,0,1,0,17,4270,80,3,6,4,7,2,0,0
Alexander Burmistrov,WPG,C,2016-10-19,false,TOR,0,1,-1,0,0,0,0,0,0,0,0,2285,47,3,0,2,3,1,8,21
Andre Burakovsky,WSH,L,2016-10-18,false,COL,2,0,2,0,0,0,0,0,0,0,8,3128,63,1,0,2,1,1,0,0
Pavel Buchnevich,NYR,R,2016-10-28,false,CAR,0,2,1,2,0,1,0,0,0,0,5,2843,66,1,2,3,1,1,0,1
Dustin Brown,LAK,R,2016-10-18,false,MIN,0,0,-4,0,0,0,0,0,0,0,5,2970,64,4,1,1,0,1,0,0
Connor Brown,TOR,R,2016-10-19,false,WPG,1,0,0,4,0,0,0,0,0,0,1,2339,59,1,2,3,1,0,0,0
J.T. Brown,TBL,R,2016-10-18,false,FLA,0,0,0,4,0,0,0,0,0,0,2,1762,44,6,0,2,1,0,0,0
Patrick Brown,CAR,C,2017-03-05,false,ARI,0,0,-4,0,0,0,0,0,0,0,4,1864,46,6,2,1,1,0,0,0
Troy Brouwer,CGY,R,2016-10-15,false,VAN,2,0,0,2,0,0,1,0,0,0,6,3204,70,9,3,2,0,1,2,3
Jonny Brodzinski,LAK,C,2017-03-31,false,VAN,0,0,-1,0,0,0,0,0,0,0,10,2371,52,3,2,1,1,0,0,0
Kyle Brodziak,STL,C,2016-10-15,false,NYR,0,0,0,4,0,0,0,0,0,0,2,1391,44,2,1,1,0,1,5,8
Jonas Brodin,MIN,D,2016-10-18,false,LAK,1,1,2,2,0,0,0,0,1,0,3,2877,69,1,4,2,1,0,0,0
TJ Brodie,CGY,D,2016-10-15,false,VAN,0,1,-3,0,0,1,0,0,0,0,6,4489,100,0,4,1,3,3,0,0
Justin Braun,SJS,D,2016-10-17,false,NYR,0,0,-1,0,0,0,0,0,0,0,4,3508,77,3,5,3,1,2,0,0
Derick Brassard,OTT,C,2016-10-17,false,DET,1,2,0,0,0,0,0,0,0,0,7,3351,73,5,0,3,1,0,30,29
Tyler Bozak,TOR,C,2016-10-19,false,WPG,0,2,-1,0,0,0,0,0,0,0,2,2717,67,2,1,3,2,2,24,20
Brian Boyle,TBL,C,2016-10-18,false,FLA,1,0,1,0,0,0,0,0,0,0,6,2027,47,4,1,0,1,3,14,13
Johnny Boychuk,NYI,D,2016-10-16,false,ANA,0,1,0,0,0,1,0,0,0,0,5,3386,67,5,8,5,0,1,0,0
Jay Bouwmeester,STL,D,2016-10-15,false,NYR,0,0,2,2,0,0,0,0,0,0,1,4110,93,3,10,2,2,0,0,0
Rene Bourque,COL,R,2016-10-18,false,WSH,0,1,0,4,0,0,0,0,0,0,5,2399,55,10,1,2,1,2,0,2
Michael Bournival,TBL,L,2016-12-04,false,CAR,0,0,0,0,0,0,0,0,0,0,3,1221,31,3,1,2,0,2,0,0
Lance Bouma,CGY,C,2016-10-15,false,VAN,0,1,1,0,0,0,0,0,0,0,1,2039,52,4,5,0,0,0,0,0
Reid Boucher,NJD,C,2016-10-25,false,ARI,0,1,0,2,0,0,0,0,0,0,2,1899,46,1,1,2,0,1,0,0
Robert Bortuzzo,STL,D,2016-10-20,false,EDM,0,0,0,0,0,0,0,0,0,0,3,2325,64,10,5,1,3,0,0,0
Mark Borowiecki,OTT,D,2016-10-17,false,DET,0,0,-1,7,0,0,0,0,0,0,1,2376,59,7,6,2,0,0,0,0
Nick Bonino,PIT,C,2016-10-17,false,COL,0,1,-1,2,0,1,0,0,0,0,9,3880,86,1,6,0,1,3,36,33
Jared Boll,ANA,R,2016-10-16,false,NYI,0,0,-2,6,0,0,0,0,0,0,0,853,23,1,0,0,0,0,0,1
Zach Bogosian,BUF,D,2016-10-18,false,CGY,0,0,1,0,0,0,0,0,0,0,3,3677,85,1,4,1,2,0,0,0
Brock Boeser,VAN,R,2017-03-28,false,ANA,2,0,2,0,0,0,0,0,1,0,9,2787,62,4,0,1,2,1,0,0
Mikkel Boedker,SJS,L,2016-10-17,false,NYR,1,0,0,0,0,0,0,0,0,0,4,2468,61,1,2,3,2,1,2,1
Anton Blidh,BOS,L,2016-12-07,false,WSH,0,1,0,0,0,0,0,0,0,0,7,1772,38,8,0,1,0,0,0,0
Joseph Blandisi,NJD,L,2017-02-06,false,BUF,0,0,0,5,0,0,0,0,0,0,3,1923,52,5,0,0,0,0,1,0
Nick Bjugstad,FLA,C,2016-11-27,false,CAR,0,0,-1,2,0,0,0,0,0,0,3,2443,48,3,1,1,1,0,0,1
Oliver Bjorkstrand,CBJ,R,2016-10-21,false,CHI,0,0,-2,4,0,0,0,0,0,0,2,1953,47,1,1,2,1,0,1,0
Anthony Bitetto,NSH,D,2016-11-27,false,WPG,0,0,-1,5,0,0,0,0,0,0,0,1793,44,7,2,2,1,0,0,0
Kevin Bieksa,ANA,D,2016-10-16,false,NYI,0,0,-2,0,0,0,0,0,0,0,9,3821,73,8,4,5,1,1,0,0
Alex Biega,VAN,D,2016-12-10,false,FLA,0,1,1,4,0,0,0,0,0,0,1,2433,62,5,3,5,0,1,0,0
Bryan Bickell,CAR,L,2016-10-18,false,EDM,0,0,-1,0,0,0,0,0,0,0,3,1880,44,5,1,2,0,1,0,1
Patrik Berglund,STL,C,2016-10-15,false,NYR,0,2,1,2,0,0,0,0,0,0,3,2881,75,5,2,4,1,0,16,18
Patrice Bergeron,BOS,C,2016-10-25,false,MIN,1,0,0,2,0,0,0,0,1,0,8,3404,71,0,3,5,1,2,37,31
Matt Benning,EDM,D,2016-11-05,false,NYI,0,2,-1,0,0,1,0,0,0,0,3,2665,63,1,3,2,0,0,0,0
Sam Bennett,CGY,C,2016-10-15,false,VAN,0,0,-1,8,0,0,0,0,0,0,6,2848,67,8,0,5,2,0,17,18
Beau Bennett,NJD,R,2016-10-20,false,BOS,0,0,-2,0,0,0,0,0,0,0,4,2101,46,4,0,1,0,2,0,0
Jamie Benn,DAL,L,2016-10-18,false,NSH,1,2,-1,2,1,1,0,0,0,0,8,3457,85,7,0,1,2,2,13,15
Jordie Benn,DAL,D,2016-10-22,false,CBJ,0,2,-1,4,0,0,0,0,0,0,4,2736,72,3,6,1,0,0,0,0
Pierre-Edouard Bellemare,PHI,L,2016-10-18,false,CHI,0,0,1,0,0,0,0,0,0,0,3,2595,64,2,5,0,0,0,20,14
Matt Beleskey,BOS,L,2016-10-17,false,WPG,0,0,-4,0,0,0,0,0,0,0,4,2953,65,5,1,5,1,1,3,8
Taylor Beck,EDM,L,2016-12-23,false,SJS,0,0,-1,4,0,0,0,0,0,0,0,1059,30,3,0,0,0,0,0,0
Anthony Beauvillier,NYI,C,2016-10-18,false,SJS,1,1,1,2,0,0,0,0,0,0,3,1634,39,7,0,1,2,0,1,1
Nathan Beaulieu,MTL,D,2016-10-18,false,PIT,0,1,6,4,0,1,0,0,0,0,1,3606,84,3,2,1,3,0,0,0
Francois Beauchemin,COL,D,2016-10-18,false,WSH,0,2,0,0,0,1,0,0,0,0,2,3830,86,2,4,1,3,3,0,0
Jay Beagle,WSH,C,2016-10-18,false,COL,0,1,2,0,0,0,0,0,0,0,5,2018,51,0,2,1,0,1,22,10
Matt Bartkowski,CGY,D,2017-02-23,false,TBL,0,0,0,0,0,0,0,0,0,0,0,2473,64,2,2,1,2,0,0,0
Tyson Barrie,COL,D,2016-10-18,false,WSH,1,2,1,2,0,1,0,0,1,0,5,3960,82,4,2,5,1,0,0,0
Aleksander Barkov,FLA,C,2016-10-18,false,TBL,2,1,4,0,0,0,0,0,1,1,10,3683,81,0,3,1,1,3,26,22
Mark Barberio,MTL,D,2016-11-29,false,ANA,0,0,0,2,0,0,0,0,0,0,3,2533,58,1,4,0,2,0,0,0
Riley Barber,WSH,R,2017-02-28,false,NYR,0,0,0,0,0,0,0,0,0,0,2,1544,37,1,0,0,0,0,0,0
Ivan Barbashev,STL,C,2017-02-02,false,TOR,0,0,0,0,0,0,0,0,0,0,3,1588,36,8,2,0,0,1,5,4
Nicholas Baptiste,BUF,R,2016-10-30,false,WPG,1,0,1,2,0,0,0,0,0,0,3,1359,36,2,0,0,0,0,0,1
Justin Bailey,BUF,R,2016-12-31,false,BOS,0,0,0,0,0,0,0,0,0,0,0,1704,43,4,1,1,0,1,0,0
Josh Bailey,NYI,R,2016-10-16,false,ANA,1,1,0,0,0,0,0,0,1,1,8,3377,77,1,4,3,1,0,0,2
Casey Bailey,OTT,R,2016-12-29,false,DET,0,0,0,0,0,0,0,0,0,0,2,1569,37,2,0,0,0,1,0,0
Sven Baertschi,VAN,L,2016-10-18,false,STL,0,1,2,0,0,0,0,0,0,0,4,2627,63,2,0,0,3,0,1,0
Nicklas Backstrom,WSH,C,2016-10-18,false,COL,0,3,1,0,0,1,0,0,0,0,9,3338,72,4,0,0,3,2,36,19
Mikael Backlund,CGY,C,2016-10-15,false,VAN,0,3,-4,0,0,1,0,1,0,0,8,3102,76,2,1,3,1,1,28,17
David Backes,BOS,R,2016-10-17,false,WPG,2,1,7,7,0,0,0,0,0,0,4,3363,72,9,3,1,1,1,27,36
Yohann Auvitu,NJD,D,2016-10-18,false,ANA,0,1,1,0,0,0,0,0,0,0,10,3131,65,1,0,1,1,3,0,0
Brady Austin,BUF,D,2017-03-25,false,TOR,0,0,1,2,0,0,0,0,0,0,4,3053,80,3,0,0,1,1,0,0
Cam Atkinson,CBJ,R,2016-10-21,false,CHI,1,2,-4,2,1,2,0,0,0,0,7,3359,71,1,0,4,0,1,1,0
Andreas Athanasiou,DET,C,2016-10-19,false,NYR,0,0,1,0,0,0,0,0,0,0,3,2056,49,2,0,1,2,0,0,1
Viktor Arvidsson,NSH,L,2016-10-18,false,DAL,1,0,-1,0,0,0,0,0,0,0,9,2223,58,1,1,0,0,1,0,0
Joel Armia,WPG,R,2016-10-19,false,TOR,0,0,0,0,0,0,0,0,0,0,6,2295,49,3,2,1,2,3,1,0
Josh Archibald,PIT,R,2017-03-13,false,CGY,2,0,1,0,0,0,1,0,0,0,3,1659,46,4,0,2,0,0,0,1
Artem Anisimov,CHI,C,2016-10-15,false,NSH,0,1,-2,8,0,1,0,0,0,0,4,3394,69,2,0,2,0,2,14,27
Sven Andrighetto,MTL,R,2016-11-13,false,CHI,0,0,0,0,0,0,0,0,0,0,5,2075,48,4,2,1,1,1,0,0
Andy Andreoff,LAK,L,2016-10-18,false,MIN,0,0,-1,4,0,0,0,0,0,0,1,1770,43,7,3,1,3,0,7,6
Josh Anderson,CBJ,R,2016-10-21,false,CHI,1,0,1,2,0,0,0,0,0,0,5,2001,52,1,1,0,1,1,1,1
Karl Alzner,WSH,D,2016-10-18,false,COL,0,1,2,2,0,0,0,0,0,0,6,3541,72,4,5,1,2,1,0,0
Sebastian Aho,CAR,R,2016-10-18,false,EDM,0,2,-1,2,0,2,0,0,0,0,4,2539,57,1,0,4,2,1,0,0
Kenny Agostino,STL,L,2017-02-09,false,TOR,1,1,1,0,0,1,0,0,0,0,12,2458,53,4,1,2,3,0,0,0
Noel Acciari,BOS,C,2016-10-17,false,WPG,0,1,0,2,0,0,0,0,0,0,1,1985,48,8,0,0,1,2,0,0
Pontus Aberg,NSH,L,2016-11-17,false,OTT,1,1,2,2,0,0,0,0,0,0,2,2240,50,2,0,1,1,1,1,0
Justin Abdelkader,DET,L,2016-10-17,false,OTT,0,0,-1,5,0,0,0,0,0,0,3,2596,59,9,1,3,1,1,0,0
Jake Virtanen,VAN,R,2016-10-22,false,LAK,0,0,0,0,0,0,0,0,0,0,6,1831,49,4,2,2,0,3,1,0
Linden Vey,CGY,R,2016-11-16,false,ARI,0,0,-2,0,0,0,0,0,0,0,1,1981,45,1,0,2,0,0,4,12
Dylan Strome,ARI,C,2016-10-21,false,NYI,0,1,-3,0,0,0,0,0,0,0,3,2297,54,3,1,4,0,1,13,15
Clayton Stoner,ANA,D,2016-10-20,false,PHI,0,0,-1,2,0,0,0,0,0,0,3,3303,74,4,4,0,1,0,0,0
Steven Stamkos,TBL,C,2016-10-18,false,FLA,2,2,1,4,0,1,0,0,0,0,13,3449,67,4,0,2,0,3,19,21
Blake Speers,NJD,C,2016-10-22,false,MIN,0,0,0,0,0,0,0,0,0,0,3,1707,43,1,1,0,0,1,0,2
Nick Sorensen,ANA,R,2016-10-16,false,NYI,0,0,-2,0,0,0,0,0,0,0,5,2206,57,1,2,0,0,0,1,0
Dillon Simpson,EDM,D,2016-12-11,false,WPG,0,0,0,2,0,0,0,0,0,0,2,1959,50,3,2,1,1,0,0,0
Hunter Shinkaruk,CGY,C,2016-11-12,false,NYR,0,0,-4,0,0,0,0,0,0,0,2,1965,43,1,1,1,0,2,0,0
Cole Schneider,BUF,L,2016-11-19,false,PIT,0,1,2,0,0,0,0,0,0,0,4,1204,33,3,0,0,0,0,0,0
Buddy Robinson,OTT,R,2016-12-07,false,SJS,0,0,0,2,0,0,0,0,0,0,4,1181,35,6,0,0,1,1,0,0
Brad Richardson,ARI,R,2016-10-20,false,MTL,1,2,1,0,0,0,1,1,0,0,5,2494,63,2,2,2,1,1,22,24
Tanner Richard,TBL,C,2016-12-23,false,WSH,0,0,-2,2,0,0,0,0,0,0,1,2287,49,6,2,1,1,2,13,17
Mason Raymond,ANA,L,2016-10-16,false,NYI,0,0,-2,0,0,0,0,0,0,0,3,1721,44,3,0,1,1,0,0,1
Kyle Rau,FLA,C,2016-10-27,false,TOR,0,0,-2,0,0,0,0,0,0,0,1,2496,54,3,1,0,0,0,1,1
Teddy Purcell,LAK,L,2016-11-03,false,PIT,0,0,-2,0,0,0,0,0,0,0,0,2430,51,3,0,1,2,0,1,0
Tyler Pitlick,EDM,R,2016-10-16,false,BUF,1,0,-1,0,0,0,0,0,0,0,3,1578,46,5,0,0,1,0,0,0
Adam Pardy,NSH,D,2016-12-20,false,NJD,0,0,0,6,0,0,0,0,0,0,3,1967,50,2,2,1,0,1,0,0
Rob O'Gara,BOS,D,2016-10-17,false,WPG,0,0,1,0,0,0,0,0,0,0,2,2882,68,3,7,1,2,0,0,0
Jakub Nakladal,CAR,D,2016-11-08,false,NJD,0,0,-4,0,0,0,0,0,0,0,3,2610,53,2,4,1,0,1,0,0
Tyler Myers,WPG,D,2016-10-17,false,BOS,0,0,-1,2,0,0,0,0,0,0,3,3993,83,5,6,0,4,1,0,0
Milan Michalek,TOR,L,2016-10-19,false,WPG,1,1,0,0,0,0,0,0,0,0,5,2641,62,4,5,2,1,2,0,1
Jamie McBain,ARI,D,2016-10-20,false,MTL,0,0,-1,0,0,0,0,0,0,0,3,3000,61,0,4,2,1,1,0,0
Taylor Leier,PHI,L,2016-12-11,false,DET,0,0,0,2,0,0,0,0,0,0,1,1207,30,1,0,0,0,1,0,0
Brian Lashoff,DET,D,2016-12-09,false,CBJ,0,0,-1,0,0,0,0,0,0,0,1,2351,58,4,1,0,1,0,0,0
Johan Larsson,BUF,C,2016-10-18,false,CGY,0,2,-2,2,0,0,0,0,0,0,1,3391,76,3,4,2,2,0,15,20
Jacob Larsson,ANA,D,2016-10-16,false,NYI,0,0,-1,0,0,0,0,0,0,0,1,2986,65,0,1,2,1,0,0,0
Charles Hudon,MTL,L,2016-11-24,false,CAR,0,2,1,2,0,0,0,0,0,0,3,2147,48,11,0,0,2,3,0,0
Quinton Howden,WPG,C,2016-11-17,false,PHI,0,0,1,0,0,0,0,0,0,0,4,1663,47,4,0,0,0,1,0,2
Danton Heinen,BOS,C,2016-10-17,false,WPG,0,0,0,2,0,0,0,0,0,0,1,2104,44,3,2,1,2,1,0,0
Shane Harper,FLA,R,2016-10-18,false,TBL,0,0,0,6,0,0,0,0,0,0,3,1713,45,6,0,0,1,1,0,0
Joel Hanley,MTL,D,2016-11-13,false,CHI,0,0,0,4,0,0,0,0,0,0,3,2463,56,6,3,0,3,0,0,0
Brendan Guhle,BUF,D,2016-12-06,false,EDM,0,0,1,0,0,0,0,0,0,0,4,2943,71,3,8,1,0,0,0,0
Erik Gudbranson,VAN,D,2016-10-18,false,STL,0,1,0,0,0,0,0,0,0,0,8,3221,73,2,1,0,2,1,0,0
Nicklas Grossmann,CGY,D,2016-11-05,false,LAK,0,0,-4,2,0,0,0,0,0,0,3,2342,66,7,1,0,1,0,0,0
A.J. Greer,COL,L,2016-11-19,false,MIN,0,1,0,2,0,0,0,0,0,0,4,2460,60,1,0,2,1,1,0,0
Tyler Gaudet,ARI,C,2016-12-05,false,CBJ,0,0,-1,0,0,0,0,0,0,0,1,2357,53,0,1,2,0,0,11,18
Ryan Garbutt,ANA,C,2016-10-16,false,NYI,0,0,-3,0,0,0,0,0,0,0,1,1380,37,4,2,3,0,0,2,0
Mark Fayne,EDM,D,2016-12-04,false,MIN,0,2,2,0,0,0,0,0,0,0,4,1626,47,1,2,3,1,0,0,0
Emerson Etem,ANA,L,2016-10-26,false,NSH,0,0,1,2,0,0,0,0,0,0,0,1585,45,4,0,0,0,0,0,1
Derek Dorsett,VAN,R,2016-10-18,false,STL,0,1,0,2,0,0,0,0,0,0,4,1764,49,9,1,0,0,1,0,0
Zac Dalpe,MIN,C,2016-10-18,false,LAK,0,2,0,0,0,0,0,0,0,0,2,1379,37,2,2,0,0,0,10,11
Matt Carle,NSH,D,2016-10-18,false,DAL,0,0,-2,0,0,0,0,0,0,0,1,2225,50,1,3,0,0,0,0,0
Patrick Cannone,MIN,C,2016-12-23,false,NYR,0,0,0,0,0,0,0,0,0,0,2,1419,35,2,1,0,2,1,11,10
Gabriel Bourque,COL,L,2016-10-18,false,WSH,0,0,0,0,0,0,0,0,0,0,2,2012,51,11,4,0,0,0,0,0
Tyler Bertuzzi,DET,L,2016-11-12,false,MTL,0,0,-1,0,0,0,0,0,0,0,2,1793,45,5,0,1,1,1,1,0
Christoph Bertschy,MIN,C,2016-11-05,false,COL,0,1,1,4,0,0,0,0,0,0,5,1514,41,5,1,0,0,0,0,0
Cody Bass,NSH,C,2016-11-01,false,COL,0,0,0,0,0,0,0,0,0,0,0,1428,39,6,0,0,0,2,0,2
