James van Riemsdyk,TOR,L,2016-10-29,false,MTL,4,1,1,4,0,0,0,0,0,0,27,7585,171,8,3,8,2,4,1,3
Trevor van Riemsdyk,CHI,D,2016-12-15,false,NYI,1,1,3,4,0,0,0,0,0,0,5,8355,185,4,8,1,3,3,0,0
Calvin de Haan,NYI,D,2016-10-27,false,PIT,1,1,3,6,0,0,0,0,0,0,15,8795,177,8,19,4,10,1,0,0
Jason Zucker,MIN,L,2016-10-27,false,BUF,2,4,8,4,0,0,0,0,0,0,11,5235,132,9,2,7,1,5,1,0
Mats Zuccarello,NYR,R,2016-10-28,false,CAR,4,3,4,4,1,0,0,0,0,0,15,9125,189,11,2,6,2,7,1,1
Harry Zolnierczyk,NSH,L,2017-01-17,false,VAN,0,1,-1,4,0,0,0,0,0,0,4,4670,112,13,5,1,0,1,0,1
Mika Zibanejad,NYR,C,2016-10-28,false,CAR,2,6,-1,6,0,3,0,0,0,0,27,8230,187,5,1,17,1,7,77,62
Henrik Zetterberg,DET,L,2016-10-27,false,STL,0,4,-1,0,0,2,0,0,0,0,13,8767,173,7,2,1,6,6,48,32
Travis Zajac,NJD,C,2016-10-29,false,TBL,3,2,-1,4,1,1,0,0,1,0,14,9383,207,9,2,1,2,6,80,78
Nikita Zaitsev,TOR,D,2016-10-29,false,MTL,0,5,-2,0,0,2,0,0,0,0,8,10619,219,13,13,4,8,3,0,0
Nikita Zadorov,COL,D,2016-11-01,false,NSH,0,2,-4,8,0,0,0,0,0,0,7,8456,199,19,13,5,3,0,0,0
Pavel Zacha,NJD,C,2016-10-29,false,TBL,0,3,-1,2,0,1,0,0,0,0,10,7031,145,12,6,3,2,1,35,41
Keith Yandle,FLA,D,2016-10-29,false,BUF,0,2,0,8,0,1,0,0,0,0,27,11419,195,5,8,9,9,3,0,0
Nail Yakupov,STL,R,2016-10-27,false,DET,2,2,2,4,0,0,0,0,0,0,11,5302,135,5,0,7,1,4,0,0
Miles Wood,NJD,L,2016-12-09,false,STL,1,0,-2,8,0,0,0,0,0,0,10,5388,133,7,2,9,2,3,1,0
Luke Witkowski,TBL,D,2016-12-10,false,PIT,0,1,-1,2,0,0,0,0,0,0,6,4671,103,13,6,4,4,2,0,0
Daniel Winnik,WSH,L,2016-11-08,false,SJS,2,0,2,2,0,0,0,0,1,0,5,5065,122,2,4,1,6,3,1,2
Tommy Wingels,SJS,C,2016-10-27,false,CBJ,0,1,-1,0,0,0,0,0,0,0,8,4173,106,9,3,1,2,0,19,30
Scott Wilson,PIT,L,2016-10-27,false,NYI,2,1,-3,0,0,0,0,0,0,0,15,6644,159,21,4,4,1,1,0,0
Colin Wilson,NSH,L,2016-10-29,false,SJS,2,0,-3,6,1,0,0,0,0,0,10,7478,176,7,3,4,5,2,0,1
Tom Wilson,WSH,R,2016-10-30,false,CGY,1,0,5,10,0,0,0,0,0,0,9,6028,144,17,3,0,1,2,0,1
Justin Williams,WSH,R,2016-10-30,false,CGY,1,0,-1,4,0,0,0,0,0,0,11,7490,162,2,6,7,1,2,13,3
Patrick Wiercioch,COL,D,2016-11-01,false,NSH,1,4,2,9,0,0,0,0,0,0,11,8384,194,10,9,2,1,1,0,0
Chris Wideman,OTT,D,2016-10-30,false,EDM,0,3,0,6,0,0,0,0,0,0,9,6658,179,3,6,3,3,3,0,0
Dennis Wideman,CGY,D,2016-11-01,false,CHI,2,2,3,2,2,0,0,0,0,0,20,9895,237,8,9,5,9,2,0,0
Ryan White,ARI,C,2016-11-01,false,SJS,1,1,-1,15,0,0,0,0,1,0,10,4826,109,26,3,2,1,0,1,7
Blake Wheeler,WPG,R,2016-10-28,false,COL,3,3,-1,10,0,1,1,0,0,0,26,10113,198,7,2,4,7,4,1,2
Zach Werenski,CBJ,D,2016-11-01,false,DAL,2,6,0,2,2,2,0,0,0,0,24,10501,220,7,6,3,5,3,0,0
Alexander Wennberg,CBJ,C,2016-11-01,false,DAL,1,7,3,2,0,5,0,0,0,0,11,8061,175,12,8,2,5,3,54,66
Dale Weise,PHI,R,2016-11-02,false,DET,0,1,0,4,0,0,0,0,0,0,5,6111,140,12,0,5,0,2,0,0
Yannick Weber,NSH,D,2016-11-01,false,COL,0,1,1,11,0,0,0,0,0,0,7,5507,143,12,5,5,7,0,0,0
Shea Weber,MTL,D,2016-10-27,false,TBL,3,6,12,8,2,1,0,1,2,0,17,12428,237,22,16,11,10,1,0,0
Jordan Weal,PHI,C,2017-03-07,false,BUF,2,1,3,4,0,0,0,0,0,0,22,6550,152,2,2,8,2,3,2,3
Austin Watson,NSH,L,2016-11-08,false,OTT,0,0,2,12,0,0,0,0,0,0,5,5353,129,15,1,4,0,3,0,2
Joel Ward,SJS,R,2016-10-27,false,CBJ,1,0,-5,2,0,0,0,0,0,0,14,7280,173,7,6,6,4,3,22,26
Lucas Wallmark,CAR,C,2017-04-02,false,PIT,0,2,1,2,0,0,0,0,0,0,11,5216,128,14,3,3,1,3,31,27
Chris Wagner,ANA,C,2016-10-26,false,NSH,2,0,-1,4,0,0,0,0,0,0,13,5117,139,21,3,4,2,2,14,16
Radim Vrbata,ARI,R,2016-10-29,false,COL,4,2,2,2,0,0,0,0,0,0,21,8131,172,8,2,10,3,1,3,0
Jakub Vrana,WSH,L,2016-12-16,false,CAR,1,2,0,2,1,1,0,0,1,0,17,5488,118,3,5,9,2,3,0,1
Jakub Voracek,PHI,R,2016-10-27,false,ARI,3,5,-3,24,0,3,0,0,0,0,33,9197,193,1,1,7,4,3,0,2
Marc-Edouard Vlasic,SJS,D,2016-10-27,false,CBJ,1,2,0,14,0,2,0,0,1,1,11,10784,215,1,8,6,4,1,0,0
Jimmy Vesey,NYR,L,2016-10-28,false,CAR,4,1,1,0,1,1,0,0,2,0,13,7537,164,4,1,7,2,5,0,0
Kris Versteeg,CGY,R,2016-10-25,false,STL,2,2,3,0,0,0,0,0,0,0,12,6225,145,1,4,4,4,3,4,2
Joel Vermin,TBL,R,2016-12-17,false,EDM,0,2,3,2,0,0,0,0,0,0,7,6129,139,11,6,6,1,4,2,0
Antoine Vermette,ANA,C,2016-10-26,false,NSH,0,3,1,4,0,1,0,0,0,0,8,7373,202,10,10,6,2,2,87,36
Frank Vatrano,BOS,C,2017-01-07,false,FLA,2,2,1,2,0,1,0,0,0,0,21,6933,160,13,3,8,1,2,0,0
Sami Vatanen,ANA,D,2016-10-26,false,NSH,1,5,-1,0,1,3,0,0,0,0,12,10947,223,11,20,2,1,3,0,0
Thomas Vanek,DET,L,2016-11-20,false,CGY,4,4,4,4,2,2,0,0,0,0,15,6592,137,3,1,4,3,4,0,2
Chris VandeVelde,PHI,C,2016-10-27,false,ARI,0,1,-3,0,0,0,0,0,0,0,7,4713,121,16,5,2,2,2,2,1
Scottie Upshall,STL,R,2016-11-03,false,DAL,1,1,-3,4,0,0,0,0,0,0,10,4821,137,12,0,3,2,2,0,1
Fedor Tyutin,COL,D,2016-11-08,false,ARI,0,3,-4,6,0,0,0,0,0,0,5,8487,199,13,8,3,3,1,0,0
Kyle Turris,OTT,C,2016-10-30,false,EDM,4,2,-1,0,1,0,0,0,1,1,16,9196,199,1,6,11,5,3,54,64
Nikita Tryamkin,VAN,D,2016-11-17,false,ARI,0,0,0,13,0,0,0,0,0,0,10,7911,180,30,9,6,4,0,0,0
Jacob Trouba,WPG,D,2016-11-25,false,NSH,0,0,-2,4,0,0,0,0,0,0,15,11574,225,13,22,12,10,6,0,0
Vincent Trocheck,FLA,C,2016-10-29,false,BUF,3,0,-4,4,0,0,0,0,0,0,21,9992,193,17,3,16,5,8,74,74
Jordin Tootoo,CHI,R,2016-10-28,false,NJD,0,0,1,9,0,0,0,0,0,0,10,3237,96,9,1,4,1,1,0,0
Tyler Toffoli,LAK,C,2016-10-29,false,STL,2,4,4,0,1,0,0,0,0,0,27,9270,196,8,1,15,7,3,0,1
Jonathan Toews,CHI,C,2016-10-28,false,NJD,0,3,2,9,0,2,0,0,0,0,21,10413,229,5,1,5,3,3,124,78
Matthew Tkachuk,CGY,L,2016-10-30,false,WSH,1,3,3,8,0,0,0,0,0,0,12,5621,132,7,2,7,3,3,1,1
Chris Tierney,SJS,C,2016-10-27,false,CBJ,0,1,-3,0,0,0,0,0,0,0,6,6348,154,3,5,4,6,3,21,37
Shawn Thornton,FLA,L,2016-12-10,false,VAN,0,1,-1,0,0,0,0,0,0,0,2,3311,81,6,1,4,2,0,0,1
Joe Thornton,SJS,C,2016-10-27,false,CBJ,0,6,2,4,0,2,0,0,0,0,6,9016,191,5,1,0,8,4,39,32
Chris Thorburn,WPG,R,2016-11-06,false,NYR,0,0,-4,9,0,0,0,0,0,0,5,3819,99,12,4,0,0,0,6,2
Nate Thompson,ANA,C,2017-02-17,false,FLA,0,0,1,4,0,0,0,0,0,0,5,4370,117,15,4,0,0,0,26,37
Paul Thompson,FLA,R,2016-12-20,false,BUF,0,1,-3,6,0,0,0,0,0,0,7,3865,99,22,8,4,1,1,0,1
Shea Theodore,ANA,D,2016-11-25,false,CHI,0,1,-3,6,0,0,0,1,0,0,9,8874,182,0,7,11,13,0,0,0
Chris Terry,MTL,L,2016-12-22,false,MIN,1,1,0,2,0,0,0,0,0,0,8,4968,128,9,1,4,6,4,1,1
Teuvo Teravainen,CAR,L,2016-10-30,false,PHI,2,1,-4,0,1,1,0,0,0,0,7,6942,157,3,2,6,4,0,1,2
Matt Tennyson,CAR,D,2016-11-27,false,FLA,0,1,2,0,0,0,0,0,0,0,9,6959,156,12,6,2,5,4,0,0
John Tavares,NYI,C,2016-10-27,false,PIT,4,2,-1,8,1,0,0,0,0,0,29,9658,193,3,5,11,4,9,79,86
Tomas Tatar,DET,L,2016-10-27,false,STL,1,1,-2,4,0,1,0,0,0,0,24,7910,168,6,4,8,2,3,1,1
Vladimir Tarasenko,STL,R,2016-10-27,false,DET,4,4,-1,0,1,3,0,0,0,0,40,9591,217,3,5,6,1,6,0,1
Christopher Tanev,VAN,D,2016-12-16,false,TBL,0,1,1,6,0,0,0,0,0,0,4,9877,225,3,20,6,2,1,0,0
Brandon Tanev,WPG,L,2016-10-28,false,COL,0,0,-2,2,0,0,0,0,0,0,13,4596,128,14,2,1,1,2,0,0
Brandon Sutter,VAN,C,2016-10-28,false,EDM,1,4,-1,0,0,1,0,0,1,1,19,9014,204,7,5,9,4,2,73,78
Ryan Suter,MIN,D,2016-10-27,false,BUF,3,6,4,2,1,1,0,0,0,0,19,12981,229,10,7,5,3,9,0,0
Andrej Sustr,TBL,D,2016-10-29,false,NJD,0,2,-2,7,0,0,0,0,0,0,8,7905,184,4,7,5,4,5,0,0
Oskar Sundqvist,PIT,C,2017-03-26,false,PHI,0,0,-2,2,0,0,0,0,0,0,8,4030,101,12,1,0,2,0,7,16
P.K. Subban,NSH,D,2016-10-29,false,SJS,2,3,-7,8,2,2,0,0,0,0,18,11642,217,11,22,6,12,4,0,0
Mark Stuart,WPG,D,2016-11-25,false,NSH,0,0,1,2,0,0,0,0,0,0,5,5771,142,9,21,1,3,2,0,0
Ryan Strome,NYI,C,2016-10-27,false,PIT,2,3,-2,2,1,0,0,0,0,0,12,6141,142,5,4,4,1,2,20,17
Mark Streit,PHI,D,2016-10-27,false,ARI,2,4,-2,6,1,3,0,0,0,0,14,10132,223,5,7,5,7,1,0,0
Anton Stralman,TBL,D,2016-10-29,false,NJD,0,3,2,0,0,2,0,0,0,0,11,10989,219,9,6,7,3,3,0,0
Michael Stone,ARI,D,2016-11-19,false,SJS,0,3,-3,2,0,1,0,0,0,0,9,9983,212,17,14,7,2,0,0,0
Mark Stone,OTT,R,2016-10-30,false,EDM,1,4,-1,2,0,0,0,0,1,0,14,8365,177,10,5,2,5,8,1,2
Karl Stollery,NJD,D,2017-01-26,false,WSH,0,3,-1,13,0,3,0,0,0,0,6,7925,179,13,10,3,2,3,0,0
Chris Stewart,MIN,R,2016-10-27,false,BUF,2,3,1,19,0,1,0,0,0,0,4,5757,140,4,1,3,5,2,0,1
Derek Stepan,NYR,C,2016-10-28,false,CAR,0,5,0,0,0,2,0,0,0,0,21,8617,201,3,8,5,3,8,63,82
Lee Stempniak,CAR,R,2016-10-30,false,PHI,4,2,3,8,1,0,0,0,0,0,13,8020,180,11,2,3,2,5,0,1
Alexander Steen,STL,L,2016-10-27,false,DET,2,5,-1,2,0,2,0,0,0,0,17,10331,239,5,7,7,2,6,17,36
Troy Stecher,VAN,D,2016-11-15,false,NYR,1,2,-4,9,0,0,0,0,0,0,24,9889,204,4,8,8,3,4,0,0
Paul Stastny,STL,C,2016-10-27,false,DET,3,4,-3,12,2,2,0,0,1,0,11,9947,230,5,4,9,2,6,96,86
Viktor Stalberg,CAR,L,2016-11-01,false,OTT,2,0,0,4,0,0,0,0,1,0,10,5674,141,12,1,2,2,6,0,1
Matt Stajan,CGY,C,2016-10-25,false,STL,0,4,5,2,0,0,0,0,0,0,9,5936,146,3,8,2,1,0,42,37
Drew Stafford,WPG,R,2016-11-25,false,NSH,0,2,-1,2,0,0,0,0,0,0,10,6474,142,3,0,1,7,2,1,3
Eric Staal,MIN,C,2016-10-27,false,BUF,3,3,1,2,0,0,0,0,1,0,20,8995,205,5,1,4,1,6,72,66
Jordan Staal,CAR,C,2016-10-30,false,PHI,3,0,-1,4,0,0,0,0,0,0,17,9438,221,16,2,4,3,5,105,48
Marc Staal,NYR,D,2016-10-28,false,CAR,1,1,-2,0,0,0,0,0,0,0,9,9732,227,7,8,5,3,5,0,0
Jared Spurgeon,MIN,D,2016-11-10,false,PIT,1,2,4,0,0,0,0,0,0,0,10,10375,214,4,13,2,0,1,0,0
Ryan Sproul,DET,D,2016-11-20,false,CGY,1,3,-1,0,1,2,0,0,0,0,19,7931,172,4,3,6,1,1,0,0
Ryan Spooner,BOS,C,2016-11-01,false,FLA,1,1,-3,4,1,0,0,0,0,0,17,7173,155,4,1,4,3,6,2,5
Jason Spezza,DAL,C,2016-11-03,false,STL,4,1,-6,0,1,0,0,0,1,0,19,8669,213,2,1,13,3,6,39,37
Nikita Soshnikov,TOR,R,2016-11-17,false,FLA,1,1,0,4,0,0,0,0,0,0,11,4527,116,19,1,2,2,2,1,2
Marcus Sorensen,SJS,R,2017-03-14,false,BUF,1,2,3,2,0,0,0,0,1,0,10,4708,120,8,3,3,2,5,0,0
Carl Soderberg,COL,C,2016-11-01,false,NSH,2,1,1,4,0,0,0,0,0,0,15,8319,181,3,10,5,2,6,44,44
Devante Smith-Pelly,NJD,R,2016-10-29,false,TBL,1,2,-1,2,0,1,0,0,0,0,14,6954,153,11,2,5,3,3,4,5
Craig Smith,NSH,R,2016-11-01,false,COL,4,0,1,8,1,0,0,0,0,0,21,6780,158,8,1,15,4,3,9,9
Brendan Smith,DET,D,2016-10-27,false,STL,0,0,-1,11,0,0,0,0,0,0,10,7977,188,8,9,5,5,0,0,0
Ben Smith,TOR,R,2016-10-30,false,NYI,0,0,-3,0,0,0,0,0,0,0,7,5672,139,5,5,1,2,0,49,43
Reilly Smith,FLA,R,2016-10-29,false,BUF,1,1,-2,0,1,0,0,0,0,0,18,9261,196,5,3,6,3,9,1,0
Gemel Smith,DAL,C,2016-11-08,false,WPG,2,1,2,19,0,0,1,0,0,0,13,6262,158,3,3,4,2,2,21,28
Zack Smith,OTT,C,2016-10-30,false,EDM,2,1,1,8,0,0,1,0,0,0,15,8199,189,18,1,5,9,4,38,27
Anton Slepyshev,EDM,L,2016-11-17,false,LAK,1,0,2,2,0,0,0,0,0,0,16,5200,118,12,2,2,2,1,0,0
Jaccob Slavin,CAR,D,2016-10-30,false,PHI,0,2,-2,2,0,0,0,0,0,0,13,10615,218,4,16,3,3,4,0,0
Brady Skjei,NYR,D,2016-10-28,false,CAR,0,2,1,2,0,0,0,0,0,0,8,7449,167,15,6,4,6,0,0,0
Jeff Skinner,CAR,L,2016-11-01,false,OTT,5,6,1,2,1,3,0,0,0,0,32,8464,188,7,2,10,4,7,2,6
Jack Skille,VAN,R,2016-11-08,false,NYR,0,1,-4,2,0,0,0,0,0,0,10,5073,123,18,4,2,3,0,0,0
Colton Sissons,NSH,C,2016-11-01,false,COL,0,0,-2,0,0,0,0,0,0,0,4,5172,135,14,5,1,3,2,39,46
Wayne Simmonds,PHI,R,2016-10-27,false,ARI,5,2,-3,12,4,1,0,0,0,0,22,9930,214,24,5,15,2,1,0,1
Jakob Silfverberg,ANA,R,2016-10-26,false,NSH,2,1,2,2,1,0,1,0,1,0,18,9286,218,3,6,6,4,6,1,1
Nick Shore,LAK,C,2016-10-29,false,STL,0,1,-5,6,0,0,0,0,0,0,10,5686,140,5,1,3,3,1,39,46
Devin Shore,DAL,C,2016-10-29,false,MIN,1,5,1,0,0,1,0,0,0,0,11,7383,173,3,8,6,0,7,47,55
Drew Shore,VAN,C,2017-03-28,false,ANA,0,2,-2,4,0,0,0,0,0,0,7,5272,129,10,1,2,1,2,17,12
Conor Sheary,PIT,L,2016-11-12,false,TOR,3,5,9,0,0,0,0,0,1,0,13,6236,143,5,5,5,2,0,0,0
Riley Sheahan,DET,C,2016-10-27,false,STL,0,1,-3,6,0,0,0,0,0,0,14,6951,170,1,5,4,0,2,5,5
Logan Shaw,ANA,C,2016-12-09,false,SJS,1,0,1,0,0,0,0,0,0,0,12,3669,106,5,5,3,0,1,11,24
Andrew Shaw,MTL,C,2016-10-27,false,TBL,1,1,4,12,0,0,0,0,0,0,13,6778,160,18,1,5,4,1,31,23
Kevin Shattenkirk,STL,D,2016-10-27,false,DET,3,3,-4,4,2,3,0,0,0,0,18,9846,211,6,6,5,2,2,0,0
Patrick Sharp,DAL,L,2016-11-25,false,VAN,1,1,-3,10,0,0,1,0,0,0,18,7821,175,10,5,8,3,0,4,5
Michael Sgarbossa,ANA,C,2016-11-12,false,NSH,0,2,-2,0,0,1,0,0,0,0,7,4843,125,6,4,4,2,0,32,42
Damon Severson,NJD,D,2016-10-29,false,TBL,1,5,-3,4,0,4,0,0,1,0,13,9441,200,8,7,2,14,3,0,0
Devin Setoguchi,LAK,R,2016-10-29,false,STL,0,2,1,0,0,0,0,0,0,0,8,6179,138,7,0,7,4,4,1,0
Tom Sestito,PIT,L,2016-11-16,false,WSH,0,1,0,24,0,0,0,0,0,0,2,2620,71,15,1,0,1,0,0,0
Andrej Sekera,EDM,D,2016-10-28,false,VAN,0,3,3,4,0,1,0,0,0,0,8,10591,220,5,15,8,5,4,0,0
Dennis Seidenberg,NYI,D,2016-10-27,false,PIT,2,0,5,4,0,0,0,0,0,0,10,8827,179,9,21,3,7,1,0,0
Tyler Seguin,DAL,C,2016-10-29,false,MIN,4,3,-3,2,2,2,0,0,1,0,29,9234,197,7,1,17,5,4,55,49
Lukas Sedlak,CBJ,C,2016-11-05,false,STL,0,2,3,0,0,0,0,0,0,0,9,4963,123,8,6,3,2,5,23,26
Daniel Sedin,VAN,L,2016-10-28,false,EDM,2,2,-3,2,1,1,0,0,1,0,19,9097,191,2,2,6,2,0,0,0
Henrik Sedin,VAN,C,2016-10-28,false,EDM,3,2,-4,2,1,1,0,0,1,1,13,9410,187,3,1,6,7,1,70,60
Brent Seabrook,CHI,D,2016-10-28,false,NJD,1,5,3,2,1,2,0,0,0,0,12,11297,239,14,8,5,12,1,0,0
Jaden Schwartz,STL,L,2016-11-05,false,CBJ,1,1,-2,2,0,0,0,0,1,0,17,9416,220,8,7,7,3,5,25,20
Justin Schultz,PIT,D,2016-10-27,false,NYI,0,2,0,4,0,1,0,0,0,0,18,8505,197,6,4,5,3,1,0,0
Nick Schultz,PHI,D,2016-11-03,false,NYI,0,3,1,2,0,0,0,0,0,0,6,8026,195,14,17,5,5,1,0,0
Jordan Schroeder,MIN,C,2017-01-05,false,SJS,2,2,1,0,0,0,0,0,0,0,12,4303,103,8,4,3,0,0,0,0
Nate Schmidt,WSH,D,2016-10-30,false,CGY,0,2,1,2,0,0,0,0,0,0,9,6986,150,7,5,3,7,5,0,0
Nick Schmaltz,CHI,C,2016-10-28,false,NJD,1,0,-2,2,0,0,0,0,0,0,5,5274,127,3,3,2,3,3,22,45
Jordan Schmaltz,STL,D,2017-04-08,false,CAR,0,2,-1,4,0,1,0,0,0,0,3,6785,175,3,9,2,2,1,0,0
David Schlemko,SJS,D,2016-10-27,false,CBJ,0,2,1,2,0,2,0,0,0,0,20,7927,175,6,9,4,5,4,0,0
Luke Schenn,ARI,D,2016-10-29,false,COL,0,0,-1,0,0,0,0,0,0,0,10,7595,174,24,10,3,4,2,0,0
Brayden Schenn,PHI,C,2016-11-02,false,DET,2,6,-1,11,2,2,0,0,0,0,14,8767,187,21,5,10,4,1,2,2
Mark Scheifele,WPG,C,2016-10-28,false,COL,4,4,1,4,1,1,0,0,1,1,21,10211,196,6,6,4,2,8,73,102
Tim Schaller,BOS,C,2016-11-03,false,TBL,1,2,1,13,0,0,0,0,1,0,12,5722,137,7,5,8,4,3,7,3
Colton Sceviour,FLA,C,2016-10-29,false,BUF,2,1,-1,6,0,1,1,0,1,0,17,6524,142,10,5,5,1,3,2,2
Marco Scandella,MIN,D,2016-11-23,false,WPG,0,1,-6,0,0,0,0,0,0,0,10,7611,173,5,7,3,5,0,0,0
Luca Sbisa,VAN,D,2016-10-28,false,EDM,0,1,0,2,0,0,0,0,0,0,2,7814,178,13,15,2,9,2,0,0
David Savard,CBJ,D,2016-11-01,false,DAL,0,2,0,4,0,0,0,0,0,0,8,10520,221,15,14,14,2,0,0,0
Steven Santini,NJD,D,2017-01-15,false,VAN,1,2,6,0,0,0,0,0,0,0,6,7247,167,21,5,4,1,0,0,0
Zach Sanford,WSH,L,2016-11-03,false,WPG,0,1,0,2,0,0,0,0,0,0,7,4983,110,6,2,2,6,2,5,0
Brandon Saad,CBJ,L,2016-11-01,false,DAL,3,4,5,0,0,0,0,0,0,0,20,8045,185,3,3,7,1,3,1,1
Bobby Ryan,OTT,R,2016-10-30,false,EDM,3,2,1,2,1,0,0,0,0,0,18,7407,163,7,5,1,7,2,0,0
Derek Ryan,CAR,C,2016-11-27,false,FLA,1,1,-3,2,1,1,0,0,1,0,5,6235,139,8,4,4,3,2,42,33
Bryan Rust,PIT,R,2016-11-03,false,LAK,1,0,-5,0,0,0,0,0,0,0,15,5908,158,13,3,3,1,2,0,0
Robbie Russo,DET,D,2017-03-20,false,BUF,0,0,-2,0,0,0,0,0,0,0,4,7609,161,8,7,4,7,0,0,0
Kris Russell,EDM,D,2016-10-28,false,VAN,0,3,7,0,0,0,0,0,0,0,10,10102,218,5,25,2,7,5,0,0
Chad Ruhwedel,PIT,D,2017-01-20,false,CAR,1,1,4,0,0,0,0,0,0,0,13,8450,193,10,5,4,4,1,0,0
Michal Rozsival,CHI,D,2016-11-29,false,FLA,0,1,1,4,0,0,0,0,0,0,6,7300,174,19,12,3,2,0,0,0
Carter Rowney,PIT,R,2017-02-16,false,WPG,0,1,0,0,0,0,0,0,0,0,6,4907,119,13,6,4,1,2,33,28
Antoine Roussel,DAL,L,2016-10-29,false,MIN,1,2,3,24,0,0,0,0,1,0,11,6668,176,9,6,4,5,1,0,0
Evan Rodrigues,BUF,L,2017-02-19,false,CHI,0,2,-1,0,0,0,0,0,0,0,11,6308,137,2,1,2,2,4,26,32
Brett Ritchie,DAL,R,2016-10-29,false,MIN,2,1,2,4,0,0,0,0,0,0,19,6533,157,11,2,6,0,1,0,0
Nick Ritchie,ANA,L,2016-10-26,false,NSH,2,1,2,8,1,0,0,0,1,0,20,7660,180,37,2,11,0,1,1,1
Rasmus Ristolainen,BUF,D,2016-10-30,false,WPG,0,7,-2,10,0,6,0,0,0,0,16,12116,248,18,13,9,6,4,0,0
Morgan Rielly,TOR,D,2016-10-29,false,MTL,0,4,-2,2,0,0,0,0,0,0,14,10832,257,2,18,10,10,2,0,0
Tobias Rieder,ARI,R,2016-10-29,false,COL,2,2,0,0,0,0,0,1,0,0,13,7905,179,4,5,4,3,3,0,2
Mike Ribeiro,NSH,C,2016-10-29,false,SJS,1,3,-2,6,1,1,0,0,0,0,8,7456,161,7,1,2,3,0,37,39
Sam Reinhart,BUF,C,2016-10-30,false,WPG,1,3,-1,2,1,2,0,0,0,0,19,8215,169,2,3,6,4,0,18,27
Mike Reilly,MIN,D,2016-11-19,false,COL,0,0,-1,2,0,0,0,0,0,0,9,6215,134,1,2,10,4,0,0,0
Zach Redmond,MTL,D,2016-12-28,false,TBL,0,4,5,2,0,0,0,0,0,0,4,5979,133,18,9,1,6,3,0,0
Ryan Reaves,STL,R,2016-10-27,false,DET,0,0,-3,0,0,0,0,0,0,0,5,3028,83,16,0,4,1,2,0,0
Matt Read,PHI,R,2016-10-27,false,ARI,5,0,-2,0,1,0,0,0,0,0,22,7236,175,18,7,2,3,2,0,3
Ty Rattie,CAR,R,2017-01-21,false,CBJ,0,2,-1,0,0,0,0,0,0,0,9,5059,120,9,3,3,0,3,0,0
Dennis Rasmussen,CHI,C,2016-11-01,false,CGY,1,0,1,2,0,0,0,0,0,0,11,5206,150,7,9,3,3,3,8,12
Victor Rask,CAR,C,2016-10-30,false,PHI,4,6,2,0,2,1,0,0,0,0,17,8777,200,3,2,3,5,3,59,66
Mikko Rantanen,COL,R,2016-11-11,false,WPG,1,1,-6,2,1,1,0,0,0,0,18,8680,181,1,6,5,1,3,6,1
Rickard Rakell,ANA,C,2016-11-15,false,EDM,4,4,1,0,0,2,0,0,2,0,22,8115,185,17,5,6,2,2,10,7
Michael Raffl,PHI,L,2016-11-15,false,OTT,2,1,3,0,0,0,0,0,0,0,9,5900,144,13,2,6,1,1,1,1
Alexander Radulov,MTL,R,2016-10-27,false,TBL,2,3,2,16,1,1,0,0,0,0,14,8085,183,10,6,5,7,5,0,0
Alan Quine,NYI,C,2016-11-07,false,VAN,1,1,2,2,0,0,0,0,1,0,6,4563,114,15,2,1,2,2,10,9
Kyle Quincey,NJD,D,2016-10-29,false,TBL,0,1,1,10,0,0,0,0,0,0,7,8095,191,18,5,1,3,3,0,0
John Quenneville,NJD,C,2017-03-25,false,CAR,1,2,1,2,1,0,0,0,0,0,14,6560,154,11,5,6,3,2,0,0
Mark Pysyk,FLA,D,2016-10-29,false,BUF,1,0,2,2,0,0,0,0,0,0,3,7530,145,2,7,8,2,3,0,0
Tom Pyatt,OTT,L,2016-10-30,false,EDM,2,2,1,0,0,0,0,1,0,0,12,7746,189,5,7,6,2,5,2,6
Teemu Pulkkinen,MIN,L,2016-10-27,false,BUF,1,0,-1,2,0,0,0,0,0,0,4,4394,112,2,3,2,1,2,0,0
Jesse Puljujarvi,EDM,R,2016-11-01,false,TOR,1,1,0,0,1,0,0,0,0,0,21,5906,128,5,2,9,5,6,0,0
Matt Puempel,OTT,L,2016-11-08,false,NSH,0,0,-1,5,0,0,0,0,0,0,9,3892,97,5,3,3,0,2,0,1
Ivan Provorov,PHI,D,2016-10-27,false,ARI,0,5,-5,4,0,1,0,0,0,0,11,9841,227,13,14,8,8,2,0,0
Dalton Prout,CBJ,D,2016-11-12,false,STL,0,0,2,8,0,0,0,0,0,0,3,7234,167,18,10,2,5,1,0,0
Nate Prosser,MIN,D,2016-11-19,false,COL,0,1,0,0,0,0,0,0,0,0,5,6131,148,5,11,4,2,0,0,0
Shane Prince,NYI,L,2016-11-07,false,VAN,3,3,-2,4,1,0,0,0,0,0,15,6075,138,9,0,2,3,3,1,1
Benoit Pouliot,EDM,L,2016-10-28,false,VAN,3,1,1,16,0,0,0,0,1,0,10,6931,177,5,10,10,5,2,0,3
Derrick Pouliot,PIT,D,2017-03-01,false,CHI,0,0,-3,4,0,0,0,0,0,0,10,6953,158,8,6,3,2,0,0,0
Paul Postma,WPG,D,2016-11-03,false,WSH,0,0,-3,0,0,0,0,0,0,0,6,5447,128,4,5,0,2,1,0,0
Jason Pominville,MIN,R,2016-10-27,false,BUF,2,1,1,0,0,0,0,0,0,0,11,6721,163,4,4,3,1,3,2,4
Roman Polak,TOR,D,2016-11-03,false,BUF,1,1,0,4,0,0,0,0,0,0,8,8380,194,23,12,4,4,1,0,0
Brayden Point,TBL,C,2016-10-29,false,NJD,0,4,3,0,0,0,0,0,0,0,20,7652,152,4,2,6,4,3,3,2
Tomas Plekanec,MTL,C,2016-10-27,false,TBL,0,3,1,2,0,2,0,0,0,0,19,8409,202,3,10,4,3,2,72,79
Brandon Pirri,NYR,R,2016-10-28,false,CAR,4,2,3,0,2,1,0,0,2,0,10,5514,122,4,3,8,5,4,5,7
Alex Pietrangelo,STL,D,2016-10-27,false,DET,1,3,0,2,1,2,0,0,1,0,15,12666,246,6,15,5,4,7,0,0
Blake Pietila,NJD,L,2017-03-25,false,CAR,0,0,-7,4,0,0,0,0,0,0,7,6000,129,13,4,3,1,2,22,22
Dion Phaneuf,OTT,D,2016-10-30,false,EDM,0,1,-7,15,0,1,0,0,0,0,20,10489,259,21,21,7,4,1,0,0
Jeff Petry,MTL,D,2016-10-29,false,TOR,2,4,1,4,1,2,0,0,0,0,11,10515,219,19,16,6,8,2,0,0
Alex Petrovic,FLA,D,2016-10-29,false,BUF,0,2,2,0,0,0,0,0,0,0,7,7900,151,14,5,6,2,3,0,0
Nic Petan,WPG,L,2016-11-17,false,PHI,1,5,-1,0,0,3,0,0,0,0,14,7799,170,1,2,5,2,7,37,32
Brett Pesce,CAR,D,2016-10-30,false,PHI,0,2,-1,2,0,0,0,0,0,0,10,9640,211,6,16,6,4,3,0,0
Corey Perry,ANA,R,2016-10-26,false,NSH,4,2,0,10,0,1,0,0,0,0,28,9031,193,10,1,8,1,4,0,1
David Perron,STL,L,2016-10-27,false,DET,3,1,-1,2,1,0,0,0,1,0,21,8792,216,7,3,8,1,3,11,13
Mathieu Perreault,WPG,C,2016-10-28,false,COL,1,2,-2,6,0,1,0,0,0,0,19,7843,162,13,2,6,3,5,58,57
Brendan Perlini,ARI,L,2016-12-17,false,MIN,2,1,0,4,0,0,0,0,0,0,8,6706,146,7,1,7,1,2,1,0
Adam Pelech,NYI,D,2016-11-25,false,SJS,1,2,-4,0,0,0,0,0,0,0,10,7795,159,11,9,6,4,4,0,0
Matthew Peca,TBL,C,2017-01-12,false,BUF,1,1,-3,0,0,0,0,0,0,0,8,5762,136,9,2,7,2,0,31,33
Tanner Pearson,LAK,L,2016-11-01,false,ANA,4,2,2,0,1,0,0,0,0,0,22,7616,178,11,2,12,2,5,0,2
Joe Pavelski,SJS,C,2016-10-27,false,CBJ,3,6,4,10,1,2,0,0,1,0,28,9337,198,15,12,14,9,4,44,45
Greg Pateryn,MTL,D,2016-11-02,false,VAN,0,2,4,0,0,0,0,0,0,0,7,7238,162,9,16,4,3,3,0,0
David Pastrnak,BOS,R,2016-11-03,false,TBL,6,3,9,2,1,0,0,0,1,0,28,7693,162,7,3,7,4,1,0,1
Zach Parise,MIN,L,2016-10-27,false,BUF,2,4,-2,8,0,1,0,0,0,0,28,8817,201,8,13,11,2,7,0,1
PA Parenteau,NJD,R,2016-10-29,false,TBL,3,1,-3,4,1,0,0,0,0,0,14,6493,147,9,0,0,5,4,0,1
Colton Parayko,STL,D,2016-10-27,false,DET,0,3,-2,8,0,1,0,0,0,0,15,9963,232,4,16,4,5,3,0,0
Cedric Paquette,TBL,C,2016-10-29,false,NJD,1,1,-1,12,0,0,0,0,0,0,8,4345,106,14,2,3,0,4,0,4
Richard Panik,CHI,R,2016-10-28,false,NJD,6,3,3,4,2,1,0,0,1,0,11,7989,182,20,0,5,2,2,0,2
Artemi Panarin,CHI,L,2016-10-28,false,NJD,3,4,6,2,2,0,0,0,0,0,18,9924,190,3,0,9,6,4,0,0
Kyle Palmieri,NJD,R,2016-10-29,false,TBL,2,2,3,4,1,1,0,0,0,0,17,7530,166,13,2,7,8,2,1,4
Ondrej Palat,TBL,L,2016-10-29,false,NJD,1,3,-5,7,0,2,0,0,0,0,14,8492,174,17,4,4,4,12,0,0
Iiro Pakarinen,EDM,R,2017-02-28,false,STL,1,2,2,0,0,0,0,0,0,0,8,3949,112,17,6,3,0,0,0,1
Jean-Gabriel Pageau,OTT,C,2016-10-30,false,EDM,1,1,3,2,0,0,0,0,0,0,13,7610,189,15,9,5,4,3,46,34
Max Pacioretty,MTL,L,2016-10-27,false,TBL,2,5,6,6,0,1,0,0,2,0,25,8297,190,12,2,16,5,3,0,0
Magnus Paajarvi,STL,L,2017-02-16,false,VAN,3,1,3,0,0,0,0,0,2,0,14,5525,142,5,6,3,0,5,1,1
Alex Ovechkin,WSH,L,2016-10-30,false,CGY,4,2,-1,6,1,1,0,0,2,0,32,8755,170,20,2,8,6,9,0,1
Xavier Ouellet,DET,D,2016-11-29,false,DAL,0,1,3,5,0,0,0,0,0,0,10,7328,161,3,6,1,2,2,0,0
Steve Ott,DET,C,2016-11-02,false,PHI,0,1,2,17,0,0,0,0,0,0,7,4714,121,21,2,1,0,2,15,8
T.J. Oshie,WSH,R,2016-10-30,false,CGY,3,1,4,10,1,1,0,0,0,0,21,8338,174,8,6,5,6,5,11,13
Brooks Orpik,WSH,D,2016-10-30,false,CGY,0,2,6,0,0,0,0,0,0,0,6,8122,167,14,17,5,7,3,0,0
Dmitry Orlov,WSH,D,2016-10-30,false,CGY,0,2,-1,0,0,1,0,0,0,0,12,9473,182,12,10,5,6,7,0,0
Gustav Olofsson,MIN,D,2017-02-21,false,CHI,0,2,-1,0,0,1,0,0,0,0,4,7110,147,7,13,4,1,2,0,0
Steve Oleksy,PIT,D,2017-01-11,false,WSH,0,1,2,20,0,0,0,0,0,0,8,6779,160,17,12,3,1,1,0,0
Jamie Oleksiak,DAL,D,2016-11-25,false,VAN,1,1,2,12,0,0,0,1,0,0,5,7463,170,7,13,2,2,0,0,0
Kyle Okposo,BUF,R,2016-11-01,false,MIN,4,3,3,4,1,3,0,0,0,0,17,9200,182,4,0,9,3,0,1,3
Johnny Oduya,DAL,D,2016-10-29,false,MIN,0,2,-1,4,0,0,0,0,0,0,8,8653,200,2,20,4,6,0,0,0
Ryan O'Reilly,BUF,C,2016-10-30,false,WPG,3,4,-1,0,2,2,0,0,1,0,20,10694,210,1,3,6,6,6,122,73
Cal O'Reilly,BUF,C,2017-01-21,false,MTL,0,0,-3,0,0,0,0,0,0,0,2,4262,91,1,2,0,1,2,28,27
Gustav Nyquist,DET,R,2016-10-27,false,STL,3,5,5,2,0,1,0,0,2,0,15,7450,162,5,0,4,2,5,1,0
William Nylander,TOR,C,2016-10-29,false,MTL,4,6,1,4,3,3,0,0,0,0,30,7521,171,2,3,11,2,6,14,19
Markus Nutivaara,CBJ,D,2016-11-01,false,DAL,0,0,-2,2,0,0,0,0,0,0,3,6112,137,4,2,3,1,2,0,0
Darnell Nurse,EDM,D,2016-10-28,false,VAN,1,2,0,4,0,0,0,0,0,0,7,8315,188,19,9,3,5,1,0,0
Ryan Nugent-Hopkins,EDM,C,2016-10-28,false,VAN,0,4,1,4,0,0,0,0,0,0,18,8343,194,5,0,5,1,5,50,65
Tomas Nosek,DET,L,2017-04-03,false,OTT,1,0,-1,2,0,0,0,0,0,0,16,4725,115,10,4,3,1,4,26,21
Joakim Nordstrom,CAR,L,2016-10-30,false,PHI,0,2,-3,2,0,0,0,0,0,0,10,7537,185,10,7,4,3,5,1,1
Jordan Nolan,LAK,C,2016-11-17,false,EDM,0,1,-2,18,0,0,0,0,0,0,4,4423,102,10,0,1,1,0,0,0
Nelson Nogier,WPG,D,2017-04-04,false,STL,0,0,0,5,0,0,0,0,0,0,6,5642,131,11,3,0,4,0,0,0
Stefan Noesen,ANA,R,2017-01-12,false,COL,1,0,1,2,0,0,0,0,0,0,8,3369,90,8,1,2,2,1,16,29
Matt Niskanen,WSH,D,2016-10-30,false,CGY,0,5,3,2,0,0,0,0,0,0,14,10467,219,13,13,7,8,6,0,0
Matt Nieto,SJS,L,2016-11-17,false,STL,0,0,-5,0,0,0,0,0,0,0,12,5656,139,11,4,5,0,3,0,2
Frans Nielsen,DET,C,2016-10-27,false,STL,2,2,-1,0,0,2,1,0,0,0,13,8370,201,4,4,3,2,1,47,67
Nino Niederreiter,MIN,R,2016-10-27,false,BUF,1,3,4,2,0,0,0,0,0,0,12,6550,155,13,1,4,3,2,0,1
Andrej Nestrasil,CAR,C,2016-11-10,false,ANA,1,1,-4,0,0,0,0,0,0,0,18,5801,135,9,2,2,3,6,2,2
Nikita Nesterov,TBL,D,2016-10-29,false,NJD,0,0,1,10,0,0,0,0,0,0,13,8256,177,15,5,4,6,0,0,0
Patrik Nemeth,DAL,D,2016-11-08,false,WPG,0,0,-1,2,0,0,0,0,0,0,9,7717,172,9,7,1,3,1,0,0
Brock Nelson,NYI,C,2016-10-27,false,PIT,2,5,2,2,0,2,0,1,0,0,13,7545,194,5,10,4,2,5,50,54
Casey Nelson,BUF,D,2016-11-15,false,STL,0,0,-4,2,0,0,0,0,0,0,7,5905,153,13,3,2,1,0,0,0
Chris Neil,OTT,R,2016-10-30,false,EDM,1,0,-1,11,0,0,0,0,0,0,12,3951,105,13,6,2,3,1,0,0
James Neal,NSH,L,2016-10-29,false,SJS,1,1,-7,9,0,0,0,0,0,0,30,9578,198,8,6,6,4,0,1,0
Rick Nash,NYR,R,2016-10-28,false,CAR,3,2,-4,2,1,1,0,0,0,0,26,8003,189,4,8,5,5,7,0,0
Riley Nash,BOS,C,2016-10-29,false,DET,0,0,-2,4,0,0,0,0,0,0,9,6659,154,2,4,6,1,4,46,38
Vladislav Namestnikov,TBL,C,2016-10-29,false,NJD,2,2,1,4,2,1,0,0,0,0,12,7117,146,5,2,5,1,2,11,12
Jake Muzzin,LAK,D,2016-10-29,false,STL,1,0,-4,6,1,0,0,0,0,0,14,11129,255,18,16,7,4,3,0,0
Ryan Murray,CBJ,D,2016-11-12,false,STL,0,1,2,4,0,0,0,0,0,0,5,8980,207,3,13,0,2,0,0,0
Ryan Murphy,CAR,D,2017-01-03,false,NJD,0,2,-5,0,0,0,0,0,0,0,2,7495,159,2,8,4,4,3,0,0
Connor Murphy,ARI,D,2016-10-29,false,COL,0,3,1,8,0,0,0,0,0,0,8,10260,226,16,16,1,1,0,0,0
Matt Moulson,BUF,L,2016-10-30,false,WPG,4,1,-1,2,4,1,0,0,0,0,26,6674,147,8,5,4,0,3,0,0
Tyler Motte,CHI,L,2016-10-28,false,NJD,2,2,3,10,0,0,0,0,0,0,11,6617,173,7,7,3,0,6,0,2
Joe Morrow,BOS,D,2016-11-25,false,CGY,0,1,-3,4,0,0,0,0,0,0,12,7628,165,14,7,5,2,1,0,0
Josh Morrissey,WPG,D,2016-10-28,false,COL,0,2,2,2,0,0,0,0,0,0,12,8244,184,13,7,2,2,1,0,0
Dominic Moore,BOS,C,2016-10-29,false,DET,2,1,0,8,0,0,0,0,0,0,12,6167,154,3,4,1,3,2,24,29
John Moore,NJD,D,2016-10-29,false,TBL,1,1,1,10,0,0,0,0,0,0,11,9005,204,5,9,4,4,0,0,0
Brandon Montour,ANA,D,2017-02-09,false,BUF,1,1,2,6,0,1,0,0,0,0,17,7807,151,2,6,6,5,1,0,0
Sean Monahan,CGY,C,2016-10-25,false,STL,3,0,-6,4,1,0,0,0,1,1,17,9638,203,5,5,6,7,4,85,82
Torrey Mitchell,MTL,C,2016-10-27,false,TBL,4,0,5,2,0,0,0,0,1,0,6,5901,156,1,5,4,2,3,47,32
John Mitchell,COL,C,2016-11-11,false,WPG,0,0,0,4,0,0,0,0,0,0,5,4707,117,6,4,2,0,2,29,24
Zack Mitchell,MIN,R,2016-11-25,false,PIT,0,0,0,0,0,0,0,0,0,0,8,4146,100,13,2,4,1,0,11,8
Drew Miller,DET,L,2016-10-27,false,STL,2,0,0,2,0,0,0,0,1,0,9,6051,150,8,7,1,0,3,1,0
Kevan Miller,BOS,D,2016-12-07,false,WSH,0,0,-1,0,0,0,0,0,0,0,11,9444,204,21,9,4,1,0,0,0
J.T. Miller,NYR,L,2016-10-28,false,CAR,2,4,1,6,1,1,0,0,0,0,21,7535,174,14,7,7,5,4,14,16
Colin Miller,BOS,D,2016-10-29,false,DET,0,1,-5,2,0,0,0,0,0,0,13,8005,184,9,5,11,5,1,0,0
Marc Methot,OTT,D,2016-10-30,false,EDM,0,2,6,4,0,0,0,0,0,0,15,9983,242,17,10,0,5,1,0,0
Jon Merrill,NJD,D,2016-12-17,false,OTT,0,0,-3,6,0,0,0,0,0,0,3,7166,171,8,7,4,4,1,0,0
Julian Melchiori,WPG,D,2017-03-19,false,MIN,0,0,-3,4,0,0,0,0,0,0,4,7963,172,13,12,3,8,1,0,0
Timo Meier,SJS,R,2017-01-03,false,LAK,1,0,-2,4,0,0,0,0,1,0,24,5982,152,25,1,4,7,5,0,1
Jayson Megna,VAN,C,2016-12-01,false,ANA,1,0,-3,2,0,0,0,0,0,0,8,4761,113,12,3,1,0,3,0,0
Adam McQuaid,BOS,D,2016-11-08,false,MTL,0,0,-4,11,0,0,0,0,0,0,10,8568,206,15,14,6,3,0,0,0
Brayden McNabb,LAK,D,2016-10-29,false,STL,2,0,3,11,0,0,0,0,0,0,6,9715,219,13,8,8,7,1,0,0
Cody McLeod,COL,L,2016-11-15,false,LAK,0,0,0,21,0,0,0,0,0,0,3,3317,83,14,0,1,0,0,0,0
Curtis McKenzie,DAL,L,2016-11-05,false,CHI,1,2,2,5,0,0,0,0,0,0,9,4349,115,15,2,2,0,0,1,1
Greg McKegg,FLA,C,2016-10-29,false,BUF,0,2,-1,4,0,0,0,0,0,0,5,5272,125,8,2,3,2,2,6,4
Jamie McGinn,ARI,L,2016-11-10,false,WPG,3,3,0,6,0,0,0,0,1,0,15,6913,162,12,5,2,3,0,0,0
Brock McGinn,CAR,L,2016-12-03,false,NYR,0,1,-1,0,0,0,0,0,0,0,5,4659,118,8,2,2,2,4,0,2
Ryan McDonagh,NYR,D,2016-10-28,false,CAR,0,7,4,4,0,2,0,0,0,0,15,11875,241,9,15,6,8,4,0,0
Connor McDavid,EDM,C,2016-10-28,false,VAN,5,7,9,6,0,3,0,0,2,0,20,10184,212,1,3,9,6,4,45,55
Jay McClement,CAR,C,2016-10-30,false,PHI,0,0,-4,0,0,0,0,0,0,0,4,5193,134,8,2,4,0,4,30,23
Michael McCarron,MTL,R,2016-12-31,false,PIT,0,3,3,7,0,0,0,0,0,0,12,4776,121,22,2,4,2,3,21,22
Jared McCann,FLA,C,2016-10-29,false,BUF,0,0,-1,0,0,0,0,0,0,0,12,4746,109,7,1,3,4,5,11,11
Jake McCabe,BUF,D,2016-10-30,false,WPG,0,2,0,4,0,0,0,0,0,0,1,8475,200,8,8,4,2,1,0,0
Scott Mayfield,NYI,D,2017-01-31,false,WSH,1,3,5,19,0,0,0,0,0,0,9,6063,129,8,9,4,6,3,0,0
Shawn Matthias,WPG,L,2016-10-28,false,COL,2,1,3,4,0,0,0,0,1,0,11,6218,151,7,4,7,3,0,1,3
Auston Matthews,TOR,C,2016-10-29,false,MTL,6,4,-1,0,1,3,0,0,0,0,32,8188,171,1,5,6,6,4,44,43
Michael Matheson,FLA,D,2016-10-30,false,DET,2,2,2,2,0,1,0,0,0,0,19,9564,167,5,10,5,8,7,1,0
Andreas Martinsen,COL,L,2016-11-01,false,NSH,1,0,1,4,0,0,0,0,0,0,12,5704,148,18,6,5,1,4,1,0
Jordan Martinook,ARI,L,2016-10-29,false,COL,3,2,0,6,0,0,0,1,0,0,14,6843,168,7,4,5,1,4,13,25
Alec Martinez,LAK,D,2016-10-29,false,STL,2,5,1,2,0,2,0,0,2,2,20,10789,257,15,16,10,3,0,0,0
Paul Martin,SJS,D,2016-10-27,false,CBJ,0,1,-3,4,0,0,0,0,0,0,5,8965,193,5,15,2,7,1,0,0
Matt Martin,TOR,L,2016-10-29,false,MTL,0,0,-2,14,0,0,0,0,0,0,8,5111,125,33,2,3,1,4,0,4
Patrick Maroon,EDM,L,2016-10-28,false,VAN,2,0,1,6,0,0,0,0,0,0,17,7167,164,16,1,4,4,1,1,2
Mitchell Marner,TOR,C,2016-10-29,false,MTL,1,5,0,12,0,0,0,0,1,0,21,8060,175,3,9,7,5,4,2,1
Patrick Marleau,SJS,L,2016-10-27,false,CBJ,2,1,-3,2,1,1,0,0,1,0,22,8106,161,8,2,4,1,2,1,2
Andrei Markov,MTL,D,2016-10-27,false,TBL,0,4,0,2,0,2,0,1,0,0,14,10253,216,4,10,7,8,4,0,0
Martin Marincin,TOR,D,2016-11-03,false,BUF,0,1,-6,0,0,0,0,0,0,0,11,9839,211,10,11,10,3,2,0,0
Jonathan Marchessault,FLA,C,2016-10-29,false,BUF,5,5,5,0,1,2,0,0,1,0,25,8667,170,10,1,10,5,7,24,21
Alexey Marchenko,DET,D,2016-10-27,false,STL,0,3,3,6,0,0,0,1,0,0,8,9380,219,1,13,5,5,1,0,0
Brad Marchand,BOS,L,2016-10-29,false,DET,3,7,7,10,0,1,0,0,1,0,17,8789,189,7,3,8,6,8,5,1
Anthony Mantha,DET,R,2016-11-29,false,DAL,3,2,0,0,1,1,0,0,1,0,22,7714,173,4,8,7,3,2,1,0
Josh Manson,ANA,D,2016-10-26,false,NSH,0,1,2,6,0,0,0,0,0,0,7,9172,202,18,10,3,10,2,0,0
Brandon Manning,PHI,D,2016-10-27,false,ARI,1,4,4,4,0,0,0,0,0,0,9,8469,208,24,8,1,10,0,0,0
Evgeni Malkin,PIT,C,2016-10-27,false,NYI,3,5,0,14,0,4,0,0,0,0,19,9233,214,5,4,7,10,4,65,87
Denis Malgin,FLA,C,2016-10-29,false,BUF,0,1,-1,2,0,0,0,0,0,0,10,5177,121,6,4,1,1,5,13,26
Nathan MacKinnon,COL,C,2016-11-01,false,NSH,1,5,-2,0,0,3,0,0,0,0,20,8863,198,5,0,12,5,4,65,74
Derek MacKenzie,FLA,C,2016-10-29,false,BUF,0,2,3,0,0,0,0,1,0,0,5,6006,144,14,1,1,2,4,40,47
Andrew MacDonald,PHI,D,2016-10-27,false,ARI,1,1,-3,4,0,0,0,0,0,0,6,9001,215,7,12,0,9,0,0,0
Olli Maatta,PIT,D,2016-10-27,false,NYI,0,0,-1,4,0,0,0,0,0,0,11,7782,193,7,15,2,3,0,0,0
Roman Lyubimov,PHI,L,2016-11-02,false,DET,1,0,0,0,0,0,0,0,0,0,11,4539,113,8,2,2,0,2,0,1
Milan Lucic,EDM,L,2016-10-28,false,VAN,4,3,5,9,1,1,0,0,1,0,19,8806,191,24,2,7,8,6,1,1
Adam Lowry,WPG,C,2016-10-28,false,COL,0,1,0,6,0,1,0,0,0,0,6,7652,181,13,8,3,2,3,68,65
Ben Lovejoy,NJD,D,2016-10-29,false,TBL,0,1,0,0,0,0,0,0,0,0,9,10004,208,15,19,4,2,2,0,0
Bryan Little,WPG,C,2016-12-10,false,CGY,3,3,5,0,1,1,0,0,1,1,15,7652,187,3,3,7,4,5,75,61
Anton Lindholm,COL,D,2017-03-29,false,WSH,0,0,-6,0,0,0,0,0,0,0,5,6819,157,20,7,3,4,0,0,0
Hampus Lindholm,ANA,D,2016-11-25,false,CHI,0,2,2,2,0,1,0,0,0,0,10,10468,210,11,7,7,7,5,0,0
Elias Lindholm,CAR,C,2016-10-30,false,PHI,0,1,-4,0,0,1,0,0,0,0,17,8807,192,12,9,10,1,5,54,42
Esa Lindell,DAL,D,2016-11-05,false,CHI,0,1,-2,0,0,1,0,0,0,0,12,9032,197,11,10,4,1,4,0,1
Oscar Lindberg,NYR,C,2016-11-21,false,PIT,0,1,-1,8,0,1,0,0,0,0,7,4796,126,7,7,2,0,1,21,16
John-Michael Liles,BOS,D,2016-10-29,false,DET,0,2,-4,2,0,1,0,0,0,0,8,8144,182,6,13,2,2,4,1,0
Trevor Lewis,LAK,C,2016-10-29,false,STL,0,0,-7,0,0,0,0,0,0,0,16,5964,137,14,4,7,0,3,2,2
Mark Letestu,EDM,C,2016-10-28,false,VAN,2,2,1,0,0,0,2,0,2,0,9,6355,176,6,5,2,0,3,48,56
Kris Letang,PIT,D,2016-11-08,false,EDM,1,5,0,6,1,2,0,0,0,0,27,12290,240,17,12,9,12,5,0,0
Josh Leivo,TOR,L,2017-02-19,false,CAR,1,5,4,2,0,1,0,0,0,0,17,5521,145,3,2,8,0,9,1,0
Jori Lehtera,STL,C,2016-11-05,false,CBJ,0,1,0,4,0,0,0,0,0,0,15,7402,202,4,4,0,1,1,52,45
Artturi Lehkonen,MTL,L,2016-10-27,false,TBL,2,1,2,4,0,0,0,0,0,0,21,7053,171,11,3,3,4,4,0,0
Anders Lee,NYI,L,2016-10-27,false,PIT,1,0,0,2,0,0,0,0,0,0,11,6054,154,22,4,7,0,3,0,1
Nick Leddy,NYI,D,2016-10-30,false,TOR,1,3,-4,2,0,0,0,0,0,0,14,11339,193,8,17,6,3,2,0,0
Curtis Lazar,OTT,C,2016-12-03,false,FLA,0,0,-1,2,0,0,0,0,0,0,9,4872,115,15,4,1,3,4,4,11
Adam Larsson,EDM,D,2016-10-28,false,VAN,0,2,5,4,0,0,0,0,0,0,8,9726,219,21,12,1,10,2,0,0
Philip Larsen,VAN,D,2016-10-28,false,EDM,0,3,-5,2,0,2,0,0,0,0,14,8257,174,2,4,12,3,1,0,0
Dylan Larkin,DET,C,2016-10-27,false,STL,2,1,-3,11,0,0,0,0,1,0,24,7468,157,5,4,5,6,8,30,37
Nick Lappin,NJD,R,2016-11-12,false,BUF,2,2,3,2,0,0,0,0,0,0,14,5515,125,5,0,2,0,3,1,3
Gabriel Landeskog,COL,L,2016-11-01,false,NSH,2,3,1,7,1,0,0,0,1,1,15,8481,190,19,3,5,3,9,6,9
Anton Lander,EDM,C,2016-10-30,false,OTT,0,2,4,4,0,0,0,0,0,0,2,4974,138,6,6,1,1,2,41,29
Patrik Laine,WPG,R,2016-10-28,false,COL,6,2,0,2,4,1,0,0,1,1,25,9371,180,9,3,11,8,3,0,1
Andrew Ladd,NYI,L,2016-10-27,false,PIT,0,1,-3,2,0,0,0,0,0,0,17,9266,182,8,2,8,4,5,0,0
Kevin Labanc,SJS,R,2016-11-25,false,NYI,1,1,3,4,0,0,0,0,0,0,10,5886,130,5,2,3,2,1,0,0
Paul LaDue,LAK,D,2017-03-04,false,VAN,0,3,-2,2,0,1,0,0,0,0,10,7621,183,5,2,1,3,1,0,0
Joseph LaBate,VAN,C,2017-03-16,false,DAL,0,0,0,12,0,0,0,0,0,0,2,3211,86,10,1,2,1,1,1,0
Evgeny Kuznetsov,WSH,C,2016-10-30,false,CGY,1,3,3,0,0,0,0,0,0,0,15,8282,175,3,2,8,7,3,46,75
Sean Kuraly,BOS,C,2017-04-06,false,OTT,0,1,-1,2,0,0,0,0,0,0,11,4416,115,9,1,4,0,2,1,2
Chris Kunitz,PIT,L,2016-10-27,false,NYI,0,3,2,10,0,0,0,0,0,0,17,7878,188,31,2,4,5,5,2,3
Dmitry Kulikov,BUF,D,2016-11-01,false,MIN,0,0,-1,6,0,0,0,0,0,0,4,10832,246,11,3,7,4,2,0,0
Nikolay Kulemin,NYI,L,2016-11-01,false,TBL,0,3,0,6,0,0,0,0,0,0,6,6417,171,6,5,4,1,2,4,2
Brett Kulak,CGY,D,2016-11-12,false,NYR,0,3,3,8,0,0,0,0,0,0,7,7760,189,3,7,6,2,0,0,0
Tom Kuhnhackl,PIT,R,2016-10-27,false,NYI,0,1,0,2,0,0,0,0,0,0,5,4216,108,15,4,2,0,0,0,1
Nikita Kucherov,TBL,R,2016-10-30,false,NYR,1,7,2,0,0,3,0,0,0,0,17,7489,155,0,3,10,4,6,0,0
Marcus Kruger,CHI,C,2016-10-28,false,NJD,1,1,2,4,0,0,0,0,0,0,5,5867,165,6,2,4,2,3,46,49
Torey Krug,BOS,D,2016-10-29,false,DET,0,0,-4,4,0,0,0,0,0,0,22,10151,210,9,9,4,7,2,0,0
Niklas Kronwall,DET,D,2016-11-23,false,BUF,0,1,-3,4,0,0,0,0,0,0,11,9178,205,9,13,4,1,0,0,0
David Krejci,BOS,C,2016-10-29,false,DET,0,3,-4,4,0,1,0,0,0,0,8,8325,166,6,6,7,7,6,61,53
Chris Kreider,NYR,L,2016-11-05,false,BOS,3,6,-2,4,1,2,0,0,0,0,30,7869,179,22,5,8,4,4,0,0
Lauri Korpikoski,DAL,L,2016-10-29,false,MIN,1,1,3,2,0,0,0,0,0,0,16,6115,163,5,5,2,2,3,0,2
Anze Kopitar,LAK,C,2016-10-29,false,STL,2,4,0,2,0,1,0,1,0,0,22,10785,207,8,9,15,6,4,103,102
Travis Konecny,PHI,C,2016-10-27,false,ARI,1,6,1,6,1,0,0,0,0,0,18,7412,165,8,4,12,3,4,0,0
Leo Komarov,TOR,C,2016-10-29,false,MTL,0,2,-2,2,0,1,0,0,0,0,9,8395,196,28,9,4,0,2,8,4
Mikko Koivu,MIN,C,2016-10-27,false,BUF,2,2,2,2,0,1,0,0,1,0,14,9629,215,4,13,3,4,2,94,86
Slater Koekkoek,TBL,D,2016-11-15,false,DET,0,3,4,4,0,0,0,0,0,0,6,6472,148,10,7,5,0,1,0,0
John Klingberg,DAL,D,2016-10-29,false,MIN,0,3,-3,6,0,3,0,0,0,0,10,11273,222,4,15,7,9,0,0,0
Kevin Klein,NYR,D,2016-11-03,false,EDM,0,0,0,0,0,0,0,0,0,0,10,9151,202,12,20,3,3,3,0,0
Oscar Klefbom,EDM,D,2016-10-28,false,VAN,0,2,7,0,0,0,0,0,0,0,12,9972,216,4,15,5,9,2,0,0
Dwight King,LAK,L,2016-10-29,false,STL,0,1,0,2,0,0,0,0,0,0,11,7687,162,17,2,4,3,2,2,2
Jakub Kindl,FLA,D,2016-12-03,false,OTT,0,1,-5,8,0,0,0,0,0,0,4,7493,153,17,9,3,5,2,0,0
Alex Killorn,TBL,L,2016-10-29,false,NJD,6,1,-1,0,1,1,0,0,1,0,16,8388,175,17,2,4,7,2,0,1
Jujhar Khaira,EDM,L,2017-03-04,false,DET,1,0,1,2,0,0,0,0,1,0,9,4307,109,15,3,5,2,1,6,12
Phil Kessel,PIT,R,2016-10-27,false,NYI,3,4,-3,2,3,3,0,0,1,0,18,8928,204,2,3,9,2,1,0,0
Ryan Kesler,ANA,C,2016-10-26,false,NSH,1,3,3,9,1,1,0,0,0,0,16,10504,224,15,7,9,5,2,102,71
Tanner Kero,CHI,C,2017-01-08,false,NSH,0,1,2,0,0,0,0,0,0,0,5,6536,161,11,10,2,2,2,37,47
Michal Kempny,CHI,D,2016-10-30,false,LAK,0,0,3,6,0,0,0,0,0,0,5,7760,180,12,7,7,5,1,0,0
Adrian Kempe,LAK,L,2017-03-02,false,TOR,0,2,-3,4,0,1,0,0,0,0,12,5891,129,11,1,5,1,0,1,3
Chris Kelly,OTT,C,2016-10-30,false,EDM,1,2,1,2,0,0,0,0,0,0,13,6677,166,4,5,5,1,1,36,42
Duncan Keith,CHI,D,2016-10-28,false,NJD,0,7,5,2,0,2,0,0,0,0,20,12285,244,2,8,7,3,2,0,0
Zack Kassian,EDM,R,2016-10-28,false,VAN,2,2,1,7,0,0,0,0,0,0,13,6327,164,18,1,1,2,5,0,0
Ondrej Kase,ANA,R,2016-12-01,false,VAN,1,2,1,0,0,0,0,0,1,0,10,6115,157,9,3,4,6,1,0,3
Melker Karlsson,SJS,C,2016-10-27,false,CBJ,1,0,-1,2,0,0,0,0,0,0,7,5850,143,5,7,6,2,2,0,2
William Karlsson,CBJ,C,2016-11-01,false,DAL,1,1,0,2,0,0,0,0,1,0,12,6768,170,5,2,7,3,1,48,55
Erik Karlsson,OTT,D,2016-10-30,false,EDM,3,5,5,2,1,1,0,1,0,0,18,12468,263,4,19,13,11,6,0,0
Kasperi Kapanen,TOR,R,2017-04-09,false,CBJ,1,0,-2,0,0,0,0,0,0,0,11,5134,137,6,2,3,4,2,0,0
Evander Kane,BUF,L,2016-11-21,false,CGY,0,2,-7,10,0,2,0,0,0,0,17,8743,180,18,4,6,5,6,11,13
Patrick Kane,CHI,R,2016-10-28,false,NJD,2,7,7,6,0,2,0,0,0,0,27,11086,198,4,1,9,2,1,1,10
Steven Kampfer,NYR,D,2017-03-17,false,FLA,1,1,-2,6,0,0,0,0,0,0,5,6258,155,17,9,4,3,1,0,0
Sergey Kalinin,NJD,C,2016-11-11,false,BUF,0,1,-2,7,0,0,0,0,0,0,5,5808,140,11,4,1,1,2,1,2
Nazem Kadri,TOR,C,2016-10-29,false,MTL,3,3,-2,11,2,2,0,0,0,0,13,7425,174,13,5,6,5,9,52,65
Tomas Jurco,DET,L,2016-12-13,false,ARI,0,0,-3,2,0,0,0,0,0,0,6,4797,121,4,1,7,1,0,0,0
Roman Josi,NSH,D,2016-10-29,false,SJS,1,4,-6,4,1,3,0,0,0,0,24,11736,226,5,10,3,4,1,0,0
Jacob Josefson,NJD,C,2016-11-15,false,DAL,0,2,0,4,0,1,0,0,0,0,9,5878,131,8,2,4,3,1,27,17
Josh Jooris,NYR,R,2016-11-23,false,PIT,1,0,1,2,0,0,0,0,0,0,7,4149,110,14,4,4,1,2,21,18
Seth Jones,CBJ,D,2016-11-01,false,DAL,2,2,0,0,0,0,0,0,1,1,14,11656,246,9,19,4,5,4,0,0
Jyrki Jokipakka,CGY,D,2016-10-30,false,WSH,1,3,2,4,0,0,0,0,0,0,4,7391,186,2,6,3,5,1,0,0
Jussi Jokinen,FLA,L,2016-11-19,false,OTT,1,3,1,8,0,0,0,0,1,0,12,8716,181,3,5,4,6,3,6,5
Erik Johnson,COL,D,2016-11-01,false,NSH,0,4,-3,0,0,2,0,0,0,0,22,11116,252,24,19,6,3,4,0,0
Tyler Johnson,TBL,C,2016-10-29,false,NJD,2,2,-5,2,1,1,0,0,0,0,11,8654,179,7,4,6,1,6,74,59
Jack Johnson,CBJ,D,2016-11-01,false,DAL,0,0,1,4,0,0,0,0,0,0,10,10598,223,14,18,4,1,1,0,0
Stephen Johns,DAL,D,2016-11-03,false,STL,2,1,-1,4,0,0,0,0,1,0,12,9316,215,22,14,7,5,3,0,0
Marcus Johansson,WSH,L,2016-10-30,false,CGY,5,4,4,0,2,2,0,0,2,0,15,8228,163,4,0,2,2,6,1,2
Ryan Johansen,NSH,C,2016-10-29,false,SJS,0,4,-2,6,0,4,0,0,0,0,11,8055,179,11,4,8,4,1,67,61
Nick Jensen,DET,D,2017-01-07,false,SJS,0,3,0,2,0,0,0,0,0,0,12,7826,186,8,9,6,4,1,0,0
Boone Jenner,CBJ,C,2016-11-01,false,DAL,0,1,-8,4,0,0,0,0,0,0,16,6900,152,20,8,6,1,2,8,5
Dmitrij Jaskin,STL,R,2016-11-01,false,NYR,0,1,1,2,0,0,0,0,0,0,7,4788,117,9,2,4,2,3,3,4
Calle Jarnkrok,NSH,C,2016-10-29,false,SJS,1,0,-1,2,0,0,0,0,0,0,10,6611,169,4,3,5,4,4,23,30
Jaromir Jagr,FLA,R,2016-10-29,false,BUF,1,3,1,6,1,1,0,0,0,0,24,8644,173,0,2,10,8,6,0,0
Matt Irwin,NSH,D,2016-11-12,false,ANA,3,2,6,0,0,0,0,0,1,0,9,5931,142,15,12,2,3,1,0,0
Jarome Iginla,COL,R,2016-11-01,false,NSH,2,0,-1,25,1,0,0,0,0,0,16,7309,161,14,1,3,7,4,1,1
Zach Hyman,TOR,C,2016-10-29,false,MTL,0,1,0,6,0,0,0,0,0,0,19,7776,179,8,8,6,0,3,6,8
Ben Hutton,VAN,D,2016-10-28,false,EDM,1,0,1,6,0,0,0,0,0,0,12,10231,208,7,11,7,7,3,0,0
Matt Hunwick,TOR,D,2016-11-15,false,NSH,0,3,-1,0,0,0,0,0,0,0,9,8382,198,20,8,2,2,2,0,0
Brad Hunt,STL,D,2017-01-07,false,DAL,1,4,-2,2,1,1,0,0,0,0,10,6592,173,0,1,6,1,2,0,0
Jiri Hudler,DAL,R,2016-12-17,false,PHI,0,1,-2,2,0,0,0,0,0,0,3,6705,164,3,1,5,2,3,1,2
Jonathan Huberdeau,FLA,L,2017-02-22,false,EDM,4,4,5,2,0,1,0,0,2,1,25,8404,186,9,0,8,7,2,2,3
Marek Hrivik,NYR,L,2016-12-18,false,NJD,0,0,0,0,0,0,0,0,0,0,10,5286,123,10,3,6,2,2,9,10
Marian Hossa,CHI,R,2016-10-30,false,LAK,3,4,0,0,3,2,0,0,0,0,24,7711,191,1,3,9,0,4,2,0
Bo Horvat,VAN,C,2016-10-28,false,EDM,3,0,-2,0,0,0,1,0,0,0,9,7996,185,8,1,7,0,4,62,72
Patric Hornqvist,PIT,R,2016-10-27,false,NYI,3,3,0,2,3,1,0,0,1,0,27,7384,182,25,8,7,1,5,1,4
Julius Honka,DAL,D,2016-12-06,false,CGY,0,3,-7,2,0,1,0,0,0,0,21,8197,170,2,4,4,3,1,0,0
Korbinian Holzer,ANA,D,2016-11-26,false,SJS,0,2,0,4,0,0,0,0,0,0,5,6928,153,16,12,3,2,0,0,0
Peter Holland,TOR,C,2016-11-26,false,WSH,0,1,-2,4,0,0,0,0,0,0,13,5145,115,3,1,2,3,2,26,30
Nick Holden,NYR,D,2016-10-28,false,CAR,0,2,5,0,0,0,0,0,0,0,4,9482,223,13,12,7,8,3,0,0
Mike Hoffman,OTT,L,2016-10-30,false,EDM,1,4,-2,6,0,2,0,0,1,0,30,7925,166,4,2,9,1,7,1,2
Joshua Ho-Sang,NYI,R,2017-03-14,false,CAR,3,3,-4,2,1,0,0,0,0,0,10,7682,155,3,2,3,4,2,0,1
Niklas Hjalmarsson,CHI,D,2016-10-30,false,LAK,1,1,1,2,0,0,0,0,0,0,7,10089,227,2,12,0,7,2,0,0
Vinnie Hinostroza,CHI,L,2016-11-13,false,MTL,0,0,-1,0,0,0,0,0,0,0,6,4867,112,5,6,1,3,6,4,4
Thomas Hickey,NYI,D,2016-10-27,false,PIT,1,1,1,2,0,0,0,0,0,0,8,8392,173,9,11,2,2,0,0,0
Tomas Hertl,SJS,C,2016-10-27,false,CBJ,4,1,1,8,1,0,0,0,1,0,19,8017,178,14,1,5,3,5,19,24
Adam Henrique,NJD,C,2016-10-29,false,TBL,2,2,3,4,0,0,0,0,0,0,12,9180,191,8,7,3,3,7,57,58
Matt Hendricks,EDM,L,2016-12-09,false,MIN,0,1,-5,6,0,0,0,0,0,0,7,5518,139,15,9,3,1,1,18,22
Ales Hemsky,DAL,R,2017-03-16,false,VAN,1,2,-3,0,0,1,0,0,0,0,15,6675,176,0,3,7,3,3,0,0
Darren Helm,DET,C,2016-10-27,false,STL,4,3,10,2,2,0,0,1,1,0,14,7477,182,5,2,3,3,5,44,42
Seth Helgeson,NJD,D,2017-02-06,false,BUF,1,0,2,10,0,0,0,0,0,0,3,6468,154,14,10,5,0,0,0,0
Victor Hedman,TBL,D,2016-10-29,false,NJD,1,4,4,0,0,2,0,0,1,0,10,11587,227,12,15,9,6,5,0,0
Kevin Hayes,NYR,C,2016-10-28,false,CAR,2,1,2,0,0,0,0,0,0,0,11,7767,177,5,6,3,9,8,43,43
Jimmy Hayes,BOS,R,2016-10-29,false,DET,0,0,-7,0,0,0,0,0,0,0,14,5466,120,16,1,4,2,2,1,1
John Hayden,CHI,L,2017-03-29,false,PIT,1,2,3,2,0,0,0,0,0,0,20,6112,147,33,1,3,1,4,0,0
Erik Haula,MIN,L,2016-11-15,false,CGY,1,2,3,4,0,0,0,0,0,0,18,7259,172,1,3,3,4,4,43,49
Garnet Hathaway,CGY,R,2016-11-27,false,PHI,1,0,-2,9,0,0,0,0,0,0,4,4375,106,17,5,2,0,1,7,7
Scott Hartnell,CBJ,L,2016-11-01,false,DAL,2,3,3,2,0,0,0,0,0,0,7,6027,145,10,4,5,6,2,0,0
Ryan Hartman,CHI,L,2016-11-05,false,DAL,2,1,0,0,0,0,0,0,0,0,12,4701,111,13,5,5,1,1,1,2
Scott Harrington,CBJ,D,2017-01-26,false,NSH,1,2,4,2,0,0,0,0,0,0,3,5957,140,6,9,3,2,1,0,0
Martin Hanzal,ARI,C,2016-10-29,false,COL,2,2,-2,2,0,0,0,0,0,0,26,9325,194,18,8,6,5,3,109,62
Jannik Hansen,VAN,R,2016-10-28,false,EDM,1,2,-1,2,0,0,0,0,0,0,11,8108,186,7,1,6,2,5,0,0
Markus Hannikainen,CBJ,L,2017-02-25,false,NYI,1,1,1,2,0,0,0,0,0,0,7,4473,111,14,4,3,0,0,0,0
Noah Hanifin,CAR,D,2016-10-30,false,PHI,0,6,-6,6,0,3,0,0,0,0,13,8067,175,6,3,5,6,2,0,0
Travis Hamonic,NYI,D,2016-10-27,false,PIT,1,3,-7,16,0,1,0,0,0,0,11,10395,201,11,13,11,4,3,0,0
Dougie Hamilton,CGY,D,2016-10-25,false,STL,0,3,-2,12,0,1,0,0,0,0,22,9167,218,13,4,3,6,3,0,0
Freddie Hamilton,CGY,C,2016-11-16,false,ARI,0,0,0,0,0,0,0,0,0,0,9,4749,110,17,0,5,0,2,21,13
Dan Hamhuis,DAL,D,2016-11-01,false,CBJ,0,2,0,4,0,0,0,0,0,0,12,10099,219,9,13,2,2,2,0,0
Taylor Hall,NJD,L,2016-10-29,false,TBL,5,2,-1,2,3,1,0,0,2,1,31,9561,188,11,4,6,3,6,1,1
Micheal Haley,SJS,C,2016-11-19,false,ARI,0,2,-1,32,0,0,0,0,0,0,3,3401,92,23,4,2,3,1,0,0
Ron Hainsey,CAR,D,2016-10-30,false,PHI,0,2,-1,4,0,0,0,0,0,0,8,9848,212,9,5,6,1,1,0,0
Carl Hagelin,PIT,L,2016-10-27,false,NYI,1,0,-3,0,0,0,0,0,0,0,11,7741,190,6,1,4,5,2,0,1
Carl Gunnarsson,STL,D,2016-11-05,false,CBJ,0,0,-2,2,0,0,0,0,0,0,7,5697,140,4,9,3,0,0,0,0
Jake Guentzel,PIT,C,2017-01-20,false,CAR,4,3,4,2,0,0,0,0,0,0,9,6544,152,27,4,5,0,2,2,3
Radko Gudas,PHI,D,2016-11-08,false,DET,1,3,-2,2,0,1,0,0,0,0,12,9769,203,31,22,17,3,2,0,0
Eric Gryba,EDM,D,2016-11-05,false,NYI,0,0,1,10,0,0,0,0,0,0,8,8307,177,28,9,1,2,2,0,0
Mikhail Grigorenko,COL,C,2016-11-01,false,NSH,0,4,0,6,0,2,0,0,0,0,14,7151,156,4,1,4,2,4,5,4
Seth Griffith,FLA,C,2016-11-27,false,CAR,0,1,1,0,0,0,0,0,0,0,6,4913,109,8,2,5,3,0,0,3
Andy Greene,NJD,D,2016-10-29,false,TBL,0,1,-1,0,0,0,0,0,0,0,10,10557,212,10,19,3,4,1,0,0
Matt Greene,LAK,D,2016-11-10,false,MTL,1,1,1,6,0,0,0,0,0,0,5,6301,167,33,8,2,5,1,0,0
Mike Green,DET,D,2016-10-27,false,STL,3,4,4,8,1,1,0,0,0,0,9,11521,229,11,11,7,5,6,0,0
Kevin Gravel,LAK,D,2016-11-17,false,EDM,0,1,3,4,0,0,0,0,0,0,8,7158,171,15,11,4,5,0,0,0
Tyler Graovac,MIN,C,2016-11-17,false,BOS,1,0,0,0,0,0,0,0,0,0,6,4496,115,10,0,4,0,2,32,30
Derek Grant,BUF,C,2016-10-30,false,WPG,0,0,-3,2,0,0,0,0,0,0,5,5849,146,7,5,3,2,3,44,34
Mikael Granlund,MIN,C,2016-10-27,false,BUF,0,3,1,0,0,1,0,0,0,0,10,9026,191,6,3,12,3,2,3,4
Markus Granlund,VAN,C,2016-10-28,false,EDM,2,1,0,4,0,0,0,0,0,0,11,7786,181,6,2,5,2,7,8,9
Petter Granberg,NSH,D,2016-12-30,false,STL,0,0,-1,8,0,0,0,0,0,0,0,4256,98,13,7,1,1,0,0,0
Michael Grabner,NYR,R,2016-10-28,false,CAR,2,1,2,0,0,0,0,0,0,0,11,5670,151,6,5,4,5,5,2,1
Yanni Gourde,TBL,C,2017-03-16,false,TOR,1,1,-2,2,0,0,1,0,0,0,9,6891,153,4,2,5,3,8,8,13
Shayne Gostisbehere,PHI,D,2016-10-27,false,ARI,1,4,-4,4,0,2,0,0,1,0,23,10408,218,6,11,12,11,2,0,0
Josh Gorges,BUF,D,2016-10-30,false,WPG,0,0,-2,8,0,0,0,0,0,0,3,9306,220,17,14,3,3,0,0,0
Boyd Gordon,PHI,C,2016-10-29,false,PIT,1,0,-1,2,0,0,0,0,0,0,6,4085,121,3,3,1,0,1,33,30
Cody Goloubef,COL,D,2017-01-02,false,VAN,0,2,-7,13,0,0,0,0,0,0,3,7746,181,7,13,0,1,2,0,0
Alex Goligoski,ARI,D,2016-10-29,false,COL,0,4,-8,2,0,2,0,0,0,0,10,11337,221,8,12,4,5,0,0,0
Nikolay Goldobin,VAN,R,2017-03-26,false,WPG,1,0,2,0,0,0,0,0,1,0,10,4931,121,1,3,3,1,3,0,0
Luke Glendening,DET,C,2016-10-27,false,STL,0,4,3,2,0,1,0,0,0,0,12,6785,166,19,11,7,0,4,45,43
Tanner Glass,NYR,L,2017-04-02,false,PHI,1,1,0,12,0,0,0,0,0,0,6,4898,127,25,3,4,0,2,1,0
Claude Giroux,PHI,C,2016-10-27,false,ARI,0,9,-6,2,0,6,0,0,0,0,20,9994,210,7,1,9,0,3,95,88
Zemgus Girgensons,BUF,C,2016-10-30,false,WPG,1,2,-2,0,0,0,0,0,0,0,12,5859,143,10,3,4,0,0,35,32
Dan Girardi,NYR,D,2016-11-03,false,EDM,2,2,6,2,0,0,0,0,2,0,12,8144,192,17,13,4,6,1,0,0
Mark Giordano,CGY,D,2016-10-25,false,STL,1,4,1,16,0,1,0,1,0,0,20,12398,252,3,22,7,3,8,0,0
Brian Gionta,BUF,R,2016-10-30,false,WPG,3,2,3,4,0,0,0,0,1,0,20,8093,171,5,2,7,4,1,6,4
Stephen Gionta,NYI,R,2017-02-18,false,NJD,0,3,1,0,0,0,0,0,0,0,4,5290,128,17,3,0,2,0,1,1
Tom Gilbert,LAK,D,2016-11-01,false,ANA,0,3,-2,2,0,1,0,0,0,0,4,7926,183,5,9,3,2,1,0,0
Ryan Getzlaf,ANA,C,2016-10-28,false,CBJ,1,7,-1,6,0,2,0,0,0,0,24,8912,193,6,5,10,4,5,64,48
Eric Gelinas,COL,D,2016-12-03,false,DAL,0,1,-1,6,0,0,0,0,0,0,11,5965,143,4,3,6,2,0,0,0
Luke Gazdic,NJD,L,2017-01-07,false,EDM,0,0,-2,12,0,0,0,0,0,0,3,3491,81,13,4,0,0,1,0,0
Frederik Gauthier,TOR,C,2017-01-06,false,NJD,2,1,3,4,0,0,0,0,0,0,5,4592,139,7,8,1,1,1,49,52
Brendan Gaunce,VAN,C,2016-10-28,false,EDM,0,1,0,4,0,0,0,0,0,0,6,4607,122,4,2,1,1,2,19,26
Cameron Gaunce,PIT,D,2017-03-24,false,NYI,1,3,2,8,0,0,0,0,0,0,8,5505,131,12,5,5,0,2,0,0
Johnny Gaudreau,CGY,L,2016-10-25,false,STL,2,3,-6,0,0,1,0,0,0,0,26,9206,195,2,3,8,8,0,0,0
Frederick Gaudreau,NSH,C,2016-12-10,false,ARI,0,1,0,0,0,0,0,0,0,0,8,4185,107,0,4,1,1,1,4,8
Jason Garrison,TBL,D,2016-10-29,false,NJD,0,2,-5,4,0,0,0,0,0,0,14,8564,197,8,12,10,9,4,0,0
Jake Gardiner,TOR,D,2016-10-29,false,MTL,0,5,1,2,0,1,0,0,0,0,10,8836,196,12,7,3,8,2,0,0
Brendan Gallagher,MTL,R,2016-10-27,false,TBL,4,3,6,6,1,0,0,0,1,0,28,7324,174,7,1,7,2,3,15,21
Alex Galchenyuk,MTL,C,2016-10-27,false,TBL,2,4,6,6,1,1,0,0,0,0,12,7704,173,1,3,7,5,3,23,55
Sam Gagner,CBJ,C,2016-11-04,false,MTL,3,2,3,0,2,2,0,0,1,0,18,6628,142,2,2,7,2,1,20,24
Kurtis Gabriel,MIN,R,2016-12-20,false,COL,0,1,0,24,0,0,0,0,0,0,2,2948,81,16,1,2,2,0,0,0
Marian Gaborik,LAK,R,2016-12-15,false,DET,1,3,1,2,1,1,0,0,0,0,20,7150,156,3,2,11,2,1,0,1
Michael Frolik,CGY,R,2016-10-25,false,STL,3,1,-2,4,0,0,1,0,0,0,15,7358,176,6,7,5,3,3,4,1
Cody Franson,BUF,D,2016-10-30,false,WPG,0,3,2,2,0,0,0,0,0,0,11,7018,168,3,4,3,3,0,0,0
Cam Fowler,ANA,D,2016-10-26,false,NSH,3,4,1,2,2,3,0,0,0,0,17,11688,233,5,8,4,5,2,0,0
Gustav Forsling,CHI,D,2016-11-01,false,CGY,0,1,0,0,0,0,0,0,0,0,9,7791,156,6,4,3,6,0,0,0
Filip Forsberg,NSH,L,2016-10-29,false,SJS,0,5,-5,4,0,3,0,0,0,0,16,9362,209,15,3,8,2,9,3,6
Derek Forbort,LAK,D,2016-10-29,false,STL,0,0,-3,9,0,0,0,0,0,0,5,6034,140,15,13,2,4,2,0,0
Christian Folin,MIN,D,2016-10-29,false,DAL,0,1,9,8,0,0,0,0,0,0,4,8439,195,18,11,0,2,4,0,0
Marcus Foligno,BUF,L,2016-10-30,false,WPG,1,2,1,6,0,0,0,0,0,0,9,7860,185,22,5,6,6,6,0,1
Nick Foligno,CBJ,L,2016-11-01,false,DAL,2,7,3,9,1,3,0,0,0,0,12,8199,184,12,4,9,2,3,7,7
Brian Flynn,MTL,C,2016-11-02,false,VAN,0,2,1,2,0,0,0,0,0,0,9,5899,158,7,6,6,4,3,7,10
Mike Fisher,NSH,C,2016-11-01,false,COL,3,2,-5,2,3,2,0,0,1,0,16,8167,183,25,8,4,0,1,79,68
Valtteri Filppula,TBL,C,2016-10-29,false,NJD,3,2,3,4,0,0,0,0,1,0,8,8426,171,4,3,1,2,3,58,84
Vernon Fiddler,NJD,C,2016-10-29,false,TBL,0,0,0,11,0,0,0,0,0,0,10,6313,156,5,3,2,6,2,56,49
Kevin Fiala,NSH,L,2016-10-29,false,SJS,2,0,-1,0,0,0,0,0,1,0,15,5938,149,6,0,1,5,3,0,0
Micheal Ferland,CGY,L,2016-10-25,false,STL,2,2,1,0,0,1,0,0,0,0,11,5275,126,16,2,5,5,2,0,0
Eric Fehr,PIT,C,2016-10-27,false,NYI,1,0,-3,2,0,0,0,0,1,0,10,5649,142,9,6,3,0,4,19,17
Taylor Fedun,BUF,D,2016-12-03,false,BOS,0,4,1,2,0,3,0,0,0,0,9,7255,165,1,5,3,3,1,0,0
Justin Faulk,CAR,D,2016-10-30,false,PHI,3,3,-4,6,1,2,0,0,0,0,17,11567,226,8,8,12,8,6,0,0
Jesper Fast,NYR,R,2016-10-28,false,CAR,0,4,5,4,0,0,0,0,0,0,4,6339,162,13,3,4,2,5,3,2
Hudson Fasching,BUF,R,2017-03-17,false,ANA,0,0,-2,2,0,0,0,0,0,0,5,4773,111,13,2,1,1,1,0,0
Justin Falk,BUF,D,2016-11-25,false,WSH,0,0,-2,2,0,0,0,0,0,0,6,6194,160,15,3,1,2,1,0,0
Radek Faksa,DAL,C,2016-10-29,false,MIN,1,1,0,6,0,0,0,0,0,0,10,7797,202,8,5,7,4,4,57,58
Robby Fabbri,STL,C,2016-10-27,false,DET,0,3,-4,6,0,1,0,0,0,0,11,8186,183,8,6,4,4,3,1,0
Adam Erne,TBL,L,2017-03-04,false,BUF,1,0,-2,2,0,0,0,0,0,0,12,6049,145,22,2,8,2,2,0,1
Joel Eriksson Ek,MIN,C,2016-11-10,false,PIT,2,3,3,2,0,0,0,0,1,0,7,5093,136,13,4,3,1,1,21,35
Loui Eriksson,VAN,L,2016-10-28,false,EDM,0,4,-2,0,0,1,0,1,0,0,12,9536,194,0,3,6,1,3,0,0
Jonathan Ericsson,DET,D,2016-10-27,false,STL,0,2,3,28,0,0,0,0,0,0,7,8417,203,7,10,3,1,0,0,0
Toby Enstrom,WPG,D,2016-10-28,false,COL,0,2,1,6,0,1,0,0,0,0,10,10936,235,2,9,4,3,1,0,0
Tyler Ennis,BUF,L,2016-10-30,false,WPG,1,1,-4,0,0,0,0,0,0,0,23,6939,149,4,2,4,0,2,0,2
Deryk Engelland,CGY,D,2016-10-25,false,STL,1,1,3,7,0,0,0,0,1,0,12,9307,217,6,20,5,5,1,0,0
Alexei Emelin,MTL,D,2016-10-27,false,TBL,1,2,4,6,0,0,0,0,0,0,7,9822,206,33,11,2,11,0,0,0
Ryan Ellis,NSH,D,2016-10-29,false,SJS,0,3,0,2,0,2,0,0,0,0,12,11366,224,16,16,5,2,0,0,0
Lars Eller,WSH,C,2016-10-30,false,CGY,1,0,1,10,0,0,0,0,0,0,15,7308,162,4,0,4,2,5,42,51
Remi Elie,DAL,L,2017-03-20,false,SJS,1,2,-1,4,0,0,0,0,0,0,7,7631,182,20,8,2,7,4,1,0
Oliver Ekman-Larsson,ARI,D,2016-10-29,false,COL,5,1,-1,4,2,0,0,0,1,1,22,12488,217,13,8,9,6,2,0,0
Mattias Ekholm,NSH,D,2016-10-29,false,SJS,0,1,-1,2,0,0,0,0,0,0,12,11246,225,8,11,7,7,4,0,0
Aaron Ekblad,FLA,D,2016-10-29,false,BUF,1,0,-3,2,1,0,0,0,0,0,26,11422,192,19,10,9,1,4,0,0
Jack Eichel,BUF,C,2016-12-16,false,NYI,5,3,3,2,2,2,0,0,2,0,29,9003,169,2,7,8,5,2,39,50
Nikolaj Ehlers,WPG,L,2016-10-28,false,COL,1,2,-1,4,0,1,0,0,0,0,14,8067,160,5,2,10,2,2,0,1
Joel Edmundson,STL,D,2016-10-27,false,DET,0,1,0,2,0,0,0,0,0,0,5,7735,198,17,8,2,2,2,0,0
Alexander Edler,VAN,D,2016-10-28,false,EDM,1,0,-3,4,1,0,0,0,0,0,19,11727,239,13,27,4,5,2,0,0
Jordan Eberle,EDM,C,2016-10-28,false,VAN,3,3,2,2,1,0,0,0,0,0,25,8747,193,2,4,6,0,2,0,1
Patrick Eaves,DAL,R,2016-11-01,false,CBJ,1,3,-2,0,1,1,0,0,0,0,19,7934,184,13,2,8,0,0,0,0
Cody Eakin,DAL,C,2016-12-01,false,PIT,0,1,-6,0,0,0,0,0,0,0,9,7811,192,4,5,3,2,1,58,68
Ryan Dzingel,OTT,L,2016-10-30,false,EDM,4,3,4,0,0,1,1,0,1,0,12,5716,139,5,7,2,1,2,0,2
Christian Dvorak,ARI,C,2016-11-03,false,NSH,1,3,2,2,0,1,0,0,0,0,4,6693,134,6,9,3,2,0,38,42
Brian Dumoulin,PIT,D,2016-10-27,false,NYI,0,0,-3,4,0,0,0,0,0,0,12,10318,232,15,11,4,5,1,0,0
Gabriel Dumont,TBL,C,2017-01-26,false,FLA,0,1,-2,5,0,0,0,0,0,0,15,4786,119,20,3,2,2,0,21,14
Matt Dumba,MIN,D,2016-10-27,false,BUF,1,3,2,2,1,1,0,0,0,0,16,10890,207,14,9,5,3,3,0,0
Anthony Duclair,ARI,L,2016-10-29,false,COL,0,1,-1,0,0,0,0,0,0,0,12,6587,143,1,1,4,4,2,0,0
Matt Duchene,COL,C,2016-11-01,false,NSH,5,3,3,2,0,1,0,0,2,0,19,8477,184,3,7,5,5,3,43,27
Brandon Dubinsky,CBJ,C,2016-11-01,false,DAL,0,1,-8,13,0,0,0,0,0,0,11,8017,192,23,4,8,5,2,71,72
Jonathan Drouin,TBL,L,2016-10-29,false,NJD,2,3,-3,2,2,1,0,0,0,0,25,8957,175,6,6,7,8,4,16,19
Leon Draisaitl,EDM,C,2016-10-28,false,VAN,2,4,-1,0,1,1,0,0,0,0,20,7667,169,3,4,4,6,6,52,49
Justin Dowling,DAL,C,2017-04-04,false,ARI,0,2,0,2,0,1,0,0,0,0,11,5575,142,1,0,3,1,3,37,30
Nic Dowd,LAK,C,2016-11-01,false,ANA,1,3,-2,2,1,1,0,0,0,0,9,6310,150,25,3,6,2,0,38,46
Drew Doughty,LAK,D,2016-10-29,false,STL,2,2,1,6,0,1,0,0,0,0,24,13337,263,14,16,8,8,0,1,0
Jake Dotchin,TBL,D,2017-02-10,false,MIN,0,1,3,8,0,0,0,0,0,0,9,7868,177,25,6,7,5,0,0,0
Joonas Donskoi,SJS,R,2016-10-27,false,CBJ,1,2,-2,2,1,1,0,0,0,0,13,6775,165,1,2,6,3,6,0,0
Max Domi,ARI,L,2016-10-29,false,COL,0,6,-2,6,0,1,0,0,0,0,20,8877,172,7,5,6,4,5,2,2
Shane Doan,ARI,R,2016-10-29,false,COL,1,2,-4,2,1,1,0,0,0,0,19,7460,156,16,2,5,3,1,15,9
Brenden Dillon,SJS,D,2016-10-27,false,CBJ,0,1,0,6,0,0,0,0,0,0,11,7394,171,15,5,3,0,0,0,0
Jason Dickinson,DAL,C,2017-04-04,false,ARI,1,0,-3,0,0,0,0,0,0,0,6,5503,133,4,3,5,0,3,4,9
Phillip Di Giuseppe,CAR,L,2016-11-05,false,NSH,0,0,-5,9,0,0,0,0,0,0,14,5636,128,11,2,7,1,3,0,0
Nicolas Deslauriers,BUF,L,2016-12-09,false,WSH,0,0,-3,4,0,0,0,0,0,0,6,4013,93,18,1,3,0,1,0,0
Andrew Desjardins,CHI,L,2016-12-01,false,NJD,0,0,0,4,0,0,0,0,0,0,14,5097,127,7,2,3,0,3,5,7
David Desharnais,MTL,C,2016-10-27,false,TBL,2,2,2,0,0,0,0,0,0,0,10,6494,152,0,1,0,2,3,30,25
Jason Demers,FLA,D,2016-10-29,false,BUF,0,1,-3,4,0,0,0,0,0,0,8,9532,180,3,6,12,4,7,0,0
Michael Del Zotto,PHI,D,2016-11-27,false,CGY,1,4,-1,4,0,0,0,0,0,0,18,8802,191,34,14,7,3,2,0,0
Dylan DeMelo,SJS,D,2016-12-23,false,EDM,1,1,-2,2,0,0,0,0,0,0,16,7498,176,13,10,2,4,0,0,0
Danny DeKeyser,DET,D,2016-10-27,false,STL,1,0,4,6,0,0,0,0,0,0,4,11125,237,10,23,3,5,1,0,0
Anthony DeAngelo,ARI,D,2016-11-25,false,EDM,2,4,1,2,1,2,0,0,0,0,14,9561,191,0,11,5,3,1,0,0
Jacob De La Rose,MTL,L,2017-02-04,false,WSH,0,0,-3,4,0,0,0,0,0,0,4,5173,139,21,2,3,0,3,16,14
Brandon Davidson,EDM,D,2016-12-31,false,VAN,0,1,1,4,0,0,0,0,0,0,11,7272,162,12,14,4,7,1,0,0
Laurent Dauphin,ARI,C,2016-11-03,false,NSH,1,1,-1,4,0,0,1,0,0,0,7,5375,126,11,5,0,1,5,8,11
Marko Dano,WPG,C,2016-11-15,false,CHI,3,2,1,2,2,0,0,0,0,0,11,5795,134,12,4,4,4,2,1,1
Phillip Danault,MTL,L,2016-10-27,false,TBL,2,2,3,0,0,0,0,0,0,0,10,5929,150,6,7,2,3,1,17,22
Trevor Daley,PIT,D,2016-10-27,false,NYI,1,2,-1,6,1,1,0,0,0,0,14,10335,243,4,16,8,1,6,0,0
Klas Dahlbeck,CAR,D,2016-11-10,false,ANA,1,1,-1,8,0,0,0,0,0,0,5,5887,143,12,6,3,2,3,0,0
Austin Czarnik,BOS,C,2016-11-07,false,BUF,1,1,-3,4,0,1,0,0,0,0,11,7022,162,1,5,3,3,2,4,12
Matt Cullen,PIT,C,2016-10-27,false,NYI,1,5,2,0,0,1,0,0,0,0,12,8057,203,6,2,8,4,1,86,54
Lawson Crouse,ARI,L,2016-11-04,false,ANA,1,0,-3,4,0,0,0,0,0,0,10,4994,118,17,4,2,0,0,0,0
Sidney Crosby,PIT,C,2016-11-10,false,MIN,9,2,4,0,3,1,0,0,1,0,29,8821,199,9,2,10,6,3,83,106
Joseph Cramarossa,ANA,C,2016-11-06,false,CGY,1,0,-1,20,0,0,0,0,0,0,5,5067,126,20,6,5,4,2,1,0
Adam Cracknell,DAL,R,2016-10-29,false,MIN,2,1,1,0,0,0,0,0,0,0,13,4871,127,11,3,6,3,1,14,8
Charlie Coyle,MIN,C,2016-10-27,false,BUF,3,3,1,18,1,0,0,0,1,0,17,7916,177,9,7,7,4,4,5,5
Sean Couturier,PHI,C,2016-10-27,false,ARI,3,1,0,6,0,0,0,0,1,0,12,8983,207,7,6,9,4,5,58,72
Logan Couture,SJS,C,2016-10-27,false,CBJ,2,3,-1,2,2,0,0,0,0,0,22,8554,202,0,4,4,6,1,38,67
Nick Cousins,PHI,C,2016-10-30,false,CAR,1,2,1,2,0,0,0,0,0,0,8,5135,118,9,4,0,0,1,1,9
Andrew Copp,WPG,C,2016-11-15,false,CHI,2,2,0,0,0,0,1,0,0,0,7,5893,151,11,6,3,3,4,13,31
Kyle Connor,WPG,L,2016-10-30,false,BUF,1,1,-4,2,0,1,0,0,1,0,12,6359,136,1,3,4,1,4,1,0
Brett Connolly,WSH,R,2016-11-16,false,PIT,1,0,1,4,0,0,0,0,0,0,11,4321,108,18,1,2,0,3,0,0
Kevin Connauton,ARI,D,2016-12-03,false,CBJ,0,1,-1,6,0,0,0,0,0,0,8,6371,156,17,5,7,2,1,0,0
Erik Condra,TBL,R,2017-01-08,false,PIT,0,0,-4,2,0,0,0,0,0,0,7,5021,116,3,5,3,2,3,1,0
Cory Conacher,TBL,C,2017-02-23,false,CGY,1,1,-2,4,1,0,0,0,0,0,11,5623,140,0,0,5,6,3,1,1
J.T. Compher,COL,L,2017-03-15,false,DET,1,0,-1,2,0,0,0,0,1,0,9,6349,147,3,11,3,2,2,34,34
Blake Comeau,COL,L,2016-11-01,false,NSH,1,1,-1,14,1,0,0,0,0,0,12,7152,170,16,2,2,1,1,22,20
Blake Coleman,NJD,C,2017-03-04,false,BOS,0,1,-2,4,0,0,0,0,0,0,10,5795,133,13,8,4,5,6,34,35
Ian Cole,PIT,D,2016-10-27,false,NYI,1,0,-3,6,0,0,0,0,0,0,7,9372,213,20,15,9,4,1,0,0
Joe Colborne,COL,C,2016-11-01,false,NSH,3,1,-2,4,2,0,0,0,0,0,11,6202,146,5,4,0,3,2,12,27
Andrew Cogliano,ANA,L,2016-10-26,false,NSH,4,0,3,2,0,0,2,0,0,0,15,7407,192,10,5,2,2,2,1,3
Braydon Coburn,TBL,D,2016-10-29,false,NJD,0,1,-2,6,0,0,0,0,0,0,13,7670,171,14,2,4,2,0,0,0
Cal Clutterbuck,NYI,R,2016-10-27,false,PIT,1,3,0,8,0,0,0,0,0,0,12,7537,198,32,4,3,3,1,1,1
Kyle Clifford,LAK,L,2016-10-30,false,CHI,0,0,0,11,0,0,0,0,0,0,15,4896,110,23,1,6,1,3,0,1
Adam Clendening,NYR,D,2016-12-13,false,CHI,0,3,4,4,0,1,0,0,0,0,6,7567,168,3,5,5,2,2,0,0
Fredrik Claesson,OTT,D,2017-01-07,false,WSH,0,0,-1,0,0,0,0,0,0,0,2,5014,129,10,3,1,4,0,0,0
Casey Cizikas,NYI,C,2016-10-27,false,PIT,0,3,0,4,0,0,0,0,0,0,11,7026,190,19,10,2,2,3,68,69
Jakob Chychrun,ARI,D,2016-11-01,false,SJS,1,2,2,19,0,0,0,0,0,0,8,8278,179,12,6,12,5,1,0,0
Taylor Chorney,WSH,D,2017-01-03,false,TOR,1,1,3,4,0,0,0,0,1,0,10,6383,144,12,11,5,3,2,0,0
Jason Chimera,NYI,L,2016-10-27,false,PIT,0,3,-3,6,0,0,0,0,0,0,10,6680,171,12,2,3,4,1,1,2
Alex Chiasson,CGY,R,2016-10-25,false,STL,1,0,1,8,0,0,0,0,0,0,12,5587,140,10,1,3,4,4,0,3
Ben Chiarot,WPG,D,2016-10-30,false,BUF,0,0,-4,2,0,0,0,0,0,0,3,5887,127,8,7,0,5,0,0,0
Zdeno Chara,BOS,D,2016-10-29,false,DET,1,2,6,11,0,0,0,0,0,0,14,11203,222,15,16,6,6,6,0,0
Michael Chaput,VAN,C,2016-11-23,false,ARI,0,1,-1,2,0,0,0,0,0,0,6,4857,123,11,3,0,1,1,40,23
Peter Cehlarik,BOS,L,2017-03-02,false,NYR,0,2,0,0,0,1,0,0,0,0,6,7055,155,6,4,5,8,4,2,0
Cody Ceci,OTT,D,2016-10-30,false,EDM,0,1,-4,4,0,0,0,1,0,0,12,10871,247,13,21,8,4,3,0,0
Jeff Carter,LAK,C,2016-10-29,false,STL,2,3,0,4,0,0,0,0,1,1,24,8797,189,6,5,12,6,2,73,59
William Carrier,BUF,L,2016-11-19,false,PIT,1,0,2,0,0,0,0,0,0,0,14,4134,106,29,2,3,3,1,0,1
Connor Carrick,TOR,D,2016-10-29,false,MTL,1,0,2,4,0,0,0,0,0,0,21,9224,215,10,12,4,7,1,0,0
Daniel Carr,MTL,L,2016-11-18,false,CAR,1,1,2,4,0,0,0,0,1,0,13,5164,121,11,5,4,3,2,1,1
Ryan Carpenter,SJS,C,2017-01-26,false,EDM,2,2,5,2,0,0,0,0,0,0,15,4856,131,12,2,2,2,1,27,28
John Carlson,WSH,D,2016-10-30,false,CGY,0,1,1,0,0,0,0,0,0,0,25,11420,207,3,12,12,5,4,0,0
Brandon Carlo,BOS,D,2016-10-29,false,DET,1,1,6,6,0,0,0,0,0,0,8,10770,221,9,21,9,2,1,0,0
Brian Campbell,CHI,D,2016-10-28,false,NJD,1,4,5,2,0,1,0,0,0,0,11,8658,177,11,5,2,7,0,0,0
Michael Cammalleri,NJD,L,2016-10-29,false,TBL,0,3,2,6,0,1,0,0,0,0,19,7563,162,6,1,9,6,3,2,1
Matt Calvert,CBJ,L,2016-11-01,false,DAL,1,0,-5,2,0,0,0,0,0,0,13,7647,178,12,5,5,4,6,2,3
Ryan Callahan,TBL,R,2016-11-14,false,NYI,1,1,1,17,0,0,0,0,0,0,11,6332,153,23,5,6,2,5,2,1
Drake Caggiula,EDM,L,2016-12-03,false,ANA,1,2,0,2,1,0,0,0,0,0,10,6581,148,12,1,8,2,2,15,22
Paul Byron,MTL,L,2016-10-27,false,TBL,2,3,2,2,0,0,1,0,1,0,10,6234,164,9,4,1,1,5,1,0
Dustin Byfuglien,WPG,D,2016-10-28,false,COL,0,5,0,6,0,1,0,0,0,0,18,13648,235,22,15,15,11,5,0,0
Alexandre Burrows,VAN,L,2016-11-05,false,TOR,0,0,-3,21,0,0,0,0,0,0,9,5227,147,9,1,0,1,6,0,2
Brent Burns,SJS,D,2016-10-27,false,CBJ,3,6,1,4,0,1,0,0,1,0,40,11430,218,6,23,14,16,2,0,0
Alexander Burmistrov,WPG,C,2016-10-30,false,BUF,0,1,-2,0,0,0,0,0,0,0,4,5485,121,7,2,2,4,1,18,38
Andre Burakovsky,WSH,L,2016-10-30,false,CGY,2,2,-2,0,0,0,0,0,0,0,19,7668,154,3,2,5,2,4,0,0
Pavel Buchnevich,NYR,R,2016-11-06,false,WPG,2,2,3,4,1,1,0,0,0,0,15,7158,161,3,3,8,6,4,0,1
Dustin Brown,LAK,R,2016-10-29,false,STL,1,4,-2,4,0,2,1,0,0,0,14,7901,173,17,2,7,2,5,0,0
Connor Brown,TOR,R,2016-10-29,false,MTL,1,0,-1,4,0,0,0,0,0,0,8,6113,155,10,5,4,1,0,0,0
J.T. Brown,TBL,R,2016-10-29,false,NJD,0,0,-3,6,0,0,0,0,0,0,7,4938,124,9,1,3,3,1,0,1
Patrick Brown,CAR,C,2017-03-14,false,NYI,0,0,-6,0,0,0,0,0,0,0,6,4656,110,15,4,4,2,1,0,0
Troy Brouwer,CGY,R,2016-10-25,false,STL,3,3,1,6,0,2,1,0,0,0,13,7964,188,23,6,4,2,4,7,11
Kyle Brodziak,STL,C,2016-10-29,false,LAK,0,0,-2,8,0,0,0,0,0,0,5,4195,119,9,2,2,0,2,12,24
Jonas Brodin,MIN,D,2016-10-27,false,BUF,1,3,6,6,0,0,0,0,1,0,8,8931,199,3,12,10,5,1,0,0
TJ Brodie,CGY,D,2016-10-25,false,STL,0,1,-7,2,0,1,0,0,0,0,12,11494,253,1,7,4,5,6,0,0
Justin Braun,SJS,D,2016-10-27,false,CBJ,0,0,-5,2,0,0,0,0,0,0,9,9583,202,9,19,4,4,4,0,0
Derick Brassard,OTT,C,2016-10-30,false,EDM,1,4,1,2,0,1,0,0,0,0,17,8225,179,9,0,7,3,4,61,75
Tyler Bozak,TOR,C,2016-10-29,false,MTL,3,2,1,0,0,0,0,0,1,0,15,7806,184,7,2,6,2,3,82,54
Brian Boyle,TBL,C,2016-10-29,false,NJD,1,0,0,5,0,0,0,0,0,0,12,5000,119,15,2,1,3,5,36,29
Johnny Boychuk,NYI,D,2016-10-27,false,PIT,2,2,0,0,0,1,1,0,1,0,26,9225,183,21,19,7,5,3,0,0
Jay Bouwmeester,STL,D,2016-10-27,false,DET,0,1,1,4,0,0,0,0,0,0,8,10895,241,7,13,6,5,2,0,0
Rene Bourque,COL,R,2016-11-05,false,MIN,1,1,-2,4,1,0,0,0,0,0,13,6754,151,16,6,4,1,3,0,3
Michael Bournival,TBL,L,2016-12-31,false,CAR,1,0,-1,0,0,0,0,0,0,0,11,4730,115,9,4,8,0,2,1,2
Lance Bouma,CGY,C,2016-10-25,false,STL,0,1,1,2,0,0,0,0,0,0,3,5940,149,14,6,2,1,1,0,1
Reid Boucher,NJD,C,2016-11-21,false,SJS,0,2,0,2,0,0,0,0,0,0,12,5897,120,8,7,4,0,4,0,0
Robert Bortuzzo,STL,D,2016-11-26,false,MIN,1,0,4,2,0,0,0,0,0,0,11,6856,185,19,15,4,6,1,0,0
Mark Borowiecki,OTT,D,2016-10-30,false,EDM,0,0,3,16,0,0,0,0,0,0,2,5988,162,19,12,4,0,0,0,0
Nick Bonino,PIT,C,2016-10-27,false,NYI,0,2,-5,4,0,1,0,0,0,0,13,8927,211,10,12,2,2,7,75,79
Jared Boll,ANA,R,2016-10-28,false,CBJ,0,1,-2,6,0,0,0,0,0,0,2,3152,82,9,1,0,2,1,0,1
Zach Bogosian,BUF,D,2016-10-30,false,WPG,0,0,-2,6,0,0,0,0,0,0,13,9909,228,5,15,1,5,3,0,0
Brock Boeser,VAN,R,2017-04-08,false,EDM,4,1,1,0,2,0,0,0,1,0,23,7905,168,5,0,2,3,1,0,0
Mikkel Boedker,SJS,L,2016-10-27,false,CBJ,1,0,-3,2,0,0,0,0,0,0,6,7421,180,5,3,7,5,4,2,4
Anton Blidh,BOS,L,2016-12-22,false,FLA,1,1,2,0,0,0,0,0,0,0,19,4840,107,21,0,4,2,3,0,0
Joseph Blandisi,NJD,L,2017-02-21,false,OTT,1,1,-3,7,0,1,0,0,0,0,10,5311,138,11,0,3,0,1,11,14
Nick Bjugstad,FLA,C,2016-12-06,false,PHI,0,0,-2,6,0,0,0,0,0,0,6,5997,132,12,1,1,4,3,13,16
Oliver Bjorkstrand,CBJ,R,2017-02-19,false,NSH,2,1,1,6,0,0,0,0,1,0,16,6486,152,5,2,5,2,3,1,0
Anthony Bitetto,NSH,D,2017-01-10,false,VAN,0,2,-1,7,0,0,0,0,0,0,3,4955,126,13,6,5,1,0,0,0
Kevin Bieksa,ANA,D,2016-10-26,false,NSH,0,0,2,8,0,0,0,0,0,0,21,10068,198,19,6,5,3,1,0,0
Alex Biega,VAN,D,2016-12-20,false,WPG,0,2,2,6,0,0,0,0,0,0,9,7439,175,20,8,10,0,2,0,0
Bryan Bickell,CAR,L,2017-04-04,false,MIN,1,0,-3,4,1,0,0,0,1,0,6,4830,111,13,1,5,1,3,0,2
Patrik Berglund,STL,C,2016-10-27,false,DET,1,3,2,4,0,0,0,0,0,0,13,7544,185,10,4,7,2,3,56,38
Patrice Bergeron,BOS,C,2016-11-05,false,NYR,2,2,0,2,0,0,0,0,1,0,28,9022,197,7,7,9,2,4,120,85
Matt Benning,EDM,D,2016-11-15,false,ANA,0,2,2,2,0,1,0,0,0,0,8,7668,168,7,8,8,6,0,0,0
Sam Bennett,CGY,C,2016-10-25,false,STL,2,3,0,16,1,0,0,0,0,0,15,7050,175,20,1,8,4,2,44,43
Beau Bennett,NJD,R,2016-11-03,false,FLA,0,1,-1,2,0,0,0,0,0,0,13,5619,123,6,1,2,2,4,0,1
Jamie Benn,DAL,L,2016-10-29,false,MIN,2,2,-6,11,2,1,0,0,0,0,21,9556,220,13,3,9,7,7,45,34
Jordie Benn,DAL,D,2016-11-03,false,STL,1,3,1,8,0,1,0,0,0,0,11,8855,202,8,17,5,2,0,0,0
Pierre-Edouard Bellemare,PHI,L,2016-10-27,false,ARI,0,1,1,0,0,0,0,0,0,0,7,6600,160,5,10,3,1,0,42,41
Matt Beleskey,BOS,L,2016-10-29,false,DET,0,0,-7,2,0,0,0,0,0,0,11,7545,162,19,3,10,1,2,10,17
Anthony Beauvillier,NYI,C,2016-10-30,false,TOR,1,4,5,2,0,0,0,0,0,0,8,5465,126,13,2,3,2,1,1,1
Nathan Beaulieu,MTL,D,2016-10-27,false,TBL,0,2,8,9,0,1,0,0,0,0,9,8764,186,11,12,2,12,5,0,0
Francois Beauchemin,COL,D,2016-11-01,false,NSH,0,2,4,2,0,1,0,0,0,0,6,9695,212,9,14,4,5,5,0,0
Jay Beagle,WSH,C,2016-10-30,false,CGY,0,3,4,2,0,0,0,0,0,0,12,5760,145,2,4,2,2,1,52,36
Matt Bartkowski,CGY,D,2017-03-05,false,NYI,0,1,4,2,0,0,0,0,0,0,3,6970,172,10,7,4,3,2,0,0
Tyson Barrie,COL,D,2016-11-01,false,NSH,1,4,-3,2,0,3,0,0,1,0,19,10610,211,8,5,12,4,1,0,0
Aleksander Barkov,FLA,C,2016-10-29,false,BUF,2,3,3,0,0,1,0,0,1,1,14,9348,191,2,5,6,2,5,65,51
Mark Barberio,MTL,D,2016-12-20,false,ANA,0,1,2,4,0,0,0,0,0,0,9,6352,147,2,6,2,6,0,0,0
Ivan Barbashev,STL,C,2017-02-11,false,MTL,1,0,2,2,0,0,0,0,0,0,7,4874,119,15,6,2,0,1,16,28
Nicholas Baptiste,BUF,R,2016-11-09,false,OTT,2,0,2,2,0,0,0,0,0,0,9,4238,103,5,1,3,1,0,1,1
Justin Bailey,BUF,R,2017-01-12,false,TBL,1,0,1,0,0,0,0,0,0,0,5,4812,119,11,2,3,0,1,0,0
Josh Bailey,NYI,R,2016-10-27,false,PIT,1,4,2,0,0,0,0,0,1,1,15,9413,205,2,13,4,2,5,0,2
Sven Baertschi,VAN,L,2016-10-28,false,EDM,0,1,-2,0,0,0,0,0,0,0,12,7142,160,6,3,1,3,1,1,0
Nicklas Backstrom,WSH,C,2016-10-30,false,CGY,0,5,-2,4,0,3,0,0,0,0,18,8488,184,5,1,1,6,5,73,51
Mikael Backlund,CGY,C,2016-10-25,false,STL,0,4,-2,2,0,1,0,1,0,0,16,8213,197,2,9,3,8,4,67,65
David Backes,BOS,R,2016-11-08,false,MTL,2,2,4,11,0,1,0,0,0,0,21,8838,179,33,5,5,4,2,33,38
Yohann Auvitu,NJD,D,2016-10-29,false,TBL,0,2,3,0,0,1,0,0,0,0,22,8134,172,6,2,4,3,4,0,0
Cam Atkinson,CBJ,R,2016-11-01,false,DAL,2,3,-7,2,2,3,0,0,0,0,20,8227,193,2,4,11,0,3,1,0
Andreas Athanasiou,DET,C,2016-10-30,false,FLA,2,1,1,0,0,0,0,0,0,0,13,5815,130,2,2,4,2,1,0,3
Viktor Arvidsson,NSH,L,2016-10-29,false,SJS,4,2,-3,2,1,1,1,0,0,0,24,6717,170,6,5,6,3,3,1,0
Joel Armia,WPG,R,2016-10-30,false,BUF,1,2,1,2,0,0,0,0,0,0,14,6875,156,5,2,4,6,8,2,2
Josh Archibald,PIT,R,2017-04-06,false,NJD,3,0,3,2,0,0,1,0,0,0,10,4525,113,21,1,5,0,0,0,1
Artem Anisimov,CHI,C,2016-10-28,false,NJD,5,5,6,8,0,2,0,0,2,1,15,8869,189,3,1,5,0,3,43,73
Sven Andrighetto,MTL,R,2016-12-16,false,SJS,0,2,2,0,0,0,0,0,0,0,8,4426,103,9,5,2,1,2,0,0
Andy Andreoff,LAK,L,2016-10-29,false,STL,0,0,-1,8,0,0,0,0,0,0,4,5182,115,17,3,4,4,0,7,6
Josh Anderson,CBJ,R,2016-11-01,false,DAL,2,0,3,13,0,0,0,0,1,0,14,5665,149,8,2,3,1,1,1,2
Karl Alzner,WSH,D,2016-10-30,false,CGY,1,2,5,6,0,0,0,0,0,0,12,9517,207,7,13,4,4,1,0,0
Sebastian Aho,CAR,R,2016-10-30,false,PHI,0,5,-1,2,0,3,0,0,0,0,17,7421,161,3,1,9,5,2,0,0
Noel Acciari,BOS,C,2016-10-29,false,DET,0,2,1,2,0,0,0,0,0,0,4,4837,116,18,1,3,1,3,5,7
Pontus Aberg,NSH,L,2016-11-27,false,WPG,1,1,3,2,0,0,0,0,0,0,7,5821,133,4,1,1,1,3,1,0
Justin Abdelkader,DET,L,2016-10-30,false,FLA,1,0,-2,7,1,0,0,0,0,0,12,7952,169,23,3,5,2,3,0,2
Jake Virtanen,VAN,R,2016-11-02,false,MTL,0,1,1,2,0,0,0,0,0,0,12,4901,128,13,4,4,0,4,3,0
Clayton Stoner,ANA,D,2016-11-02,false,PIT,0,2,-1,26,0,0,0,0,0,0,7,8397,190,19,8,2,2,1,0,0
Steven Stamkos,TBL,C,2016-10-29,false,NJD,5,4,0,8,1,1,0,0,1,0,31,9114,180,10,1,7,0,7,48,51
Brad Richardson,ARI,R,2016-10-29,false,COL,3,4,0,4,0,0,2,1,0,0,16,7011,165,8,4,4,1,4,57,50
Kyle Rau,FLA,C,2016-11-07,false,TBL,0,1,-1,4,0,0,0,0,0,0,5,5683,126,9,2,1,1,2,2,1
Teddy Purcell,LAK,L,2016-11-13,false,WPG,0,2,0,0,0,0,0,0,0,0,9,6436,145,7,1,2,3,0,2,0
Tyler Pitlick,EDM,R,2016-10-28,false,VAN,3,0,0,0,0,0,0,0,1,0,8,3875,103,18,2,1,2,1,1,0
Tyler Myers,WPG,D,2016-10-28,false,COL,2,0,1,6,0,0,0,0,0,0,12,11450,226,11,18,5,8,4,0,0
Taylor Leier,PHI,L,2016-12-22,false,NJD,1,1,-1,2,0,0,0,0,0,0,7,4066,101,3,0,3,0,2,0,1
Johan Larsson,BUF,C,2016-10-30,false,WPG,1,2,-2,6,0,0,0,0,1,0,6,8437,183,9,9,6,5,2,56,58
Danton Heinen,BOS,C,2016-12-10,false,TOR,0,0,-3,2,0,0,0,0,0,0,7,6352,129,6,2,4,2,5,0,0
Shane Harper,FLA,R,2016-10-29,false,BUF,2,1,1,11,0,0,0,0,0,0,9,5188,117,16,0,3,2,3,0,0
Erik Gudbranson,VAN,D,2016-10-28,false,EDM,0,1,0,7,0,0,0,0,0,0,10,9269,198,11,4,2,6,1,0,0
Ryan Garbutt,ANA,C,2016-10-26,false,NSH,1,1,0,2,0,0,0,1,1,0,7,5273,147,15,6,7,1,1,2,1
Derek Dorsett,VAN,R,2016-11-05,false,TOR,1,1,-3,33,0,0,0,0,0,0,14,4367,118,23,4,2,0,1,0,0
Zac Dalpe,MIN,C,2016-10-27,false,BUF,1,2,0,9,0,0,0,0,0,0,8,4267,114,5,4,2,0,1,27,29
Cody Bass,NSH,C,2016-11-15,false,TOR,0,0,0,19,0,0,0,0,0,0,1,3384,92,13,4,0,1,2,0,2
