James van Riemsdyk,TOR,L,2016-11-23,false,NJD,8,9,-2,8,0,3,0,0,1,0,58,18676,419,22,12,11,6,9,1,3
Trevor van Riemsdyk,CHI,D,2017-01-10,false,DET,1,3,7,6,0,0,0,0,0,0,26,22355,482,8,27,8,13,8,0,0
Calvin de Haan,NYI,D,2016-11-25,false,SJS,1,6,2,22,0,0,0,0,0,0,34,22157,430,34,50,12,15,5,0,0
Jason Zucker,MIN,L,2016-11-25,false,PIT,2,7,10,8,0,0,0,0,0,0,25,14880,355,21,8,19,5,11,1,2
Mats Zuccarello,NYR,R,2016-11-21,false,PIT,7,7,6,8,2,0,0,0,0,0,44,22474,464,23,8,9,8,19,1,1
Harry Zolnierczyk,NSH,L,2017-02-26,false,EDM,1,2,-1,10,0,0,0,0,0,0,15,10379,252,24,10,2,1,5,2,3
Mika Zibanejad,NYR,C,2017-01-17,false,DAL,7,10,2,6,0,5,0,0,0,0,54,20105,463,6,10,30,10,10,192,170
Henrik Zetterberg,DET,L,2016-11-23,false,BUF,3,9,1,2,1,2,0,0,0,0,39,23286,455,14,7,10,9,13,145,144
Travis Zajac,NJD,C,2016-11-25,false,DET,5,10,3,10,2,1,0,0,1,0,44,24124,513,26,6,7,5,9,217,201
Nikita Zaitsev,TOR,D,2016-11-23,false,NJD,0,8,-7,4,0,2,0,0,0,0,24,26534,574,48,33,13,16,9,0,0
Nikita Zadorov,COL,D,2016-11-29,false,NSH,0,3,-7,22,0,0,0,0,0,0,15,20338,484,42,25,10,7,5,0,0
Pavel Zacha,NJD,C,2016-11-25,false,DET,2,4,-8,8,1,1,0,0,0,0,22,17464,368,22,12,7,5,2,59,78
Keith Yandle,FLA,D,2016-11-22,false,PHI,1,10,2,14,1,3,0,0,0,0,52,27026,491,8,25,20,18,5,0,0
Nail Yakupov,STL,R,2016-12-17,false,CHI,3,3,-2,10,0,0,0,0,0,0,17,12328,306,16,3,10,3,7,0,0
Miles Wood,NJD,L,2017-01-03,false,CAR,4,1,-4,20,0,0,0,0,0,0,29,14186,348,25,6,18,3,6,1,0
Luke Witkowski,TBL,D,2017-03-11,false,FLA,0,3,-1,22,0,0,0,0,0,0,13,11766,279,41,10,5,5,3,0,0
Daniel Winnik,WSH,L,2016-12-13,false,NYI,4,3,7,10,0,0,0,0,1,0,17,14144,329,9,7,7,8,7,3,4
Tommy Wingels,SJS,C,2016-11-25,false,NYI,4,1,1,2,0,0,0,0,2,0,21,11247,292,30,10,6,6,0,35,41
Scott Wilson,PIT,L,2016-11-26,false,NJD,3,3,-4,2,0,0,0,0,0,0,37,15014,368,45,10,10,3,3,1,0
Colin Wilson,NSH,L,2016-11-27,false,WPG,4,5,1,8,2,0,0,0,0,0,40,18234,416,14,10,9,8,9,0,3
Tom Wilson,WSH,R,2016-11-25,false,BUF,1,0,2,16,0,0,0,0,0,0,20,15937,362,41,5,4,4,10,0,3
Justin Williams,WSH,R,2016-11-25,false,BUF,2,2,-2,14,1,0,0,0,0,0,40,18998,395,5,10,22,8,11,25,13
Patrick Wiercioch,COL,D,2016-12-01,false,CBJ,2,6,2,13,0,0,0,0,0,0,25,21041,493,17,24,10,4,3,0,0
Chris Wideman,OTT,D,2016-12-03,false,FLA,1,5,0,12,0,1,0,0,1,0,31,16265,429,16,16,11,13,3,0,0
Dennis Wideman,CGY,D,2016-12-02,false,MIN,2,4,1,16,2,2,0,0,0,0,43,25735,565,21,20,11,20,8,0,0
Ryan White,ARI,C,2016-11-29,false,SJS,1,2,-5,35,0,0,0,0,1,0,16,12689,299,63,9,7,1,2,16,28
Blake Wheeler,WPG,R,2016-11-19,false,BOS,6,8,0,14,0,3,1,0,0,0,59,24491,509,36,11,19,14,11,17,19
Zach Werenski,CBJ,D,2016-11-26,false,FLA,5,11,3,4,3,5,0,0,1,1,56,26716,567,14,22,18,10,6,0,0
Alexander Wennberg,CBJ,C,2016-11-26,false,FLA,4,15,5,4,1,9,0,0,1,0,21,21305,474,20,15,7,8,6,138,171
Dale Weise,PHI,R,2016-11-29,false,BOS,2,2,-1,8,1,0,0,0,1,0,29,14801,343,33,6,13,5,8,0,0
Yannick Weber,NSH,D,2016-11-27,false,WPG,0,3,8,15,0,0,0,0,0,0,17,13958,349,26,14,10,9,0,0,0
Shea Weber,MTL,D,2016-11-22,false,OTT,8,9,16,10,7,3,0,1,3,0,52,30820,569,49,45,22,29,2,0,0
Jordan Weal,PHI,C,2017-04-01,false,NJD,8,2,3,6,1,0,0,0,1,0,45,17055,395,5,7,13,6,9,13,12
Austin Watson,NSH,L,2016-12-04,false,PHI,1,3,6,19,0,0,0,0,0,0,18,13599,333,34,8,4,0,6,0,3
Joel Ward,SJS,R,2016-11-23,false,CHI,2,3,-1,4,0,0,1,0,1,0,32,19170,453,17,12,13,14,9,51,56
Chris Wagner,ANA,C,2016-11-29,false,MTL,2,0,-4,6,0,0,0,0,0,0,19,11994,304,43,8,11,6,2,33,54
Radim Vrbata,ARI,R,2016-11-27,false,EDM,7,7,-3,4,1,1,0,0,0,0,62,20663,447,15,5,23,7,11,7,5
Jakub Vrana,WSH,L,2017-03-14,false,MIN,3,2,1,2,3,1,0,0,2,0,32,13345,279,5,7,17,8,4,0,3
Jakub Voracek,PHI,R,2016-11-22,false,FLA,7,10,-8,30,0,6,0,0,1,1,71,23236,480,8,4,21,12,5,0,4
Marc-Edouard Vlasic,SJS,D,2016-11-23,false,CHI,3,4,2,26,1,2,0,0,2,1,41,26363,529,7,34,18,14,3,0,0
Jimmy Vesey,NYR,L,2016-11-21,false,PIT,7,5,5,2,2,1,0,0,2,0,35,17736,383,15,9,11,7,12,0,0
Kris Versteeg,CGY,R,2016-12-14,false,TBL,4,7,6,6,0,2,0,0,0,0,26,16208,364,2,9,9,12,11,9,5
Antoine Vermette,ANA,C,2016-11-22,false,NYI,4,5,-1,16,1,1,0,0,0,0,32,19241,498,20,14,15,5,4,212,105
Frank Vatrano,BOS,C,2017-02-01,false,WSH,6,3,-7,4,3,1,0,0,1,0,57,17508,397,25,5,27,1,4,0,0
Sami Vatanen,ANA,D,2016-11-22,false,NYI,1,7,2,4,1,5,0,0,0,0,26,26042,521,28,42,9,7,6,0,0
Thomas Vanek,DET,L,2016-12-15,false,LAK,5,10,1,14,2,3,0,0,0,0,46,17848,384,9,1,9,6,11,2,5
Chris VandeVelde,PHI,C,2016-11-22,false,FLA,2,1,-5,4,0,0,0,0,0,0,14,12462,314,27,14,6,4,5,14,8
Scottie Upshall,STL,R,2016-11-28,false,DAL,3,3,-5,11,0,0,0,0,0,0,25,12442,350,23,0,10,3,3,1,3
Fedor Tyutin,COL,D,2016-12-10,false,MTL,0,7,-8,10,0,0,0,0,0,0,13,22670,531,38,25,4,6,5,0,0
Kyle Turris,OTT,C,2016-11-24,false,BOS,9,3,0,6,1,0,0,0,2,2,41,23060,497,6,17,17,16,5,140,160
Nikita Tryamkin,VAN,D,2016-12-13,false,CAR,0,3,4,17,0,0,0,0,0,0,17,20134,450,58,21,17,6,2,0,0
Jacob Trouba,WPG,D,2016-12-20,false,VAN,1,5,-3,16,0,0,0,0,0,0,37,28310,555,29,43,19,27,12,0,0
Vincent Trocheck,FLA,C,2016-11-22,false,PHI,6,7,-4,6,0,3,0,0,1,1,47,24928,474,48,12,28,19,16,206,202
Jordin Tootoo,CHI,R,2016-12-04,false,WPG,0,0,0,16,0,0,0,0,0,0,21,8292,220,18,2,9,4,4,1,0
Tyler Toffoli,LAK,C,2016-11-20,false,ANA,5,8,9,0,2,1,0,1,0,0,65,21998,483,22,2,25,11,5,0,2
Jonathan Toews,CHI,C,2016-11-21,false,EDM,4,8,3,15,1,3,0,0,2,0,52,25329,541,13,8,10,12,9,284,187
Matthew Tkachuk,CGY,L,2016-11-27,false,PHI,6,4,4,45,1,0,0,0,1,0,37,16980,373,22,4,20,6,8,1,5
Chris Tierney,SJS,C,2016-11-23,false,CHI,1,5,-2,0,0,0,1,1,1,0,18,15325,386,12,14,7,11,7,74,91
Shawn Thornton,FLA,L,2017-01-17,false,CGY,1,1,-3,9,0,0,0,0,0,0,9,8185,208,17,2,9,6,1,3,3
Joe Thornton,SJS,C,2016-11-23,false,CHI,2,11,2,6,0,5,0,0,0,0,16,22336,478,18,9,5,15,15,119,89
Chris Thorburn,WPG,R,2016-11-29,false,NJD,1,0,-4,36,0,0,0,0,0,0,14,9964,280,36,16,1,1,1,8,10
Nate Thompson,ANA,C,2017-03-17,false,BUF,0,0,1,9,0,0,0,0,0,0,13,12650,323,50,6,3,3,5,88,88
Paul Thompson,FLA,R,2017-01-20,false,VAN,0,3,-3,22,0,0,0,0,0,0,19,9508,243,45,16,6,1,3,0,1
Shea Theodore,ANA,D,2016-12-27,false,SJS,1,5,-11,14,1,0,0,1,0,0,33,21054,442,7,16,22,19,2,0,0
Teuvo Teravainen,CAR,L,2016-11-26,false,OTT,5,5,-4,2,1,3,0,0,1,0,32,18801,404,7,4,18,9,9,10,18
Matt Tennyson,CAR,D,2016-12-23,false,BOS,0,2,1,0,0,0,0,0,0,0,16,17508,393,23,25,7,9,7,0,0
John Tavares,NYI,C,2016-11-25,false,SJS,5,10,-2,18,2,3,0,0,0,0,62,24475,476,10,6,23,12,14,209,202
Tomas Tatar,DET,L,2016-11-23,false,BUF,3,4,-6,6,0,1,0,0,0,0,46,20816,443,17,10,19,9,8,3,2
Vladimir Tarasenko,STL,R,2016-11-22,false,BOS,7,13,0,2,2,7,0,0,1,1,72,21874,526,4,8,26,6,12,0,1
Christopher Tanev,VAN,D,2017-01-12,false,PHI,0,5,5,6,0,0,0,0,0,0,11,23644,532,5,35,8,12,6,0,0
Brandon Tanev,WPG,L,2016-11-19,false,BOS,2,1,-3,19,0,0,0,0,1,0,30,13961,381,46,16,9,5,9,0,0
Brandon Sutter,VAN,C,2016-11-23,false,ARI,5,6,-9,0,1,1,0,0,1,1,52,23264,514,13,12,18,8,7,196,168
Ryan Suter,MIN,D,2016-11-25,false,PIT,4,10,10,8,1,5,1,0,0,0,45,32855,582,16,23,14,8,13,0,0
Andrej Sustr,TBL,D,2016-11-21,false,NSH,0,3,-4,13,0,0,0,0,0,0,24,21256,472,14,28,7,10,9,0,0
P.K. Subban,NSH,D,2016-11-25,false,WPG,5,9,-7,18,3,4,0,0,2,0,47,29324,542,20,35,13,26,13,0,0
Mark Stuart,WPG,D,2017-02-02,false,DAL,1,0,2,15,0,0,0,0,0,0,11,14227,344,29,48,2,10,3,0,0
Ryan Strome,NYI,C,2016-11-30,false,PIT,2,4,-3,14,1,1,0,0,0,0,33,16778,361,16,6,8,12,7,45,53
Mark Streit,PHI,D,2016-11-22,false,FLA,4,7,-6,14,1,4,0,0,1,0,37,24462,549,12,20,14,9,3,0,0
Anton Stralman,TBL,D,2016-12-10,false,PIT,1,7,0,0,0,5,0,0,0,0,28,27186,528,28,22,15,6,7,0,0
Michael Stone,ARI,D,2016-12-15,false,TOR,0,6,-5,4,0,3,0,0,0,0,28,24514,538,40,44,16,8,0,1,0
Mark Stone,OTT,R,2016-11-26,false,CAR,5,7,-1,6,0,2,0,0,2,0,31,21328,446,17,14,9,16,23,3,4
Chris Stewart,MIN,R,2016-11-25,false,PIT,2,3,0,29,0,1,0,0,0,0,12,13271,315,25,5,4,6,4,0,1
Derek Stepan,NYR,C,2016-11-21,false,PIT,3,10,4,6,0,4,1,0,1,0,40,20763,485,3,16,11,10,14,159,196
Lee Stempniak,CAR,R,2016-11-26,false,OTT,4,6,2,12,1,2,0,0,0,0,29,19368,428,32,5,14,12,12,1,2
Alexander Steen,STL,L,2016-12-06,false,MTL,3,12,-8,27,0,6,0,0,0,0,35,23820,564,8,16,17,5,7,30,58
Troy Stecher,VAN,D,2016-12-11,false,WSH,1,6,-8,15,0,3,0,0,0,0,60,25301,501,16,18,17,9,8,0,0
Paul Stastny,STL,C,2016-11-22,false,BOS,5,6,-1,16,2,3,0,0,2,0,30,24363,559,12,9,12,3,11,236,195
Viktor Stalberg,CAR,L,2016-11-27,false,FLA,4,1,-1,19,0,0,1,0,2,0,30,14241,368,41,3,8,8,14,0,2
Matt Stajan,CGY,C,2016-11-20,false,DET,1,4,3,8,0,0,0,0,0,0,17,15692,375,17,14,9,4,6,103,73
Drew Stafford,WPG,R,2016-12-20,false,VAN,1,3,0,8,0,0,0,0,1,0,31,17690,400,21,0,7,15,5,2,6
Eric Staal,MIN,C,2016-11-25,false,PIT,5,10,7,6,1,3,0,1,2,0,56,23079,504,15,7,18,6,18,183,171
Jordan Staal,CAR,C,2016-11-26,false,OTT,5,4,-3,6,2,0,0,0,0,0,42,23105,542,43,6,16,11,16,220,144
Marc Staal,NYR,D,2016-11-21,false,PIT,1,3,8,4,0,0,0,1,0,0,18,23338,537,20,25,9,11,9,0,0
Jared Spurgeon,MIN,D,2016-12-04,false,EDM,1,7,11,6,0,1,0,1,0,0,45,28324,555,9,45,7,5,6,0,0
Ryan Sproul,DET,D,2017-01-07,false,SJS,1,5,-3,4,1,2,0,0,0,0,37,19219,431,8,10,14,7,3,0,0
Ryan Spooner,BOS,C,2016-11-25,false,CGY,3,4,-4,8,2,1,0,0,0,0,44,18146,386,9,4,12,11,11,8,11
Jason Spezza,DAL,C,2016-12-06,false,CGY,4,7,-15,8,1,5,0,0,1,0,48,19623,465,5,7,24,13,7,123,103
Nikita Soshnikov,TOR,R,2016-12-15,false,ARI,1,3,0,4,0,1,0,0,0,0,32,12815,328,44,11,11,6,4,1,7
Carl Soderberg,COL,C,2016-11-26,false,VAN,3,4,-2,14,1,0,0,0,0,0,40,20243,473,8,14,9,6,13,122,117
Devante Smith-Pelly,NJD,R,2016-11-29,false,WPG,2,4,-4,2,0,2,0,0,0,0,37,16245,353,30,8,14,6,7,6,7
Craig Smith,NSH,R,2016-11-27,false,WPG,6,2,-1,16,2,1,0,0,0,0,43,17666,402,22,5,28,10,7,21,23
Brendan Smith,DET,D,2016-11-26,false,MTL,2,2,-3,15,1,2,0,0,1,0,26,21611,484,25,19,10,18,0,0,0
Ben Smith,TOR,R,2016-11-29,false,EDM,1,1,-2,0,0,0,0,0,0,0,13,14134,361,11,18,4,4,6,130,113
Reilly Smith,FLA,R,2016-11-22,false,PHI,4,3,-3,4,2,0,0,0,1,0,44,23421,474,17,5,23,6,21,1,0
Zack Smith,OTT,C,2016-11-24,false,BOS,3,2,0,27,0,0,1,0,0,0,40,20009,451,43,8,15,17,7,84,69
Anton Slepyshev,EDM,L,2017-01-20,false,NSH,2,2,4,2,0,0,0,0,0,0,31,13214,311,28,5,7,8,7,1,1
Jaccob Slavin,CAR,D,2016-11-26,false,OTT,1,5,0,2,0,1,0,0,0,0,30,26768,535,10,35,8,9,15,0,0
Brady Skjei,NYR,D,2016-11-21,false,PIT,0,11,4,8,0,2,0,0,0,0,21,20186,453,30,17,12,12,4,0,0
Jeff Skinner,CAR,L,2016-11-27,false,FLA,9,10,0,12,2,5,0,0,0,0,73,22563,459,11,8,27,11,24,4,9
Jack Skille,VAN,R,2016-12-08,false,TBL,2,1,-4,4,0,0,0,0,0,0,25,10408,259,33,7,3,4,3,0,0
Colton Sissons,NSH,C,2016-12-13,false,STL,2,1,0,0,0,0,1,0,0,0,8,12440,326,40,8,4,5,6,78,78
Wayne Simmonds,PHI,R,2016-11-22,false,FLA,10,8,-5,17,5,4,1,0,0,0,52,23440,529,39,17,25,10,5,1,1
Jakob Silfverberg,ANA,R,2016-11-22,false,NYI,6,7,8,4,1,1,1,0,2,0,50,22383,523,13,12,13,12,9,1,3
Nick Shore,LAK,C,2016-11-23,false,NYI,0,3,-2,10,0,0,0,0,0,0,21,14087,339,17,10,8,5,3,82,109
Devin Shore,DAL,C,2016-11-21,false,MIN,1,7,-7,4,0,3,0,0,0,0,22,16825,412,11,16,10,1,9,86,99
Conor Sheary,PIT,L,2016-12-08,false,FLA,7,8,10,8,0,0,0,0,2,0,46,17972,410,8,7,12,9,9,0,0
Riley Sheahan,DET,C,2016-11-23,false,BUF,0,3,-10,8,0,1,0,0,0,0,27,16411,392,12,12,12,7,4,33,31
Logan Shaw,ANA,C,2017-01-04,false,DET,1,0,-4,4,0,0,0,0,0,0,28,10185,290,16,9,9,0,5,18,46
Andrew Shaw,MTL,C,2016-11-22,false,OTT,3,4,7,41,1,0,0,0,0,0,37,17743,394,50,10,11,7,8,79,59
Kevin Shattenkirk,STL,D,2016-11-22,false,BOS,4,10,0,21,3,6,0,0,0,0,38,24305,538,20,17,16,13,7,0,0
Patrick Sharp,DAL,L,2017-01-17,false,NYR,4,5,-4,19,0,0,1,0,0,0,57,19342,445,18,8,19,6,2,12,12
Michael Sgarbossa,FLA,C,2017-01-18,false,EDM,1,2,-5,2,1,1,0,0,0,0,22,13913,341,20,10,5,8,1,87,96
Damon Severson,NJD,D,2016-11-25,false,DET,3,9,-6,10,0,5,0,0,1,0,34,25254,528,21,16,9,24,6,0,0
Devin Setoguchi,LAK,R,2016-11-20,false,ANA,3,4,0,6,0,1,0,0,0,0,30,16104,376,25,3,13,10,5,2,2
Andrej Sekera,EDM,D,2016-11-21,false,CHI,2,4,5,6,0,1,0,0,0,0,20,24180,508,13,32,17,11,7,0,0
Dennis Seidenberg,NYI,D,2016-12-10,false,CBJ,4,5,12,12,0,0,0,0,0,0,22,23480,446,27,48,6,13,2,0,0
Tyler Seguin,DAL,C,2016-11-21,false,MIN,7,15,-7,6,4,6,0,0,1,0,71,22633,515,19,3,29,10,9,139,128
Lukas Sedlak,CBJ,C,2016-12-01,false,COL,0,4,4,4,0,0,0,0,0,0,16,11317,273,17,8,13,6,7,52,61
Daniel Sedin,VAN,L,2016-11-23,false,ARI,6,7,-4,6,2,2,0,0,1,0,58,22342,469,7,6,15,3,6,0,1
Henrik Sedin,VAN,C,2016-11-23,false,ARI,5,7,-5,4,1,3,0,0,1,1,26,23055,468,5,2,10,15,3,155,156
Brent Seabrook,CHI,D,2016-11-21,false,EDM,2,9,9,2,2,2,0,0,0,0,34,27366,574,30,32,14,25,3,0,0
Jaden Schwartz,STL,L,2016-12-01,false,TBL,8,6,4,4,2,0,0,0,2,0,48,23490,551,22,15,23,5,17,27,25
Justin Schultz,PIT,D,2016-11-23,false,NYR,0,5,6,4,0,2,0,0,0,0,34,19944,459,17,16,12,10,5,0,0
Nick Schultz,PHI,D,2017-03-16,false,NJD,0,4,-1,6,0,0,0,0,0,0,17,18198,454,35,36,12,7,1,0,0
Jordan Schroeder,MIN,C,2017-02-01,false,CGY,3,5,4,0,0,0,0,0,0,0,20,11685,265,15,7,7,1,5,4,5
Nate Schmidt,WSH,D,2016-12-03,false,TBL,0,5,0,4,0,0,0,0,0,0,24,17682,380,16,10,10,19,13,0,0
Nick Schmaltz,CHI,C,2016-11-21,false,EDM,1,3,-2,2,0,1,0,0,0,0,10,14346,329,9,9,3,5,15,34,71
David Schlemko,SJS,D,2016-11-25,false,NYI,0,4,1,6,0,2,0,0,0,0,40,20995,457,11,26,14,13,11,0,0
Luke Schenn,ARI,D,2016-12-05,false,CBJ,0,2,-1,9,0,0,0,0,0,0,18,18374,431,67,30,10,8,4,0,0
Brayden Schenn,PHI,C,2016-11-27,false,CGY,3,10,-5,13,3,5,0,0,1,0,42,21298,470,47,13,22,10,3,27,23
Mark Scheifele,WPG,C,2016-11-19,false,BOS,10,12,6,18,3,2,0,0,1,1,49,24813,489,20,10,13,8,17,173,226
Tim Schaller,BOS,C,2016-11-29,false,PHI,3,4,-3,13,0,0,0,0,1,0,30,14546,343,21,9,16,10,6,18,12
Colton Sceviour,FLA,C,2016-11-22,false,PHI,5,4,-4,10,1,2,2,0,1,0,39,17688,372,23,18,13,4,8,18,10
Marco Scandella,MIN,D,2016-12-20,false,COL,0,2,-4,10,0,0,0,0,0,0,28,20297,456,13,23,8,9,7,0,0
Luca Sbisa,VAN,D,2016-11-23,false,ARI,0,4,3,8,0,0,0,0,0,0,9,19787,442,33,31,7,13,4,0,0
David Savard,CBJ,D,2016-11-26,false,FLA,1,3,7,12,0,0,0,0,0,0,26,25617,561,38,36,25,6,6,0,0
Steven Santini,NJD,D,2017-02-16,false,OTT,2,3,1,4,0,0,0,0,0,0,22,18983,437,44,18,10,6,0,0,0
Zach Sanford,WSH,L,2016-12-17,false,MTL,0,1,-1,4,0,0,0,0,0,0,17,12099,284,11,6,6,8,9,10,8
Brandon Saad,CBJ,L,2016-11-26,false,FLA,6,11,7,4,0,0,0,0,1,0,49,20682,489,6,7,23,5,10,1,1
Bobby Ryan,OTT,R,2016-11-27,false,NYR,3,5,1,6,1,1,0,0,0,0,34,18650,395,22,11,12,10,4,1,1
Derek Ryan,CAR,C,2016-12-23,false,BOS,4,8,-3,6,2,4,1,0,2,0,17,16104,365,12,11,9,12,6,98,80
Bryan Rust,PIT,R,2016-11-30,false,NYI,3,3,-6,2,0,0,0,0,0,0,37,15269,386,36,13,11,7,4,1,0
Kris Russell,EDM,D,2016-12-04,false,MIN,0,4,6,4,0,0,0,0,0,0,25,25328,543,19,56,9,16,10,0,0
Chad Ruhwedel,PIT,D,2017-03-08,false,WPG,2,5,7,2,0,1,0,0,0,0,29,19643,452,17,15,11,5,5,0,0
Michal Rozsival,CHI,D,2017-03-10,false,DET,1,1,-3,10,0,0,0,0,1,0,15,18395,420,45,23,5,10,4,0,0
Carter Rowney,PIT,R,2017-03-26,false,PHI,1,2,2,4,0,0,0,0,1,0,14,12263,308,40,10,7,3,7,61,58
Antoine Roussel,DAL,L,2016-11-21,false,MIN,4,8,1,56,0,3,0,0,2,0,26,18570,483,21,12,16,13,3,1,1
Evan Rodrigues,BUF,L,2017-03-17,false,ANA,3,2,0,2,0,0,0,0,0,0,37,15297,330,10,6,11,6,8,58,83
Brett Ritchie,DAL,R,2016-11-21,false,MIN,5,1,-2,13,1,0,0,0,0,0,38,14391,354,36,5,10,3,1,0,0
Nick Ritchie,ANA,L,2016-11-26,false,SJS,5,1,0,10,1,0,0,0,1,0,41,17077,410,69,7,18,2,3,2,1
Rasmus Ristolainen,BUF,D,2016-11-23,false,DET,0,9,-2,12,0,7,0,0,0,0,44,31398,624,45,35,22,13,9,0,0
Morgan Rielly,TOR,D,2016-11-23,false,NJD,1,10,-3,7,1,1,0,0,0,0,38,27524,632,9,40,22,25,8,0,0
Tobias Rieder,ARI,R,2016-12-01,false,LAK,6,4,4,0,0,0,0,1,0,0,42,20051,454,5,12,17,6,7,0,2
Mike Ribeiro,NSH,C,2016-11-25,false,WPG,3,9,2,12,2,2,0,0,0,0,18,18854,399,12,3,6,13,4,90,100
Sam Reinhart,BUF,C,2016-11-23,false,DET,3,6,-2,4,2,3,0,0,1,0,48,20733,423,4,8,8,12,7,45,68
Ryan Reaves,STL,R,2016-11-26,false,MIN,0,2,0,9,0,0,0,0,0,0,13,8739,236,49,4,9,2,4,0,0
Matt Read,PHI,R,2016-11-22,false,FLA,6,2,-1,2,2,0,0,0,0,0,30,17975,426,39,11,7,5,7,0,4
Dennis Rasmussen,CHI,C,2016-11-26,false,LAK,1,0,-1,2,0,0,0,0,0,0,21,14313,379,22,18,6,7,7,43,59
Victor Rask,CAR,C,2016-11-26,false,OTT,8,8,5,4,3,1,0,0,2,0,46,22824,483,7,6,8,7,13,125,135
Mikko Rantanen,COL,R,2016-12-08,false,BOS,3,8,-6,6,1,3,0,0,0,0,34,21779,461,2,11,15,7,11,17,7
Rickard Rakell,ANA,C,2016-12-15,false,BOS,12,7,2,4,2,3,0,0,3,0,56,20745,459,26,9,16,8,4,11,11
Michael Raffl,PHI,L,2016-12-08,false,EDM,6,2,7,4,0,0,0,0,2,0,25,16126,396,32,7,17,4,8,2,2
Alexander Radulov,MTL,R,2016-11-26,false,DET,4,14,7,18,1,4,0,0,0,0,33,19034,431,24,10,16,16,16,2,1
Alan Quine,NYI,C,2016-12-16,false,BUF,2,3,0,2,1,0,0,0,1,0,27,13496,319,33,12,5,5,5,69,57
Kyle Quincey,NJD,D,2016-11-25,false,DET,2,4,8,12,0,0,0,0,0,0,26,20380,473,28,26,3,11,6,0,0
Mark Pysyk,FLA,D,2016-11-22,false,PHI,1,2,4,2,0,0,0,0,0,0,20,21117,405,14,27,11,4,8,0,1
Tom Pyatt,OTT,L,2016-11-24,false,BOS,2,3,1,2,0,0,0,1,0,0,27,19159,464,12,24,9,6,9,8,11
Jesse Puljujarvi,EDM,R,2016-11-29,false,TOR,1,6,4,4,1,0,0,0,0,0,38,14864,338,8,9,15,10,9,0,1
Matt Puempel,NYR,L,2016-12-17,false,NSH,1,0,-5,7,0,0,0,0,0,0,17,10649,262,14,6,10,1,3,0,1
Ivan Provorov,PHI,D,2016-11-22,false,FLA,0,7,-9,8,0,2,0,0,0,0,33,24123,543,28,32,21,21,5,0,0
Dalton Prout,NJD,D,2017-03-16,false,PHI,0,4,-1,20,0,0,0,0,0,0,10,16597,399,28,19,6,8,2,0,0
Nate Prosser,MIN,D,2017-01-24,false,DAL,0,2,-2,4,0,0,0,0,0,0,12,15624,369,18,31,11,7,2,0,0
Shane Prince,NYI,L,2016-12-10,false,CBJ,4,5,-6,4,1,0,0,0,1,0,34,15329,338,19,3,4,7,9,3,2
Benoit Pouliot,EDM,L,2016-11-27,false,ARI,3,1,-1,20,0,0,0,0,1,0,26,18445,448,10,13,16,7,3,3,6
Paul Postma,WPG,D,2016-12-01,false,EDM,0,3,-1,2,0,0,0,0,0,0,17,14848,332,13,13,5,8,1,0,0
Jason Pominville,MIN,R,2016-11-25,false,PIT,3,4,-1,0,0,2,0,0,0,0,38,17452,419,14,13,13,3,7,9,8
Roman Polak,TOR,D,2016-12-07,false,MIN,1,1,0,22,0,0,0,0,0,0,13,20761,481,70,34,10,9,6,0,1
Brayden Point,TBL,C,2016-11-21,false,NSH,2,5,0,6,2,1,0,0,0,0,39,17803,358,8,7,12,5,7,4,3
Tomas Plekanec,MTL,C,2016-11-22,false,OTT,1,4,-1,4,0,3,1,0,1,0,41,20545,507,18,18,7,4,7,190,184
Brandon Pirri,NYR,R,2016-11-21,false,PIT,5,5,4,4,3,1,0,0,3,0,30,14795,336,13,6,17,8,6,57,38
Alex Pietrangelo,STL,D,2016-11-22,false,BOS,3,5,-7,12,1,2,0,0,1,0,48,30636,614,13,41,17,6,15,0,0
Dion Phaneuf,OTT,D,2016-11-24,false,BOS,1,4,-7,25,0,1,0,0,0,0,49,27055,647,36,43,14,13,3,0,0
Jeff Petry,MTL,D,2016-11-24,false,CAR,3,6,5,10,1,2,0,0,0,0,37,26226,555,43,44,15,24,4,0,0
Alex Petrovic,FLA,D,2017-02-09,false,LAK,1,5,4,21,0,0,0,0,0,0,21,20913,391,41,21,14,12,8,0,0
Nic Petan,WPG,L,2017-01-04,false,FLA,1,8,-3,4,0,5,0,0,0,0,25,16550,377,6,5,13,5,9,68,83
Brett Pesce,CAR,D,2016-11-26,false,OTT,0,4,2,4,0,1,0,0,0,0,21,23846,505,14,34,14,11,14,0,0
Corey Perry,ANA,R,2016-11-22,false,NYI,4,12,-2,14,0,7,0,0,0,0,60,22729,484,17,5,20,3,6,0,4
David Perron,STL,L,2016-11-22,false,BOS,6,6,-7,12,2,3,0,0,2,0,41,21283,521,18,7,19,4,8,12,18
Mathieu Perreault,WPG,C,2016-12-18,false,COL,2,4,-7,8,0,1,0,0,0,0,42,19425,408,31,5,9,6,15,95,86
Brendan Perlini,ARI,L,2017-01-19,false,MIN,7,2,-4,6,1,1,0,0,1,0,34,17319,365,18,8,11,3,2,1,0
Adam Pelech,NYI,D,2017-02-03,false,DET,1,4,-1,2,0,0,0,0,0,0,18,19440,392,29,22,11,19,8,0,0
Tanner Pearson,LAK,L,2016-11-26,false,CHI,7,4,9,0,1,1,0,0,0,0,38,18901,437,35,3,25,6,7,0,4
Joe Pavelski,SJS,C,2016-11-23,false,CHI,6,12,3,12,2,4,0,0,2,0,65,23223,496,33,26,32,20,10,116,105
Greg Pateryn,MTL,D,2017-01-31,false,BUF,1,4,2,4,0,0,0,0,0,0,24,17060,373,32,38,11,12,4,0,0
David Pastrnak,BOS,R,2016-12-03,false,BUF,13,6,14,4,4,1,0,0,2,0,68,20447,428,13,7,24,11,10,0,1
Zach Parise,MIN,L,2016-12-11,false,STL,4,6,-2,14,1,1,0,0,0,0,61,22303,483,16,26,15,5,13,1,1
PA Parenteau,NJD,R,2016-11-25,false,DET,5,3,-4,14,1,0,0,0,0,0,38,18894,411,16,0,6,11,8,0,5
Colton Parayko,STL,D,2016-11-22,false,BOS,0,9,-1,8,0,1,0,0,0,0,55,24964,587,14,35,18,9,8,0,0
Cedric Paquette,TBL,C,2016-11-23,false,PHI,1,4,-1,16,0,0,0,0,0,0,19,11588,288,46,9,5,3,7,53,52
Richard Panik,CHI,R,2016-11-21,false,EDM,6,4,2,4,2,1,0,0,1,0,28,17444,396,47,7,10,9,13,0,2
Artemi Panarin,CHI,L,2016-11-21,false,EDM,7,11,11,13,2,2,0,0,1,1,52,23173,461,7,1,23,10,15,1,0
Kyle Palmieri,NJD,R,2016-11-29,false,WPG,3,6,3,10,1,2,0,0,1,0,41,19350,424,39,10,20,12,6,3,6
Ondrej Palat,TBL,L,2016-11-21,false,NSH,3,5,-5,13,0,3,0,0,0,0,31,20818,423,39,8,14,11,22,1,4
Jean-Gabriel Pageau,OTT,C,2016-11-24,false,BOS,2,3,3,4,0,0,0,0,0,0,38,19491,454,48,16,9,7,5,112,90
Max Pacioretty,MTL,L,2016-11-22,false,OTT,4,9,5,14,1,1,0,1,2,0,54,21181,480,22,9,35,12,16,0,0
Magnus Paajarvi,STL,L,2017-03-16,false,SJS,5,3,4,4,1,0,0,0,3,0,32,14221,356,20,13,5,0,7,1,2
Alex Ovechkin,WSH,L,2016-11-25,false,BUF,12,5,-1,12,4,2,0,0,4,1,83,21796,424,50,6,36,10,12,0,1
Xavier Ouellet,DET,D,2016-12-27,false,BUF,1,3,5,30,0,0,0,0,0,0,26,21135,459,13,26,8,6,5,0,1
Steve Ott,DET,C,2016-12-01,false,FLA,2,1,1,28,0,0,0,0,0,0,19,12311,311,41,5,3,1,4,47,33
T.J. Oshie,WSH,R,2016-12-11,false,VAN,9,5,12,10,2,2,1,1,1,0,42,20756,428,22,12,19,11,13,24,25
Brooks Orpik,WSH,D,2016-11-25,false,BUF,0,5,8,4,0,0,0,0,0,0,17,20296,424,41,33,9,14,5,0,0
Dmitry Orlov,WSH,D,2016-11-25,false,BUF,1,6,8,10,0,1,0,0,0,0,32,23058,455,32,25,13,18,9,0,0
Jamie Oleksiak,DAL,D,2017-01-10,false,ANA,5,1,3,18,0,0,0,1,1,0,21,18368,424,28,27,6,7,1,0,0
Kyle Okposo,BUF,R,2016-11-25,false,WSH,6,7,0,6,2,6,0,0,0,0,56,23288,450,16,6,17,13,5,38,34
Johnny Oduya,DAL,D,2016-12-11,false,CHI,1,4,1,6,0,0,0,0,0,0,15,22555,521,9,45,13,11,5,0,0
Ryan O'Reilly,BUF,C,2016-12-06,false,EDM,6,9,0,4,3,5,0,0,2,0,69,26354,512,3,8,19,9,19,277,196
Gustav Nyquist,DET,R,2016-11-23,false,BUF,4,9,3,4,0,2,0,0,2,0,41,20418,434,11,4,12,4,11,1,0
William Nylander,TOR,C,2016-11-23,false,NJD,6,9,-4,6,4,5,0,0,0,0,50,19410,428,5,8,23,7,14,34,42
Markus Nutivaara,CBJ,D,2016-11-26,false,FLA,1,1,1,2,0,0,0,0,0,0,18,15161,353,12,11,9,5,2,0,0
Darnell Nurse,EDM,D,2016-11-21,false,CHI,3,2,-4,17,0,0,0,0,0,0,36,21501,465,50,20,11,12,7,0,0
Ryan Nugent-Hopkins,EDM,C,2016-11-21,false,CHI,2,7,-2,4,2,0,0,0,1,0,56,21180,481,12,4,15,2,9,140,158
Joakim Nordstrom,CAR,L,2016-11-26,false,OTT,1,2,-5,4,0,0,0,0,1,0,32,16014,408,26,17,10,4,8,2,4
Jordan Nolan,LAK,C,2016-12-16,false,PIT,2,2,-3,38,0,0,0,0,0,0,17,12305,281,27,1,9,2,2,1,1
Stefan Noesen,NJD,R,2017-02-16,false,OTT,4,1,3,4,0,0,0,0,0,0,27,10840,269,24,3,7,3,4,21,36
Matt Niskanen,WSH,D,2016-11-25,false,BUF,0,9,2,6,0,1,0,1,0,0,37,27321,544,25,26,21,25,11,0,0
Matt Nieto,COL,L,2017-01-17,false,CHI,1,3,-3,4,0,0,0,0,0,0,32,15516,393,27,12,9,6,9,0,2
Frans Nielsen,DET,C,2016-11-23,false,BUF,3,5,-8,0,0,5,1,0,0,0,37,20782,498,19,15,9,5,5,153,146
Nino Niederreiter,MIN,R,2016-11-25,false,PIT,7,5,7,4,3,0,0,0,0,0,36,17192,400,28,3,10,6,6,0,1
Nikita Nesterov,TBL,D,2016-12-01,false,STL,2,2,2,14,1,0,0,0,0,0,23,20556,407,29,13,8,8,2,0,0
Patrik Nemeth,DAL,D,2017-01-24,false,MIN,0,1,-3,8,0,0,0,0,0,0,23,18638,419,21,22,7,6,7,0,0
Brock Nelson,NYI,C,2016-11-25,false,SJS,5,8,2,6,1,2,0,1,0,0,40,18729,455,18,18,13,9,8,110,136
Chris Neil,OTT,R,2016-11-26,false,CAR,1,1,-5,29,0,0,0,0,0,0,20,10135,258,45,10,3,5,3,0,0
James Neal,NSH,L,2016-11-25,false,WPG,10,5,1,15,2,2,0,0,1,0,73,23152,467,25,9,15,11,13,1,1
Rick Nash,NYR,R,2016-11-21,false,PIT,8,5,1,10,2,1,0,0,1,0,58,19331,475,11,17,12,15,17,0,0
Riley Nash,BOS,C,2016-11-24,false,OTT,1,3,2,4,0,0,0,1,0,0,27,16986,389,7,8,9,3,10,89,82
Vladislav Namestnikov,TBL,C,2016-11-21,false,NSH,3,6,2,10,2,3,0,0,0,0,32,17719,360,8,7,10,6,5,39,49
Jake Muzzin,LAK,D,2016-11-20,false,ANA,2,1,-3,14,1,0,0,0,0,0,49,27285,630,45,34,18,12,4,0,0
Ryan Murray,CBJ,D,2016-12-09,false,DET,0,3,5,10,0,0,0,1,0,0,13,22235,504,6,32,6,3,4,0,0
Ryan Murphy,CAR,D,2017-03-11,false,TOR,0,2,-11,8,0,0,0,0,0,0,9,15910,349,2,20,7,7,8,0,0
Connor Murphy,ARI,D,2016-11-29,false,SJS,0,4,-5,14,0,0,0,0,0,0,22,26103,581,43,34,6,8,5,0,0
Matt Moulson,BUF,L,2016-11-23,false,DET,7,2,-3,2,6,2,0,0,1,0,48,17610,355,11,8,14,4,5,0,0
Tyler Motte,CHI,L,2016-12-01,false,NJD,3,3,4,14,0,0,0,0,0,0,30,14599,383,18,15,9,2,10,4,4
Josh Morrissey,WPG,D,2016-11-19,false,BOS,1,2,1,8,0,0,0,0,1,0,24,22023,473,30,36,9,7,2,0,0
Dominic Moore,BOS,C,2016-11-24,false,OTT,5,3,1,12,0,0,2,0,1,0,25,16127,377,6,13,6,7,5,99,77
John Moore,NJD,D,2016-11-25,false,DET,4,5,2,10,0,0,0,0,0,0,33,23487,531,13,18,15,20,0,0,0
Brandon Montour,ANA,D,2017-03-24,false,WPG,1,3,6,10,0,1,0,0,0,0,37,20304,387,16,19,17,14,2,0,0
Sean Monahan,CGY,C,2016-11-20,false,DET,5,3,-10,8,1,0,0,0,1,1,39,22397,487,10,7,18,14,9,188,176
Torrey Mitchell,MTL,C,2016-11-22,false,OTT,5,2,6,8,0,0,0,0,1,0,12,15288,404,6,18,8,6,13,115,98
John Mitchell,COL,C,2016-12-08,false,BOS,1,0,-1,12,0,0,0,0,1,0,18,15669,361,25,18,9,2,9,110,80
Drew Miller,DET,L,2016-12-06,false,WPG,2,0,-9,4,0,0,0,0,1,0,16,11774,292,30,14,3,1,4,1,0
Kevan Miller,BOS,D,2017-01-02,false,NJD,0,0,-7,15,0,0,0,0,0,0,20,20725,453,44,29,5,6,3,0,0
J.T. Miller,NYR,L,2016-11-21,false,PIT,8,10,13,8,1,1,1,0,2,0,47,18518,444,34,16,14,14,13,26,38
Colin Miller,BOS,D,2016-12-05,false,FLA,1,2,-5,6,0,0,0,0,0,0,29,19336,438,20,11,18,8,5,0,0
Marc Methot,OTT,D,2016-11-24,false,BOS,0,3,6,4,0,0,0,0,0,0,31,24309,584,43,22,3,14,3,0,0
Jon Merrill,NJD,D,2017-01-12,false,EDM,1,2,-3,12,0,0,0,0,0,0,17,21082,470,17,29,7,8,3,0,0
Timo Meier,SJS,R,2017-02-02,false,VAN,2,2,-2,4,0,0,0,0,1,0,51,15733,384,49,4,19,17,15,1,3
Jayson Megna,VAN,C,2016-12-30,false,ANA,3,0,-1,4,0,0,0,0,0,0,21,12496,291,24,7,4,2,4,0,1
Adam McQuaid,BOS,D,2016-12-03,false,BUF,0,0,0,13,0,0,0,0,0,0,23,21644,509,45,35,9,9,2,0,0
Brayden McNabb,LAK,D,2017-01-26,false,CAR,2,1,2,18,0,0,0,0,0,0,18,19824,460,44,22,14,19,6,0,0
Cody McLeod,COL,L,2016-12-18,false,WPG,0,0,-3,38,0,0,0,0,0,0,9,7381,183,39,0,5,0,2,0,0
Curtis McKenzie,DAL,L,2016-12-10,false,PHI,3,3,3,30,0,0,0,0,1,0,28,11979,307,35,14,6,2,0,2,2
Greg McKegg,FLA,C,2016-12-31,false,DAL,0,2,-2,6,0,0,0,0,0,0,15,12651,297,23,8,4,5,3,17,19
Jamie McGinn,ARI,L,2016-12-06,false,CHI,4,3,-4,12,0,0,0,0,2,0,40,16440,380,37,9,6,9,0,0,1
Brock McGinn,CAR,L,2016-12-31,false,TBL,1,2,-2,2,0,0,0,1,0,0,23,13994,339,29,12,9,5,8,1,3
Ryan McDonagh,NYR,D,2016-11-21,false,PIT,0,13,14,4,0,3,0,0,0,0,36,28912,581,20,32,11,16,11,0,0
Connor McDavid,EDM,C,2016-11-21,false,CHI,8,16,5,8,0,6,0,0,2,0,55,25321,507,3,8,18,13,14,121,150
Jay McClement,CAR,C,2016-11-26,false,OTT,0,0,-7,6,0,0,0,0,0,0,15,12766,337,20,8,7,1,7,78,73
Michael McCarron,MTL,R,2017-02-21,false,NYR,1,4,0,30,0,0,0,0,0,0,26,11710,292,46,7,9,2,5,55,71
Jared McCann,FLA,C,2017-01-09,false,NJD,1,2,-1,2,0,0,0,0,0,0,29,12864,291,18,5,10,7,6,28,37
Jake McCabe,BUF,D,2016-11-23,false,DET,0,3,-2,12,0,0,0,0,0,0,14,24800,540,21,21,15,9,3,0,0
Scott Mayfield,NYI,D,2017-03-24,false,PIT,1,6,0,33,0,0,0,0,0,0,30,16836,347,34,31,12,10,7,0,0
Shawn Matthias,WPG,L,2017-01-13,false,ARI,6,1,2,6,0,0,1,0,1,0,31,15628,383,19,8,9,4,3,3,6
Auston Matthews,TOR,C,2016-11-23,false,NJD,8,8,-3,0,1,5,0,0,0,0,75,20915,436,3,10,29,11,17,101,104
Michael Matheson,FLA,D,2016-11-26,false,CBJ,2,5,0,6,0,1,0,0,0,0,43,23630,421,18,23,15,14,16,1,0
Andreas Martinsen,COL,L,2016-11-26,false,VAN,1,2,-1,13,0,0,0,1,0,0,26,14137,368,63,12,9,3,11,1,0
Jordan Martinook,ARI,L,2016-11-27,false,EDM,5,5,3,10,1,0,0,1,0,0,31,19079,463,18,18,15,5,10,108,136
Alec Martinez,LAK,D,2016-11-20,false,ANA,3,9,-2,6,0,3,0,0,2,2,44,27608,636,42,37,27,12,0,0,1
Paul Martin,SJS,D,2016-11-23,false,CHI,0,5,0,6,0,0,0,0,0,0,12,22089,482,9,30,3,11,3,0,0
Matt Martin,TOR,L,2016-11-23,false,NJD,1,2,0,41,0,0,0,0,0,0,19,12033,301,90,3,6,2,6,0,5
Patrick Maroon,EDM,L,2016-11-21,false,CHI,6,3,4,17,0,1,0,0,0,0,44,19082,417,43,3,13,7,3,1,4
Mitchell Marner,TOR,C,2016-11-23,false,NJD,7,9,-4,14,1,2,0,0,3,0,56,20085,435,11,14,26,17,19,6,6
Patrick Marleau,SJS,L,2016-11-23,false,CHI,5,1,-2,4,1,1,0,0,1,0,52,19629,417,22,5,14,7,10,13,18
Andrei Markov,MTL,D,2016-11-22,false,OTT,2,15,4,6,0,7,0,1,0,0,29,26330,549,13,19,13,19,10,0,0
Martin Marincin,TOR,D,2017-01-26,false,PHI,1,6,3,8,0,0,0,1,0,0,19,22368,512,22,25,16,13,5,0,0
Jonathan Marchessault,FLA,C,2016-11-22,false,PHI,9,7,3,10,2,3,0,0,2,0,55,21584,404,30,6,16,12,15,42,40
Alexey Marchenko,DET,D,2016-12-09,false,CBJ,0,5,0,10,0,0,0,1,0,0,18,21531,502,2,28,13,12,2,0,0
Brad Marchand,BOS,L,2016-11-24,false,OTT,6,12,7,20,1,3,0,0,3,0,48,22089,470,12,7,18,13,14,9,6
Anthony Mantha,DET,R,2016-12-27,false,BUF,6,6,7,12,1,1,0,0,1,0,44,19803,426,12,13,16,12,5,1,1
Josh Manson,ANA,D,2016-11-22,false,NYI,0,5,1,38,0,0,0,0,0,0,21,22534,477,53,17,7,18,4,0,0
Brandon Manning,PHI,D,2016-11-23,false,TBL,3,6,2,13,0,0,1,0,1,0,31,22506,523,45,22,8,17,1,0,0
Evgeni Malkin,PIT,C,2016-11-23,false,NYR,8,9,1,36,1,6,0,0,1,0,55,22560,482,11,11,18,20,12,132,173
Denis Malgin,FLA,C,2016-11-22,false,PHI,4,4,2,6,1,0,0,0,1,1,27,13850,315,12,5,8,3,6,40,70
Nathan MacKinnon,COL,C,2016-11-26,false,VAN,5,10,-2,0,0,4,1,0,1,0,74,24279,529,15,6,27,8,11,195,178
Derek MacKenzie,FLA,C,2016-11-22,false,PHI,2,3,6,9,0,0,0,1,0,0,24,15144,350,49,10,9,4,7,102,101
Andrew MacDonald,PHI,D,2016-12-06,false,FLA,1,7,0,4,0,0,0,0,0,0,13,22993,529,12,43,11,18,2,0,0
Olli Maatta,PIT,D,2016-11-23,false,NYR,0,1,6,6,0,0,0,0,0,0,22,21944,514,17,33,11,15,4,0,0
Roman Lyubimov,PHI,L,2016-12-10,false,DAL,2,1,0,0,0,0,0,0,0,0,21,12270,310,20,7,13,3,5,0,4
Milan Lucic,EDM,L,2016-11-21,false,CHI,5,5,-2,9,2,2,0,0,1,0,42,21683,453,48,6,15,14,7,2,1
Adam Lowry,WPG,C,2016-11-19,false,BOS,5,2,-2,17,1,2,0,0,0,0,29,19211,466,46,11,10,7,6,155,168
Ben Lovejoy,NJD,D,2016-11-25,false,DET,0,2,-3,6,0,0,0,0,0,0,24,24015,509,28,37,11,6,6,0,0
Bryan Little,WPG,C,2017-01-09,false,CGY,6,8,1,6,2,1,0,0,1,1,47,20366,500,6,4,18,6,9,218,161
Hampus Lindholm,ANA,D,2016-12-19,false,TOR,1,3,3,6,0,2,0,0,1,0,27,26162,535,28,29,19,18,6,0,0
Elias Lindholm,CAR,C,2016-11-26,false,OTT,2,5,-5,2,0,2,0,2,0,0,41,22101,479,24,21,20,9,16,117,111
Esa Lindell,DAL,D,2016-12-10,false,PHI,2,2,-3,4,0,1,0,0,1,0,22,23479,517,28,35,10,5,7,0,1
Oscar Lindberg,NYR,C,2016-12-20,false,PIT,0,3,-1,14,0,1,0,0,0,0,33,13774,338,32,14,8,3,4,87,77
John-Michael Liles,BOS,D,2016-11-24,false,OTT,0,4,-3,4,0,3,0,0,0,0,16,20117,453,13,26,8,4,7,1,0
Trevor Lewis,LAK,C,2016-11-20,false,ANA,2,2,-5,4,0,0,0,0,0,0,29,15760,368,41,6,10,4,3,22,37
Mark Letestu,EDM,C,2016-11-27,false,ARI,2,4,-2,0,0,0,2,0,2,0,13,15199,408,20,11,6,6,4,118,105
Kris Letang,PIT,D,2016-12-03,false,DET,2,12,-4,16,1,5,0,0,1,1,65,31105,604,42,39,23,28,16,0,0
Jori Lehtera,STL,C,2016-12-01,false,TBL,3,4,3,8,0,1,0,0,1,0,26,18834,485,16,11,0,5,5,140,120
Artturi Lehkonen,MTL,L,2016-12-12,false,BOS,5,1,3,6,1,0,0,0,1,0,44,16661,416,18,7,11,6,9,0,0
Anders Lee,NYI,L,2016-11-25,false,SJS,4,1,1,10,1,0,0,0,0,0,34,15323,365,54,11,12,4,8,1,3
Nick Leddy,NYI,D,2016-11-28,false,CGY,4,6,-9,6,1,2,0,0,0,0,42,27592,479,21,33,18,5,6,0,0
Curtis Lazar,OTT,C,2017-01-12,false,PIT,0,0,-4,4,0,0,0,0,0,0,19,10767,269,36,6,4,4,4,17,23
Adam Larsson,EDM,D,2016-11-21,false,CHI,1,2,0,12,0,0,0,0,0,0,23,24504,526,62,33,11,18,5,0,0
Philip Larsen,VAN,D,2017-02-04,false,MIN,1,5,-9,4,0,2,0,0,0,0,27,20361,428,6,16,15,9,2,0,0
Dylan Larkin,DET,C,2016-11-23,false,BUF,5,1,-6,17,1,0,0,0,1,0,60,20235,431,9,6,16,17,22,38,49
Nick Lappin,NJD,R,2016-12-08,false,MTL,4,3,-1,4,0,0,0,0,0,0,29,15178,346,21,3,10,2,9,2,4
Gabriel Landeskog,COL,L,2016-12-18,false,WPG,4,5,-6,24,2,0,0,0,2,1,42,21750,475,47,9,12,9,24,11,16
Anton Lander,EDM,C,2017-01-10,false,SJS,1,3,3,6,0,0,0,0,0,0,8,11504,319,24,7,5,4,5,74,58
Patrik Laine,WPG,R,2016-11-19,false,BOS,12,6,-1,6,5,2,0,0,2,1,55,22758,452,20,10,18,26,9,0,2
Andrew Ladd,NYI,L,2016-11-25,false,SJS,2,1,-5,14,0,0,0,0,0,0,35,20247,423,21,8,14,13,12,1,2
Kevin Labanc,SJS,R,2016-12-20,false,CGY,4,2,4,8,0,0,0,0,1,0,27,15492,361,7,3,10,10,5,0,1
Paul LaDue,LAK,D,2017-04-02,false,ARI,0,7,-6,4,0,4,0,0,0,0,25,19014,445,14,13,7,10,3,0,0
Evgeny Kuznetsov,WSH,C,2016-11-25,false,BUF,3,6,5,10,0,1,0,0,0,0,31,20608,427,12,5,14,15,9,121,175
Chris Kunitz,PIT,L,2016-12-05,false,OTT,2,10,5,18,0,2,0,0,2,0,39,19194,450,68,6,12,11,8,3,4
Dmitry Kulikov,BUF,D,2016-12-27,false,DET,0,1,-10,14,0,0,0,0,0,0,20,26781,583,22,24,16,10,5,0,0
Nikolay Kulemin,NYI,L,2016-11-30,false,PIT,2,3,1,6,0,0,0,0,0,0,16,16578,424,22,14,14,6,7,5,2
Brett Kulak,CGY,D,2017-02-13,false,ARI,0,3,-2,12,0,0,0,0,0,0,19,17437,402,13,13,11,10,4,0,0
Tom Kuhnhackl,PIT,R,2016-12-10,false,TBL,2,3,5,6,0,0,0,0,0,0,14,11755,307,27,14,7,2,1,0,1
Nikita Kucherov,TBL,R,2016-11-23,false,PHI,10,14,11,8,2,5,0,0,3,0,56,22010,438,5,10,29,14,19,0,0
Marcus Kruger,CHI,C,2016-11-21,false,EDM,1,3,4,18,0,0,0,0,0,0,19,15986,427,9,13,11,2,10,111,111
Torey Krug,BOS,D,2016-11-24,false,OTT,1,5,-9,8,0,3,0,0,0,0,62,25459,538,22,16,18,12,4,0,0
Niklas Kronwall,DET,D,2016-12-20,false,TBL,0,2,-3,10,0,1,0,0,0,0,18,22748,517,28,34,8,5,1,0,0
David Krejci,BOS,C,2016-11-24,false,OTT,2,10,-5,12,1,4,0,0,1,0,36,21258,427,18,18,16,15,11,134,135
Chris Kreider,NYR,L,2016-12-03,false,CAR,6,10,1,13,1,3,0,0,1,0,52,19938,430,44,14,23,12,7,2,2
Lauri Korpikoski,DAL,L,2016-11-21,false,MIN,4,3,0,4,0,0,0,0,0,0,33,17361,450,12,12,9,5,7,0,3
Anze Kopitar,LAK,C,2016-12-04,false,MTL,2,12,4,4,0,4,0,1,0,0,47,25753,504,29,12,23,10,9,259,225
Travis Konecny,PHI,C,2016-11-22,false,FLA,4,8,-4,12,2,1,0,0,0,0,45,18599,418,34,6,22,6,10,0,0
Leo Komarov,TOR,C,2016-11-23,false,NJD,3,5,2,9,0,2,1,0,0,0,23,20664,496,70,13,9,2,7,22,25
Mikko Koivu,MIN,C,2016-11-25,false,PIT,3,6,2,6,0,3,0,1,1,0,30,24134,531,6,24,15,10,12,261,221
Slater Koekkoek,TBL,D,2016-12-17,false,EDM,0,4,1,8,0,0,0,0,0,0,21,15705,361,20,19,10,4,1,0,0
John Klingberg,DAL,D,2016-11-23,false,NSH,2,8,-10,10,0,5,0,0,0,0,25,27317,564,12,28,13,22,4,0,0
Kevin Klein,NYR,D,2016-11-27,false,OTT,0,6,3,0,0,1,0,1,0,0,20,21702,488,36,51,5,11,8,0,0
Oscar Klefbom,EDM,D,2016-11-21,false,CHI,3,4,0,0,0,2,0,0,2,0,47,26462,528,14,33,21,16,4,0,0
Dwight King,LAK,L,2016-11-20,false,ANA,2,4,4,6,0,0,0,0,0,0,27,18369,398,32,6,12,6,5,3,4
Jakub Kindl,FLA,D,2017-01-06,false,NSH,0,2,-8,12,0,0,0,0,0,0,22,17646,371,32,21,11,12,3,0,0
Alex Killorn,TBL,L,2016-11-21,false,NSH,7,4,0,14,2,3,0,0,2,0,47,20764,416,32,8,10,11,4,1,5
Phil Kessel,PIT,R,2016-11-23,false,NYR,5,15,-2,8,3,6,0,0,1,0,47,22051,477,6,5,20,10,3,0,4
Ryan Kesler,ANA,C,2016-11-22,false,NYI,8,6,9,22,5,2,0,0,2,0,50,25606,536,34,17,24,10,2,264,177
Tanner Kero,CHI,C,2017-02-08,false,MIN,4,4,8,2,0,0,0,0,0,0,20,16130,387,21,24,5,4,5,90,113
Michal Kempny,CHI,D,2016-12-01,false,NJD,0,2,2,14,0,0,0,0,0,0,25,19398,436,37,24,19,14,2,0,0
Adrian Kempe,LAK,L,2017-03-29,false,CGY,2,4,-2,6,0,2,0,1,1,0,29,14852,351,20,6,9,7,3,59,72
Chris Kelly,OTT,C,2016-11-24,false,BOS,1,2,-2,4,0,0,0,0,0,0,26,15891,398,19,16,10,7,6,83,103
Duncan Keith,CHI,D,2016-11-21,false,EDM,0,14,7,6,0,3,0,0,0,0,47,30878,578,5,21,12,16,5,0,0
Zack Kassian,EDM,R,2016-11-27,false,ARI,2,2,0,27,0,0,0,0,0,0,30,14634,361,43,5,9,5,6,1,0
Ondrej Kase,ANA,R,2016-12-27,false,SJS,2,5,-3,10,0,0,0,0,1,0,31,15113,388,15,8,13,14,7,1,3
Melker Karlsson,SJS,C,2016-12-09,false,ANA,2,2,5,4,0,0,0,0,0,0,16,14454,368,18,14,10,5,5,0,2
William Karlsson,CBJ,C,2016-11-26,false,FLA,3,5,5,2,0,0,0,1,1,0,28,17157,423,9,4,13,7,9,106,137
Erik Karlsson,OTT,D,2016-11-24,false,BOS,4,12,5,10,1,3,0,1,1,0,47,32693,666,18,61,38,32,15,0,0
Evander Kane,BUF,L,2016-12-20,false,FLA,6,5,-4,20,1,3,0,0,0,0,58,21999,441,37,9,19,10,13,27,26
Patrick Kane,CHI,R,2016-11-21,false,EDM,6,14,3,12,1,4,0,0,2,0,69,26629,483,7,2,19,5,9,3,15
Sergey Kalinin,NJD,C,2016-12-09,false,STL,0,1,-7,11,0,0,0,0,0,0,19,15063,365,28,9,6,3,3,15,22
Nazem Kadri,TOR,C,2016-11-23,false,NJD,8,7,0,45,3,2,0,0,1,1,52,18922,448,30,9,19,10,18,127,157
Tomas Jurco,CHI,L,2017-03-04,false,NSH,0,0,-8,4,0,0,0,0,0,0,17,12581,309,9,5,14,4,1,0,1
Roman Josi,NSH,D,2016-11-25,false,WPG,2,10,-2,4,1,6,0,0,0,0,56,29698,568,14,33,20,12,6,0,0
Jacob Josefson,NJD,C,2017-01-20,false,MTL,0,2,-2,8,0,1,0,0,0,0,25,14361,330,18,7,15,7,2,69,60
Josh Jooris,ARI,R,2017-01-06,false,ANA,1,2,2,6,0,0,0,0,0,0,20,12319,313,24,10,7,1,4,57,59
Seth Jones,CBJ,D,2016-12-10,false,NYI,4,7,5,4,0,0,0,0,1,1,39,28199,606,22,41,11,12,5,0,0
Jyrki Jokipakka,CGY,D,2016-12-10,false,WPG,1,4,1,4,0,0,0,0,0,0,10,18324,445,12,18,5,8,2,0,0
Jussi Jokinen,FLA,L,2016-12-13,false,MIN,2,3,-5,12,0,0,0,0,1,0,36,21924,459,5,8,10,17,7,13,11
Erik Johnson,COL,D,2016-11-26,false,VAN,1,9,-1,2,0,4,0,0,0,0,42,27237,624,40,55,14,10,10,0,0
Tyler Johnson,TBL,C,2016-11-21,false,NSH,7,5,-4,8,4,3,0,0,1,0,39,21694,444,19,11,11,7,9,168,151
Jack Johnson,CBJ,D,2016-11-26,false,FLA,0,3,7,12,0,0,0,0,0,0,29,26262,563,29,34,12,8,3,0,0
Stephen Johns,DAL,D,2016-12-06,false,CGY,2,3,-2,12,0,0,0,0,1,0,23,22791,524,52,38,12,12,4,0,0
Marcus Johansson,WSH,L,2016-11-25,false,BUF,8,6,6,4,2,2,0,0,4,1,38,20952,402,9,0,8,11,12,5,7
Ryan Johansen,NSH,C,2016-11-25,false,WPG,4,10,5,14,3,5,0,0,2,0,43,22007,463,22,6,21,10,10,162,159
Nick Jensen,DET,D,2017-02-07,false,CBJ,2,4,3,4,0,0,0,0,0,0,27,19111,442,20,20,8,10,1,0,0
Boone Jenner,CBJ,C,2016-11-26,false,FLA,2,4,-6,8,0,1,0,0,0,0,44,17675,398,40,19,13,5,9,35,21
Dmitrij Jaskin,STL,R,2016-11-26,false,MIN,0,5,5,6,0,0,0,0,0,0,20,13806,328,35,5,10,5,4,3,4
Calle Jarnkrok,NSH,C,2016-11-25,false,WPG,3,1,-1,2,0,0,0,0,0,0,22,17130,428,10,3,12,6,6,88,102
Jaromir Jagr,FLA,R,2016-11-22,false,PHI,2,7,1,12,1,1,0,0,0,0,47,19696,384,5,2,14,10,14,0,0
Matt Irwin,NSH,D,2016-12-08,false,DAL,3,3,8,4,0,0,0,0,1,0,26,17828,414,42,33,13,11,5,0,0
Jarome Iginla,COL,R,2016-11-26,false,VAN,3,2,1,31,1,1,0,0,0,0,42,18006,399,22,5,11,8,7,5,4
Zach Hyman,TOR,C,2016-11-23,false,NJD,2,3,-3,6,0,0,0,0,1,0,42,19750,456,32,12,14,5,15,7,12
Ben Hutton,VAN,D,2016-11-23,false,ARI,2,2,-7,12,0,2,0,0,1,1,37,25248,518,16,29,16,15,9,0,0
Matt Hunwick,TOR,D,2016-12-13,false,SJS,0,6,4,4,0,0,0,0,0,0,18,21656,503,37,31,13,18,12,0,0
Jiri Hudler,DAL,R,2017-01-16,false,BUF,2,4,2,4,0,0,0,0,1,0,16,14908,366,7,2,8,5,7,2,2
Jonathan Huberdeau,FLA,L,2017-03-19,false,PIT,6,10,3,4,1,3,0,0,2,1,50,21469,457,17,3,14,17,10,2,4
Marian Hossa,CHI,R,2016-11-23,false,SJS,11,6,6,6,3,3,0,0,3,2,48,20559,478,5,11,20,3,13,4,6
Bo Horvat,VAN,C,2016-11-23,false,ARI,7,6,-4,14,0,1,2,0,0,0,31,20278,479,27,7,25,3,8,165,162
Patric Hornqvist,PIT,R,2016-12-05,false,OTT,6,11,5,4,5,3,0,0,1,0,75,19575,458,58,24,17,3,9,1,4
Korbinian Holzer,ANA,D,2017-01-25,false,EDM,0,5,-3,6,0,0,0,0,0,0,9,16617,366,48,22,5,7,2,0,0
Peter Holland,ARI,C,2017-01-07,false,NYI,0,5,-5,10,0,0,0,0,0,0,34,16182,350,16,2,18,4,3,84,114
Nick Holden,NYR,D,2016-11-21,false,PIT,2,8,13,6,1,0,0,0,0,0,13,23413,525,37,23,11,15,8,0,0
Mike Hoffman,OTT,L,2016-11-27,false,NYR,4,8,-3,10,2,3,0,0,2,0,62,20371,410,12,8,20,11,12,2,2
Joshua Ho-Sang,NYI,R,2017-04-08,false,NJD,4,6,0,12,1,1,0,0,0,0,21,19761,377,4,2,9,18,8,0,2
Niklas Hjalmarsson,CHI,D,2016-11-23,false,SJS,2,3,5,2,0,0,0,0,0,0,14,25653,562,7,42,3,11,6,0,0
Vinnie Hinostroza,CHI,L,2016-12-09,false,NYR,1,2,-3,4,0,0,0,0,0,0,22,13557,298,12,10,12,7,9,39,69
Thomas Hickey,NYI,D,2016-11-25,false,SJS,1,3,0,2,0,1,0,0,0,0,25,22542,446,28,45,12,12,2,0,0
Tomas Hertl,SJS,C,2017-02-02,false,VAN,5,6,0,10,1,1,0,0,2,0,43,19698,450,36,6,16,6,12,90,71
Adam Henrique,NJD,C,2016-11-25,false,DET,4,5,7,10,0,0,0,0,1,1,30,21971,465,27,19,14,11,8,152,156
Matt Hendricks,EDM,L,2017-01-20,false,NSH,2,2,-7,19,0,0,0,0,1,0,21,13366,329,35,24,5,4,2,57,47
Darren Helm,DET,C,2017-01-24,false,BOS,5,3,7,10,2,0,0,1,1,0,36,18164,443,27,7,9,8,11,118,96
Victor Hedman,TBL,D,2016-11-21,false,NSH,3,11,6,14,1,4,0,0,2,0,35,29241,567,21,30,18,15,11,0,0
Kevin Hayes,NYR,C,2016-11-21,false,PIT,9,9,17,6,0,1,1,1,1,0,33,19550,451,12,16,11,22,16,114,130
Jimmy Hayes,BOS,R,2016-11-27,false,TBL,1,0,-9,16,0,0,0,0,0,0,34,12777,297,29,2,7,4,7,1,5
Erik Haula,MIN,L,2016-12-11,false,STL,4,4,2,8,0,0,0,0,0,0,40,17603,420,11,10,7,6,10,118,115
Garnet Hathaway,CGY,R,2017-01-07,false,VAN,1,4,2,37,0,0,0,0,0,0,15,10917,277,43,14,6,3,5,10,8
Scott Hartnell,CBJ,L,2016-11-26,false,FLA,4,7,5,4,1,0,0,0,0,0,27,14963,371,18,12,7,10,3,0,0
Ryan Hartman,CHI,L,2016-12-01,false,NJD,5,1,0,2,0,0,0,0,1,0,39,13404,305,23,9,9,6,5,4,5
Scott Harrington,CBJ,D,2017-04-04,false,PIT,1,2,3,6,0,0,0,0,0,0,12,15204,355,18,21,9,5,3,0,0
Martin Hanzal,ARI,C,2016-12-06,false,CHI,5,4,-11,18,2,2,0,0,1,1,50,22287,484,41,16,14,16,8,229,192
Jannik Hansen,VAN,R,2017-02-07,false,NSH,5,5,-3,25,0,0,0,0,1,0,38,19477,442,19,3,19,6,11,0,0
Noah Hanifin,CAR,D,2016-11-26,false,OTT,1,7,-8,10,1,3,0,0,0,0,37,21002,431,14,9,12,12,7,0,0
Travis Hamonic,NYI,D,2016-12-01,false,WSH,2,4,-11,23,0,1,0,0,0,0,28,24724,461,29,38,18,15,7,0,0
Dougie Hamilton,CGY,D,2016-11-20,false,DET,2,7,-4,20,0,1,0,0,1,0,51,22419,527,32,20,14,13,3,0,0
Freddie Hamilton,CGY,C,2017-01-19,false,NSH,1,0,-1,6,0,0,0,0,1,0,23,11567,275,32,1,8,1,3,59,42
Dan Hamhuis,DAL,D,2016-11-23,false,NSH,0,5,-4,8,0,0,0,1,0,0,25,24729,547,26,32,11,10,4,0,0
Taylor Hall,NJD,L,2016-12-11,false,NYR,8,12,-2,8,4,3,0,0,2,1,70,24449,486,23,13,20,10,12,1,3
Micheal Haley,SJS,C,2016-12-20,false,CGY,0,3,-1,32,0,0,0,0,0,0,12,9563,246,57,7,7,8,9,4,6
Ron Hainsey,CAR,D,2016-11-26,false,OTT,1,5,-2,6,0,0,1,0,0,0,22,26387,534,31,22,11,14,4,0,0
Carl Hagelin,PIT,L,2016-11-23,false,NYR,2,5,2,2,0,0,0,1,0,0,39,19872,477,20,9,14,11,6,0,1
Carl Gunnarsson,STL,D,2016-12-01,false,TBL,0,1,-1,4,0,0,0,0,0,0,12,16928,431,15,25,6,1,0,0,0
Jake Guentzel,PIT,C,2017-02-17,false,CBJ,6,5,4,6,0,0,0,0,0,0,29,18515,404,41,8,9,3,7,8,8
Radko Gudas,PHI,D,2016-12-08,false,EDM,1,7,4,21,0,1,0,0,0,0,32,24182,523,83,53,24,16,7,0,0
Eric Gryba,EDM,D,2017-01-05,false,BOS,1,2,1,36,0,0,0,0,1,0,22,20352,439,77,17,9,8,3,0,0
Mikhail Grigorenko,COL,C,2016-11-29,false,NSH,3,5,-2,8,0,3,0,0,0,0,31,16012,362,8,6,6,3,11,36,44
Seth Griffith,FLA,C,2016-12-28,false,TOR,0,4,5,4,0,1,0,0,0,0,20,15367,348,27,4,18,5,3,2,4
Andy Greene,NJD,D,2016-11-25,false,DET,2,3,-2,2,0,0,1,0,1,1,21,26740,567,22,46,16,12,6,0,0
Matt Greene,LAK,D,2016-12-18,false,BOS,1,1,3,19,0,0,0,0,0,0,12,16334,423,63,24,9,15,1,0,0
Mike Green,DET,D,2016-11-23,false,BUF,3,8,0,16,1,2,0,0,0,0,35,28989,571,16,27,15,18,9,0,0
Kevin Gravel,LAK,D,2016-12-22,false,NSH,0,2,5,4,0,1,0,0,0,0,17,16778,407,27,30,10,10,0,0,0
Tyler Graovac,MIN,C,2016-12-13,false,FLA,2,0,0,2,0,0,0,0,0,0,15,11020,277,21,3,12,1,6,66,66
Derek Grant,BUF,C,2016-11-23,false,DET,0,2,-3,17,0,0,0,0,0,0,18,13686,345,15,11,10,4,5,104,96
Mikael Granlund,MIN,C,2016-11-25,false,PIT,5,9,4,2,1,4,1,0,2,0,37,23218,496,14,11,20,6,8,4,4
Markus Granlund,VAN,C,2016-11-23,false,ARI,5,3,-6,6,1,0,0,0,1,1,35,19903,453,10,3,16,4,11,29,39
Michael Grabner,NYR,R,2016-11-21,false,PIT,12,4,19,2,0,0,0,1,1,0,46,15568,416,9,13,11,7,19,2,1
Yanni Gourde,TBL,C,2017-04-09,false,BUF,6,2,-1,8,0,0,1,0,1,1,30,18441,421,11,3,12,4,12,60,103
Shayne Gostisbehere,PHI,D,2016-11-23,false,TBL,3,7,-6,12,1,4,0,0,1,0,53,25099,515,8,27,36,20,6,0,0
Josh Gorges,BUF,D,2016-11-23,false,DET,0,0,-2,21,0,0,0,0,0,0,9,23312,548,49,38,7,6,0,0,1
Cody Goloubef,COL,D,2017-02-04,false,WPG,0,3,-12,19,0,0,0,0,0,0,18,21609,499,15,25,5,4,4,0,0
Alex Goligoski,ARI,D,2016-11-27,false,EDM,0,8,-8,4,0,2,0,0,0,0,33,28101,560,22,32,8,10,1,0,0
Luke Glendening,DET,C,2016-11-23,false,BUF,1,5,0,8,0,1,0,0,0,0,25,15288,372,51,23,11,2,6,82,77
Claude Giroux,PHI,C,2016-11-22,false,FLA,4,13,-9,6,3,7,0,0,0,0,49,23119,503,14,4,19,4,7,233,198
Zemgus Girgensons,BUF,C,2016-11-23,false,DET,1,3,-5,4,0,0,0,0,0,0,34,15333,363,27,9,10,1,2,85,80
Dan Girardi,NYR,D,2016-11-29,false,CAR,3,3,13,6,0,0,0,1,3,0,18,22105,506,42,53,7,17,2,0,0
Mark Giordano,CGY,D,2016-11-20,false,DET,1,5,1,18,0,2,0,1,0,0,49,29770,615,15,47,21,6,15,0,0
Brian Gionta,BUF,R,2016-11-23,false,DET,4,4,0,6,0,0,0,0,1,0,47,20881,435,15,9,14,7,5,7,8
Stephen Gionta,NYI,R,2017-03-30,false,PHI,1,5,7,0,0,0,0,0,0,0,12,12678,318,46,5,2,5,2,26,25
Ryan Getzlaf,ANA,C,2016-11-29,false,MTL,2,16,-3,12,1,6,0,0,1,0,42,24276,512,26,18,24,17,12,161,138
Eric Gelinas,COL,D,2017-01-17,false,CHI,0,1,-3,12,0,0,0,0,0,0,26,14714,351,23,13,10,5,3,0,1
Frederik Gauthier,TOR,C,2017-02-23,false,NYR,2,1,2,23,0,0,0,0,0,0,15,11538,332,16,17,5,3,5,112,110
Brendan Gaunce,VAN,C,2016-11-23,false,ARI,0,2,-3,20,0,0,0,0,0,0,16,10863,284,27,4,5,2,2,54,51
Johnny Gaudreau,CGY,L,2016-12-08,false,ARI,7,10,-6,0,1,3,0,0,1,0,53,22727,474,3,4,17,26,8,0,0
Jason Garrison,TBL,D,2016-11-21,false,NSH,0,2,-4,6,0,0,0,0,0,0,29,21981,491,24,31,15,12,6,0,0
Jake Gardiner,TOR,D,2016-11-23,false,NJD,4,5,5,10,1,1,0,0,0,0,29,23604,511,15,17,12,23,8,0,0
Brendan Gallagher,MTL,R,2016-11-22,false,OTT,4,6,4,20,1,0,0,0,1,0,54,18364,430,25,6,20,4,10,19,26
Alex Galchenyuk,MTL,C,2016-11-22,false,OTT,8,13,11,12,3,4,0,0,1,0,40,19233,432,9,10,12,11,7,93,139
Sam Gagner,CBJ,C,2016-11-29,false,TBL,8,5,7,0,2,3,0,0,1,0,46,16360,353,3,3,21,5,3,38,44
Marian Gaborik,LAK,R,2017-01-12,false,STL,2,5,-2,4,1,1,0,0,0,0,41,17740,393,12,3,20,5,3,0,1
Michael Frolik,CGY,R,2016-11-20,false,DET,6,7,0,6,0,0,2,0,1,1,47,19315,438,14,14,13,10,12,6,7
Cody Franson,BUF,D,2016-11-23,false,DET,1,4,-1,8,1,0,0,0,0,0,29,21825,477,15,19,8,9,1,0,0
Cam Fowler,ANA,D,2016-11-22,false,NYI,6,7,0,2,4,3,0,0,1,0,44,28734,564,10,26,13,15,3,0,0
Gustav Forsling,CHI,D,2016-11-26,false,LAK,1,3,0,2,0,1,0,0,0,0,25,19001,409,11,7,6,14,1,0,0
Filip Forsberg,NSH,L,2016-11-25,false,WPG,2,14,-1,6,0,3,0,0,0,0,44,22030,496,33,6,24,10,20,5,6
Derek Forbort,LAK,D,2016-11-20,false,ANA,1,4,2,32,0,0,0,0,0,0,18,20230,478,43,46,7,11,2,0,0
Christian Folin,MIN,D,2016-12-13,false,FLA,0,2,9,16,0,0,0,0,0,0,19,20086,456,32,27,9,4,6,0,0
Marcus Foligno,BUF,L,2016-11-23,false,DET,4,2,2,8,0,0,0,0,0,0,36,19749,435,70,15,12,9,9,0,1
Nick Foligno,CBJ,L,2016-11-26,false,FLA,8,11,1,22,4,6,0,0,0,0,43,22165,493,31,11,16,10,8,21,16
Brian Flynn,MTL,C,2016-12-17,false,WSH,3,2,4,2,0,0,0,0,0,0,19,14070,380,10,9,10,7,4,43,32
Mike Fisher,NSH,C,2016-12-04,false,PHI,5,9,-8,29,3,5,0,0,1,0,38,19586,449,44,17,14,1,7,188,147
Valtteri Filppula,TBL,C,2016-11-23,false,PHI,4,10,6,4,0,5,0,0,1,0,25,21892,446,8,10,6,9,10,165,215
Vernon Fiddler,NJD,C,2016-11-25,false,DET,0,1,-4,13,0,0,0,0,0,0,17,14967,368,19,10,4,11,4,130,108
Kevin Fiala,NSH,L,2016-12-17,false,NYR,5,2,-2,6,0,0,0,0,1,0,46,15352,369,15,5,10,8,15,0,0
Micheal Ferland,CGY,L,2016-11-20,false,DET,3,5,0,5,1,1,0,0,0,0,26,12983,325,49,7,8,10,9,0,0
Eric Fehr,PIT,C,2016-11-23,false,NYR,2,2,-1,2,0,0,0,0,1,0,22,13427,339,22,15,5,5,15,25,22
Taylor Fedun,BUF,D,2017-01-26,false,DAL,0,7,4,8,0,3,0,0,0,0,22,16648,400,5,14,3,8,3,0,0
Justin Faulk,CAR,D,2016-12-01,false,BOS,3,4,-8,8,1,3,0,0,0,0,53,28235,540,38,23,27,18,12,0,0
Jesper Fast,NYR,R,2016-11-21,false,PIT,2,8,9,12,0,0,0,0,0,0,11,16035,397,29,10,7,4,14,6,7
Justin Falk,BUF,D,2016-12-29,false,BOS,0,1,0,7,0,0,0,0,0,0,15,15280,389,32,8,11,6,2,0,0
Radek Faksa,DAL,C,2016-11-21,false,MIN,1,5,2,15,0,0,0,0,0,0,33,19646,502,23,17,18,5,15,152,172
Robby Fabbri,STL,C,2016-11-23,false,WSH,4,5,-6,15,3,2,0,0,0,0,32,19103,432,27,9,9,6,9,2,3
Adam Erne,TBL,L,2017-03-30,false,DET,1,0,-7,11,0,0,0,0,0,0,32,14280,338,55,9,17,3,2,0,2
Loui Eriksson,VAN,L,2016-11-23,false,ARI,4,4,-7,0,1,1,0,1,1,0,36,22582,486,1,10,13,6,6,0,0
Jonathan Ericsson,DET,D,2016-11-23,false,BUF,0,4,2,35,0,0,0,0,0,0,16,21113,499,27,15,11,10,1,0,0
Toby Enstrom,WPG,D,2016-11-19,false,BOS,1,6,1,10,0,3,1,0,0,0,23,26779,569,5,28,11,12,5,0,0
Tyler Ennis,BUF,L,2017-02-04,false,OTT,2,3,-5,0,0,0,0,0,0,0,38,16372,347,14,11,7,4,11,0,3
Deryk Engelland,CGY,D,2016-11-20,false,DET,1,3,7,19,0,0,0,0,1,0,25,22094,511,34,39,11,14,2,0,0
Alexei Emelin,MTL,D,2016-11-22,false,OTT,1,3,5,25,0,0,0,0,0,0,19,25315,509,67,41,9,24,3,0,0
Ryan Ellis,NSH,D,2016-12-13,false,STL,3,6,9,19,0,3,0,0,2,0,29,28262,560,26,39,17,12,7,0,0
Lars Eller,WSH,C,2016-11-26,false,TOR,2,1,-1,18,0,0,0,0,0,0,24,16819,371,14,4,14,6,10,113,118
Oliver Ekman-Larsson,ARI,D,2016-11-27,false,EDM,5,5,-2,10,2,1,0,0,1,1,46,29624,564,34,21,24,14,9,0,0
Mattias Ekholm,NSH,D,2016-11-25,false,WPG,0,5,-3,10,0,1,0,1,0,0,30,28067,550,13,37,19,21,6,0,0
Aaron Ekblad,FLA,D,2016-11-22,false,PHI,5,0,-7,24,2,0,0,0,1,1,58,27653,474,41,17,22,12,8,0,0
Jack Eichel,BUF,C,2017-01-12,false,TBL,8,7,-1,4,4,3,0,0,2,0,74,23717,447,14,16,25,18,13,99,141
Nikolaj Ehlers,WPG,L,2016-11-19,false,BOS,4,13,1,8,0,2,0,0,1,0,48,21553,443,11,7,23,10,10,0,1
Joel Edmundson,STL,D,2016-12-17,false,CHI,0,6,-5,21,0,0,0,0,0,0,25,19546,487,37,26,8,5,4,0,0
Alexander Edler,VAN,D,2016-11-25,false,DAL,1,2,-8,4,1,1,0,0,0,0,46,29615,579,36,47,12,12,5,2,1
Jordan Eberle,EDM,C,2016-11-21,false,CHI,5,9,-6,4,1,3,0,0,0,0,61,21637,463,5,8,18,5,6,1,1
Patrick Eaves,DAL,R,2016-11-23,false,NSH,9,7,-5,6,5,3,0,0,1,0,51,20302,480,24,13,27,2,3,0,1
Cody Eakin,DAL,C,2017-01-10,false,ANA,0,2,-10,23,0,1,0,0,0,0,21,17983,450,26,9,17,8,1,143,142
Ryan Dzingel,OTT,L,2016-11-24,false,BOS,5,5,4,2,0,1,1,0,1,0,36,16317,375,13,10,9,4,10,2,3
Christian Dvorak,ARI,C,2016-12-05,false,CBJ,2,5,-1,4,0,1,0,0,0,0,19,17097,362,19,20,7,3,1,95,131
Brian Dumoulin,PIT,D,2016-11-23,false,NYR,0,2,-4,10,0,0,0,0,0,0,29,23687,546,35,25,8,12,7,0,0
Gabriel Dumont,TBL,C,2017-03-01,false,CAR,1,1,-2,18,0,0,0,0,0,0,20,11102,280,38,5,6,3,3,56,43
Matt Dumba,MIN,D,2016-11-25,false,PIT,2,5,3,14,1,2,0,0,1,1,41,24759,497,28,20,15,8,7,0,0
Anthony Duclair,ARI,L,2016-11-27,false,EDM,1,3,0,4,0,0,0,0,0,0,25,16090,371,9,3,8,11,8,0,0
Matt Duchene,COL,C,2016-12-06,false,NSH,9,7,-5,2,2,2,0,0,3,1,49,22191,478,5,17,15,11,18,121,81
Brandon Dubinsky,CBJ,C,2016-12-01,false,COL,2,5,1,15,0,1,0,0,1,0,21,21415,492,60,17,15,9,11,198,175
Jonathan Drouin,TBL,L,2016-12-08,false,VAN,4,7,-3,6,2,2,0,0,0,0,56,20248,392,15,7,12,22,13,27,33
Leon Draisaitl,EDM,C,2016-11-21,false,CHI,6,8,-5,2,4,1,0,0,0,0,37,20210,429,6,10,16,16,12,148,140
Nic Dowd,LAK,C,2016-11-26,false,CHI,2,8,-5,2,1,2,0,0,1,1,25,16429,393,54,12,10,7,3,110,131
Drew Doughty,LAK,D,2016-11-20,false,ANA,3,6,4,16,0,2,0,0,0,0,47,32490,669,33,38,18,21,2,1,0
Jake Dotchin,TBL,D,2017-03-11,false,FLA,0,5,6,25,0,0,0,0,0,0,26,21616,458,51,10,16,8,3,0,0
Joonas Donskoi,SJS,R,2016-11-23,false,CHI,2,5,-1,8,1,2,0,0,0,0,37,17813,422,9,8,20,11,13,0,0
Max Domi,ARI,L,2016-11-27,false,EDM,3,11,-4,13,1,3,0,0,1,0,46,21098,442,15,8,16,13,8,3,3
Shane Doan,ARI,R,2016-11-27,false,EDM,2,4,-2,4,1,1,0,0,0,0,39,18906,395,35,11,10,8,2,31,35
Brenden Dillon,SJS,D,2016-11-23,false,CHI,0,1,-1,16,0,0,0,0,0,0,21,18727,435,42,17,13,5,1,0,0
Phillip Di Giuseppe,CAR,L,2017-02-21,false,PIT,1,2,-12,13,0,1,0,0,1,1,36,14594,335,34,8,15,7,8,0,2
Nicolas Deslauriers,BUF,L,2017-01-12,false,TBL,0,0,-3,9,0,0,0,0,0,0,10,9457,218,58,3,7,0,1,0,0
Andrew Desjardins,CHI,L,2016-12-27,false,WPG,0,0,-3,6,0,0,0,0,0,0,25,11857,275,29,6,4,4,4,23,20
David Desharnais,MTL,C,2016-11-24,false,CAR,3,4,3,2,0,1,0,0,0,0,15,15461,357,0,5,6,4,9,44,54
Jason Demers,FLA,D,2016-11-22,false,PHI,2,6,-4,6,0,3,0,1,0,0,21,23798,474,19,20,22,10,11,0,0
Michael Del Zotto,PHI,D,2016-12-28,false,STL,4,5,-3,4,0,0,0,0,0,0,34,22922,521,78,41,12,9,3,0,0
Dylan DeMelo,SJS,D,2017-03-14,false,BUF,1,5,1,10,0,0,0,0,0,0,25,18468,421,26,23,10,8,3,0,0
Danny DeKeyser,DET,D,2016-11-23,false,BUF,1,2,-3,15,0,0,0,0,0,0,13,26494,570,22,35,10,12,3,0,0
Anthony DeAngelo,ARI,D,2016-12-31,false,CGY,3,6,-4,14,2,4,0,0,0,0,38,22748,464,11,28,13,11,2,0,0
Brandon Davidson,EDM,D,2017-02-03,false,CAR,0,1,2,6,0,0,0,0,0,0,25,17831,414,19,37,10,13,1,0,0
Laurent Dauphin,ARI,C,2016-12-12,false,PIT,2,1,-1,8,0,0,1,0,1,0,25,13194,325,28,8,3,3,8,26,28
Marko Dano,WPG,C,2016-12-08,false,NYR,3,5,1,6,2,0,0,0,0,0,24,14433,343,45,10,12,8,11,1,3
Phillip Danault,MTL,L,2016-11-22,false,OTT,5,4,1,4,0,0,0,0,1,0,28,15901,398,18,18,10,9,3,63,57
Trevor Daley,PIT,D,2016-11-23,false,NYR,2,5,2,12,1,1,0,1,0,0,27,25389,589,5,35,20,10,12,0,0
Klas Dahlbeck,CAR,D,2017-02-26,false,CGY,1,2,-4,18,0,0,0,0,0,0,14,16076,380,31,17,7,9,5,0,0
Austin Czarnik,BOS,C,2016-12-01,false,CAR,2,3,-3,6,0,1,0,0,1,0,28,16858,402,8,14,9,7,7,5,20
Matt Cullen,PIT,C,2016-11-23,false,NYR,4,6,0,4,0,1,0,0,1,0,25,17007,434,11,3,15,7,4,143,124
Lawson Crouse,ARI,L,2016-12-05,false,CBJ,1,0,-7,14,0,0,0,0,0,0,19,12898,315,41,10,5,1,5,0,0
Sidney Crosby,PIT,C,2016-12-05,false,OTT,17,10,4,8,5,2,0,0,3,0,71,23090,497,25,6,17,21,10,226,244
Joseph Cramarossa,ANA,C,2016-12-17,false,DET,2,3,-1,35,0,0,0,0,0,0,15,12846,323,43,11,7,8,5,2,0
Adam Cracknell,DAL,R,2016-11-21,false,MIN,2,1,2,0,0,0,0,0,0,0,23,12361,312,28,14,13,5,2,33,36
Charlie Coyle,MIN,C,2016-11-25,false,PIT,7,7,5,18,3,0,0,0,2,0,48,21785,469,23,18,14,10,11,11,11
Sean Couturier,PHI,C,2016-11-22,false,FLA,5,3,-4,14,0,1,0,1,1,0,31,21748,503,13,14,16,12,12,165,170
Logan Couture,SJS,C,2016-11-23,false,CHI,6,5,-1,2,4,0,0,0,0,0,67,21972,492,8,13,17,19,9,78,146
Nick Cousins,PHI,C,2016-11-29,false,BOS,3,4,0,10,1,1,0,0,0,0,31,14103,329,23,9,5,3,7,31,75
Andrew Copp,WPG,C,2016-12-08,false,NYR,4,3,0,6,0,0,1,0,1,0,21,15210,393,28,11,8,4,10,28,40
Kyle Connor,WPG,L,2017-04-08,false,NSH,2,3,-7,4,0,2,0,0,1,0,24,14665,327,1,8,13,5,11,1,1
Brett Connolly,WSH,R,2016-12-29,false,NJD,3,1,0,12,1,0,0,0,0,0,29,12900,289,39,2,6,3,7,3,4
Kevin Connauton,ARI,D,2017-03-02,false,BUF,0,1,-3,8,0,0,0,0,0,0,18,14772,359,40,15,12,3,4,0,0
J.T. Compher,COL,L,2017-04-08,false,DAL,3,2,1,4,1,0,0,0,1,0,29,17766,396,11,17,12,7,6,76,81
Blake Comeau,COL,L,2016-12-06,false,NSH,3,2,-1,20,2,0,0,0,0,0,30,18968,439,40,7,11,5,9,49,50
Blake Coleman,NJD,C,2017-04-01,false,PHI,1,1,-4,25,0,0,0,0,0,0,25,15364,345,43,14,8,12,11,83,111
Ian Cole,PIT,D,2016-11-23,false,NYR,1,3,5,17,0,0,0,0,0,0,22,21769,494,49,43,22,13,4,0,0
Joe Colborne,COL,C,2016-11-29,false,NSH,3,1,-6,8,2,0,0,0,0,0,22,14897,353,19,6,5,5,3,30,42
Andrew Cogliano,ANA,L,2016-11-22,false,NYI,5,4,6,8,0,0,2,0,0,0,48,17929,461,19,10,4,5,6,1,7
Braydon Coburn,TBL,D,2016-11-21,false,NSH,0,4,2,12,0,0,0,0,0,0,23,19794,436,22,12,8,7,0,0,0
Cal Clutterbuck,NYI,R,2016-11-28,false,CGY,2,5,-2,10,0,0,0,0,1,0,35,18771,462,75,9,13,9,11,1,2
Kyle Clifford,LAK,L,2016-11-23,false,NYI,2,2,1,33,0,0,0,0,0,0,35,12371,292,42,2,11,1,7,0,1
Adam Clendening,NYR,D,2017-02-11,false,COL,1,7,5,10,1,1,0,0,0,0,25,19184,437,10,22,10,13,6,0,0
Fredrik Claesson,OTT,D,2017-03-08,false,DAL,1,6,0,0,0,0,0,1,0,0,12,12577,315,23,7,4,10,1,0,0
Casey Cizikas,NYI,C,2016-11-25,false,SJS,2,4,-2,12,0,1,0,0,1,0,24,17739,461,52,22,5,8,9,151,167
Jakob Chychrun,ARI,D,2016-12-10,false,NSH,1,4,-3,27,0,0,0,0,0,0,24,20414,448,32,28,21,10,3,0,0
Jason Chimera,NYI,L,2016-11-25,false,SJS,1,5,-6,16,0,0,0,0,0,0,27,16588,406,36,12,6,5,3,4,8
Alex Chiasson,CGY,R,2016-11-20,false,DET,2,2,2,14,0,0,0,0,0,0,30,15630,391,22,3,7,6,6,0,11
Ben Chiarot,WPG,D,2016-11-20,false,CAR,0,3,-4,10,0,0,0,0,0,0,12,16737,359,27,26,2,12,3,0,0
Zdeno Chara,BOS,D,2016-12-05,false,FLA,1,5,11,19,0,1,0,0,0,0,28,27277,518,33,43,12,17,11,0,0
Michael Chaput,VAN,C,2016-12-18,false,CBJ,0,3,-5,11,0,0,0,0,0,0,15,12242,306,25,6,1,3,3,87,81
Cody Ceci,OTT,D,2016-11-24,false,BOS,0,2,-7,6,0,0,0,1,0,0,35,27195,636,39,42,13,20,5,0,0
Jeff Carter,LAK,C,2016-11-20,false,ANA,9,8,3,8,2,1,1,0,5,1,67,22027,476,22,9,21,9,7,193,162
William Carrier,BUF,L,2016-12-17,false,CAR,1,1,1,6,0,0,0,0,0,0,28,11316,289,61,4,8,3,4,1,1
Connor Carrick,TOR,D,2016-11-29,false,EDM,1,2,5,22,0,0,0,0,0,0,30,20808,492,21,26,12,17,6,0,0
Daniel Carr,MTL,L,2016-12-23,false,CBJ,1,3,5,6,0,0,0,0,1,0,29,12119,300,16,7,13,3,3,1,1
John Carlson,WSH,D,2016-11-25,false,BUF,0,8,4,0,0,2,0,0,0,0,46,27653,511,15,29,24,25,7,0,0
Brandon Carlo,BOS,D,2016-11-24,false,OTT,2,2,9,15,0,0,0,0,0,0,24,26691,525,20,38,14,7,3,0,0
Brian Campbell,CHI,D,2016-11-21,false,EDM,2,6,4,6,1,2,0,0,0,0,21,22109,464,15,18,11,15,0,0,0
Michael Cammalleri,NJD,L,2016-12-08,false,MTL,9,8,7,12,1,3,0,0,2,1,57,21288,444,15,3,23,11,10,6,6
Matt Calvert,CBJ,L,2016-12-09,false,DET,2,1,3,12,0,0,1,0,1,0,28,17716,419,24,11,13,8,10,2,11
Drake Caggiula,EDM,L,2016-12-31,false,VAN,2,4,-2,2,1,1,0,0,0,0,25,15721,362,39,4,11,6,6,29,43
Paul Byron,MTL,L,2016-11-22,false,OTT,7,5,6,6,0,0,1,0,2,0,27,16784,441,26,6,5,6,8,2,0
Dustin Byfuglien,WPG,D,2016-11-19,false,BOS,1,9,-1,23,0,1,0,0,0,0,52,33710,580,51,35,33,26,15,0,0
Alexandre Burrows,VAN,L,2016-12-01,false,ANA,4,5,3,27,0,0,0,1,0,0,43,16480,417,13,4,10,6,13,0,3
Brent Burns,SJS,D,2016-11-23,false,CHI,7,11,2,4,1,4,0,1,1,0,83,28577,541,20,37,35,38,8,0,0
Alexander Burmistrov,WPG,C,2016-11-23,false,MIN,0,2,-3,2,0,0,0,1,0,0,13,13722,308,26,4,6,6,3,48,83
Andre Burakovsky,WSH,L,2016-11-25,false,BUF,2,8,-1,4,0,1,0,0,0,0,37,17770,364,8,8,15,13,12,0,1
Pavel Buchnevich,NYR,R,2017-02-05,false,CGY,6,8,2,11,1,2,0,0,0,0,30,17004,399,7,5,14,16,9,1,3
Dustin Brown,LAK,R,2016-11-20,false,ANA,3,6,-6,10,1,2,1,0,1,0,46,19831,456,51,3,15,8,6,0,1
Connor Brown,TOR,R,2016-11-23,false,NJD,3,5,4,4,0,0,0,0,1,0,29,16865,428,18,17,11,1,7,0,0
J.T. Brown,TBL,R,2016-11-29,false,CBJ,2,1,-5,34,0,0,1,0,1,0,22,12984,314,29,7,7,3,4,0,1
Troy Brouwer,CGY,R,2016-11-20,false,DET,4,4,-6,10,0,2,1,0,0,0,31,20880,471,49,12,10,6,8,10,22
Kyle Brodziak,STL,C,2016-11-23,false,WSH,2,1,-2,21,0,0,0,0,1,0,19,11646,333,17,9,5,0,6,58,76
Jonas Brodin,MIN,D,2016-11-25,false,PIT,2,8,3,10,1,2,0,0,2,0,31,23904,517,5,29,15,9,3,0,0
TJ Brodie,CGY,D,2016-11-20,false,DET,0,4,-12,4,0,2,0,0,0,0,25,28431,611,11,23,13,17,14,0,0
Justin Braun,SJS,D,2016-11-23,false,CHI,0,2,-4,4,0,0,0,0,0,0,20,24283,503,25,39,12,11,11,0,0
Derick Brassard,OTT,C,2016-11-24,false,BOS,3,6,1,4,1,1,0,0,0,0,51,21496,449,22,4,23,11,16,176,166
Tyler Bozak,TOR,C,2016-11-23,false,NJD,5,9,-2,4,1,1,0,0,1,0,34,19363,446,16,5,11,10,12,186,135
Brian Boyle,TBL,C,2016-11-25,false,CBJ,4,1,3,29,0,0,0,0,0,0,27,13919,331,29,13,7,3,6,60,59
Johnny Boychuk,NYI,D,2016-11-25,false,SJS,2,4,-3,2,0,1,1,0,1,0,48,24461,467,51,48,23,12,4,0,0
Jay Bouwmeester,STL,D,2016-11-22,false,BOS,1,2,-3,10,0,0,0,0,0,0,29,27865,608,19,25,11,9,5,0,0
Rene Bourque,COL,R,2016-12-01,false,CBJ,8,2,-4,15,2,0,0,0,2,1,38,17831,412,32,9,17,3,7,0,3
Lance Bouma,CGY,C,2016-12-29,false,ANA,1,2,-2,13,0,0,0,0,0,0,11,13665,346,54,14,5,3,3,1,4
Reid Boucher,VAN,C,2017-02-25,false,SJS,1,2,-1,2,0,0,0,0,0,0,29,12303,273,13,9,6,1,10,0,1
Robert Bortuzzo,STL,D,2017-02-07,false,OTT,1,2,7,2,0,0,0,0,0,0,26,17033,462,45,36,15,9,3,0,0
Mark Borowiecki,OTT,D,2016-11-24,false,BOS,0,0,0,27,0,0,0,0,0,0,8,15032,415,69,27,5,5,1,0,0
Nick Bonino,PIT,C,2016-11-23,false,NYR,1,6,-3,6,0,1,1,0,0,0,31,20560,492,15,28,6,9,12,163,167
Jared Boll,ANA,R,2016-12-03,false,EDM,0,1,-5,36,0,0,0,0,0,0,7,7548,200,15,4,2,2,1,0,1
Zach Bogosian,BUF,D,2017-01-10,false,PHI,0,3,-8,15,0,0,0,0,0,0,18,24169,513,30,40,7,10,7,0,0
Mikkel Boedker,SJS,L,2016-11-23,false,CHI,2,0,-7,4,0,0,0,0,0,0,20,18070,432,15,6,16,12,7,2,8
Joseph Blandisi,NJD,L,2017-03-21,false,NYR,3,6,-7,20,1,4,0,0,2,1,18,15637,372,27,3,10,3,6,59,62
Nick Bjugstad,FLA,C,2017-01-04,false,WPG,1,1,-10,10,0,1,0,0,0,0,33,16863,386,30,3,10,7,7,64,74
Oliver Bjorkstrand,CBJ,R,2017-03-18,false,NYI,6,5,7,6,0,0,0,0,2,0,47,16853,375,13,7,10,6,8,1,0
Anthony Bitetto,NSH,D,2017-03-09,false,LAK,0,3,-3,17,0,0,0,0,0,0,15,13940,347,29,19,8,5,0,0,0
Kevin Bieksa,ANA,D,2016-11-22,false,NYI,1,0,1,21,1,0,0,0,0,0,32,24705,489,47,17,13,6,3,0,0
Alex Biega,VAN,D,2017-02-25,false,SJS,0,2,-1,12,0,0,0,0,0,0,21,17840,439,48,18,17,4,5,0,0
Patrik Berglund,STL,C,2016-11-22,false,BOS,1,5,-1,8,0,0,0,0,0,0,34,17936,456,39,11,17,5,5,130,119
Patrice Bergeron,BOS,C,2016-11-29,false,PHI,3,3,-1,4,1,1,0,0,1,0,72,22332,483,15,15,26,5,7,281,193
Matt Benning,EDM,D,2016-12-08,false,PHI,0,4,4,6,0,1,0,0,0,0,30,20143,453,48,23,13,13,1,0,0
Sam Bennett,CGY,C,2016-11-20,false,DET,4,5,-3,28,1,0,0,0,0,0,29,18680,422,37,6,13,6,12,84,93
Beau Bennett,NJD,R,2016-11-26,false,PIT,1,6,-2,6,1,1,0,0,0,0,36,16624,348,20,4,16,7,6,1,3
Jamie Benn,DAL,L,2016-11-21,false,MIN,6,10,-6,25,4,2,0,0,2,1,52,24055,571,34,11,22,10,17,91,79
Jordie Benn,DAL,D,2016-11-25,false,VAN,1,5,0,12,0,2,0,0,0,0,25,23183,531,14,41,17,12,2,0,0
Pierre-Edouard Bellemare,PHI,L,2016-11-22,false,FLA,0,3,4,2,0,0,0,1,0,0,29,16842,417,23,16,10,3,3,107,127
Matt Beleskey,BOS,L,2016-11-25,false,CGY,2,3,-5,17,0,2,0,0,0,0,39,18514,398,48,10,16,6,5,20,31
Anthony Beauvillier,NYI,C,2016-12-13,false,WSH,2,5,4,4,0,0,0,0,0,0,17,14472,322,22,7,5,8,5,21,20
Nathan Beaulieu,MTL,D,2016-11-22,false,OTT,1,5,6,13,0,2,0,0,1,0,23,20589,439,22,35,9,23,6,0,0
Francois Beauchemin,COL,D,2016-11-26,false,VAN,0,4,1,6,0,1,0,0,0,0,28,24108,539,19,40,12,11,7,0,0
Jay Beagle,WSH,C,2016-11-25,false,BUF,4,4,5,2,0,0,1,1,2,0,27,15220,371,13,11,5,6,3,142,98
Matt Bartkowski,CGY,D,2017-03-31,false,SJS,1,1,0,9,0,0,0,0,0,0,12,18087,429,35,11,7,10,3,0,0
Tyson Barrie,COL,D,2016-11-26,false,VAN,2,7,-7,6,0,3,0,0,1,0,46,27307,565,12,22,24,12,6,0,0
Aleksander Barkov,FLA,C,2016-11-22,false,PHI,2,9,0,0,0,3,0,0,1,1,36,22652,445,12,9,13,5,14,142,152
Mark Barberio,MTL,D,2017-01-14,false,NYR,0,4,1,6,0,1,0,0,0,0,23,17477,377,8,21,6,12,4,0,0
Ivan Barbashev,STL,C,2017-03-21,false,COL,3,3,3,2,0,0,0,0,1,0,11,12957,306,27,9,7,2,4,49,71
Justin Bailey,BUF,R,2017-02-25,false,COL,2,2,6,4,0,0,0,0,1,0,27,13265,311,17,11,8,7,6,0,0
Josh Bailey,NYI,R,2016-11-25,false,SJS,3,8,1,2,1,2,0,0,1,1,39,22730,475,10,20,15,9,11,4,3
Sven Baertschi,VAN,L,2016-11-23,false,ARI,2,7,-3,0,0,1,0,0,1,0,35,17585,406,11,10,8,4,5,1,0
Nicklas Backstrom,WSH,C,2016-11-25,false,BUF,5,13,2,10,0,8,0,0,1,0,42,22241,455,19,7,7,12,12,173,144
Mikael Backlund,CGY,C,2016-11-20,false,DET,2,6,-1,6,0,1,0,2,1,0,44,20915,483,12,17,13,10,8,184,168
David Backes,BOS,R,2016-12-03,false,BUF,6,5,6,23,2,1,0,0,1,0,50,21870,445,59,14,17,10,7,36,42
Yohann Auvitu,NJD,D,2016-12-03,false,NSH,2,2,4,2,0,1,0,0,0,0,47,19305,420,15,8,11,8,6,0,0
Cam Atkinson,CBJ,R,2016-11-26,false,FLA,8,12,0,4,4,5,1,0,2,1,61,21733,496,8,8,19,2,8,2,0
Andreas Athanasiou,DET,C,2016-12-23,false,FLA,5,2,0,9,0,0,0,0,0,0,35,14774,344,9,5,15,5,5,21,22
Viktor Arvidsson,NSH,L,2016-11-25,false,WPG,6,7,0,8,1,2,1,1,0,0,61,18257,435,8,10,17,8,6,2,1
Joel Armia,WPG,R,2017-01-13,false,ARI,2,3,-3,10,0,0,0,0,0,0,41,18322,424,19,7,10,11,12,2,4
Artem Anisimov,CHI,C,2016-11-23,false,SJS,8,11,11,16,1,3,0,0,3,1,35,21516,457,10,6,14,0,9,130,166
Sven Andrighetto,MTL,R,2017-01-31,false,BUF,2,6,6,4,0,1,0,0,0,0,22,13272,321,21,8,14,1,5,0,0
Andy Andreoff,LAK,L,2017-01-26,false,CAR,0,2,1,24,0,0,0,0,0,0,19,13163,301,39,6,9,6,3,34,22
Josh Anderson,CBJ,R,2016-11-26,false,FLA,6,1,8,19,0,0,0,0,1,0,30,14326,370,32,14,6,9,4,5,10
Karl Alzner,WSH,D,2016-11-25,false,BUF,2,2,6,8,0,0,0,0,0,0,22,24317,520,24,30,7,12,5,0,0
Sebastian Aho,CAR,R,2016-11-26,false,OTT,3,8,-2,2,0,3,0,0,0,0,46,18128,400,8,2,20,12,7,0,1
Noel Acciari,BOS,C,2017-03-20,false,TOR,0,3,1,4,0,0,0,0,0,0,18,11833,279,48,3,6,4,7,9,12
Justin Abdelkader,DET,L,2016-11-26,false,MTL,4,4,-3,13,2,0,0,1,0,0,35,20530,431,50,8,12,5,7,0,4
Kyle Rau,FLA,C,2016-12-10,false,VAN,2,1,-2,4,0,0,0,0,0,0,19,12076,278,21,2,4,1,5,2,1
Tyler Pitlick,EDM,R,2016-11-21,false,CHI,6,1,-1,4,0,0,0,0,1,0,33,11897,289,45,7,4,5,1,3,2
Johan Larsson,BUF,C,2016-11-23,false,DET,3,4,-4,10,1,0,0,0,2,0,28,21443,449,23,18,12,10,9,151,149
Erik Gudbranson,VAN,D,2016-11-23,false,ARI,0,3,-8,7,0,0,0,0,0,0,26,23966,507,40,25,8,15,3,0,0
Ryan Garbutt,ANA,C,2016-11-22,false,NYI,1,1,-4,12,0,0,0,1,1,0,20,11664,312,34,10,14,1,2,5,4
