James van Riemsdyk,TOR,L,2016-11-30,false,CGY,10,9,-3,10,1,3,0,0,1,0,68,21646,485,25,13,14,6,11,1,3
Trevor van Riemsdyk,CHI,D,2017-01-17,false,COL,1,4,6,6,0,0,0,0,0,0,27,25667,555,9,35,12,15,9,0,0
Calvin de Haan,NYI,D,2016-12-01,false,WSH,1,6,6,26,0,0,0,0,0,0,36,25120,496,37,58,12,18,5,0,0
Jason Zucker,MIN,L,2016-12-02,false,CGY,3,10,13,10,0,0,0,0,0,0,33,17728,421,25,9,22,6,12,1,2
Mats Zuccarello,NYR,R,2016-11-27,false,OTT,7,8,1,8,2,1,0,0,0,0,54,25840,535,30,11,14,10,21,3,1
Harry Zolnierczyk,NSH,L,2017-04-06,false,DAL,2,2,-2,10,0,0,0,0,0,0,18,12093,290,25,10,2,1,7,2,3
Mika Zibanejad,NYR,C,2017-01-23,false,LAK,7,10,2,8,0,5,0,0,0,0,57,23059,543,10,13,32,10,11,225,192
Henrik Zetterberg,DET,L,2016-11-29,false,DAL,3,12,3,4,1,3,0,0,0,0,45,26763,530,16,8,10,11,15,181,170
Travis Zajac,NJD,C,2016-12-01,false,CHI,8,10,1,12,3,1,0,0,1,0,56,27987,597,32,9,8,5,9,251,228
Nikita Zaitsev,TOR,D,2016-11-30,false,CGY,0,9,-8,6,0,2,0,0,0,0,31,30345,666,52,37,15,18,10,0,0
Nikita Zadorov,COL,D,2016-12-06,false,NSH,0,3,-6,24,0,0,0,0,0,0,16,23608,558,49,30,12,8,6,0,0
Pavel Zacha,NJD,C,2016-12-01,false,CHI,2,5,-11,10,1,2,0,0,0,0,26,19780,417,23,14,8,7,4,68,86
Keith Yandle,FLA,D,2016-11-29,false,CHI,1,10,2,14,1,3,0,0,0,0,59,31068,571,9,27,23,19,8,0,0
Nail Yakupov,STL,R,2017-01-10,false,BOS,3,3,-3,10,0,0,0,0,0,0,20,14318,356,18,4,11,3,8,0,0
Miles Wood,NJD,L,2017-01-09,false,FLA,5,2,-3,22,0,0,0,0,0,0,37,16628,404,28,7,19,4,7,1,0
Luke Witkowski,TBL,D,2017-03-18,false,WSH,0,3,-3,26,0,0,0,0,0,0,14,13366,323,51,12,7,6,3,0,0
Daniel Winnik,WSH,L,2016-12-21,false,PHI,4,3,7,12,0,0,0,0,1,0,20,16339,378,11,10,9,12,7,4,4
Tommy Wingels,SJS,C,2016-12-09,false,ANA,4,1,1,11,0,0,0,0,2,0,25,12934,343,40,12,6,6,0,41,51
Scott Wilson,PIT,L,2016-12-05,false,OTT,3,4,-3,2,0,0,0,0,0,0,43,16645,413,52,13,11,4,5,1,0
Colin Wilson,NSH,L,2016-12-04,false,PHI,5,6,1,8,2,0,0,0,0,0,44,20636,474,16,10,10,8,9,0,3
Tom Wilson,WSH,R,2016-12-03,false,TBL,1,0,1,21,0,0,0,0,0,0,25,17700,408,48,5,5,4,12,0,3
Justin Williams,WSH,R,2016-12-03,false,TBL,2,2,-4,16,1,0,0,0,0,0,52,22099,450,7,10,28,11,13,30,19
Patrick Wiercioch,COL,D,2016-12-08,false,BOS,2,6,-1,15,0,0,0,0,0,0,27,24158,565,21,27,10,4,3,0,0
Chris Wideman,OTT,D,2016-12-10,false,LAK,1,6,-1,12,0,1,0,0,1,0,33,18809,496,20,17,12,14,3,0,0
Dennis Wideman,CGY,D,2016-12-08,false,ARI,2,5,0,16,2,2,0,0,0,0,49,29489,647,23,25,13,20,9,0,0
Ryan White,ARI,C,2016-12-05,false,CBJ,1,2,-6,39,0,0,0,0,1,0,20,14582,344,70,10,7,2,3,19,30
Blake Wheeler,WPG,R,2016-11-25,false,NSH,7,8,-1,14,1,3,1,0,0,0,66,28178,582,41,12,20,17,11,17,21
Zach Werenski,CBJ,D,2016-12-03,false,ARI,5,11,4,4,3,5,0,0,1,1,68,30609,644,17,28,24,12,8,0,0
Alexander Wennberg,CBJ,C,2016-12-03,false,ARI,6,15,6,4,1,9,0,0,2,0,30,24755,548,25,17,7,10,8,164,209
Dale Weise,PHI,R,2016-12-04,false,NSH,2,2,1,8,1,0,0,0,1,0,31,17374,400,36,6,13,5,8,0,0
Yannick Weber,NSH,D,2016-12-04,false,PHI,0,3,7,15,0,0,0,0,0,0,22,16030,395,29,16,14,9,0,0,0
Shea Weber,MTL,D,2016-11-29,false,ANA,8,10,18,14,7,3,0,1,3,0,59,35588,661,55,50,28,32,2,0,0
Jordan Weal,PHI,C,2017-04-09,false,CAR,8,4,5,10,1,0,0,0,1,0,49,19749,453,7,8,13,6,14,14,14
Austin Watson,NSH,L,2016-12-10,false,ARI,1,4,7,21,0,0,0,1,0,0,23,15970,387,42,10,9,0,6,0,3
Joel Ward,SJS,R,2016-11-29,false,ARI,2,3,-2,6,0,0,1,0,1,0,39,22486,527,19,14,15,18,10,59,62
Chris Wagner,ANA,C,2017-01-06,false,ARI,3,0,-3,6,0,0,0,0,0,0,27,13233,336,52,10,11,6,2,33,54
Radim Vrbata,ARI,R,2016-12-03,false,CBJ,8,9,-4,6,2,2,0,0,0,0,69,23998,520,18,5,28,10,11,9,9
Jakub Voracek,PHI,R,2016-11-27,false,CGY,8,11,-8,32,1,6,0,0,1,1,81,26837,561,9,4,26,13,6,0,4
Marc-Edouard Vlasic,SJS,D,2016-11-29,false,ARI,3,4,1,26,1,2,0,0,2,1,44,29604,597,7,37,20,18,4,0,0
Jimmy Vesey,NYR,L,2016-11-27,false,OTT,7,6,3,2,2,1,0,0,2,0,36,19952,436,20,10,12,10,15,0,1
Kris Versteeg,CGY,R,2016-12-20,false,SJS,5,9,3,6,1,4,0,0,1,0,30,18613,414,2,10,12,14,12,9,5
Antoine Vermette,ANA,C,2016-11-29,false,MTL,4,5,0,18,1,1,0,0,0,0,39,21912,572,21,16,15,8,5,246,125
Frank Vatrano,BOS,C,2017-02-11,false,VAN,7,5,-6,6,4,1,0,0,1,0,65,19928,457,32,6,31,3,6,0,2
Sami Vatanen,ANA,D,2016-11-29,false,MTL,1,9,4,4,1,6,0,0,0,0,32,29919,598,30,45,9,9,7,0,0
Thomas Vanek,DET,L,2016-12-23,false,FLA,5,13,1,14,2,3,0,0,0,0,53,20619,446,11,1,10,9,12,5,8
Chris VandeVelde,PHI,C,2016-11-27,false,CGY,4,3,-3,4,0,0,0,0,0,0,20,14831,376,29,16,6,5,5,15,9
Scottie Upshall,STL,R,2016-12-06,false,MTL,3,3,-6,13,0,0,0,0,0,0,26,14165,402,25,1,11,3,4,1,3
Fedor Tyutin,COL,D,2016-12-16,false,FLA,1,7,-7,10,0,0,0,0,0,0,18,26281,607,43,29,4,6,5,0,0
Kyle Turris,OTT,C,2016-11-29,false,BUF,10,4,0,8,1,1,0,0,3,2,45,26534,570,6,19,19,19,6,161,180
Nikita Tryamkin,VAN,D,2016-12-20,false,WPG,0,3,3,19,0,0,0,0,0,0,20,22918,515,63,25,18,11,3,0,0
Jacob Trouba,WPG,D,2016-12-29,false,CBJ,1,8,1,16,0,0,0,0,0,0,44,32656,646,34,50,22,30,13,0,0
Vincent Trocheck,FLA,C,2016-11-29,false,CHI,6,7,-6,8,0,3,0,0,1,1,52,28436,541,58,15,30,21,19,238,228
Jordin Tootoo,CHI,R,2016-12-11,false,DAL,0,0,0,16,0,0,0,0,0,0,23,9492,247,19,3,10,5,4,1,0
Tyler Toffoli,LAK,C,2016-11-30,false,SJS,5,9,10,0,2,1,0,1,0,0,74,25275,550,30,2,31,13,6,1,2
Jonathan Toews,CHI,C,2016-12-15,false,NYI,4,9,2,15,1,3,0,0,2,0,59,28064,599,13,9,13,16,11,307,209
Matthew Tkachuk,CGY,L,2016-12-02,false,MIN,6,5,4,49,1,1,0,0,1,0,40,19812,436,24,5,22,8,10,1,5
Chris Tierney,SJS,C,2016-11-29,false,ARI,2,6,-1,0,0,0,1,1,1,0,22,17904,455,13,14,8,15,10,89,110
Shawn Thornton,FLA,L,2017-01-23,false,ARI,1,1,-4,9,0,0,0,0,0,0,12,9581,245,19,2,10,6,1,4,6
Joe Thornton,SJS,C,2016-11-29,false,ARI,2,11,1,6,0,5,0,0,0,0,23,26036,554,21,9,7,20,18,136,97
Chris Thorburn,WPG,R,2016-12-04,false,CHI,2,0,-4,48,0,0,1,0,0,0,15,11379,318,41,17,2,2,1,8,11
Nate Thompson,ANA,C,2017-03-24,false,WPG,0,0,1,9,0,0,0,0,0,0,16,14402,368,56,8,4,4,5,99,92
Shea Theodore,ANA,D,2017-01-14,false,ARI,1,6,-7,18,1,0,0,1,0,0,39,23721,502,9,20,23,20,3,0,0
Teuvo Teravainen,CAR,L,2016-12-01,false,BOS,5,5,-4,4,1,3,0,0,1,0,38,21623,470,8,4,19,10,10,24,32
Matt Tennyson,CAR,D,2017-01-03,false,NJD,0,2,-3,0,0,0,0,0,0,0,19,19834,446,24,26,9,9,8,0,0
John Tavares,NYI,C,2016-12-01,false,WSH,6,12,1,18,2,3,0,0,0,0,69,27919,545,10,6,26,18,16,246,227
Tomas Tatar,DET,L,2016-11-29,false,DAL,3,4,-7,10,0,1,0,0,0,0,51,23911,514,21,11,23,9,10,3,3
Vladimir Tarasenko,STL,R,2016-11-28,false,DAL,10,13,1,2,2,7,0,0,2,2,83,25595,610,4,9,30,7,13,0,1
Christopher Tanev,VAN,D,2017-01-20,false,FLA,0,5,6,6,0,0,0,0,0,0,15,27702,627,5,40,9,13,7,0,0
Brandon Tanev,WPG,L,2016-11-25,false,NSH,2,1,-4,24,0,0,0,0,1,0,33,16617,450,58,18,11,5,10,0,0
Brandon Sutter,VAN,C,2016-11-29,false,MIN,6,7,-11,0,2,1,0,0,1,1,58,27223,599,15,13,24,9,7,215,186
Ryan Suter,MIN,D,2016-12-02,false,CGY,4,12,13,8,1,5,1,0,0,0,51,37909,672,17,27,18,9,13,0,0
Andrej Sustr,TBL,D,2016-11-27,false,BOS,0,3,-5,15,0,0,0,0,0,0,33,24636,545,18,31,9,12,9,0,0
P.K. Subban,NSH,D,2016-12-03,false,NJD,6,10,-7,18,3,4,0,0,2,0,56,34179,637,24,36,16,27,13,0,0
Mark Stuart,WPG,D,2017-02-14,false,DAL,1,0,3,17,0,0,0,0,0,0,13,16159,391,32,51,2,12,3,0,0
Ryan Strome,NYI,C,2016-12-06,false,NYR,2,4,-4,14,1,1,0,0,0,0,40,19426,415,18,7,10,13,7,57,76
Mark Streit,PHI,D,2016-11-27,false,CGY,4,8,-5,14,1,4,0,0,1,0,44,27797,626,12,22,15,12,3,0,0
Anton Stralman,TBL,D,2016-12-17,false,EDM,1,7,1,0,0,5,0,0,0,0,29,31431,608,30,23,18,6,7,0,0
Michael Stone,ARI,D,2016-12-23,false,TOR,0,6,-8,4,0,3,0,0,0,0,29,28399,620,51,49,25,8,0,1,0
Mark Stone,OTT,R,2016-12-01,false,PHI,7,9,1,6,2,3,0,0,2,0,36,24646,512,19,18,11,17,30,3,4
Chris Stewart,MIN,R,2016-12-02,false,CGY,3,3,0,31,0,1,0,0,0,0,15,14792,353,29,5,5,6,7,0,2
Derek Stepan,NYR,C,2016-11-27,false,OTT,4,10,3,8,0,4,1,0,1,0,49,24288,563,4,17,11,15,15,197,218
Lee Stempniak,CAR,R,2016-12-01,false,BOS,4,6,2,14,1,2,0,0,0,0,34,21902,481,36,5,14,14,15,1,2
Alexander Steen,STL,L,2016-12-11,false,MIN,3,13,-10,29,0,7,0,0,0,0,38,27240,643,8,18,18,5,10,30,58
Troy Stecher,VAN,D,2016-12-18,false,CBJ,1,8,-6,15,0,4,0,0,0,0,68,28927,568,17,23,20,9,9,0,0
Paul Stastny,STL,C,2016-11-28,false,DAL,6,7,0,18,2,4,0,0,2,0,37,28260,650,16,12,13,4,11,265,224
Viktor Stalberg,CAR,L,2016-12-03,false,NYR,7,1,1,21,0,0,1,0,2,0,40,16840,436,47,6,10,11,17,0,2
Matt Stajan,CGY,C,2016-11-25,false,BOS,1,5,5,8,0,0,0,0,0,0,19,18377,435,21,17,13,4,7,116,86
Drew Stafford,WPG,R,2016-12-29,false,CBJ,2,4,1,8,0,1,0,0,1,0,37,19254,447,25,1,7,15,5,2,7
Eric Staal,MIN,C,2016-12-02,false,CGY,5,11,7,6,1,3,0,1,2,0,68,26609,582,17,7,18,6,20,208,197
Jordan Staal,CAR,C,2016-12-16,false,WSH,6,5,-2,6,2,0,0,0,1,0,48,25450,594,48,8,21,15,19,241,155
Marc Staal,NYR,D,2016-11-27,false,OTT,1,3,7,8,0,0,0,1,0,0,21,26931,615,22,37,11,15,9,0,0
Jared Spurgeon,MIN,D,2016-12-11,false,STL,1,8,12,6,0,1,0,1,0,0,46,32502,636,11,52,11,6,6,0,0
Ryan Sproul,DET,D,2017-02-18,false,WSH,1,6,-6,4,1,2,0,0,0,0,40,21728,488,10,12,16,7,3,0,0
Ryan Spooner,BOS,C,2016-12-01,false,CAR,3,5,-1,8,2,1,0,0,0,0,49,20296,437,10,5,12,13,11,8,11
Jason Spezza,DAL,C,2016-12-11,false,CHI,5,9,-15,10,1,6,0,0,2,0,55,22519,530,6,9,27,14,8,132,111
Nikita Soshnikov,TOR,R,2016-12-22,false,COL,1,3,0,6,0,1,0,0,0,0,36,14817,378,46,12,15,8,4,2,8
Carl Soderberg,COL,C,2016-12-03,false,DAL,3,4,-2,14,1,0,0,0,0,0,42,22695,529,9,14,9,6,13,137,125
Devante Smith-Pelly,NJD,R,2016-12-06,false,VAN,2,4,-5,4,0,2,0,0,0,0,41,18673,412,36,9,16,6,8,8,10
Craig Smith,NSH,R,2016-12-04,false,PHI,6,4,2,18,2,1,0,0,0,0,46,20405,462,26,5,29,11,9,30,31
Brendan Smith,DET,D,2017-01-01,false,TOR,2,3,0,24,1,2,0,0,1,0,32,25213,564,31,22,12,20,2,0,0
Ben Smith,TOR,R,2016-12-07,false,MIN,2,1,-2,0,0,0,0,0,0,0,17,16120,410,12,22,7,4,7,138,124
Reilly Smith,FLA,R,2016-11-29,false,CHI,4,3,-5,4,2,0,0,0,1,0,50,26643,542,20,6,24,6,21,1,1
Zack Smith,OTT,C,2016-11-29,false,BUF,3,3,-1,29,0,0,1,0,0,0,48,22945,513,47,13,16,21,9,94,86
Anton Slepyshev,EDM,L,2017-01-26,false,SJS,3,3,5,2,0,0,0,0,0,0,38,15292,359,33,5,8,11,7,1,1
Jaccob Slavin,CAR,D,2016-12-01,false,BOS,1,5,0,2,0,1,0,0,0,0,31,31448,618,10,45,10,12,16,0,0
Brady Skjei,NYR,D,2016-11-27,false,OTT,0,11,2,8,0,2,0,0,0,0,24,23300,523,36,22,14,18,4,0,1
Jeff Skinner,CAR,L,2016-12-03,false,NYR,9,11,-4,14,2,6,0,0,0,0,82,26000,525,11,8,31,17,28,4,9
Jack Skille,VAN,R,2016-12-13,false,CAR,3,1,-3,4,0,0,0,0,0,0,31,12179,302,39,8,6,4,5,0,0
Colton Sissons,NSH,C,2016-12-19,false,PHI,2,1,0,0,0,0,1,0,0,0,8,14008,363,45,8,4,6,6,83,83
Wayne Simmonds,PHI,R,2016-11-27,false,CGY,11,10,-5,19,5,5,1,0,1,0,58,26587,610,48,21,29,12,9,4,4
Jakob Silfverberg,ANA,R,2016-11-29,false,MTL,7,8,8,4,1,1,1,0,2,0,59,25640,597,15,14,18,13,10,1,3
Nick Shore,LAK,C,2016-12-01,false,ARI,0,4,-1,12,0,0,0,0,0,0,22,16096,387,20,11,9,6,4,101,119
Devin Shore,DAL,C,2016-11-28,false,STL,1,7,-7,4,0,3,0,0,0,0,25,18608,454,13,19,11,2,11,92,105
Conor Sheary,PIT,L,2016-12-14,false,BOS,8,10,12,8,1,1,0,0,2,0,57,20710,475,8,7,14,10,11,0,0
Riley Sheahan,DET,C,2016-11-29,false,DAL,0,4,-9,12,0,1,0,0,0,0,32,18584,444,19,13,14,8,7,45,43
Logan Shaw,ANA,C,2017-01-10,false,DAL,1,1,-3,6,0,0,0,0,0,0,29,11895,330,20,9,9,2,6,22,58
Andrew Shaw,MTL,C,2016-11-29,false,ANA,5,4,9,58,1,0,0,0,0,0,44,20349,451,54,12,14,7,11,91,66
Kevin Shattenkirk,STL,D,2016-11-28,false,DAL,4,11,2,21,3,6,0,0,0,0,43,27958,614,26,22,17,13,8,0,0
Patrick Sharp,DAL,L,2017-01-24,false,MIN,4,5,-6,21,0,0,1,0,0,0,61,22310,515,18,9,22,9,2,13,14
Michael Sgarbossa,FLA,C,2017-01-26,false,TBL,2,2,-6,2,1,1,0,0,0,0,28,16528,402,24,12,5,8,1,103,118
Damon Severson,NJD,D,2016-12-01,false,CHI,3,11,-6,14,0,5,0,0,1,0,37,28773,613,25,20,12,24,8,0,0
Devin Setoguchi,LAK,R,2016-11-30,false,SJS,3,4,-2,6,0,1,0,0,0,0,30,18123,422,27,4,15,11,6,2,2
Andrej Sekera,EDM,D,2016-11-27,false,ARI,2,4,7,8,0,1,0,0,0,0,23,27993,589,15,37,19,14,12,0,0
Dennis Seidenberg,NYI,D,2016-12-16,false,BUF,4,6,11,14,0,0,0,0,0,0,25,26812,508,31,52,6,15,2,0,0
Tyler Seguin,DAL,C,2016-11-28,false,STL,7,16,-9,6,4,6,0,0,1,0,78,26001,588,21,6,33,10,9,150,140
Lukas Sedlak,CBJ,C,2016-12-09,false,DET,1,5,7,4,0,0,0,0,0,0,18,12864,310,24,8,14,6,7,62,67
Daniel Sedin,VAN,L,2016-11-29,false,MIN,6,8,-6,6,2,3,0,0,1,0,64,25857,545,7,7,19,5,8,0,1
Henrik Sedin,VAN,C,2016-11-29,false,MIN,5,9,-7,4,1,5,0,0,1,1,26,26908,544,5,3,10,17,4,171,169
Brent Seabrook,CHI,D,2016-11-26,false,LAK,2,11,7,6,2,3,0,0,0,0,38,31549,663,37,33,15,26,3,0,0
Jaden Schwartz,STL,L,2016-12-08,false,NYI,10,7,5,4,2,0,0,0,3,1,62,27124,634,24,17,24,5,19,27,27
Justin Schultz,PIT,D,2016-11-30,false,NYI,1,5,7,4,0,2,0,0,0,0,43,23254,535,19,20,14,12,6,0,0
Nick Schultz,PHI,D,2017-03-23,false,MIN,0,4,0,8,0,0,0,0,0,0,23,20934,523,36,45,14,9,1,0,0
Jordan Schroeder,MIN,C,2017-02-12,false,DET,3,5,5,0,0,0,0,0,0,0,22,13658,307,15,8,7,2,7,5,6
Nate Schmidt,WSH,D,2016-12-11,false,VAN,0,6,1,6,0,0,0,0,0,0,26,20837,449,21,11,14,20,16,0,0
Nick Schmaltz,CHI,C,2016-11-26,false,LAK,1,3,-2,2,0,1,0,0,0,0,13,16410,372,11,10,4,6,15,40,84
David Schlemko,SJS,D,2016-11-30,false,LAK,0,5,2,6,0,2,0,0,0,0,43,24093,529,16,31,17,15,16,0,0
Luke Schenn,ARI,D,2016-12-10,false,NSH,0,2,-3,9,0,0,0,0,0,0,25,21831,504,79,33,10,10,4,0,0
Brayden Schenn,PHI,C,2016-12-03,false,CHI,4,11,-5,15,3,6,0,0,1,0,50,24514,534,59,14,23,12,3,49,43
Mark Scheifele,WPG,C,2016-11-25,false,NSH,11,12,5,22,3,2,0,0,1,1,57,28389,557,28,13,14,11,19,193,254
Tim Schaller,BOS,C,2016-12-05,false,FLA,4,4,-3,17,0,0,0,0,1,0,36,17399,407,25,13,18,11,7,21,13
Colton Sceviour,FLA,C,2016-11-29,false,CHI,5,4,-4,10,1,2,2,0,1,0,43,20208,424,27,20,17,7,9,20,18
Marco Scandella,MIN,D,2016-12-27,false,NSH,1,2,-1,10,0,0,0,0,0,0,33,23011,520,15,28,10,10,8,0,0
Luca Sbisa,VAN,D,2016-11-29,false,MIN,0,5,3,13,0,0,0,0,0,0,13,23354,515,39,34,9,14,5,0,0
David Savard,CBJ,D,2016-12-03,false,ARI,1,5,10,14,0,0,0,0,0,0,33,29354,640,41,40,27,6,7,0,0
Steven Santini,NJD,D,2017-02-21,false,OTT,2,4,0,6,0,0,0,0,0,0,23,22044,510,46,24,11,6,1,0,0
Zach Sanford,WSH,L,2017-02-19,false,NYR,2,1,0,4,0,0,0,0,1,0,21,14006,332,15,9,7,10,10,10,8
Brandon Saad,CBJ,L,2016-12-03,false,ARI,7,13,10,6,0,0,0,0,1,0,61,24084,568,6,7,28,6,12,1,2
Bobby Ryan,OTT,R,2016-12-10,false,LAK,3,5,0,6,1,1,0,0,0,0,34,20544,439,30,13,13,10,4,1,1
Derek Ryan,CAR,C,2016-12-31,false,TBL,4,8,-5,6,2,4,1,0,2,0,26,18978,432,14,12,11,13,6,107,90
Bryan Rust,PIT,R,2016-12-05,false,OTT,6,5,-1,2,0,0,0,1,0,0,45,17413,443,40,13,14,7,5,1,2
Kris Russell,EDM,D,2016-12-09,false,MIN,0,5,5,8,0,0,0,0,0,0,27,29672,634,25,65,11,18,13,0,0
Chad Ruhwedel,PIT,D,2017-03-13,false,CGY,2,5,6,4,0,1,0,0,0,0,33,22726,523,19,19,13,6,5,0,0
Carter Rowney,PIT,R,2017-04-02,false,CAR,1,3,1,4,0,0,0,0,1,0,19,14221,355,50,11,7,3,8,71,75
Antoine Roussel,DAL,L,2016-11-28,false,STL,4,9,3,61,0,3,0,0,2,0,26,21348,554,32,14,17,17,5,1,3
Evan Rodrigues,BUF,L,2017-03-25,false,TOR,3,2,-2,2,0,0,0,0,0,0,42,17686,389,10,8,18,6,10,74,99
Brett Ritchie,DAL,R,2016-11-28,false,STL,6,2,0,15,1,0,0,0,0,0,45,16961,412,41,6,13,4,1,1,0
Nick Ritchie,ANA,L,2016-12-03,false,EDM,5,2,1,12,1,0,0,0,1,0,47,19340,469,76,8,19,3,3,2,1
Rasmus Ristolainen,BUF,D,2016-12-01,false,NYR,0,12,-5,12,0,10,0,0,0,0,54,36310,716,52,42,27,17,9,0,0
Morgan Rielly,TOR,D,2016-11-30,false,CGY,1,11,-6,7,1,1,0,0,0,0,46,31615,730,10,43,24,31,10,0,0
Tobias Rieder,ARI,R,2016-12-06,false,CHI,7,4,1,2,1,0,0,1,0,0,47,23116,524,8,12,18,7,9,0,2
Mike Ribeiro,NSH,C,2016-12-03,false,NJD,3,12,2,12,2,2,0,0,0,0,19,22020,466,15,3,6,14,7,100,116
Sam Reinhart,BUF,C,2016-12-01,false,NYR,5,8,0,4,2,4,0,0,1,0,56,23939,485,5,8,13,12,7,46,68
Ryan Reaves,STL,R,2016-12-03,false,WPG,0,2,-1,9,0,0,0,0,0,0,16,10512,278,53,6,9,2,5,0,0
Matt Read,PHI,R,2016-11-27,false,CGY,6,3,-3,2,2,0,0,0,0,0,36,20629,489,42,14,10,6,8,3,5
Dennis Rasmussen,CHI,C,2016-12-03,false,PHI,1,2,1,4,0,0,0,0,0,0,25,16727,440,24,20,6,7,10,50,64
Victor Rask,CAR,C,2016-12-01,false,BOS,8,9,4,4,3,1,0,0,2,0,52,26431,562,8,8,9,11,15,135,155
Mikko Rantanen,COL,R,2016-12-14,false,PHI,4,9,-9,6,2,3,0,0,0,0,36,24845,522,4,12,15,8,12,18,8
Rickard Rakell,ANA,C,2016-12-20,false,MTL,14,7,-1,6,3,3,0,0,3,0,65,23768,531,30,10,18,8,4,11,11
Michael Raffl,PHI,L,2016-12-14,false,COL,6,2,5,11,0,0,0,0,2,0,28,18729,456,36,8,18,5,9,2,2
Alexander Radulov,MTL,R,2016-12-04,false,LAK,5,16,4,18,2,5,0,0,0,0,45,22395,504,24,10,20,20,17,2,1
Alan Quine,NYI,C,2016-12-23,false,BUF,2,4,-1,2,1,0,0,0,1,0,30,16143,377,36,14,5,6,6,85,78
Kyle Quincey,NJD,D,2016-12-01,false,CHI,2,4,7,12,0,0,0,0,0,0,30,24023,555,33,36,3,12,7,0,0
Mark Pysyk,FLA,D,2016-11-29,false,CHI,1,2,3,4,0,0,0,0,0,0,25,24436,473,17,31,12,5,10,0,1
Tom Pyatt,OTT,L,2016-11-29,false,BUF,2,4,0,4,0,0,0,1,0,0,33,22068,526,12,28,9,6,9,8,11
Jesse Puljujarvi,EDM,R,2016-12-13,false,CBJ,1,7,5,8,1,0,0,0,0,0,39,16383,377,8,10,15,10,11,0,1
Matt Puempel,NYR,L,2016-12-23,false,MIN,2,0,-7,9,0,0,0,0,0,0,20,12581,311,20,6,13,2,5,0,1
Ivan Provorov,PHI,D,2016-11-27,false,CGY,1,8,-8,8,0,2,0,0,0,0,42,27947,628,33,40,22,23,7,0,0
Dalton Prout,NJD,D,2017-03-23,false,TOR,0,4,-2,22,0,0,0,0,0,0,12,19305,462,31,21,7,9,2,0,0
Nate Prosser,MIN,D,2017-02-08,false,CHI,0,3,-1,4,0,0,0,0,0,0,13,18191,418,19,42,12,9,3,0,0
Shane Prince,NYI,L,2016-12-16,false,BUF,4,6,-6,4,1,1,0,0,1,0,41,17714,395,24,6,7,8,10,3,2
Benoit Pouliot,EDM,L,2016-12-03,false,ANA,4,1,-2,22,0,0,0,0,1,0,31,21352,510,12,15,17,10,4,3,7
Paul Postma,WPG,D,2016-12-06,false,DET,0,4,0,2,0,0,0,0,0,0,19,16569,373,14,16,5,9,1,0,0
Jason Pominville,MIN,R,2016-12-02,false,CGY,5,5,2,0,0,2,0,0,0,0,48,20095,481,16,15,17,3,7,12,11
Roman Polak,TOR,D,2016-12-13,false,SJS,1,1,-1,24,0,0,0,0,0,0,18,23950,552,79,37,14,9,6,0,1
Brayden Point,TBL,C,2016-11-27,false,BOS,2,8,-1,6,2,2,0,0,0,0,44,20506,415,8,8,14,6,8,7,9
Tomas Plekanec,MTL,C,2016-11-29,false,ANA,1,6,0,8,0,3,1,0,1,0,44,23873,582,22,20,10,6,9,219,215
Brandon Pirri,NYR,R,2016-11-27,false,OTT,5,5,0,11,3,1,0,0,3,0,34,17575,395,16,7,19,9,9,71,50
Alex Pietrangelo,STL,D,2016-11-28,false,DAL,5,7,-9,12,3,3,0,0,1,0,58,35193,713,14,49,18,6,20,0,0
Dion Phaneuf,OTT,D,2016-11-29,false,BUF,2,5,-6,29,0,2,0,0,0,0,54,31331,734,38,49,17,14,3,0,0
Jeff Petry,MTL,D,2016-12-02,false,SJS,3,6,4,10,1,2,0,0,0,0,40,30163,633,49,47,18,24,5,0,0
Alex Petrovic,FLA,D,2017-02-17,false,ANA,1,8,11,25,0,0,0,0,0,0,21,24157,462,48,25,14,12,9,0,0
Nic Petan,WPG,L,2017-01-11,false,MTL,1,9,-3,6,0,6,0,0,0,0,27,18280,417,6,6,14,5,9,74,89
Brett Pesce,CAR,D,2016-12-01,false,BOS,0,4,2,4,0,1,0,0,0,0,26,27702,581,16,42,16,12,15,0,0
Corey Perry,ANA,R,2016-11-29,false,MTL,4,14,-3,23,0,8,0,0,0,0,71,26355,557,21,8,30,3,8,0,4
David Perron,STL,L,2016-11-28,false,DAL,7,9,-5,16,2,3,0,0,2,0,47,25058,606,20,7,24,4,12,12,18
Mathieu Perreault,WPG,C,2016-12-27,false,CHI,2,5,-8,16,0,1,0,0,0,0,48,22263,476,36,6,10,6,17,95,88
Brendan Perlini,ARI,L,2017-01-26,false,VAN,7,2,-4,6,1,1,0,0,1,0,39,20300,420,19,10,14,3,2,1,0
Adam Pelech,NYI,D,2017-02-09,false,PHI,1,5,-1,2,0,0,0,0,0,0,21,22405,448,31,28,11,21,8,0,0
Tanner Pearson,LAK,L,2016-12-04,false,MTL,7,4,7,0,1,1,0,0,0,0,39,21761,500,41,3,28,6,9,0,4
Joe Pavelski,SJS,C,2016-11-29,false,ARI,7,14,3,12,2,6,0,0,2,0,73,26926,572,45,27,35,24,13,135,123
Greg Pateryn,MTL,D,2017-02-21,false,NYR,1,5,1,4,0,0,0,0,0,0,27,19712,428,40,42,14,13,4,0,0
David Pastrnak,BOS,R,2016-12-08,false,COL,18,6,17,8,4,1,0,0,3,1,78,23521,492,14,9,24,14,14,0,1
Zach Parise,MIN,L,2016-12-17,false,ARI,5,8,-1,14,1,2,0,0,0,0,70,25358,552,18,29,17,5,18,3,1
PA Parenteau,NJD,R,2016-12-01,false,CHI,5,3,-7,14,1,0,0,0,0,0,44,21714,470,21,1,8,11,8,1,5
Colton Parayko,STL,D,2016-11-28,false,DAL,0,12,0,10,0,4,0,0,0,0,64,28982,688,15,39,21,13,11,0,0
Cedric Paquette,TBL,C,2016-11-29,false,CBJ,1,4,-3,16,0,0,0,0,0,0,23,14203,339,51,9,10,3,10,73,76
Richard Panik,CHI,R,2016-11-26,false,LAK,6,4,2,4,2,1,0,0,1,0,33,19376,438,48,10,11,9,13,0,3
Artemi Panarin,CHI,L,2016-11-26,false,LAK,8,13,11,13,2,3,0,0,1,1,60,26885,532,7,3,25,12,15,1,0
Kyle Palmieri,NJD,R,2016-12-06,false,VAN,4,8,6,10,2,3,0,0,1,0,46,22682,498,46,13,23,12,8,3,7
Ondrej Palat,TBL,L,2016-11-27,false,BOS,4,8,-4,15,0,4,0,0,0,0,35,24075,492,42,11,16,13,25,1,4
Jean-Gabriel Pageau,OTT,C,2016-11-29,false,BUF,3,3,2,4,0,0,0,0,1,0,42,22541,518,55,17,10,9,5,127,100
Max Pacioretty,MTL,L,2016-11-29,false,ANA,5,10,7,14,1,1,0,1,3,0,63,24645,555,23,10,40,16,18,0,0
Magnus Paajarvi,STL,L,2017-03-23,false,VAN,8,3,6,4,1,0,0,0,3,0,39,16474,413,25,14,9,0,9,1,2
Alex Ovechkin,WSH,L,2016-12-03,false,TBL,12,6,-1,20,4,2,0,0,4,1,94,25969,491,60,9,44,14,12,0,1
Xavier Ouellet,DET,D,2017-01-04,false,ANA,1,4,2,36,0,0,0,0,0,0,28,24858,540,24,31,15,8,5,0,1
Steve Ott,DET,C,2016-12-06,false,WPG,2,1,-2,37,0,0,0,0,0,0,22,13954,349,49,8,4,1,6,55,40
T.J. Oshie,WSH,R,2016-12-17,false,MTL,10,5,11,10,2,2,1,1,1,0,49,24179,495,30,15,21,12,13,26,30
Brooks Orpik,WSH,D,2016-12-03,false,TBL,0,5,7,6,0,0,0,0,0,0,23,23380,483,49,35,9,15,5,0,0
Dmitry Orlov,WSH,D,2016-12-03,false,TBL,1,6,4,12,0,1,0,0,0,0,37,26266,525,38,26,16,20,9,0,0
Jamie Oleksiak,DAL,D,2017-02-14,false,WPG,5,1,0,23,0,0,0,1,1,0,21,21502,498,32,28,7,11,4,0,0
Kyle Okposo,BUF,R,2016-12-03,false,BOS,7,9,0,6,3,8,0,0,0,0,66,26752,517,20,6,19,16,8,38,35
Johnny Oduya,DAL,D,2016-12-17,false,PHI,1,5,4,6,0,0,0,0,0,0,16,25820,591,11,53,14,12,6,0,0
Ryan O'Reilly,BUF,C,2016-12-16,false,NYI,7,10,0,6,3,6,0,0,2,0,79,30063,593,3,8,21,10,20,321,223
Gustav Nyquist,DET,R,2016-11-29,false,DAL,4,10,3,4,0,2,0,0,2,0,46,23172,492,14,5,13,5,12,1,0
William Nylander,TOR,C,2016-12-03,false,VAN,6,10,-3,6,4,5,0,0,0,0,55,22328,491,5,8,26,7,14,37,45
Markus Nutivaara,CBJ,D,2016-12-03,false,ARI,1,2,4,2,0,0,0,0,0,0,23,17423,407,12,14,9,5,2,0,0
Darnell Nurse,EDM,D,2016-11-27,false,ARI,3,2,-5,17,0,0,0,0,0,0,40,24420,526,56,23,14,15,8,0,0
Ryan Nugent-Hopkins,EDM,C,2016-11-27,false,ARI,3,7,-2,4,2,0,0,0,1,0,68,24494,556,13,4,17,2,12,159,191
Joakim Nordstrom,CAR,L,2016-12-01,false,BOS,1,3,-3,6,0,0,0,0,1,0,34,18818,479,32,18,10,5,8,3,6
Jordan Nolan,LAK,C,2016-12-22,false,NSH,2,3,-2,40,0,0,0,0,0,0,18,14427,326,30,2,13,3,2,1,1
Stefan Noesen,NJD,R,2017-02-21,false,OTT,4,2,2,4,0,0,0,0,0,0,32,13118,328,26,4,10,6,7,21,36
Matt Niskanen,WSH,D,2016-12-03,false,TBL,0,9,2,6,0,1,0,1,0,0,45,31139,614,33,30,23,27,12,0,0
Matt Nieto,COL,L,2017-01-23,false,SJS,1,3,-4,6,0,0,0,0,0,0,35,18787,465,27,13,10,8,11,0,3
Frans Nielsen,DET,C,2016-11-29,false,DAL,5,8,-8,0,0,6,2,0,0,0,45,23977,576,20,19,10,5,7,168,166
Nino Niederreiter,MIN,R,2016-12-02,false,CGY,7,7,8,4,3,0,0,0,0,0,42,19983,459,34,5,13,7,9,0,1
Nikita Nesterov,TBL,D,2016-12-22,false,STL,2,4,4,18,1,0,0,0,0,0,28,22860,457,35,14,8,10,4,0,0
Patrik Nemeth,DAL,D,2017-02-07,false,TOR,0,2,-5,8,0,0,0,0,0,0,30,21176,475,24,25,7,7,7,0,0
Brock Nelson,NYI,C,2016-12-01,false,WSH,6,9,2,10,1,2,0,1,0,0,47,21920,522,20,20,15,10,12,115,142
Chris Neil,OTT,R,2016-12-01,false,PHI,1,1,-5,29,0,0,0,0,0,0,23,11407,286,52,10,4,5,4,0,0
James Neal,NSH,L,2016-12-10,false,ARI,11,5,-2,15,2,2,0,0,1,0,76,26102,532,31,9,16,12,13,1,1
Rick Nash,NYR,R,2016-11-27,false,OTT,9,5,-1,12,3,1,0,0,1,0,66,22408,548,14,17,15,16,19,0,0
Riley Nash,BOS,C,2016-11-29,false,PHI,1,3,0,6,0,0,0,1,0,0,32,19438,452,10,9,13,4,11,102,97
Vladislav Namestnikov,TBL,C,2016-11-27,false,BOS,3,7,1,10,2,3,0,0,0,0,33,20143,402,9,8,13,7,5,53,61
Jake Muzzin,LAK,D,2016-11-30,false,SJS,3,3,-3,14,1,0,0,0,0,0,56,31328,717,53,37,20,16,4,0,0
Ryan Murray,CBJ,D,2016-12-16,false,CGY,0,3,5,12,0,0,0,1,0,0,18,25592,576,6,38,7,5,4,0,0
Ryan Murphy,CAR,D,2017-03-19,false,PHI,0,2,-10,8,0,0,0,0,0,0,13,18464,398,2,27,7,8,9,0,0
Connor Murphy,ARI,D,2016-12-05,false,CBJ,0,4,-9,14,0,0,0,0,0,0,24,30497,672,53,37,8,9,6,0,0
Matt Moulson,BUF,L,2016-12-01,false,NYR,7,2,-3,2,6,2,0,0,1,0,50,19690,397,11,8,19,4,6,0,0
Tyler Motte,CHI,L,2016-12-06,false,ARI,3,3,4,14,0,0,0,0,0,0,31,16629,433,21,18,10,2,10,4,5
Josh Morrissey,WPG,D,2016-11-25,false,NSH,1,3,0,12,0,0,0,0,1,0,27,25304,540,34,38,10,8,3,0,0
Dominic Moore,BOS,C,2016-11-29,false,PHI,6,3,2,12,0,0,2,0,1,0,28,18160,426,12,15,6,7,6,111,93
John Moore,NJD,D,2016-12-01,false,CHI,4,6,1,10,0,1,0,0,0,0,37,27463,616,22,20,18,22,0,0,0
Brandon Montour,ANA,D,2017-03-30,false,WPG,2,3,10,10,0,1,0,0,0,0,46,23385,446,17,19,18,15,2,0,0
Sean Monahan,CGY,C,2016-11-25,false,BOS,5,3,-10,8,1,0,0,0,1,1,43,25108,548,11,7,19,14,13,214,198
Torrey Mitchell,MTL,C,2016-11-29,false,ANA,5,2,6,8,0,0,0,0,1,0,14,17702,469,10,20,9,13,13,131,116
John Mitchell,COL,C,2016-12-14,false,PHI,1,0,-3,14,0,0,0,0,1,0,25,18392,421,29,20,10,4,9,125,97
Drew Miller,DET,L,2016-12-23,false,FLA,3,0,-7,14,0,0,0,0,1,0,18,13638,341,34,18,3,1,5,1,0
Kevan Miller,BOS,D,2017-01-08,false,CAR,0,3,-4,15,0,0,0,0,0,0,25,23928,524,49,33,5,8,4,0,0
J.T. Miller,NYR,L,2016-11-27,false,OTT,8,11,13,8,1,1,1,0,2,0,54,21551,512,38,17,16,14,16,34,50
Colin Miller,BOS,D,2016-12-15,false,ANA,2,2,-5,8,1,0,0,0,0,0,35,22582,505,24,12,23,10,5,0,0
Marc Methot,OTT,D,2016-11-29,false,BUF,0,3,7,4,0,0,0,0,0,0,34,27907,667,46,29,3,19,4,0,0
Jon Merrill,NJD,D,2017-01-17,false,MIN,1,3,-2,14,0,0,0,0,0,0,18,25093,560,21,32,11,9,6,0,0
Timo Meier,SJS,R,2017-02-09,false,BOS,3,2,0,4,0,0,0,0,1,0,61,17982,442,53,4,23,19,18,1,3
Jayson Megna,VAN,C,2017-01-04,false,ARI,3,0,-1,4,0,0,0,0,0,0,26,15024,346,28,8,6,2,4,0,1
Adam McQuaid,BOS,D,2016-12-08,false,COL,0,0,1,13,0,0,0,0,0,0,26,24671,580,52,38,11,11,2,0,0
Brayden McNabb,LAK,D,2017-02-04,false,PHI,2,1,2,25,0,0,0,0,0,0,22,22360,521,53,27,15,22,6,0,0
Cody McLeod,COL,L,2016-12-29,false,DAL,0,0,-3,45,0,0,0,0,0,0,10,8213,207,42,1,5,0,2,0,0
Curtis McKenzie,DAL,L,2016-12-20,false,STL,3,4,4,35,0,0,0,0,1,0,34,14073,358,41,15,9,2,0,2,2
Greg McKegg,FLA,C,2017-01-07,false,BOS,2,2,-3,6,0,0,0,0,0,0,20,14615,346,25,9,4,5,3,22,21
Jamie McGinn,ARI,L,2016-12-12,false,PIT,4,3,-6,12,0,0,0,0,2,0,45,18460,430,43,9,7,9,1,0,1
Brock McGinn,CAR,L,2017-01-06,false,CHI,1,4,-1,2,0,0,0,1,0,0,29,16410,402,31,14,10,5,10,1,3
Ryan McDonagh,NYR,D,2016-11-27,false,OTT,0,13,11,9,0,3,0,0,0,0,37,32971,662,23,42,15,17,13,0,0
Connor McDavid,EDM,C,2016-11-27,false,ARI,10,19,7,8,0,7,0,0,3,0,64,29198,584,5,8,20,14,15,133,179
Jay McClement,CAR,C,2016-12-01,false,BOS,0,1,-5,8,0,0,0,0,0,0,16,15510,406,22,14,10,3,8,98,100
Michael McCarron,MTL,R,2017-03-02,false,NSH,1,4,0,30,0,0,0,0,0,0,26,13057,331,55,7,9,4,6,62,81
Jared McCann,FLA,C,2017-01-14,false,CBJ,1,3,2,2,0,0,0,0,0,0,35,15431,349,20,6,11,7,6,32,43
Jake McCabe,BUF,D,2016-12-01,false,NYR,0,4,-2,12,0,0,0,0,0,0,17,28709,624,22,29,19,11,5,0,0
Scott Mayfield,NYI,D,2017-04-06,false,CAR,2,6,-1,35,0,0,0,0,0,0,38,19199,395,35,33,15,11,8,0,0
Shawn Matthias,WPG,L,2017-01-18,false,ARI,6,2,3,6,0,0,1,0,1,0,34,18285,448,20,9,11,6,5,3,6
Auston Matthews,TOR,C,2016-11-30,false,CGY,10,8,-3,2,1,5,0,0,1,0,84,23938,502,3,15,32,13,22,110,126
Michael Matheson,FLA,D,2016-12-01,false,DET,2,5,0,6,0,1,0,0,0,0,48,27074,487,20,26,16,14,17,1,0
Andreas Martinsen,COL,L,2016-12-03,false,DAL,1,2,-4,20,0,0,0,1,0,0,28,15505,407,72,12,11,3,13,1,0
Jordan Martinook,ARI,L,2016-12-03,false,CBJ,5,6,4,10,1,0,0,1,0,0,35,22250,543,20,19,18,6,11,132,162
Alec Martinez,LAK,D,2016-11-30,false,SJS,5,9,-1,6,0,3,0,0,2,2,52,31407,723,46,41,30,14,0,0,1
Paul Martin,SJS,D,2016-11-29,false,ARI,0,7,1,6,0,0,0,0,0,0,17,25680,556,11,34,4,17,5,0,0
Matt Martin,TOR,L,2016-11-30,false,CGY,2,2,1,46,0,0,0,0,0,0,22,13398,335,95,6,8,2,6,0,5
Patrick Maroon,EDM,L,2016-11-27,false,ARI,6,4,4,21,0,1,0,0,0,0,54,21870,482,49,3,18,10,4,2,4
Mitchell Marner,TOR,C,2016-11-30,false,CGY,7,12,-3,16,1,3,0,0,3,0,62,23197,501,12,18,26,17,23,6,7
Patrick Marleau,SJS,L,2016-11-29,false,ARI,6,2,-3,4,1,2,0,0,2,0,61,23201,492,26,7,19,8,12,14,20
Andrei Markov,MTL,D,2016-11-29,false,ANA,2,15,4,6,0,7,0,1,0,0,33,30490,634,17,21,15,23,10,0,0
Martin Marincin,TOR,D,2017-02-04,false,BOS,1,6,2,14,0,0,0,1,0,0,22,25254,582,23,27,17,15,5,0,0
Jonathan Marchessault,FLA,C,2016-11-29,false,CHI,10,8,1,10,3,4,0,0,2,0,62,24998,467,32,7,19,14,19,54,46
Alexey Marchenko,DET,D,2017-01-05,false,LAK,0,5,0,12,0,0,0,1,0,0,20,24332,565,3,32,13,12,2,0,0
Brad Marchand,BOS,L,2016-11-29,false,PHI,7,13,8,26,1,3,0,0,3,0,58,25420,544,17,7,23,15,18,9,7
Anthony Mantha,DET,R,2017-01-04,false,ANA,9,7,9,12,1,1,0,0,2,1,54,23454,505,14,16,18,13,9,2,2
Josh Manson,ANA,D,2016-11-29,false,MTL,0,5,-1,38,0,0,0,0,0,0,21,25931,547,62,22,7,20,4,0,0
Brandon Manning,PHI,D,2016-12-04,false,NSH,3,6,2,18,0,0,1,0,1,0,34,25569,594,51,24,9,17,1,0,0
Evgeni Malkin,PIT,C,2016-11-30,false,NYI,9,13,0,36,1,6,0,0,1,0,65,25984,552,12,11,21,20,15,153,188
Denis Malgin,FLA,C,2016-11-29,false,CHI,4,4,2,6,1,0,0,0,1,1,32,16460,363,13,7,11,3,8,48,81
Nathan MacKinnon,COL,C,2016-12-03,false,DAL,5,10,-4,0,0,4,1,0,1,0,84,27771,605,15,7,29,10,13,230,196
Derek MacKenzie,FLA,C,2016-11-29,false,CHI,2,3,5,9,0,0,0,1,0,0,28,17235,399,56,13,10,5,8,119,113
Andrew MacDonald,PHI,D,2016-12-11,false,DET,1,8,1,6,0,0,0,0,0,0,13,26724,610,14,52,12,18,2,0,0
Olli Maatta,PIT,D,2016-11-30,false,NYI,0,1,7,6,0,0,0,0,0,0,29,25190,592,21,40,13,17,4,0,0
Roman Lyubimov,PHI,L,2016-12-17,false,DAL,3,1,1,2,0,0,0,0,0,0,26,14198,368,20,8,14,5,6,0,4
Milan Lucic,EDM,L,2016-11-27,false,ARI,7,9,0,9,2,4,0,0,1,0,57,25022,521,62,7,21,15,7,3,2
Adam Lowry,WPG,C,2016-11-25,false,NSH,5,2,-4,17,1,2,0,0,0,0,32,22075,540,57,14,10,7,9,173,199
Ben Lovejoy,NJD,D,2016-12-01,false,CHI,0,2,-6,10,0,0,0,0,0,0,27,27873,594,30,43,13,9,6,0,0
Bryan Little,WPG,C,2017-01-14,false,LAK,7,10,2,6,2,1,0,0,1,1,52,23853,580,9,6,21,7,11,251,194
Hampus Lindholm,ANA,D,2016-12-27,false,SJS,1,3,4,8,0,2,0,0,1,0,32,30496,622,36,31,19,21,8,0,0
Elias Lindholm,CAR,C,2016-12-01,false,BOS,2,5,-6,2,0,2,0,2,0,0,44,25272,551,29,23,21,12,17,132,121
Esa Lindell,DAL,D,2016-12-15,false,NYR,2,2,-2,6,0,1,0,0,1,0,25,27241,600,32,37,12,7,9,0,1
Oscar Lindberg,NYR,C,2016-12-29,false,ARI,0,3,-3,16,0,1,0,0,0,0,34,15895,388,34,15,11,4,4,106,96
John-Michael Liles,BOS,D,2017-01-08,false,CAR,0,5,-1,4,0,3,0,0,0,0,20,22367,502,15,29,9,4,8,1,0
Trevor Lewis,LAK,C,2016-11-30,false,SJS,2,4,-3,4,0,0,0,0,0,0,35,18638,424,50,9,13,5,4,22,37
Mark Letestu,EDM,C,2016-12-03,false,ANA,4,5,-2,0,2,0,2,0,2,0,19,18067,469,21,12,8,8,6,132,125
Kris Letang,PIT,D,2016-12-10,false,TBL,2,16,-1,18,1,7,0,0,1,1,75,35922,701,46,43,26,29,18,0,0
Jori Lehtera,STL,C,2016-12-09,false,NJD,3,5,3,12,0,1,0,0,1,0,26,21271,552,19,11,0,5,6,159,137
Artturi Lehkonen,MTL,L,2016-12-20,false,ANA,6,2,4,6,1,1,0,0,1,0,50,19006,472,21,8,15,7,12,0,0
Anders Lee,NYI,L,2016-12-01,false,WSH,5,1,1,14,1,0,0,0,1,0,38,17773,425,58,13,14,5,9,1,4
Nick Leddy,NYI,D,2016-12-04,false,DET,4,6,-10,6,1,2,0,0,0,0,47,31813,552,24,37,20,7,9,0,0
Curtis Lazar,OTT,C,2017-01-19,false,CBJ,0,0,-6,4,0,0,0,0,0,0,20,12162,307,43,9,5,4,5,21,31
Adam Larsson,EDM,D,2016-11-27,false,ARI,2,3,-2,16,0,0,0,0,0,0,26,28101,609,71,37,11,19,5,0,0
Philip Larsen,VAN,D,2017-03-02,false,SJS,1,5,-6,4,0,2,0,0,0,0,30,23579,500,11,19,16,12,4,0,0
Dylan Larkin,DET,C,2016-11-29,false,DAL,7,1,-6,17,2,0,0,0,1,0,68,22924,486,12,6,16,18,25,49,64
Nick Lappin,NJD,R,2016-12-15,false,STL,4,3,-3,11,0,0,0,0,0,0,31,17075,390,24,4,12,2,10,2,4
Gabriel Landeskog,COL,L,2016-12-23,false,CHI,4,5,-7,26,2,0,0,0,2,1,43,25292,550,57,12,12,9,26,14,19
Patrik Laine,WPG,R,2016-11-25,false,NSH,12,6,-1,8,5,2,0,0,2,1,59,25477,507,22,11,19,26,9,0,2
Andrew Ladd,NYI,L,2016-12-01,false,WSH,2,3,-2,14,0,0,0,0,0,0,37,22865,479,27,13,16,13,17,1,2
Kevin Labanc,SJS,R,2016-12-30,false,PHI,6,3,4,12,0,1,0,0,2,1,35,18040,426,8,3,14,11,8,0,2
Evgeny Kuznetsov,WSH,C,2016-12-03,false,TBL,3,6,5,10,0,1,0,0,0,0,37,23997,493,13,5,17,18,9,141,195
Chris Kunitz,PIT,L,2016-12-12,false,ARI,2,10,6,18,0,2,0,0,2,0,42,21537,501,70,6,16,11,9,3,4
Dmitry Kulikov,BUF,D,2017-01-31,false,MTL,1,1,-8,16,0,0,0,0,0,0,22,31131,670,32,37,16,11,7,0,0
Nikolay Kulemin,NYI,L,2016-12-06,false,NYR,2,3,1,6,0,0,0,0,0,0,19,18921,481,25,17,15,8,7,5,2
Tom Kuhnhackl,PIT,R,2016-12-16,false,LAK,2,3,5,6,0,0,0,0,0,0,17,13515,356,36,15,7,2,3,0,1
Nikita Kucherov,TBL,R,2016-11-29,false,CBJ,11,15,10,15,2,5,0,0,3,0,64,25821,509,7,12,35,19,23,0,0
Marcus Kruger,CHI,C,2016-11-26,false,LAK,1,4,5,18,0,0,0,0,0,0,20,18340,492,9,16,11,4,10,120,130
Torey Krug,BOS,D,2016-11-29,false,PHI,1,9,-6,15,0,4,0,0,0,0,68,29942,627,23,19,23,15,4,0,0
Niklas Kronwall,DET,D,2016-12-29,false,OTT,0,3,2,10,0,1,0,0,0,0,24,26152,597,33,36,10,6,2,0,0
David Krejci,BOS,C,2016-11-29,false,PHI,3,11,-4,12,1,4,0,0,1,0,52,24821,495,22,21,19,16,13,154,156
Chris Kreider,NYR,L,2016-12-09,false,CHI,7,11,2,13,2,3,0,0,1,0,60,23230,501,47,15,26,12,8,2,2
Lauri Korpikoski,DAL,L,2016-11-28,false,STL,4,4,0,4,0,0,0,1,0,0,37,19720,511,14,13,9,7,7,0,3
Anze Kopitar,LAK,C,2016-12-13,false,BUF,3,12,2,4,0,4,0,1,0,0,48,29534,577,33,15,25,11,10,294,251
Travis Konecny,PHI,C,2016-11-27,false,CGY,4,8,-4,31,2,1,0,0,0,0,51,20779,475,37,7,22,6,10,0,0
Leo Komarov,TOR,C,2016-11-30,false,CGY,3,7,2,11,0,2,1,0,0,0,27,23677,577,75,14,9,4,7,25,28
Mikko Koivu,MIN,C,2016-12-02,false,CGY,5,7,5,8,0,3,0,1,1,0,36,27675,617,6,26,17,10,12,301,253
Slater Koekkoek,TBL,D,2016-12-23,false,WSH,0,4,-1,8,0,0,0,0,0,0,25,18126,420,23,21,12,5,1,0,0
John Klingberg,DAL,D,2016-12-01,false,PIT,2,10,-10,12,0,6,0,0,0,0,29,31254,653,13,32,17,24,6,0,0
Kevin Klein,NYR,D,2016-12-06,false,NYI,0,7,2,0,0,1,0,1,0,0,20,24395,545,45,58,5,13,9,0,0
Oscar Klefbom,EDM,D,2016-11-27,false,ARI,3,5,0,0,0,2,0,0,2,0,59,30684,613,16,41,23,18,4,0,0
Dwight King,LAK,L,2016-11-30,false,SJS,4,4,6,6,0,0,0,0,1,0,36,21400,455,37,8,13,8,5,3,4
Jakub Kindl,FLA,D,2017-01-11,false,NYI,0,2,-9,16,0,0,0,0,0,0,24,20542,432,34,24,11,12,6,0,0
Alex Killorn,TBL,L,2016-11-27,false,BOS,8,4,0,16,2,3,0,0,2,0,54,23844,479,36,9,11,11,4,1,5
Phil Kessel,PIT,R,2016-11-30,false,NYI,6,15,-4,10,3,6,0,0,1,0,59,25202,546,6,5,24,12,3,0,4
Ryan Kesler,ANA,C,2016-11-29,false,MTL,8,10,9,22,5,4,0,0,2,0,54,29550,614,38,20,29,14,2,310,208
Tanner Kero,CHI,C,2017-02-18,false,EDM,4,4,9,2,0,0,0,0,0,0,23,18227,436,24,26,6,7,5,100,127
Michal Kempny,CHI,D,2016-12-15,false,NYI,0,2,-3,14,0,0,0,0,0,0,27,21345,482,47,26,20,15,2,0,0
Adrian Kempe,LAK,L,2017-04-04,false,EDM,2,4,-3,6,0,2,0,1,1,0,31,16985,403,21,7,10,9,5,63,84
Chris Kelly,OTT,C,2016-11-29,false,BUF,1,2,-2,4,0,0,0,0,0,0,30,18094,449,23,16,10,8,8,93,107
Duncan Keith,CHI,D,2016-11-26,false,LAK,0,15,7,6,0,3,0,0,0,0,50,35640,673,7,24,14,17,6,0,0
Zack Kassian,EDM,R,2016-12-03,false,ANA,2,3,0,27,0,0,0,0,0,0,38,16923,410,49,6,10,8,7,1,0
Ondrej Kase,ANA,R,2017-01-01,false,PHI,2,5,-5,12,0,0,0,0,1,0,35,16875,433,18,9,15,14,9,1,3
Melker Karlsson,SJS,C,2016-12-14,false,OTT,2,4,6,6,0,0,0,0,0,0,17,16642,427,20,16,11,7,5,0,2
William Karlsson,CBJ,C,2016-12-03,false,ARI,4,5,6,2,0,0,0,1,1,0,35,19650,481,10,5,14,8,11,114,162
Erik Karlsson,OTT,D,2016-11-29,false,BUF,4,15,6,12,1,4,0,1,1,0,58,37541,758,20,70,39,35,17,0,0
Evander Kane,BUF,L,2016-12-27,false,DET,8,5,-6,25,1,3,0,0,1,0,68,25464,508,42,10,20,11,14,30,33
Patrick Kane,CHI,R,2016-11-26,false,LAK,8,15,2,12,2,4,0,0,2,0,74,30481,551,9,2,20,8,9,4,18
Sergey Kalinin,NJD,C,2016-12-17,false,OTT,0,1,-10,11,0,0,0,0,0,0,22,17401,423,32,11,7,3,3,15,29
Nazem Kadri,TOR,C,2016-11-30,false,CGY,10,7,-2,53,3,2,0,0,2,1,64,21693,523,33,9,25,12,21,155,189
Tomas Jurco,CHI,L,2017-03-18,false,TOR,0,0,-9,4,0,0,0,0,0,0,21,14346,352,15,5,16,4,2,0,1
Roman Josi,NSH,D,2016-12-03,false,NJD,3,12,-2,4,1,6,0,0,0,0,69,34674,661,16,35,23,14,7,0,0
Jacob Josefson,NJD,C,2017-01-26,false,WSH,0,4,0,10,0,1,0,0,0,0,28,16764,389,21,8,16,7,4,82,74
Josh Jooris,ARI,R,2017-01-14,false,ANA,1,2,2,10,0,0,0,0,0,0,23,14786,372,25,10,8,1,5,72,67
Seth Jones,CBJ,D,2016-12-18,false,VAN,5,7,7,6,0,0,0,0,2,2,48,32214,696,27,45,12,14,6,0,0
Jyrki Jokipakka,CGY,D,2016-12-19,false,ARI,1,4,0,6,0,0,0,0,0,0,12,20652,496,13,19,6,12,3,0,0
Jussi Jokinen,FLA,L,2016-12-20,false,BUF,2,3,-7,14,0,0,0,0,1,0,42,24716,522,7,10,14,18,7,14,12
Erik Johnson,COL,D,2016-12-03,false,DAL,1,10,-2,4,0,5,0,0,0,0,47,30375,695,44,62,17,12,12,0,0
Tyler Johnson,TBL,C,2016-11-27,false,BOS,7,7,-5,8,4,3,0,0,1,0,43,25095,516,25,12,16,9,9,206,173
Jack Johnson,CBJ,D,2016-12-03,false,ARI,0,5,9,12,0,0,0,0,0,0,30,30017,642,33,38,13,8,3,0,0
Stephen Johns,DAL,D,2016-12-11,false,CHI,2,3,-2,17,0,0,0,0,1,0,27,25711,591,60,43,15,15,5,0,0
Marcus Johansson,WSH,L,2016-12-03,false,TBL,9,7,5,4,2,3,0,0,4,1,41,24318,473,10,0,12,17,13,6,9
Ryan Johansen,NSH,C,2016-12-03,false,NJD,5,11,4,14,3,5,0,0,3,0,53,25701,546,24,6,25,10,12,192,191
Nick Jensen,DET,D,2017-02-12,false,MIN,2,5,3,4,0,0,0,0,0,0,27,22200,508,22,23,11,12,3,0,0
Boone Jenner,CBJ,C,2016-12-03,false,ARI,4,4,-4,14,0,1,0,0,1,0,55,20398,462,56,21,17,6,12,37,22
Dmitrij Jaskin,STL,R,2016-12-03,false,WPG,1,5,5,8,0,0,0,0,0,0,23,15899,378,42,5,12,5,5,3,4
Calle Jarnkrok,NSH,C,2016-12-03,false,NJD,3,2,-1,4,0,0,0,0,0,0,26,19689,495,12,5,13,7,7,97,120
Jaromir Jagr,FLA,R,2016-11-29,false,CHI,4,8,1,12,2,2,0,0,0,0,54,22881,444,6,2,15,12,15,0,0
Matt Irwin,NSH,D,2016-12-15,false,MIN,3,3,9,4,0,0,0,0,1,0,36,20491,472,47,36,19,14,5,0,0
Jarome Iginla,COL,R,2016-12-03,false,DAL,3,2,0,31,1,1,0,0,0,0,48,21006,458,22,5,13,9,10,5,4
Zach Hyman,TOR,C,2016-11-30,false,CGY,3,4,-2,10,0,0,0,0,1,0,50,22559,526,34,16,16,5,18,7,12
Ben Hutton,VAN,D,2016-11-29,false,MIN,3,4,-11,12,1,3,0,0,1,1,43,29616,601,17,36,16,18,11,0,0
Matt Hunwick,TOR,D,2016-12-19,false,ANA,0,8,5,8,0,0,0,0,0,0,23,24602,572,40,34,14,20,13,0,0
Jiri Hudler,DAL,R,2017-02-07,false,TOR,2,5,0,4,0,0,0,0,1,0,18,16793,415,8,3,8,5,9,3,2
Jonathan Huberdeau,FLA,L,2017-03-25,false,CHI,7,14,8,6,2,3,0,0,2,1,61,24727,523,18,3,17,19,10,2,4
Marian Hossa,CHI,R,2016-11-29,false,FLA,11,6,5,6,3,3,0,0,3,2,53,23934,550,6,13,24,5,15,4,6
Bo Horvat,VAN,C,2016-11-29,false,MIN,8,8,-1,14,0,1,2,0,0,0,37,23608,555,29,9,29,5,9,196,187
Patric Hornqvist,PIT,R,2016-12-12,false,ARI,6,12,8,8,5,3,0,0,1,0,83,22440,523,65,25,19,3,9,1,4
Korbinian Holzer,ANA,D,2017-02-19,false,LAK,1,5,-1,10,0,0,0,0,0,0,12,19229,420,55,24,6,8,2,0,0
Peter Holland,ARI,C,2017-01-16,false,EDM,1,5,-7,10,0,0,0,0,0,0,40,18802,404,19,2,19,5,5,109,135
Nick Holden,NYR,D,2016-11-27,false,OTT,2,9,11,6,1,0,0,0,0,0,16,27115,606,45,28,12,16,9,0,0
Mike Hoffman,OTT,L,2016-12-03,false,FLA,8,10,-1,12,4,4,0,0,2,0,75,23780,476,14,10,26,13,14,4,2
Niklas Hjalmarsson,CHI,D,2016-11-29,false,FLA,2,3,5,4,0,0,0,0,0,0,17,30121,662,7,51,6,16,7,0,0
Vinnie Hinostroza,CHI,L,2016-12-15,false,NYI,1,3,-3,4,0,0,0,0,0,0,27,15376,339,13,12,13,8,13,49,77
Thomas Hickey,NYI,D,2016-12-01,false,WSH,2,4,1,6,0,1,0,0,1,1,29,25975,523,32,45,13,12,3,0,0
Tomas Hertl,SJS,C,2017-02-09,false,BOS,5,8,-2,12,1,1,0,0,2,0,53,23224,529,43,7,17,9,13,95,75
Adam Henrique,NJD,C,2016-12-01,false,CHI,4,6,3,10,0,0,0,0,1,1,35,25338,546,29,22,15,12,8,173,183
Matt Hendricks,EDM,L,2017-01-26,false,SJS,2,2,-5,25,0,0,0,0,1,0,27,15386,378,39,26,5,4,2,65,49
Darren Helm,DET,C,2017-02-03,false,NYI,6,4,4,10,2,1,0,1,1,0,41,21324,519,36,9,10,12,13,135,120
Victor Hedman,TBL,D,2016-11-27,false,BOS,5,12,5,14,2,4,0,0,2,0,42,33961,657,27,35,24,20,15,0,0
Kevin Hayes,NYR,C,2016-11-27,false,OTT,10,9,15,6,0,1,1,1,2,0,35,22269,524,14,18,12,26,16,131,149
Jimmy Hayes,BOS,R,2016-12-05,false,FLA,1,0,-9,18,0,0,0,0,0,0,38,14059,331,33,2,9,5,7,1,5
Erik Haula,MIN,L,2016-12-17,false,ARI,5,5,5,8,0,0,0,0,1,0,43,19614,466,12,11,10,7,10,136,124
Garnet Hathaway,CGY,R,2017-01-13,false,NJD,1,4,2,44,0,0,0,0,0,0,19,12336,312,47,14,6,3,8,10,9
Scott Hartnell,CBJ,L,2016-12-03,false,ARI,5,9,7,4,1,0,0,0,0,0,33,17436,430,19,14,10,11,4,1,1
Ryan Hartman,CHI,L,2016-12-06,false,ARI,5,2,2,2,0,0,0,0,1,0,46,15850,359,36,11,9,7,7,5,7
Martin Hanzal,ARI,C,2016-12-12,false,PIT,6,4,-13,20,2,2,0,0,1,1,55,25304,550,53,18,16,16,9,259,218
Jannik Hansen,VAN,R,2017-02-12,false,BUF,5,7,1,27,0,0,0,0,1,0,44,22480,514,19,6,20,7,13,0,0
Noah Hanifin,CAR,D,2016-12-01,false,BOS,2,7,-7,14,2,3,0,0,0,0,41,23795,493,16,14,12,14,9,0,0
Travis Hamonic,NYI,D,2016-12-08,false,STL,2,5,-14,42,0,1,0,0,0,0,31,28491,528,30,48,19,18,7,0,0
Dougie Hamilton,CGY,D,2016-11-25,false,BOS,2,8,-3,22,0,1,0,0,1,0,61,26178,610,36,24,18,13,3,0,0
Freddie Hamilton,CGY,C,2017-03-21,false,WSH,1,0,-2,6,0,0,0,0,1,0,25,13142,314,41,1,8,2,3,67,49
Dan Hamhuis,DAL,D,2016-12-01,false,PIT,0,5,-4,8,0,0,0,1,0,0,30,27680,615,28,39,11,10,4,0,0
Taylor Hall,NJD,L,2016-12-18,false,NYR,8,12,-5,8,4,3,0,0,2,1,81,28537,561,27,15,25,10,12,1,3
Micheal Haley,SJS,C,2016-12-30,false,PHI,0,3,0,42,0,0,0,0,0,0,13,11063,282,59,7,7,9,10,6,11
Ron Hainsey,CAR,D,2016-12-01,false,BOS,1,5,-3,10,0,0,1,0,0,0,28,30427,615,35,28,11,17,5,0,0
Carl Hagelin,PIT,L,2016-11-30,false,NYI,2,5,1,2,0,0,0,1,0,0,48,22467,538,23,10,17,12,6,0,1
Carl Gunnarsson,STL,D,2016-12-08,false,NYI,0,2,-3,4,0,0,0,0,0,0,12,19332,498,18,28,10,1,1,0,0
Jake Guentzel,PIT,C,2017-02-25,false,PHI,6,8,3,8,0,1,0,0,0,0,33,20945,462,47,8,11,4,7,8,8
Radko Gudas,PHI,D,2016-12-14,false,COL,1,8,4,27,0,1,0,0,0,0,37,27420,606,92,57,28,18,8,0,0
Eric Gryba,EDM,D,2017-01-10,false,SJS,1,2,-4,36,0,0,0,0,1,0,27,22834,496,86,23,11,11,4,0,0
Mikhail Grigorenko,COL,C,2016-12-06,false,NSH,3,5,-3,8,0,3,0,0,0,0,34,19181,430,8,7,6,5,12,45,45
Seth Griffith,FLA,C,2017-01-04,false,WPG,0,5,6,6,0,1,0,0,0,0,21,17399,400,29,5,19,6,4,2,4
Andy Greene,NJD,D,2016-12-01,false,CHI,2,3,-3,2,0,0,1,0,1,1,25,30401,641,22,52,18,15,7,0,0
Matt Greene,LAK,D,2016-12-28,false,VAN,1,1,3,19,0,0,0,0,0,0,14,18615,483,68,24,10,15,3,0,0
Mike Green,DET,D,2016-11-29,false,DAL,4,9,1,16,1,3,0,0,1,1,40,33505,661,20,28,18,18,9,0,0
Kevin Gravel,LAK,D,2016-12-29,false,EDM,0,2,6,4,0,1,0,0,0,0,20,19121,467,31,32,13,13,0,0,0
Tyler Graovac,MIN,C,2016-12-20,false,COL,3,0,2,2,0,0,0,0,1,0,20,13375,333,24,4,16,1,8,82,81
Derek Grant,BUF,C,2016-12-01,false,NYR,0,2,-3,17,0,0,0,0,0,0,22,15429,387,18,16,11,5,5,120,103
Mikael Granlund,MIN,C,2016-12-02,false,CGY,5,9,6,2,1,4,1,0,2,0,39,26777,577,15,12,21,10,9,4,5
Markus Granlund,VAN,C,2016-11-29,false,MIN,5,4,-10,8,1,1,0,0,1,1,39,22956,522,10,3,17,4,11,29,42
Michael Grabner,NYR,R,2016-11-27,false,OTT,12,4,20,2,0,0,0,1,1,0,54,18285,485,12,15,13,9,23,2,2
Shayne Gostisbehere,PHI,D,2016-11-29,false,BOS,4,7,-5,12,1,4,0,0,1,0,60,28882,590,8,29,43,22,6,0,0
Josh Gorges,BUF,D,2016-12-01,false,NYR,0,1,-3,23,0,0,0,0,0,0,10,26847,634,53,43,8,6,0,0,1
Cody Goloubef,COL,D,2017-02-11,false,NYR,0,3,-10,21,0,0,0,0,0,0,23,25101,576,18,27,5,6,5,0,0
Alex Goligoski,ARI,D,2016-12-03,false,CBJ,0,9,-9,6,0,2,0,0,0,0,35,32106,651,27,43,10,11,2,0,0
Luke Glendening,DET,C,2016-11-29,false,DAL,1,6,0,10,0,1,0,0,0,0,30,18126,445,64,26,12,2,8,94,87
Claude Giroux,PHI,C,2016-11-27,false,CGY,4,15,-8,10,3,8,0,0,0,0,57,26448,582,17,5,22,6,7,274,229
Zemgus Girgensons,BUF,C,2016-12-01,false,NYR,1,3,-5,4,0,0,0,0,0,0,38,16903,397,29,9,12,2,2,85,80
Dan Girardi,NYR,D,2016-12-06,false,NYI,3,4,11,6,0,0,0,1,3,0,22,25699,583,46,60,8,17,2,0,0
Mark Giordano,CGY,D,2016-11-25,false,BOS,1,7,4,22,0,2,0,1,0,0,53,34101,706,18,56,23,6,16,0,0
Brian Gionta,BUF,R,2016-12-01,false,NYR,5,5,0,6,0,0,0,0,1,0,49,23834,499,19,10,17,7,6,8,10
Stephen Gionta,NYI,R,2017-04-04,false,NSH,1,5,7,2,0,0,0,0,0,0,14,15060,377,51,5,2,6,2,45,46
Ryan Getzlaf,ANA,C,2016-12-04,false,CGY,2,20,-1,12,1,8,0,0,1,0,46,27945,591,30,22,24,18,16,185,156
Eric Gelinas,COL,D,2017-01-23,false,SJS,0,1,-3,12,0,0,0,0,0,0,27,15977,382,25,14,12,5,3,0,1
Brendan Gaunce,VAN,C,2016-11-29,false,MIN,0,2,-3,20,0,0,0,0,0,0,18,12032,314,31,4,5,2,2,60,60
Johnny Gaudreau,CGY,L,2016-12-16,false,CBJ,7,14,-9,0,1,6,0,0,1,0,60,26267,538,3,5,21,32,10,0,0
Jason Garrison,TBL,D,2016-11-27,false,BOS,1,2,-3,6,0,0,0,0,0,0,34,25497,567,27,36,20,14,6,0,0
Jake Gardiner,TOR,D,2016-11-30,false,CGY,4,5,3,10,1,1,0,0,0,0,33,27266,585,19,18,12,24,9,0,0
Brendan Gallagher,MTL,R,2016-11-29,false,ANA,5,8,6,20,1,0,0,0,1,0,63,21284,492,26,7,21,6,10,19,27
Alex Galchenyuk,MTL,C,2016-11-29,false,ANA,9,13,11,14,3,4,0,0,2,1,42,22153,497,10,12,14,12,7,106,166
Sam Gagner,CBJ,C,2016-12-05,false,ARI,10,7,8,2,3,4,0,0,1,0,58,18797,400,3,3,22,5,4,41,49
Marian Gaborik,LAK,R,2017-01-18,false,SJS,4,5,0,6,1,1,0,0,0,0,52,20731,456,12,3,22,10,3,0,1
Michael Frolik,CGY,R,2016-11-25,false,BOS,6,8,1,8,0,0,2,0,1,1,54,22482,511,15,16,14,12,14,6,7
Cody Franson,BUF,D,2016-12-01,false,NYR,1,6,1,10,1,0,0,0,0,0,35,25397,561,19,21,10,14,5,0,0
Cam Fowler,ANA,D,2016-11-29,false,MTL,7,7,4,2,4,3,0,0,2,0,50,33048,648,11,31,14,20,3,0,0
Gustav Forsling,CHI,D,2016-12-06,false,ARI,1,3,3,2,0,1,0,0,0,0,30,21652,465,12,10,7,20,1,0,0
Filip Forsberg,NSH,L,2016-12-03,false,NJD,2,14,-4,6,0,3,0,0,0,0,50,25866,585,38,7,30,13,23,5,6
Derek Forbort,LAK,D,2016-11-30,false,SJS,1,5,1,34,0,0,0,0,0,0,23,24084,562,49,55,10,14,2,1,0
Christian Folin,MIN,D,2016-12-22,false,MTL,0,2,9,18,0,0,0,0,0,0,19,22477,512,33,29,9,5,6,0,0
Marcus Foligno,BUF,L,2016-12-01,false,NYR,4,3,1,17,0,0,0,0,0,0,38,22145,494,75,19,12,9,9,0,1
Nick Foligno,CBJ,L,2016-12-03,false,ARI,9,12,4,33,4,6,0,0,0,0,53,25617,565,35,15,19,11,10,24,19
Brian Flynn,MTL,C,2016-12-23,false,CBJ,3,3,7,4,0,0,0,0,0,0,23,16556,451,10,12,12,8,7,46,37
Mike Fisher,NSH,C,2016-12-10,false,ARI,5,9,-10,31,3,5,0,0,1,0,44,22627,519,48,17,15,1,7,222,178
Valtteri Filppula,TBL,C,2016-11-29,false,CBJ,5,11,4,6,0,5,0,0,1,0,28,24538,503,8,12,6,11,10,181,235
Vernon Fiddler,NJD,C,2016-12-01,false,CHI,1,1,-2,17,0,0,1,0,0,0,22,17295,435,23,11,7,11,4,152,129
Kevin Fiala,NSH,L,2016-12-22,false,LAK,5,2,-1,6,0,0,0,0,1,0,51,17915,424,23,6,13,9,17,0,0
Micheal Ferland,CGY,L,2016-11-25,false,BOS,4,5,0,5,2,1,0,0,0,0,30,15152,380,51,7,11,10,12,0,0
Eric Fehr,PIT,C,2016-11-30,false,NYI,2,2,-2,4,0,0,0,0,1,0,25,15637,390,27,18,6,6,15,28,26
Taylor Fedun,BUF,D,2017-02-07,false,SJS,0,7,3,16,0,3,0,0,0,0,24,19029,461,6,17,7,8,4,0,0
Justin Faulk,CAR,D,2016-12-07,false,ANA,3,5,-12,8,1,4,0,0,0,0,66,32079,620,43,24,32,21,16,0,0
Jesper Fast,NYR,R,2016-11-27,false,OTT,2,8,8,12,0,0,0,0,0,0,11,18475,463,34,11,7,5,18,7,9
Justin Falk,BUF,D,2017-01-07,false,WPG,0,1,-1,9,0,0,0,0,0,0,16,17816,451,39,11,13,6,3,0,0
Radek Faksa,DAL,C,2016-11-28,false,STL,2,6,3,15,0,0,0,0,0,0,41,22573,575,30,20,20,7,19,176,198
Robby Fabbri,STL,C,2016-12-01,false,TBL,5,7,-7,17,3,3,0,0,0,0,39,22440,504,31,10,12,6,10,7,6
Adam Erne,TBL,L,2017-04-04,false,BOS,3,0,-6,11,0,0,0,0,0,0,39,16344,386,61,10,18,4,2,0,2
Loui Eriksson,VAN,L,2016-11-29,false,MIN,6,4,-10,0,2,1,0,1,1,0,44,25752,558,2,11,13,8,7,0,0
Jonathan Ericsson,DET,D,2016-11-29,false,DAL,0,4,2,39,0,0,0,0,0,0,17,24953,585,32,17,11,10,1,0,0
Toby Enstrom,WPG,D,2016-12-01,false,EDM,1,7,1,10,0,4,1,0,0,0,23,30882,651,7,31,11,12,5,0,0
Tyler Ennis,BUF,L,2017-02-09,false,ANA,3,4,-4,2,0,1,0,0,0,0,43,18748,395,19,12,8,6,12,0,4
Deryk Engelland,CGY,D,2016-11-25,false,BOS,1,3,7,21,0,0,0,0,1,0,30,25279,578,44,44,12,15,2,1,0
Alexei Emelin,MTL,D,2016-11-29,false,ANA,1,3,6,27,0,0,0,0,0,0,26,29491,598,80,46,11,29,4,0,0
Ryan Ellis,NSH,D,2016-12-19,false,PHI,4,6,6,19,0,3,0,0,2,0,38,33208,650,30,48,20,14,8,0,0
Lars Eller,WSH,C,2016-12-05,false,BUF,2,1,-5,18,0,0,0,0,0,0,30,19226,423,15,5,17,8,11,122,131
Oliver Ekman-Larsson,ARI,D,2016-12-03,false,CBJ,5,7,-3,12,2,3,0,0,1,1,52,33733,640,39,22,27,15,9,0,0
Mattias Ekholm,NSH,D,2016-12-03,false,NJD,0,6,-3,10,0,1,0,1,0,0,38,32287,637,16,40,23,22,8,0,0
Aaron Ekblad,FLA,D,2016-11-29,false,CHI,6,1,-8,24,2,1,0,0,1,1,72,32062,554,45,20,24,15,10,0,0
Jack Eichel,BUF,C,2017-01-17,false,TOR,10,7,-2,4,5,3,0,0,2,0,94,27277,513,15,17,32,20,15,122,169
Nikolaj Ehlers,WPG,L,2016-11-25,false,NSH,4,15,0,12,0,2,0,0,1,0,51,24746,509,13,8,28,14,11,0,1
Joel Edmundson,STL,D,2016-12-22,false,TBL,0,7,-6,28,0,0,0,0,0,0,27,23079,570,45,30,9,7,4,0,0
Alexander Edler,VAN,D,2016-12-30,false,ANA,1,3,-8,4,1,1,0,0,0,0,48,32496,642,42,54,13,14,6,2,1
Jordan Eberle,EDM,C,2016-11-27,false,ARI,7,10,-6,4,2,3,0,0,0,0,69,24624,528,6,10,22,6,6,2,1
Patrick Eaves,DAL,R,2016-11-29,false,DET,9,7,-5,8,5,3,0,0,1,0,58,23252,548,30,13,28,3,6,0,1
Cody Eakin,DAL,C,2017-01-16,false,BUF,0,2,-9,25,0,1,0,0,0,0,24,20891,519,29,11,17,10,3,156,163
Ryan Dzingel,OTT,L,2016-11-29,false,BUF,5,6,5,2,0,1,1,0,1,0,37,18841,431,13,11,11,6,10,2,4
Christian Dvorak,ARI,C,2016-12-10,false,NSH,2,6,1,4,0,1,0,0,0,0,21,20002,427,24,21,8,5,1,107,145
Brian Dumoulin,PIT,D,2016-12-01,false,DAL,0,3,-6,10,0,0,0,0,0,0,33,26601,619,42,29,9,12,7,0,0
Gabriel Dumont,TBL,C,2017-03-06,false,NYR,1,1,-2,20,0,0,0,0,0,0,22,12499,317,47,5,6,3,3,61,53
Matt Dumba,MIN,D,2016-12-02,false,CGY,2,5,4,18,1,2,0,0,1,1,46,28729,578,29,21,17,9,9,0,0
Anthony Duclair,ARI,L,2016-12-03,false,CBJ,1,3,-2,6,0,0,0,0,0,0,27,18164,422,9,6,8,13,11,0,0
Matt Duchene,COL,C,2016-12-11,false,TOR,10,8,-5,2,2,3,0,0,3,1,55,25510,548,7,19,20,13,20,134,83
Brandon Dubinsky,CBJ,C,2016-12-09,false,DET,3,5,4,17,0,1,0,0,2,0,30,24571,571,72,19,16,11,12,227,207
Jonathan Drouin,TBL,L,2016-12-16,false,VAN,6,8,-1,6,3,3,0,0,0,0,67,23784,460,17,8,13,24,16,30,36
Leon Draisaitl,EDM,C,2016-11-27,false,ARI,7,10,-5,2,5,2,0,0,0,0,42,23596,498,7,11,20,16,13,172,162
Nic Dowd,LAK,C,2016-12-04,false,MTL,2,9,-6,2,1,3,0,0,1,1,27,18737,447,61,15,12,8,3,132,146
Drew Doughty,LAK,D,2016-11-30,false,SJS,3,8,2,16,0,2,0,0,0,0,50,37171,761,37,43,21,26,2,1,0
Jake Dotchin,TBL,D,2017-03-16,false,TOR,0,6,6,25,0,0,0,0,0,0,32,25134,531,55,13,21,11,3,0,0
Joonas Donskoi,SJS,R,2016-11-29,false,ARI,2,5,0,8,1,2,0,0,0,0,40,20697,490,11,10,22,13,13,2,1
Max Domi,ARI,L,2016-12-03,false,CBJ,4,11,-4,15,1,3,0,0,1,0,53,24354,512,17,9,16,15,11,3,4
Shane Doan,ARI,R,2016-12-03,false,CBJ,3,4,-1,16,1,1,0,0,0,0,49,21259,450,39,11,11,11,2,43,42
Brenden Dillon,SJS,D,2016-11-30,false,LAK,0,1,0,20,0,0,0,0,0,0,24,21787,504,49,19,15,6,1,0,0
Phillip Di Giuseppe,CAR,L,2017-02-28,false,FLA,1,4,-12,13,0,1,0,0,1,1,49,17786,411,44,9,18,7,9,0,2
Nicolas Deslauriers,BUF,L,2017-01-24,false,NSH,0,0,-5,11,0,0,0,0,0,0,12,10681,244,67,4,7,0,1,0,0
Andrew Desjardins,CHI,L,2017-01-05,false,BUF,0,0,-4,6,0,0,0,0,0,0,27,13507,314,36,8,5,5,4,23,22
David Desharnais,MTL,C,2016-12-02,false,SJS,3,4,3,2,0,1,0,0,0,0,20,17874,412,0,5,6,5,10,53,60
Jason Demers,FLA,D,2016-11-29,false,CHI,2,6,-4,10,0,3,0,1,0,0,26,27465,547,25,25,27,11,11,0,0
Michael Del Zotto,PHI,D,2017-01-04,false,NYR,4,6,-7,4,0,0,0,0,0,0,47,26684,598,85,44,16,11,4,0,0
Dylan DeMelo,SJS,D,2017-03-21,false,MIN,1,6,2,14,0,0,0,0,0,0,30,21461,487,31,28,14,11,4,0,0
Danny DeKeyser,DET,D,2016-11-29,false,DAL,1,2,-4,15,0,0,0,0,0,0,16,30876,661,26,41,12,15,4,0,0
Anthony DeAngelo,ARI,D,2017-02-28,false,BOS,3,6,-7,16,2,4,0,0,0,0,41,26411,539,13,35,15,12,2,0,0
Brandon Davidson,EDM,D,2017-02-14,false,ARI,0,1,1,16,0,0,0,0,0,0,27,20669,481,24,39,11,14,2,0,0
Laurent Dauphin,ARI,C,2017-01-14,false,ANA,2,1,-2,10,0,0,1,0,1,0,30,15079,370,31,11,4,3,9,34,42
Marko Dano,WPG,C,2016-12-15,false,FLA,3,6,1,6,2,0,0,0,0,0,27,16419,391,50,10,15,8,11,1,3
Phillip Danault,MTL,L,2016-11-29,false,ANA,5,4,1,6,0,0,0,0,1,0,33,17988,453,21,22,10,12,6,71,67
Trevor Daley,PIT,D,2016-11-30,false,NYI,2,6,0,12,1,1,0,1,0,0,33,29223,677,6,38,21,10,13,0,0
Klas Dahlbeck,CAR,D,2017-03-03,false,ARI,1,2,-6,18,0,0,0,0,0,0,19,18473,439,33,20,11,10,5,0,0
Austin Czarnik,BOS,C,2016-12-07,false,WSH,2,4,-3,8,0,2,0,0,1,0,31,18928,451,8,14,11,7,8,6,21
Matt Cullen,PIT,C,2016-11-30,false,NYI,4,6,-1,10,0,1,0,0,1,0,30,19372,495,11,5,17,9,4,162,137
Lawson Crouse,ARI,L,2016-12-10,false,NSH,1,1,-8,19,0,0,0,0,0,0,24,15166,365,53,10,7,2,6,0,0
Sidney Crosby,PIT,C,2016-12-12,false,ARI,21,11,7,10,7,2,0,0,3,0,78,26381,569,27,6,18,24,10,264,272
Joseph Cramarossa,ANA,C,2016-12-22,false,OTT,2,3,-3,35,0,0,0,0,0,0,16,14320,363,52,12,8,8,5,2,0
Adam Cracknell,DAL,R,2016-11-28,false,STL,2,1,1,0,0,0,0,0,0,0,25,13849,349,31,15,14,5,3,33,36
Charlie Coyle,MIN,C,2016-12-02,false,CGY,8,7,4,18,3,0,0,0,2,0,53,25036,537,25,18,14,12,12,12,12
Sean Couturier,PHI,C,2017-01-01,false,ANA,6,3,-4,14,0,1,0,1,1,0,38,25149,572,17,14,17,13,13,193,189
Logan Couture,SJS,C,2016-11-29,false,ARI,7,6,-2,2,5,1,0,0,0,0,73,25515,571,10,18,20,24,11,94,163
Nick Cousins,PHI,C,2016-12-04,false,NSH,3,5,-2,10,1,1,0,0,0,0,33,15915,376,23,10,7,3,7,45,82
Andrew Copp,WPG,C,2016-12-15,false,FLA,4,3,1,6,0,0,1,0,1,0,28,16915,438,31,12,11,7,12,38,46
Brett Connolly,WSH,R,2017-01-03,false,TOR,4,1,1,18,1,0,0,0,0,0,32,14898,331,42,3,6,4,7,3,4
Kevin Connauton,ARI,D,2017-04-06,false,VAN,0,1,0,24,0,0,0,0,0,0,21,17801,425,46,22,14,5,4,0,0
Blake Comeau,COL,L,2016-12-11,false,TOR,5,2,-3,20,2,0,1,0,0,0,36,22062,509,47,8,12,5,12,53,56
Blake Coleman,NJD,C,2017-04-08,false,NYI,1,1,-7,27,0,0,0,0,0,0,29,17728,398,51,15,9,12,12,96,130
Ian Cole,PIT,D,2016-11-30,false,NYI,1,4,4,21,0,0,0,0,0,0,26,25125,565,53,48,23,14,5,0,0
Joe Colborne,COL,C,2016-12-08,false,BOS,3,1,-7,10,2,0,0,0,0,0,24,16677,395,22,6,6,6,3,33,47
Andrew Cogliano,ANA,L,2016-11-29,false,MTL,5,5,7,10,0,0,2,0,0,0,58,20689,531,23,12,6,6,7,1,7
Braydon Coburn,TBL,D,2016-11-27,false,BOS,0,4,1,12,0,0,0,0,0,0,29,22282,497,25,17,9,8,0,0,0
Cal Clutterbuck,NYI,R,2016-12-04,false,DET,2,6,1,10,0,0,0,0,1,0,37,21342,531,81,10,15,11,12,1,2
Kyle Clifford,LAK,L,2016-12-08,false,CAR,2,4,3,35,0,0,0,0,0,0,38,14314,340,48,2,13,2,7,0,1
Adam Clendening,NYR,D,2017-02-25,false,NJD,2,7,5,10,1,1,0,0,0,0,33,21701,489,14,22,13,14,6,0,0
Fredrik Claesson,OTT,D,2017-03-14,false,TBL,2,7,3,0,0,0,0,1,0,0,16,14904,372,35,12,4,12,2,0,0
Casey Cizikas,NYI,C,2016-12-01,false,WSH,3,6,1,14,0,1,0,0,1,0,26,20439,532,56,26,7,10,11,185,191
Jakob Chychrun,ARI,D,2016-12-15,false,TOR,1,5,-2,29,0,0,0,0,0,0,26,23202,514,39,35,23,12,4,0,0
Jason Chimera,NYI,L,2016-12-01,false,WSH,3,5,-6,16,0,0,0,0,0,0,31,18763,457,41,14,7,6,4,8,10
Alex Chiasson,CGY,R,2016-11-25,false,BOS,3,2,4,14,0,0,0,0,1,0,32,18170,448,25,3,8,7,7,0,11
Ben Chiarot,WPG,D,2016-11-27,false,NSH,0,4,-3,10,0,0,0,0,0,0,13,20143,424,31,34,2,15,3,0,0
Zdeno Chara,BOS,D,2016-12-10,false,TOR,1,5,8,21,0,1,0,0,0,0,35,31299,598,37,44,14,19,14,0,0
Michael Chaput,VAN,C,2016-12-23,false,CGY,0,3,-4,11,0,0,0,0,0,0,15,14223,354,27,6,1,4,4,94,89
Cody Ceci,OTT,D,2016-11-29,false,BUF,0,2,-7,6,0,0,0,1,0,0,40,31174,719,41,47,14,23,6,0,0
Jeff Carter,LAK,C,2016-11-30,false,SJS,10,9,4,8,2,1,1,0,6,2,76,25275,545,25,11,25,11,7,228,185
William Carrier,BUF,L,2016-12-27,false,DET,1,1,0,8,0,0,0,0,0,0,29,12748,330,71,4,8,3,4,1,1
Connor Carrick,TOR,D,2016-12-11,false,COL,1,2,2,24,0,0,0,0,0,0,36,23709,556,23,28,17,18,6,0,0
Daniel Carr,MTL,L,2016-12-31,false,PIT,1,5,6,6,0,0,0,0,1,0,33,14017,350,16,8,13,4,4,1,1
John Carlson,WSH,D,2016-12-03,false,TBL,0,9,1,0,0,3,0,0,0,0,57,32009,592,21,33,35,30,8,0,0
Brandon Carlo,BOS,D,2016-11-29,false,PHI,2,3,11,15,0,0,0,0,0,0,29,30801,603,23,40,14,9,4,0,0
Brian Campbell,CHI,D,2016-11-26,false,LAK,2,6,4,10,1,2,0,0,0,0,23,25614,542,15,19,13,17,0,0,0
Michael Cammalleri,NJD,L,2016-12-15,false,STL,9,8,2,12,1,3,0,0,2,1,61,24295,506,17,5,24,11,10,7,7
Matt Calvert,CBJ,L,2016-12-16,false,CGY,4,2,7,14,0,0,2,0,1,0,36,20114,476,25,14,15,8,12,2,11
Drake Caggiula,EDM,L,2017-01-07,false,NJD,2,4,-3,2,1,1,0,0,0,0,28,17950,408,43,4,11,6,6,36,55
Paul Byron,MTL,L,2016-11-29,false,ANA,7,5,4,8,0,0,1,0,2,0,29,19539,508,31,6,5,6,11,2,0
Dustin Byfuglien,WPG,D,2016-11-25,false,NSH,2,10,-4,25,0,2,0,0,0,0,59,38497,659,61,39,36,28,19,0,0
Alexandre Burrows,VAN,L,2016-12-08,false,TBL,4,6,4,29,0,0,0,1,0,0,50,19483,493,15,4,12,6,16,0,3
Brent Burns,SJS,D,2016-11-29,false,ARI,9,12,2,4,2,4,0,1,2,1,95,33224,623,21,42,41,47,13,0,0
Alexander Burmistrov,WPG,C,2016-12-06,false,DET,0,2,-6,6,0,0,0,1,0,0,13,15237,347,28,4,7,7,5,53,94
Andre Burakovsky,WSH,L,2016-12-03,false,TBL,2,8,-2,4,0,1,0,0,0,0,38,20550,422,10,10,17,13,15,0,1
Pavel Buchnevich,NYR,R,2017-02-11,false,COL,6,9,4,11,1,2,0,0,0,0,33,18859,445,10,5,15,16,10,1,3
Dustin Brown,LAK,R,2016-11-30,false,SJS,4,6,-9,10,2,2,1,0,1,0,55,22415,511,57,3,17,8,6,0,1
Connor Brown,TOR,R,2016-11-30,false,CGY,3,5,3,4,0,0,0,0,1,0,32,19358,496,18,23,11,2,7,0,0
J.T. Brown,TBL,R,2016-12-08,false,VAN,2,1,-6,34,0,0,1,0,1,0,24,14774,352,34,7,9,3,4,0,1
Troy Brouwer,CGY,R,2016-11-25,false,BOS,5,4,-7,16,0,2,1,0,1,0,36,24115,541,52,18,10,7,8,11,24
Kyle Brodziak,STL,C,2016-12-01,false,TBL,2,1,-3,21,0,0,0,0,1,0,21,13450,378,21,12,5,0,8,71,90
Jonas Brodin,MIN,D,2016-12-02,false,CGY,2,8,1,12,1,2,0,0,2,0,34,27850,600,7,39,16,9,4,0,0
TJ Brodie,CGY,D,2016-11-25,false,BOS,0,5,-12,6,0,2,0,0,0,0,26,32625,700,11,29,13,20,19,0,0
Justin Braun,SJS,D,2016-11-29,false,ARI,0,3,-5,6,0,0,0,0,0,0,20,27700,580,30,46,16,17,14,0,0
Derick Brassard,OTT,C,2016-11-29,false,BUF,3,7,4,6,1,1,0,0,0,0,53,24404,514,25,4,24,12,17,204,186
Tyler Bozak,TOR,C,2016-11-30,false,CGY,5,11,-1,4,1,1,0,0,1,0,39,22234,513,20,6,14,12,16,206,158
Brian Boyle,TBL,C,2016-12-01,false,STL,4,2,2,29,0,1,0,0,0,0,30,15774,372,33,14,10,6,7,66,63
Johnny Boychuk,NYI,D,2016-12-01,false,WSH,3,5,1,4,0,1,1,0,1,0,57,28285,542,56,53,29,15,5,0,0
Jay Bouwmeester,STL,D,2016-11-28,false,DAL,1,3,-6,14,0,0,0,0,0,0,31,31568,699,21,26,12,14,5,0,0
Rene Bourque,COL,R,2016-12-08,false,BOS,8,3,-4,17,2,0,0,0,2,1,42,20673,477,35,11,20,3,11,0,3
Lance Bouma,CGY,C,2017-01-06,false,VAN,2,2,-1,15,0,0,0,0,1,0,19,16117,401,61,15,9,5,5,1,5
Reid Boucher,VAN,C,2017-03-07,false,MTL,2,2,1,4,0,0,0,0,0,0,36,14390,319,13,10,6,2,11,0,1
Robert Bortuzzo,STL,D,2017-02-20,false,FLA,1,2,7,2,0,0,0,0,0,0,32,19306,525,50,38,15,10,3,0,0
Mark Borowiecki,OTT,D,2016-11-29,false,BUF,0,1,0,34,0,0,0,0,0,0,11,17560,483,92,32,7,5,2,0,0
Nick Bonino,PIT,C,2016-11-30,false,NYI,1,7,-3,8,0,1,1,0,0,0,37,23363,562,17,31,8,9,12,180,196
Jared Boll,ANA,R,2016-12-22,false,OTT,0,1,-4,48,0,0,0,0,0,0,7,8380,231,20,4,3,2,1,0,1
Zach Bogosian,BUF,D,2017-01-16,false,DAL,0,3,-9,15,0,0,0,0,0,0,24,28026,592,35,44,8,11,7,0,0
Mikkel Boedker,SJS,L,2016-11-29,false,ARI,2,1,-5,4,0,0,0,0,0,0,21,20177,486,16,6,18,15,8,2,8
Joseph Blandisi,NJD,L,2017-03-28,false,WPG,3,6,-9,20,1,4,0,0,2,1,22,18525,427,31,5,14,3,6,69,76
Nick Bjugstad,FLA,C,2017-01-31,false,OTT,1,2,-11,12,0,1,0,0,0,0,38,18699,431,36,4,12,8,8,68,78
Oliver Bjorkstrand,CBJ,R,2017-04-04,false,PIT,6,5,5,6,0,0,0,0,2,0,49,19001,424,13,7,11,7,8,1,0
Anthony Bitetto,NSH,D,2017-03-27,false,NYI,0,5,-3,21,0,0,0,0,0,0,16,15795,397,36,20,8,6,0,0,0
Kevin Bieksa,ANA,D,2016-11-29,false,MTL,1,0,0,23,1,0,0,0,0,0,38,28191,556,58,25,13,9,3,0,0
Alex Biega,VAN,D,2017-03-05,false,ANA,0,3,0,14,0,0,0,0,0,0,22,20090,499,54,20,18,5,5,0,0
Patrik Berglund,STL,C,2016-11-28,false,DAL,1,6,-4,8,0,1,0,0,0,0,36,20624,524,45,12,21,5,6,147,139
Patrice Bergeron,BOS,C,2016-12-05,false,FLA,4,4,1,6,1,1,0,0,2,0,80,25844,559,17,15,29,6,8,321,227
Matt Benning,EDM,D,2016-12-13,false,CBJ,0,4,3,6,0,1,0,0,0,0,33,23135,520,52,23,14,17,1,0,0
Sam Bennett,CGY,C,2016-11-25,false,BOS,5,6,-2,28,1,0,0,0,0,0,35,21245,481,42,8,16,6,12,86,94
Beau Bennett,NJD,R,2016-12-09,false,STL,1,6,-3,8,1,1,0,0,0,0,41,18880,395,22,5,19,7,6,1,4
Jamie Benn,DAL,L,2016-11-28,false,STL,7,13,-7,25,5,2,0,0,2,1,58,27837,658,39,14,24,12,19,101,81
Jordie Benn,DAL,D,2016-12-01,false,PIT,1,5,-1,16,0,2,0,0,0,0,26,26433,610,16,49,19,12,2,0,0
Pierre-Edouard Bellemare,PHI,L,2016-11-27,false,CGY,0,3,3,2,0,0,0,1,0,0,36,19354,477,27,21,11,4,3,136,144
Matt Beleskey,BOS,L,2016-12-01,false,CAR,2,3,-6,23,0,2,0,0,0,0,44,21390,465,59,12,21,6,5,25,38
Anthony Beauvillier,NYI,C,2016-12-20,false,BOS,3,5,3,6,0,0,0,0,0,0,24,16607,374,24,8,8,10,6,21,21
Nathan Beaulieu,MTL,D,2016-12-12,false,BOS,1,6,12,13,0,2,0,0,1,0,30,24379,512,24,39,13,30,6,0,0
Francois Beauchemin,COL,D,2016-12-03,false,DAL,0,5,0,8,0,2,0,0,0,0,33,28264,625,21,49,13,16,9,0,0
Jay Beagle,WSH,C,2016-12-03,false,TBL,4,4,3,2,0,0,1,1,2,0,30,17254,425,17,11,6,6,5,167,111
Matt Bartkowski,CGY,D,2017-04-06,false,LAK,1,1,-4,26,0,0,0,0,0,0,15,20976,496,42,11,11,11,3,0,0
Tyson Barrie,COL,D,2016-12-03,false,DAL,2,9,-11,8,0,3,0,0,1,0,51,31653,653,12,23,27,14,7,0,0
Aleksander Barkov,FLA,C,2016-11-29,false,CHI,2,12,1,0,0,4,0,0,1,1,43,26230,514,14,11,16,10,15,167,175
Mark Barberio,MTL,D,2017-01-20,false,NJD,0,4,-1,6,0,1,0,0,0,0,26,20912,442,10,23,7,12,5,0,0
Ivan Barbashev,STL,C,2017-03-27,false,ARI,4,4,5,2,0,0,0,0,1,0,13,15213,356,29,10,9,2,4,61,87
Justin Bailey,BUF,R,2017-03-02,false,ARI,2,2,5,4,0,0,0,0,1,0,28,15294,356,19,12,11,9,7,0,1
Josh Bailey,NYI,R,2016-12-01,false,WSH,3,11,4,2,1,2,0,0,1,1,46,26118,546,12,20,22,10,13,5,3
Sven Baertschi,VAN,L,2016-12-03,false,TOR,4,7,0,0,0,1,0,0,2,0,42,20231,474,15,10,10,5,6,1,0
Nicklas Backstrom,WSH,C,2016-12-03,false,TBL,7,14,2,14,1,8,0,0,1,0,51,26042,525,21,7,10,15,17,208,174
Mikael Backlund,CGY,C,2016-11-25,false,BOS,3,6,0,6,0,1,0,2,1,0,54,24392,560,17,20,20,11,10,217,206
David Backes,BOS,R,2016-12-08,false,COL,7,5,1,23,2,1,0,0,1,0,59,25287,511,71,18,20,11,9,36,42
Yohann Auvitu,NJD,D,2016-12-09,false,STL,2,2,2,2,0,1,0,0,0,0,50,22361,485,19,8,13,11,7,0,0
Cam Atkinson,CBJ,R,2016-12-03,false,ARI,8,13,2,4,4,5,1,0,2,1,71,25095,575,9,8,23,3,12,2,0
Andreas Athanasiou,DET,C,2017-01-01,false,TOR,5,2,-4,9,0,0,0,0,0,0,40,16662,390,9,6,18,5,6,26,29
Viktor Arvidsson,NSH,L,2016-12-03,false,NJD,7,7,1,10,1,2,1,1,0,0,75,21754,517,10,12,23,10,9,2,1
Joel Armia,WPG,R,2017-01-18,false,ARI,3,3,-3,10,0,0,0,0,1,0,46,21446,492,23,8,10,12,14,2,4
Artem Anisimov,CHI,C,2016-11-29,false,FLA,9,11,11,16,1,3,0,0,3,1,38,25116,525,12,8,14,1,10,154,206
Sven Andrighetto,MTL,R,2017-02-07,false,COL,2,6,4,4,0,1,0,0,0,0,26,15624,377,23,11,16,1,6,0,0
Andy Andreoff,LAK,L,2017-02-09,false,FLA,0,2,-2,30,0,0,0,0,0,0,20,15605,352,45,6,13,7,4,35,24
Josh Anderson,CBJ,R,2016-12-03,false,ARI,7,3,9,23,0,0,0,0,1,0,43,16639,425,40,15,8,10,4,6,14
Karl Alzner,WSH,D,2016-12-03,false,TBL,2,2,7,10,0,0,0,0,0,0,27,27594,591,25,35,9,14,6,0,0
Sebastian Aho,CAR,R,2016-12-01,false,BOS,3,8,-4,2,0,3,0,0,0,0,55,20966,468,9,2,20,12,8,1,1
Noel Acciari,BOS,C,2017-03-25,false,NYI,0,3,3,4,0,0,0,0,0,0,19,13235,320,53,3,6,4,8,11,16
Justin Abdelkader,DET,L,2017-01-10,false,CHI,4,4,-5,15,2,0,0,1,0,0,38,22220,477,56,8,13,6,8,0,4
Kyle Rau,FLA,C,2016-12-23,false,DET,2,1,-2,4,0,0,0,0,0,0,21,13577,315,23,2,5,2,6,2,1
Tyler Pitlick,EDM,R,2016-12-01,false,WPG,6,1,-1,4,0,0,0,0,1,0,41,13794,338,54,8,5,5,3,4,3
Johan Larsson,BUF,C,2016-12-01,false,NYR,4,4,-4,14,1,0,0,0,2,0,32,24377,513,23,18,15,10,10,173,175
Erik Gudbranson,VAN,D,2016-11-29,false,MIN,0,3,-12,7,0,0,0,0,0,0,33,27852,584,51,28,13,17,3,0,0
Ryan Garbutt,ANA,C,2016-11-29,false,MTL,2,1,-3,14,0,0,0,1,1,0,25,12954,349,43,11,16,2,2,5,4
