James van Riemsdyk,TOR,L,2016-12-13,false,SJS,12,9,-4,12,2,3,0,0,1,0,83,26799,598,35,13,23,8,12,1,3
Trevor van Riemsdyk,CHI,D,2017-01-31,false,SJS,1,5,5,8,0,0,0,0,0,0,31,31323,683,12,45,14,20,12,0,0
Calvin de Haan,NYI,D,2016-12-13,false,WSH,1,6,10,26,0,0,0,0,0,0,42,30975,609,42,78,15,20,7,0,0
Jason Zucker,MIN,L,2016-12-13,false,FLA,6,11,17,10,0,0,0,0,0,0,44,22555,523,28,13,28,8,16,1,2
Mats Zuccarello,NYR,R,2016-12-08,false,WPG,7,11,0,8,2,2,0,0,0,0,64,31662,647,33,12,16,13,22,3,2
Mika Zibanejad,NYR,C,2017-02-07,false,ANA,7,13,3,8,0,5,0,0,0,0,63,28150,665,10,16,38,15,17,275,239
Henrik Zetterberg,DET,L,2016-12-09,false,CBJ,6,14,4,6,1,3,0,0,0,0,61,32673,659,16,12,15,11,16,226,207
Travis Zajac,NJD,C,2016-12-11,false,NYR,8,13,0,14,3,2,0,0,1,0,60,33866,722,35,10,9,8,12,305,280
Nikita Zaitsev,TOR,D,2016-12-13,false,SJS,0,10,-9,6,0,3,0,0,0,0,38,37036,819,62,41,27,21,14,0,0
Nikita Zadorov,COL,D,2016-12-16,false,FLA,0,5,-10,35,0,0,0,0,0,0,19,29007,676,69,36,17,10,7,0,0
Pavel Zacha,NJD,C,2016-12-22,false,PHI,2,5,-13,10,1,2,0,0,0,0,29,23295,493,26,15,11,7,5,84,112
Keith Yandle,FLA,D,2016-12-08,false,PIT,1,12,1,18,1,4,0,0,0,0,68,36701,686,10,30,31,23,8,0,0
Nail Yakupov,STL,R,2017-01-24,false,PIT,3,3,-6,10,0,0,0,0,0,0,22,17720,437,20,6,12,3,8,0,0
Miles Wood,NJD,L,2017-01-20,false,MTL,5,3,-5,24,0,0,0,0,0,0,43,20182,483,33,10,22,7,8,1,0
Luke Witkowski,TBL,D,2017-03-30,false,DET,0,3,-2,37,0,0,0,0,0,0,19,16399,392,61,14,7,7,3,0,0
Daniel Winnik,WSH,L,2017-01-05,false,CBJ,6,4,9,17,0,0,1,0,2,0,31,20049,463,13,15,12,14,10,4,5
Tommy Wingels,SJS,C,2016-12-18,false,CHI,4,1,-1,13,0,0,0,0,2,0,31,16136,429,50,15,6,8,0,52,67
Scott Wilson,PIT,L,2016-12-16,false,LAK,4,6,-1,2,0,0,0,0,1,0,53,19524,488,65,13,16,4,6,1,0
Colin Wilson,NSH,L,2016-12-15,false,MIN,5,10,2,8,2,0,0,0,0,0,47,24934,573,18,11,14,8,11,0,5
Tom Wilson,WSH,R,2016-12-13,false,NYI,2,0,4,25,0,0,0,0,0,0,32,21607,503,58,10,5,5,13,0,3
Justin Williams,WSH,R,2016-12-13,false,NYI,6,3,-5,16,2,1,0,0,0,0,59,26866,553,8,17,34,13,15,37,26
Patrick Wiercioch,COL,D,2016-12-18,false,WPG,2,6,-4,17,0,0,0,0,0,0,32,29868,690,29,31,10,8,3,0,0
Chris Wideman,OTT,D,2016-12-20,false,CHI,1,7,2,12,0,1,0,0,1,0,38,22141,576,26,18,14,15,4,0,0
Dennis Wideman,CGY,D,2016-12-20,false,SJS,2,7,-1,18,2,2,0,0,0,0,53,35524,778,30,30,15,25,9,0,0
Ryan White,ARI,C,2016-12-15,false,TOR,1,3,-7,60,0,0,0,0,1,0,21,17460,416,86,14,9,2,3,33,45
Blake Wheeler,WPG,R,2016-12-04,false,CHI,8,13,4,18,1,5,1,1,0,0,79,34525,726,45,19,26,20,15,34,39
Zach Werenski,CBJ,D,2016-12-16,false,CGY,6,14,7,6,3,7,0,0,1,1,76,36490,771,21,34,30,15,9,0,0
Alexander Wennberg,CBJ,C,2016-12-16,false,CGY,6,19,8,9,1,12,0,0,2,0,32,30312,665,27,23,9,13,12,198,242
Dale Weise,PHI,R,2016-12-14,false,COL,2,2,0,10,1,0,0,0,1,0,36,20656,477,47,6,16,7,8,0,0
Yannick Weber,NSH,D,2016-12-15,false,MIN,0,3,6,19,0,0,0,0,0,0,28,19230,466,32,22,16,11,1,0,0
Shea Weber,MTL,D,2016-12-10,false,COL,8,10,18,14,7,3,0,1,3,0,73,43398,806,61,60,35,35,4,0,0
Austin Watson,NSH,L,2016-12-20,false,NJD,1,5,7,21,0,0,0,1,0,0,31,19423,470,50,14,13,0,7,0,3
Joel Ward,SJS,R,2016-12-10,false,CAR,2,7,1,8,0,0,1,0,1,0,42,27394,642,27,23,19,20,13,69,78
Chris Wagner,ANA,C,2017-03-07,false,NSH,3,1,-2,6,0,0,0,0,0,0,30,16019,398,67,15,13,9,3,36,60
Radim Vrbata,ARI,R,2016-12-12,false,PIT,8,10,-8,6,2,2,0,0,0,0,86,28620,615,22,7,31,10,16,10,11
Jakub Voracek,PHI,R,2016-12-06,false,FLA,9,15,-6,32,1,8,0,0,2,2,100,33037,697,9,8,36,15,11,0,5
Marc-Edouard Vlasic,SJS,D,2016-12-10,false,CAR,3,4,5,26,1,2,0,0,2,1,52,35383,712,8,48,25,25,6,0,0
Jimmy Vesey,NYR,L,2016-12-09,false,CHI,9,7,2,4,3,2,0,0,3,0,44,24599,541,22,11,15,11,16,1,4
Kris Versteeg,CGY,R,2017-01-04,false,COL,7,11,2,8,3,4,0,0,1,0,43,23141,500,2,11,14,15,14,9,7
Antoine Vermette,ANA,C,2016-12-09,false,SJS,5,5,-1,18,1,1,0,0,0,0,45,27044,703,26,18,19,11,7,301,157
Frank Vatrano,BOS,C,2017-02-26,false,DAL,10,6,-2,6,4,1,0,0,1,0,80,23720,549,36,8,35,4,6,2,5
Sami Vatanen,ANA,D,2016-12-09,false,SJS,1,10,7,8,1,6,0,0,0,0,38,36681,735,34,55,9,14,9,0,0
Thomas Vanek,DET,L,2017-01-05,false,LAK,9,14,2,14,3,3,0,0,1,0,70,25199,553,17,1,12,11,12,5,9
Chris VandeVelde,PHI,C,2016-12-06,false,FLA,5,4,-5,6,0,0,0,0,0,0,26,18727,475,38,20,9,6,5,16,12
Scottie Upshall,STL,R,2016-12-15,false,NJD,3,3,-5,15,0,0,0,0,0,0,27,17206,483,27,4,11,5,6,1,3
Fedor Tyutin,COL,D,2016-12-27,false,CGY,1,7,-11,10,0,0,0,0,0,0,22,31749,739,55,39,4,6,5,0,0
Kyle Turris,OTT,C,2016-12-10,false,LAK,11,8,0,8,1,3,0,0,3,2,55,32425,700,7,22,21,22,7,218,223
Nikita Tryamkin,VAN,D,2016-12-31,false,EDM,1,3,2,25,0,0,0,0,0,0,27,27517,627,73,32,20,15,3,0,0
Jacob Trouba,WPG,D,2017-01-09,false,CGY,2,11,4,22,0,0,0,1,0,0,61,39917,787,40,58,30,30,15,0,0
Vincent Trocheck,FLA,C,2016-12-08,false,PIT,6,8,-11,10,0,3,0,0,1,1,71,35438,685,72,17,34,29,25,293,287
Jordin Tootoo,CHI,R,2016-12-23,false,COL,0,0,-1,16,0,0,0,0,0,0,27,11300,290,23,5,11,6,5,1,0
Tyler Toffoli,LAK,C,2016-12-13,false,BUF,5,11,11,8,2,1,0,1,0,0,82,30035,658,34,2,35,16,9,1,2
Jonathan Toews,CHI,C,2016-12-27,false,WPG,5,10,1,17,2,3,0,0,2,0,75,34869,725,18,10,18,17,12,373,251
Matthew Tkachuk,CGY,L,2016-12-14,false,TBL,6,9,4,53,1,2,0,0,1,0,48,24125,537,28,7,24,9,13,4,5
Chris Tierney,SJS,C,2016-12-10,false,CAR,2,6,-2,0,0,0,1,1,1,0,28,22639,570,15,18,10,21,12,134,141
Shawn Thornton,FLA,L,2017-02-11,false,NSH,1,1,-5,30,0,0,0,0,0,0,18,12024,309,28,3,11,6,1,5,7
Joe Thornton,SJS,C,2016-12-10,false,CAR,2,16,2,8,0,7,0,0,0,0,27,31612,671,23,10,11,31,22,166,122
Chris Thorburn,WPG,R,2016-12-15,false,FLA,3,0,-5,58,0,0,1,0,0,0,19,13472,378,45,18,2,3,2,9,12
Nate Thompson,ANA,C,2017-04-02,false,CGY,0,0,2,14,0,0,0,0,0,0,18,17242,448,62,9,5,5,6,117,110
Shea Theodore,ANA,D,2017-02-09,false,BUF,1,7,-12,26,1,1,0,1,0,0,47,28600,599,11,21,23,23,4,0,0
Teuvo Teravainen,CAR,L,2016-12-10,false,SJS,7,6,-3,6,2,4,0,0,1,0,49,27077,588,9,5,20,19,10,51,70
Matt Tennyson,CAR,D,2017-01-17,false,CBJ,0,4,1,0,0,0,0,0,0,0,25,23861,540,32,29,10,9,8,0,0
John Tavares,NYI,C,2016-12-13,false,WSH,9,13,2,22,3,3,0,0,0,0,83,33837,665,10,6,29,22,22,296,277
Tomas Tatar,DET,L,2016-12-09,false,CBJ,4,7,-9,12,0,1,0,0,0,0,62,29311,641,29,11,27,9,11,3,3
Vladimir Tarasenko,STL,R,2016-12-09,false,NJD,13,18,1,4,3,9,0,0,3,2,103,31064,735,7,11,37,11,20,0,1
Christopher Tanev,VAN,D,2017-02-04,false,MIN,0,5,5,6,0,0,0,0,0,0,20,33746,764,7,52,12,16,7,0,0
Brandon Tanev,WPG,L,2016-12-04,false,CHI,2,1,-4,24,0,0,0,0,1,0,39,20268,546,69,23,14,7,14,0,0
Brandon Sutter,VAN,C,2016-12-10,false,FLA,6,8,-15,0,2,2,0,0,1,1,67,33270,736,20,15,28,10,10,253,224
Ryan Suter,MIN,D,2016-12-13,false,FLA,4,13,17,14,1,5,1,0,0,0,57,45547,814,28,33,20,12,19,0,0
Andrej Sustr,TBL,D,2016-12-08,false,VAN,0,4,-9,21,0,0,0,0,0,0,44,30226,658,20,37,9,14,12,0,0
P.K. Subban,NSH,D,2016-12-13,false,STL,7,10,-10,25,3,4,0,0,2,0,77,42087,778,26,41,20,33,15,0,0
Mark Stuart,WPG,D,2017-02-28,false,MIN,1,0,5,19,0,0,0,0,0,0,14,19459,471,40,54,3,14,3,0,0
Ryan Strome,NYI,C,2016-12-18,false,OTT,4,4,-6,14,1,1,0,0,0,0,47,23717,508,21,7,13,16,10,81,104
Mark Streit,PHI,D,2016-12-06,false,FLA,4,9,-7,14,1,4,0,0,1,0,52,33460,750,14,30,15,14,4,0,0
Anton Stralman,TBL,D,2016-12-29,false,TOR,1,10,2,2,0,5,0,0,0,0,42,38426,750,37,24,24,7,8,0,0
Michael Stone,ARI,D,2017-01-07,false,NYI,0,6,-8,6,0,3,0,0,0,0,32,33782,735,62,64,27,11,0,1,0
Mark Stone,OTT,R,2016-12-11,false,ANA,9,11,-1,8,4,4,0,0,2,0,46,30737,632,21,23,14,20,34,5,5
Chris Stewart,MIN,R,2016-12-13,false,FLA,4,3,-1,38,0,1,0,0,0,0,19,17225,421,33,7,5,6,7,1,3
Derek Stepan,NYR,C,2016-12-08,false,WPG,5,14,5,10,0,6,1,0,1,0,58,30057,682,5,23,12,21,18,230,268
Lee Stempniak,CAR,R,2016-12-10,false,SJS,5,8,3,18,2,2,0,0,0,0,43,26861,596,41,7,19,18,16,1,2
Alexander Steen,STL,L,2016-12-20,false,DAL,3,14,-11,31,0,7,0,0,0,0,42,32852,781,9,26,19,8,16,31,58
Troy Stecher,VAN,D,2016-12-30,false,ANA,1,9,-5,15,0,4,0,0,0,0,73,35287,695,18,27,29,10,10,0,0
Paul Stastny,STL,C,2016-12-09,false,NJD,7,8,1,22,2,4,0,0,2,0,44,34214,786,22,17,16,4,14,323,262
Viktor Stalberg,CAR,L,2016-12-13,false,VAN,7,2,-4,23,0,0,1,0,2,0,44,20952,536,52,8,13,13,17,0,2
Matt Stajan,CGY,C,2016-12-04,false,ANA,3,7,5,10,0,0,0,1,1,0,25,22876,538,23,21,17,5,9,148,124
Drew Stafford,WPG,R,2017-01-09,false,CGY,3,5,1,10,1,1,0,0,1,0,45,22817,526,27,1,9,15,5,2,7
Eric Staal,MIN,C,2016-12-13,false,FLA,7,13,11,10,1,3,0,1,3,0,81,32408,702,18,11,23,10,23,243,234
Jordan Staal,CAR,C,2016-12-30,false,CHI,7,7,-1,11,2,0,1,0,1,0,60,30846,724,58,10,23,16,22,277,184
Marc Staal,NYR,D,2016-12-08,false,WPG,3,3,8,10,0,0,0,1,0,0,30,32966,747,28,42,13,19,10,0,0
Jared Spurgeon,MIN,D,2016-12-22,false,MTL,2,10,20,12,0,1,0,1,0,0,53,39583,773,16,55,14,7,9,0,0
Ryan Spooner,BOS,C,2016-12-10,false,TOR,3,6,-3,8,2,1,0,0,0,0,54,24359,520,12,6,14,13,12,8,13
Jason Spezza,DAL,C,2016-12-23,false,LAK,6,12,-16,19,1,8,0,0,2,0,64,27647,655,7,10,37,17,13,159,135
Nikita Soshnikov,TOR,R,2017-01-03,false,WSH,1,3,1,6,0,1,0,0,0,0,37,17836,462,54,16,17,9,4,2,11
Carl Soderberg,COL,C,2016-12-14,false,PHI,4,5,-2,14,1,0,0,0,0,0,53,26960,624,13,19,11,7,13,166,148
Devante Smith-Pelly,NJD,R,2016-12-17,false,OTT,2,4,-7,4,0,2,0,0,0,0,47,22642,506,47,9,18,8,9,11,12
Craig Smith,NSH,R,2016-12-15,false,MIN,6,5,0,20,2,1,0,0,0,0,53,24201,560,35,6,38,14,11,33,37
Brendan Smith,DET,D,2017-02-11,false,CBJ,2,3,-3,32,1,2,0,0,1,0,36,30497,685,37,32,13,22,4,0,0
Ben Smith,TOR,R,2016-12-17,false,PIT,2,1,-2,4,0,0,0,0,0,0,25,19618,504,21,28,9,5,9,169,149
Reilly Smith,FLA,R,2016-12-08,false,PIT,4,6,-5,6,2,0,0,0,1,0,54,32752,672,26,7,25,8,25,1,1
Zack Smith,OTT,C,2016-12-10,false,LAK,4,4,-1,31,0,0,1,0,0,0,55,27357,617,51,17,18,23,12,118,114
Anton Slepyshev,EDM,L,2017-02-11,false,CHI,3,4,4,2,0,0,0,0,0,0,42,18616,432,43,7,9,11,9,1,2
Jaccob Slavin,CAR,D,2016-12-10,false,SJS,1,9,2,2,0,3,0,1,0,0,40,39022,756,11,56,13,16,20,0,0
Brady Skjei,NYR,D,2016-12-08,false,WPG,0,13,0,8,0,3,0,0,0,0,31,28045,625,43,23,15,23,4,0,1
Jeff Skinner,CAR,L,2016-12-13,false,VAN,11,14,-6,16,4,7,0,0,0,0,106,30901,636,13,9,38,21,31,5,11
Jack Skille,VAN,R,2016-12-23,false,CGY,3,2,-2,4,0,0,0,0,0,0,33,14596,363,41,8,9,4,8,0,0
Colton Sissons,NSH,C,2017-01-05,false,TBL,5,1,1,2,0,0,1,0,0,0,14,17372,450,56,12,6,6,7,86,86
Wayne Simmonds,PHI,R,2016-12-06,false,FLA,15,11,-5,25,8,5,1,0,1,0,71,32281,734,57,22,39,14,11,6,4
Jakob Silfverberg,ANA,R,2016-12-09,false,SJS,8,11,9,4,1,1,1,0,2,0,79,30874,725,15,14,22,18,14,1,3
Nick Shore,LAK,C,2016-12-15,false,DET,1,4,-2,12,0,0,0,0,0,0,26,20002,479,21,12,12,9,4,120,146
Devin Shore,DAL,C,2016-12-08,false,NSH,2,8,-5,4,0,3,0,0,0,0,29,21881,537,16,23,12,5,12,107,123
Conor Sheary,PIT,L,2016-12-23,false,NJD,8,11,9,12,1,1,0,0,2,0,66,25203,574,10,11,16,11,11,0,0
Riley Sheahan,DET,C,2016-12-09,false,CBJ,0,5,-11,12,0,1,0,0,0,0,43,23135,552,26,16,16,9,9,72,60
Logan Shaw,ANA,C,2017-01-19,false,COL,1,1,-3,6,0,0,0,0,0,0,36,14985,413,28,11,11,2,6,34,72
Andrew Shaw,MTL,C,2016-12-10,false,COL,6,9,12,58,1,2,0,0,0,0,54,25231,557,70,13,16,10,12,108,89
Kevin Shattenkirk,STL,D,2016-12-09,false,NJD,6,13,-1,23,5,7,0,0,0,0,54,34007,750,29,24,21,15,10,0,0
Patrick Sharp,DAL,L,2017-02-07,false,TOR,6,6,-9,23,0,0,1,0,0,0,81,27275,629,19,10,28,12,6,19,20
Michael Sgarbossa,FLA,C,2017-02-15,false,SJS,2,6,-2,4,1,1,0,0,0,0,31,19856,490,29,15,7,9,3,120,146
Damon Severson,NJD,D,2016-12-11,false,NYR,3,12,-12,25,0,6,0,0,1,0,45,35362,748,31,23,14,27,10,0,0
Devin Setoguchi,LAK,R,2016-12-23,false,DAL,4,5,-2,6,0,1,0,0,0,0,39,22101,516,39,4,18,15,9,2,2
Andrej Sekera,EDM,D,2016-12-06,false,BUF,3,8,8,8,0,3,0,0,0,0,29,35073,730,18,44,24,19,18,0,0
Dennis Seidenberg,NYI,D,2016-12-29,false,MIN,4,9,14,18,0,0,0,0,0,0,31,32401,622,43,60,6,17,2,0,0
Tyler Seguin,DAL,C,2016-12-08,false,NSH,10,19,-9,10,7,6,0,0,1,0,93,31869,707,27,7,43,12,11,171,157
Lukas Sedlak,CBJ,C,2016-12-20,false,LAK,2,5,5,6,0,0,0,0,0,0,22,15835,388,29,11,17,6,8,79,84
Daniel Sedin,VAN,L,2016-12-10,false,FLA,9,10,-5,8,4,3,0,0,1,0,78,31811,669,8,8,25,12,9,2,2
Henrik Sedin,VAN,C,2016-12-10,false,FLA,7,11,-7,6,1,6,0,0,1,1,32,32996,666,6,3,10,20,5,201,203
Brent Seabrook,CHI,D,2016-12-06,false,ARI,2,14,7,6,2,4,0,0,0,0,45,37719,790,44,40,19,33,8,0,0
Jaden Schwartz,STL,L,2016-12-17,false,CHI,11,8,0,6,3,1,0,0,3,1,71,32446,756,29,19,28,7,20,32,40
Justin Schultz,PIT,D,2016-12-10,false,TBL,3,10,14,6,0,2,0,0,0,0,52,28487,656,21,25,16,13,6,0,0
Nick Schultz,PHI,D,2017-04-09,false,CAR,0,4,1,10,0,0,0,0,0,0,25,25627,636,45,61,16,13,2,0,0
Jordan Schroeder,MIN,C,2017-02-28,false,WPG,4,7,7,0,0,0,0,0,0,0,29,16673,370,21,11,9,4,8,6,10
Nate Schmidt,WSH,D,2016-12-27,false,NYI,0,6,3,10,0,0,0,0,0,0,30,25460,545,28,14,19,27,20,0,0
Nick Schmaltz,CHI,C,2017-01-17,false,COL,2,4,-3,2,0,1,0,0,0,0,20,19489,443,12,10,4,6,15,49,103
David Schlemko,SJS,D,2016-12-18,false,CHI,1,7,4,8,1,2,0,0,0,0,55,28829,637,18,39,19,19,17,0,0
Luke Schenn,ARI,D,2016-12-19,false,CGY,0,2,-1,20,0,0,0,0,0,0,32,27417,630,93,44,15,11,6,0,0
Brayden Schenn,PHI,C,2016-12-11,false,DET,8,12,-6,22,6,7,0,0,3,1,65,29791,643,68,15,26,14,4,70,73
Mark Scheifele,WPG,C,2016-12-10,false,CGY,14,14,3,24,3,2,0,0,1,1,70,34326,677,28,14,17,13,22,229,287
Tim Schaller,BOS,C,2016-12-14,false,PIT,4,6,-5,17,0,0,0,0,1,0,45,21834,507,32,15,24,13,9,21,17
Colton Sceviour,FLA,C,2016-12-08,false,PIT,5,5,-6,12,1,2,2,0,1,0,53,24831,529,37,24,23,10,13,22,18
Marco Scandella,MIN,D,2017-01-08,false,ANA,2,2,-3,12,0,0,0,0,0,0,39,28720,640,21,37,11,14,9,0,0
Luca Sbisa,VAN,D,2016-12-10,false,FLA,0,7,3,15,0,0,0,0,0,0,24,29355,642,51,49,9,21,6,0,0
David Savard,CBJ,D,2016-12-16,false,CGY,1,8,17,18,0,0,0,0,0,0,45,35638,776,47,48,30,14,8,0,0
Steven Santini,NJD,D,2017-03-05,false,CBJ,2,5,-1,8,0,0,0,0,0,0,30,26949,628,59,30,12,8,1,0,0
Zach Sanford,STL,L,2017-03-16,false,SJS,3,1,0,8,0,0,0,0,2,0,25,17209,409,18,16,8,11,13,10,8
Brandon Saad,CBJ,L,2016-12-16,false,CGY,9,14,13,6,0,0,0,0,2,0,73,29069,677,8,7,31,7,18,1,2
Bobby Ryan,OTT,R,2016-12-20,false,CHI,7,7,1,6,1,2,0,0,0,0,45,25567,546,37,14,18,13,7,1,2
Derek Ryan,CAR,C,2017-01-10,false,CBJ,8,9,-3,10,2,4,1,0,2,0,37,24089,550,15,13,14,17,8,143,113
Bryan Rust,PIT,R,2016-12-16,false,LAK,8,5,0,4,0,0,0,1,1,1,53,21331,537,53,16,19,9,7,1,2
Kris Russell,EDM,D,2016-12-21,false,ARI,0,5,2,8,0,0,0,0,0,0,33,36304,770,33,85,14,23,14,0,0
Chad Ruhwedel,PIT,D,2017-03-23,false,OTT,2,5,6,8,0,1,0,0,0,0,40,28948,657,28,25,16,8,8,0,0
Antoine Roussel,DAL,L,2016-12-08,false,NSH,5,10,5,70,0,3,0,0,2,0,36,25813,676,39,18,20,18,7,2,3
Evan Rodrigues,BUF,L,2017-04-05,false,MTL,4,2,-6,2,1,0,0,0,0,0,50,21736,473,10,12,21,9,12,94,133
Brett Ritchie,DAL,R,2016-12-08,false,NSH,7,2,1,17,1,0,0,0,0,0,63,20921,516,50,8,20,6,3,1,0
Nick Ritchie,ANA,L,2016-12-13,false,DAL,7,4,2,14,1,0,0,0,1,0,56,23195,572,84,9,22,5,4,2,2
Rasmus Ristolainen,BUF,D,2016-12-13,false,LAK,1,18,-4,12,1,11,0,0,1,1,67,44783,861,78,53,31,20,10,0,0
Morgan Rielly,TOR,D,2016-12-13,false,SJS,1,14,-6,9,1,2,0,0,0,0,61,38325,888,12,50,33,37,13,0,0
Tobias Rieder,ARI,R,2016-12-15,false,TOR,7,6,-1,2,1,2,0,1,0,0,61,28680,646,9,13,24,7,15,1,3
Mike Ribeiro,NSH,C,2016-12-13,false,STL,4,15,2,12,2,3,0,0,0,0,24,26957,570,21,4,8,16,7,127,151
Sam Reinhart,BUF,C,2016-12-13,false,LAK,6,9,-1,4,2,4,0,0,1,0,65,29091,587,7,11,15,13,8,46,71
Ryan Reaves,STL,R,2016-12-13,false,NSH,2,2,1,16,0,0,0,0,1,0,19,12810,335,64,6,9,2,5,0,0
Matt Read,PHI,R,2017-01-01,false,ANA,6,4,-2,2,2,0,0,0,0,0,42,24660,580,45,15,11,6,10,3,8
Dennis Rasmussen,CHI,C,2016-12-13,false,NYR,2,2,2,4,0,0,0,0,0,0,31,20674,534,29,26,8,9,12,74,87
Victor Rask,CAR,C,2016-12-10,false,SJS,9,12,1,6,3,2,0,1,2,0,65,31797,685,8,10,14,17,17,166,186
Mikko Rantanen,COL,R,2016-12-23,false,CHI,5,10,-11,8,2,4,0,0,0,0,44,30606,634,5,15,17,11,19,18,8
Rickard Rakell,ANA,C,2017-01-01,false,PHI,16,7,-2,6,4,3,0,0,3,0,76,29106,638,35,12,26,9,7,13,12
Michael Raffl,PHI,L,2016-12-30,false,SJS,7,2,2,13,0,0,0,0,2,0,36,23208,559,50,10,18,8,11,2,2
Alexander Radulov,MTL,R,2016-12-16,false,SJS,6,17,7,22,2,5,0,0,0,0,58,28587,628,26,12,27,21,19,2,2
Alan Quine,NYI,C,2017-01-07,false,ARI,3,6,0,2,1,0,0,0,1,0,38,20366,477,44,14,8,6,10,112,109
Kyle Quincey,NJD,D,2016-12-11,false,NYR,2,7,5,14,0,0,0,0,0,0,35,29450,690,45,44,4,16,8,0,0
Mark Pysyk,FLA,D,2016-12-08,false,PIT,1,4,2,6,0,0,0,0,0,0,30,30167,587,21,33,14,7,12,0,1
Tom Pyatt,OTT,L,2016-12-10,false,LAK,2,5,1,6,0,0,0,1,0,0,33,26891,638,15,36,11,6,13,8,13
Jesse Puljujarvi,EDM,R,2017-01-05,false,BOS,1,7,5,10,1,0,0,0,0,0,41,18907,439,11,10,15,10,12,0,1
Matt Puempel,NYR,L,2017-01-25,false,PHI,6,1,-8,11,3,0,0,0,1,0,33,16119,404,21,6,17,2,6,0,1
Ivan Provorov,PHI,D,2016-12-06,false,FLA,3,9,-5,8,0,2,0,0,1,0,50,34444,771,40,51,24,28,7,0,0
Dalton Prout,NJD,D,2017-04-08,false,NYI,0,6,0,44,0,0,0,0,0,0,13,23387,550,41,22,8,11,3,0,0
Nate Prosser,MIN,D,2017-02-27,false,LAK,0,4,-3,4,0,1,0,0,0,0,13,22293,507,23,54,12,9,3,0,0
Shane Prince,NYI,L,2016-12-29,false,MIN,4,8,-8,6,1,1,0,0,1,0,45,21466,481,26,8,8,11,12,3,2
Benoit Pouliot,EDM,L,2016-12-13,false,CBJ,5,2,0,22,0,0,0,0,1,0,39,25422,611,16,16,18,12,7,4,9
Paul Postma,WPG,D,2016-12-18,false,COL,0,7,2,4,0,0,0,0,0,0,21,20112,455,14,20,7,11,2,0,0
Jason Pominville,MIN,R,2016-12-13,false,FLA,5,8,2,2,0,2,0,0,0,0,56,24429,587,19,19,23,3,9,16,15
Roman Polak,TOR,D,2016-12-23,false,ARI,2,2,0,28,0,0,0,0,0,0,23,29055,669,98,43,14,11,7,0,1
Brayden Point,TBL,C,2016-12-08,false,VAN,2,9,-1,8,2,2,0,0,0,0,55,25123,501,11,8,15,10,12,10,11
Tomas Plekanec,MTL,C,2016-12-10,false,COL,2,11,5,8,0,3,1,0,1,0,53,28865,715,29,22,13,8,11,265,267
Brandon Pirri,NYR,R,2016-12-08,false,WPG,5,5,0,15,3,1,0,0,3,0,43,21549,480,18,11,23,9,12,82,55
Alex Pietrangelo,STL,D,2016-12-09,false,NJD,5,10,-8,12,3,3,0,0,1,0,68,42366,873,16,58,23,8,20,0,0
Dion Phaneuf,OTT,D,2016-12-10,false,LAK,3,7,-5,37,1,3,0,0,0,0,67,38489,890,49,61,21,17,4,0,0
Jeff Petry,MTL,D,2016-12-12,false,BOS,4,7,7,10,2,2,0,0,0,0,52,36424,774,56,52,27,27,6,0,0
Alex Petrovic,FLA,D,2017-02-26,false,OTT,1,9,8,31,0,0,0,0,0,0,28,29842,580,62,32,17,15,12,0,0
Nic Petan,WPG,L,2017-01-21,false,STL,1,11,-1,8,0,7,0,0,0,0,31,21000,478,7,7,17,5,9,91,100
Brett Pesce,CAR,D,2016-12-10,false,SJS,1,5,5,4,0,1,0,0,0,0,34,34701,716,21,57,17,15,17,0,0
Corey Perry,ANA,R,2016-12-09,false,SJS,5,18,-3,23,0,9,0,0,0,0,85,32075,679,28,11,33,5,8,0,4
David Perron,STL,L,2016-12-09,false,NJD,7,9,-6,16,2,3,0,0,2,0,54,30503,725,24,8,27,7,18,20,22
Mathieu Perreault,WPG,C,2017-01-07,false,BUF,3,7,-13,18,1,2,0,0,0,0,58,26925,582,43,9,12,7,19,96,90
Brendan Perlini,ARI,L,2017-02-11,false,PIT,8,3,-6,8,1,1,0,0,1,0,48,25138,511,23,10,20,5,2,1,0
Adam Pelech,NYI,D,2017-03-07,false,EDM,1,5,-3,2,0,0,0,0,0,0,23,27093,540,37,41,11,24,10,0,0
Tanner Pearson,LAK,L,2016-12-16,false,PIT,7,6,7,5,1,2,0,0,0,0,48,26372,605,51,5,34,6,10,0,6
Joe Pavelski,SJS,C,2016-12-10,false,CAR,8,17,5,12,2,8,0,0,3,0,93,32680,696,63,31,43,32,14,159,149
Greg Pateryn,DAL,D,2017-03-20,false,SJS,1,6,-3,4,0,0,0,0,0,0,30,24258,528,50,47,16,17,4,0,0
David Pastrnak,BOS,R,2016-12-22,false,FLA,19,7,14,12,4,1,0,0,3,1,96,29152,601,23,16,30,19,15,0,1
Zach Parise,MIN,L,2017-01-05,false,SJS,7,11,-1,16,2,3,0,0,0,0,87,30706,667,23,37,24,5,21,3,1
PA Parenteau,NJD,R,2016-12-11,false,NYR,6,5,-10,16,1,0,0,0,0,0,52,26155,567,27,1,10,16,8,1,8
Colton Parayko,STL,D,2016-12-09,false,NJD,0,14,5,10,0,4,0,0,0,0,73,35505,835,22,48,28,13,13,0,0
Cedric Paquette,TBL,C,2016-12-10,false,PIT,3,4,-2,35,0,0,0,0,0,0,31,18093,422,67,18,14,3,13,87,103
Richard Panik,CHI,R,2016-12-06,false,ARI,7,5,4,10,2,1,0,0,1,0,47,23634,530,63,17,13,11,15,0,5
Artemi Panarin,CHI,L,2016-12-06,false,ARI,10,13,11,15,2,3,0,0,1,1,76,33098,636,10,3,29,18,17,1,0
Kyle Palmieri,NJD,R,2016-12-17,false,OTT,4,10,2,12,2,4,0,0,1,0,55,27586,606,57,13,28,14,9,4,8
Ondrej Palat,TBL,L,2016-12-08,false,VAN,4,9,-3,17,0,4,0,0,0,0,43,30117,616,56,15,19,14,30,2,6
Jean-Gabriel Pageau,OTT,C,2016-12-10,false,LAK,4,5,3,4,0,0,0,0,1,0,52,27080,628,65,27,13,11,5,142,116
Max Pacioretty,MTL,L,2016-12-10,false,COL,12,12,10,20,2,2,0,1,4,0,86,30484,690,27,11,47,19,21,0,3
Magnus Paajarvi,STL,L,2017-04-02,false,NSH,8,4,8,6,1,0,0,0,3,0,44,20582,511,26,15,11,0,10,1,2
Alex Ovechkin,WSH,L,2016-12-13,false,NYI,13,8,-1,22,5,2,0,0,5,1,111,31330,595,70,10,52,14,13,0,1
Xavier Ouellet,DET,D,2017-01-14,false,PIT,1,5,4,36,0,0,0,0,0,0,39,30834,671,26,41,20,8,6,0,1
Steve Ott,DET,C,2016-12-17,false,ANA,2,1,-4,47,0,0,0,0,0,0,23,16874,421,56,10,6,1,6,64,49
T.J. Oshie,WSH,R,2016-12-31,false,NJD,11,6,12,10,2,2,1,1,2,0,61,29617,602,36,20,27,13,19,32,36
Brooks Orpik,WSH,D,2016-12-13,false,NYI,0,6,9,8,0,0,0,0,0,0,31,28995,600,60,44,9,16,5,0,0
Dmitry Orlov,WSH,D,2016-12-13,false,NYI,1,10,8,16,0,2,0,0,0,0,44,31920,649,42,31,20,23,11,0,0
Jamie Oleksiak,DAL,D,2017-03-02,false,NYI,5,2,-1,31,0,0,0,1,1,0,24,26443,609,40,32,8,17,6,0,0
Kyle Okposo,BUF,R,2016-12-16,false,NYI,9,13,3,8,4,8,0,0,0,0,76,32664,632,23,8,22,17,10,40,35
Johnny Oduya,DAL,D,2016-12-31,false,FLA,1,5,2,8,0,0,0,0,0,0,20,31265,715,15,59,20,15,7,0,0
Ryan O'Reilly,BUF,C,2017-01-05,false,CHI,7,13,-1,6,3,9,0,0,2,0,86,36066,722,4,15,27,11,22,373,280
Gustav Nyquist,DET,R,2016-12-09,false,CBJ,4,11,-1,4,0,2,0,0,2,0,51,28097,605,19,10,16,8,15,3,0
William Nylander,TOR,C,2016-12-15,false,ARI,6,14,-2,6,4,7,0,0,0,0,72,27529,610,6,10,32,9,22,38,48
Markus Nutivaara,CBJ,D,2016-12-16,false,CGY,1,4,5,2,0,0,0,0,0,0,27,21680,496,17,17,9,6,3,0,0
Darnell Nurse,EDM,D,2017-03-04,false,DET,3,2,-4,17,0,0,0,0,0,0,51,29612,631,67,29,16,19,9,0,0
Ryan Nugent-Hopkins,EDM,C,2016-12-06,false,BUF,4,9,-4,10,2,1,0,0,1,0,77,29859,671,16,7,21,2,16,181,233
Joakim Nordstrom,CAR,L,2016-12-10,false,SJS,2,3,-6,8,0,0,1,0,1,0,40,22777,577,36,21,13,9,9,3,7
Jordan Nolan,LAK,C,2017-01-03,false,SJS,2,3,-2,40,0,0,0,0,0,0,22,17803,407,37,2,15,4,3,2,2
Stefan Noesen,NJD,R,2017-03-05,false,CBJ,4,2,2,4,0,0,0,0,0,0,37,16670,408,34,7,10,10,8,22,37
Matt Niskanen,WSH,D,2016-12-16,false,CAR,2,12,6,12,1,1,0,1,1,0,56,37067,732,42,36,27,29,13,0,0
Matt Nieto,COL,L,2017-02-07,false,MTL,4,3,-4,6,0,0,0,0,1,0,48,23853,581,29,21,12,11,14,0,3
Frans Nielsen,DET,C,2016-12-09,false,CBJ,6,10,-10,0,0,7,2,0,0,0,57,29115,709,24,21,13,8,9,204,191
Nino Niederreiter,MIN,R,2016-12-13,false,FLA,8,10,12,4,3,0,0,0,1,0,50,24543,562,49,5,16,7,10,0,1
Nikita Nesterov,TBL,D,2017-01-07,false,PHI,2,6,1,18,1,0,0,0,0,0,36,27241,548,45,15,10,11,5,0,0
Patrik Nemeth,DAL,D,2017-03-04,false,FLA,0,2,-6,10,0,0,0,0,0,0,30,25598,574,29,31,11,11,8,0,0
Brock Nelson,NYI,C,2016-12-13,false,WSH,7,11,1,14,1,3,0,1,0,0,63,27438,644,22,24,16,14,14,120,149
Chris Neil,OTT,R,2016-12-11,false,ANA,1,1,-6,38,0,0,0,0,0,0,26,13486,344,59,11,5,6,5,0,0
James Neal,NSH,L,2016-12-20,false,NJD,14,6,-3,17,2,3,0,0,2,0,90,32073,654,39,9,20,14,18,1,1
Rick Nash,NYR,R,2016-12-15,false,DAL,12,7,-3,12,4,2,1,0,2,0,80,26886,662,18,20,19,23,20,0,0
Riley Nash,BOS,C,2016-12-08,false,COL,1,3,-1,6,0,0,0,1,0,0,40,23880,552,16,11,17,5,16,132,121
Vladislav Namestnikov,TBL,C,2016-12-10,false,PIT,3,8,-6,10,2,3,0,0,0,0,38,23999,479,16,12,16,8,5,63,70
Jake Muzzin,LAK,D,2016-12-13,false,BUF,3,4,-8,16,1,0,0,0,0,0,62,37972,869,62,43,25,20,4,0,0
Ryan Murray,CBJ,D,2016-12-27,false,BOS,0,3,4,16,0,0,0,1,0,0,23,30727,697,7,42,10,5,4,0,0
Connor Murphy,ARI,D,2016-12-19,false,CGY,0,5,-12,21,0,0,0,0,0,0,27,35412,781,59,40,8,12,8,0,0
Matt Moulson,BUF,L,2016-12-13,false,LAK,7,5,0,2,6,3,0,0,1,0,54,22707,459,13,8,19,4,7,0,0
Tyler Motte,CHI,L,2016-12-20,false,OTT,4,3,4,14,0,0,0,0,0,0,39,20007,514,25,21,13,4,12,4,6
Josh Morrissey,WPG,D,2016-12-04,false,CHI,1,3,2,16,0,0,0,0,1,0,29,30914,659,45,46,10,10,3,0,0
Dominic Moore,BOS,C,2016-12-08,false,COL,7,3,3,14,0,0,2,0,1,0,32,21672,507,16,15,7,8,8,133,110
John Moore,NJD,D,2016-12-11,false,NYR,4,6,-2,27,0,1,0,0,0,0,37,32829,747,24,29,22,26,0,0,0
Sean Monahan,CGY,C,2016-12-04,false,ANA,7,6,-7,8,1,1,0,0,1,1,51,30093,658,15,8,21,15,18,260,240
Torrey Mitchell,MTL,C,2016-12-10,false,COL,7,3,9,14,0,0,0,0,1,0,24,22038,582,17,23,11,17,18,166,145
John Mitchell,COL,C,2016-12-23,false,CHI,1,0,-3,14,0,0,0,0,1,0,30,21978,500,35,22,10,4,14,145,115
Drew Miller,DET,L,2017-01-05,false,LAK,4,0,-8,14,0,0,0,0,1,0,21,17192,426,41,22,4,1,7,1,0
Kevan Miller,BOS,D,2017-01-26,false,PIT,1,4,-2,17,0,0,0,1,0,0,28,28866,624,59,38,6,9,4,0,0
J.T. Miller,NYR,L,2016-12-08,false,WPG,8,13,11,10,1,2,1,0,2,0,56,26621,621,46,25,18,17,20,44,64
Colin Miller,BOS,D,2016-12-27,false,CBJ,2,3,-4,12,1,0,0,0,0,0,47,27700,613,31,16,29,10,8,0,0
Marc Methot,OTT,D,2016-12-18,false,NYI,0,3,12,6,0,0,0,0,0,0,42,34272,813,57,34,3,19,4,0,0
Jon Merrill,NJD,D,2017-02-14,false,COL,1,3,-1,18,0,0,0,0,0,0,24,31287,698,24,41,13,12,7,0,0
Timo Meier,SJS,R,2017-03-21,false,MIN,3,2,-1,6,0,0,0,0,1,0,67,21525,521,59,5,28,24,21,1,4
Jayson Megna,VAN,C,2017-01-15,false,NJD,3,3,-1,4,0,1,0,0,0,0,33,19664,450,35,8,6,4,6,0,1
Adam McQuaid,BOS,D,2016-12-18,false,LAK,0,1,4,15,0,0,0,0,0,0,31,29727,696,66,47,12,13,5,0,0
Brayden McNabb,LAK,D,2017-02-18,false,FLA,2,2,7,27,0,0,0,0,0,0,28,26692,627,60,34,16,23,8,0,0
Cody McLeod,COL,L,2017-01-12,false,ANA,1,0,-2,52,0,0,0,0,0,0,12,9874,253,50,2,6,0,2,0,0
Curtis McKenzie,DAL,L,2017-01-04,false,MTL,3,5,3,42,0,0,0,0,1,0,43,18198,458,53,16,11,3,4,2,2
Greg McKegg,FLA,C,2017-01-26,false,TBL,3,2,-4,11,0,0,0,0,0,0,26,17185,417,30,12,5,5,5,34,32
Jamie McGinn,ARI,L,2016-12-21,false,EDM,6,3,-5,19,0,0,0,0,2,0,52,22203,518,56,10,9,9,1,0,1
Brock McGinn,CAR,L,2017-01-17,false,CBJ,5,7,1,2,0,0,0,1,1,0,38,20769,510,35,18,15,5,12,1,3
Ryan McDonagh,NYR,D,2016-12-08,false,WPG,1,14,10,11,1,4,0,0,0,0,47,40321,806,26,50,20,21,16,0,0
Connor McDavid,EDM,C,2016-12-06,false,BUF,11,25,8,12,0,10,0,0,3,0,81,35266,700,8,8,24,19,19,147,194
Jay McClement,CAR,C,2016-12-10,false,SJS,1,1,-7,8,0,0,0,0,0,0,20,20132,508,28,19,11,5,11,129,129
Michael McCarron,MTL,R,2017-03-25,false,OTT,1,4,-1,41,0,0,0,0,0,0,30,16201,406,69,10,12,6,6,67,92
Jared McCann,FLA,C,2017-01-26,false,TBL,1,6,1,4,0,1,0,0,0,0,42,19632,448,27,6,16,8,8,40,58
Jake McCabe,BUF,D,2016-12-13,false,LAK,0,5,-2,16,0,1,0,0,0,0,28,35878,768,34,37,20,12,7,0,0
Shawn Matthias,WPG,L,2017-01-31,false,STL,7,2,-1,6,0,0,1,0,1,0,40,22547,548,25,11,14,6,8,5,6
Auston Matthews,TOR,C,2016-12-13,false,SJS,13,9,-1,2,2,5,0,0,1,0,101,29300,620,6,23,45,14,27,140,166
Michael Matheson,FLA,D,2016-12-10,false,VAN,2,7,-1,8,0,1,0,0,0,0,60,33549,611,25,36,20,17,22,1,0
Andreas Martinsen,COL,L,2016-12-14,false,PHI,1,2,-5,20,0,0,0,1,0,0,31,17717,463,81,13,15,3,14,1,0
Jordan Martinook,ARI,L,2016-12-12,false,PIT,5,7,1,14,1,0,0,1,0,0,45,27314,661,27,26,23,8,14,162,218
Alec Martinez,LAK,D,2016-12-13,false,BUF,6,9,-6,10,1,3,0,0,3,2,60,38339,875,60,51,34,15,0,0,1
Paul Martin,SJS,D,2016-12-10,false,CAR,1,8,6,8,0,0,0,0,0,0,21,31760,678,17,48,5,21,7,0,0
Matt Martin,TOR,L,2016-12-13,false,SJS,2,2,2,58,0,0,0,0,0,0,25,15975,403,112,8,9,3,6,0,6
Patrick Maroon,EDM,L,2016-12-06,false,BUF,8,5,6,28,0,2,0,0,1,0,61,25792,568,60,3,19,13,9,4,6
Mitchell Marner,TOR,C,2016-12-13,false,SJS,7,13,-5,18,1,4,0,0,3,0,73,28666,615,14,19,34,21,25,7,9
Patrick Marleau,SJS,L,2016-12-10,false,CAR,7,3,-4,6,1,2,0,0,2,0,67,28593,609,31,9,25,10,14,15,21
Andrei Markov,MTL,D,2016-12-10,false,COL,2,18,6,10,0,8,0,1,0,0,39,37017,770,19,27,15,25,11,0,0
Jonathan Marchessault,FLA,C,2016-12-23,false,DET,10,10,-2,12,3,4,0,0,2,0,72,30760,577,37,10,29,18,21,58,59
Alexey Marchenko,DET,D,2017-01-16,false,MTL,0,5,3,12,0,0,0,1,0,0,24,30026,698,6,42,14,12,3,0,0
Brad Marchand,BOS,L,2016-12-08,false,COL,7,17,11,26,1,4,0,0,3,0,71,31134,667,19,10,31,20,20,10,11
Anthony Mantha,DET,R,2017-01-14,false,PIT,11,11,11,14,1,2,0,0,2,1,68,28860,612,20,18,22,16,12,3,4
Josh Manson,ANA,D,2016-12-09,false,SJS,0,5,-2,44,0,0,0,0,0,0,26,31758,666,72,30,12,23,8,0,0
Brandon Manning,PHI,D,2016-12-14,false,COL,3,6,-3,20,0,0,1,0,1,0,39,30543,719,60,26,11,18,1,0,0
Evgeni Malkin,PIT,C,2016-12-10,false,TBL,12,18,5,42,3,7,0,0,3,0,88,31361,667,17,12,25,25,21,179,219
Denis Malgin,FLA,C,2016-12-08,false,PIT,4,4,0,8,1,0,0,0,1,1,41,20023,444,17,9,13,5,8,49,83
Nathan MacKinnon,COL,C,2016-12-14,false,PHI,8,12,-8,0,1,5,2,0,2,0,102,33567,726,20,11,34,13,18,276,255
Derek MacKenzie,FLA,C,2016-12-08,false,PIT,2,3,3,13,0,0,0,1,0,0,35,20259,480,69,16,16,6,11,137,134
Andrew MacDonald,PHI,D,2016-12-22,false,NJD,2,9,2,6,0,0,0,0,0,0,18,33314,749,14,59,15,21,2,0,0
Olli Maatta,PIT,D,2016-12-10,false,TBL,0,1,9,6,0,0,0,0,0,0,35,30729,720,25,51,13,17,5,0,0
Roman Lyubimov,PHI,L,2017-01-01,false,ANA,3,1,-1,6,0,0,0,0,0,0,29,17355,454,22,10,14,5,8,0,5
Milan Lucic,EDM,L,2016-12-06,false,BUF,8,12,0,18,2,6,0,0,1,0,69,30182,628,74,8,26,16,7,3,2
Adam Lowry,WPG,C,2016-12-04,false,CHI,6,2,-4,19,1,2,0,0,0,0,38,26929,668,71,18,16,9,12,212,235
Ben Lovejoy,NJD,D,2016-12-11,false,NYR,1,2,-7,14,0,0,0,0,1,0,31,33965,732,38,52,13,12,8,0,0
Bryan Little,WPG,C,2017-01-24,false,SJS,12,12,1,6,4,1,0,0,1,1,62,29866,705,11,11,23,8,12,310,238
Hampus Lindholm,ANA,D,2017-01-06,false,ARI,1,4,8,20,0,2,0,0,1,0,37,37419,769,42,35,22,22,8,0,0
Elias Lindholm,CAR,C,2016-12-23,false,BOS,2,9,-5,6,0,2,0,2,0,0,54,30448,672,39,26,24,13,21,145,133
Esa Lindell,DAL,D,2016-12-29,false,COL,3,3,4,8,0,1,0,0,2,1,34,33962,740,37,45,15,12,10,0,1
Oscar Lindberg,NYR,C,2017-01-13,false,TOR,1,6,1,16,0,1,0,0,0,0,42,19839,486,41,17,14,4,5,132,129
John-Michael Liles,BOS,D,2017-01-20,false,CHI,0,5,-1,4,0,3,0,0,0,0,24,27162,603,19,36,13,5,9,1,0
Trevor Lewis,LAK,C,2016-12-13,false,BUF,5,6,-5,8,0,1,0,0,1,0,48,23301,527,61,10,19,7,5,25,39
Mark Letestu,EDM,C,2016-12-11,false,WPG,6,6,-2,2,3,0,2,1,3,0,33,22605,578,22,13,12,10,6,155,159
Kris Letang,PIT,D,2017-01-11,false,WSH,3,19,-4,20,2,9,0,0,1,1,85,43843,846,57,53,30,34,25,0,0
Jori Lehtera,STL,C,2016-12-19,false,EDM,4,6,0,12,0,1,0,0,1,0,31,25772,662,24,13,0,5,8,190,165
Artturi Lehkonen,MTL,L,2016-12-31,false,PIT,7,2,4,6,1,1,0,0,1,0,58,22929,576,23,9,22,7,15,0,0
Anders Lee,NYI,L,2016-12-13,false,WSH,8,3,5,16,2,0,0,0,2,0,52,22240,525,68,14,18,7,11,1,4
Nick Leddy,NYI,D,2016-12-15,false,CHI,4,9,-11,6,1,4,0,0,0,0,52,38563,677,28,44,25,9,15,0,0
Curtis Lazar,OTT,C,2017-02-02,false,TBL,0,1,-7,4,0,0,0,0,0,0,23,14039,359,49,10,7,4,5,23,40
Adam Larsson,EDM,D,2016-12-06,false,BUF,2,4,-2,24,0,0,0,0,0,0,32,33971,741,83,46,13,21,11,0,0
Dylan Larkin,DET,C,2016-12-09,false,CBJ,9,2,-7,17,3,0,0,0,1,0,80,27876,598,14,7,22,20,26,57,79
Nick Lappin,NJD,R,2016-12-29,false,WSH,4,3,-5,17,0,0,0,0,0,0,41,20447,470,29,6,13,4,12,2,4
Gabriel Landeskog,COL,L,2017-01-04,false,CGY,6,6,-11,30,2,0,0,0,2,1,55,31403,679,65,12,14,12,32,21,26
Patrik Laine,WPG,R,2016-12-04,false,CHI,16,7,0,8,7,2,0,0,3,1,74,30921,618,31,13,28,29,14,0,2
Andrew Ladd,NYI,L,2016-12-13,false,WSH,3,3,-8,16,0,0,0,0,1,0,41,27592,582,30,18,19,15,20,2,2
Kevin Labanc,SJS,R,2017-01-10,false,EDM,7,5,5,12,0,1,0,0,2,1,42,22453,525,10,5,19,15,9,1,2
Evgeny Kuznetsov,WSH,C,2016-12-13,false,NYI,3,13,6,12,0,4,0,0,0,0,47,29013,596,16,7,21,23,11,173,234
Chris Kunitz,PIT,L,2016-12-22,false,CBJ,2,12,5,22,0,3,0,0,2,0,55,25683,591,85,9,17,11,13,3,4
Dmitry Kulikov,BUF,D,2017-02-09,false,ANA,1,1,-9,20,0,0,0,0,0,0,29,38327,824,37,43,19,14,8,0,0
Nikolay Kulemin,NYI,L,2016-12-16,false,BUF,3,5,1,6,0,0,0,0,0,0,27,22936,585,30,19,18,8,10,5,4
Tom Kuhnhackl,PIT,R,2017-02-09,false,COL,2,3,4,10,0,0,0,0,0,0,20,16541,441,45,19,10,2,3,1,2
Nikita Kucherov,TBL,R,2016-12-10,false,PIT,13,17,6,20,4,6,0,0,3,0,84,31269,623,8,12,39,22,25,0,0
Marcus Kruger,CHI,C,2016-12-06,false,ARI,2,5,10,18,0,0,0,0,0,0,28,23006,607,13,20,13,4,12,164,159
Torey Krug,BOS,D,2016-12-08,false,COL,1,11,-5,15,0,4,0,0,0,0,84,36951,762,26,22,32,19,7,0,1
Niklas Kronwall,DET,D,2017-01-25,false,TOR,0,4,2,12,0,1,0,0,0,0,28,31352,711,41,45,10,9,2,0,0
David Krejci,BOS,C,2016-12-08,false,COL,4,13,-7,14,1,4,0,0,1,0,59,31026,613,26,24,26,16,16,199,192
Chris Kreider,NYR,L,2016-12-18,false,NJD,9,12,4,17,2,4,0,0,2,0,71,28206,614,50,15,31,15,8,3,2
Lauri Korpikoski,DAL,L,2016-12-08,false,NSH,4,5,0,4,0,0,0,1,0,0,47,23566,608,17,14,11,8,7,0,4
Anze Kopitar,LAK,C,2016-12-22,false,NSH,3,13,2,6,0,4,0,1,0,0,59,35680,708,38,19,30,13,12,346,309
Travis Konecny,PHI,C,2016-12-06,false,FLA,4,10,-3,33,2,1,0,0,0,0,59,24763,569,44,10,25,9,11,0,2
Leo Komarov,TOR,C,2016-12-13,false,SJS,3,7,1,17,0,2,1,0,0,0,36,28534,708,94,17,13,6,8,29,33
Mikko Koivu,MIN,C,2016-12-13,false,FLA,7,8,11,8,0,3,0,1,2,1,46,33603,747,8,31,19,10,14,364,297
Slater Koekkoek,TBL,D,2017-01-05,false,NSH,0,4,-3,8,0,0,0,0,0,0,27,21922,503,25,26,13,7,1,0,0
John Klingberg,DAL,D,2016-12-11,false,CHI,2,12,-7,14,0,6,0,0,0,0,36,38465,802,16,40,22,29,13,0,0
Kevin Klein,NYR,D,2016-12-15,false,DAL,0,8,5,5,0,1,0,1,0,0,24,29500,654,63,67,6,16,9,0,0
Oscar Klefbom,EDM,D,2016-12-06,false,BUF,3,6,-1,0,0,2,0,0,2,0,63,36352,736,17,47,29,19,6,0,0
Dwight King,LAK,L,2016-12-13,false,BUF,5,4,2,6,0,0,0,0,1,0,44,25924,552,43,12,13,8,7,3,5
Jakub Kindl,FLA,D,2017-01-23,false,ARI,0,4,-12,22,0,0,0,0,0,0,31,25122,533,37,28,13,12,7,0,0
Alex Killorn,TBL,L,2016-12-08,false,VAN,8,4,-5,22,2,3,0,0,2,0,62,28943,578,43,9,16,13,6,1,5
Phil Kessel,PIT,R,2016-12-10,false,TBL,9,21,2,12,3,9,0,0,2,0,70,30439,659,6,7,27,15,4,1,6
Ryan Kesler,ANA,C,2016-12-09,false,SJS,12,12,8,24,7,4,0,0,2,0,69,35917,758,42,27,34,19,4,377,253
Tanner Kero,CHI,C,2017-03-01,false,PIT,5,6,13,4,0,0,0,0,0,0,31,22375,530,26,30,7,7,6,130,150
Michal Kempny,CHI,D,2017-01-06,false,CAR,2,4,-1,16,0,0,0,0,0,0,33,25806,581,53,34,26,15,2,0,0
Chris Kelly,OTT,C,2016-12-10,false,LAK,2,2,-4,6,0,0,0,0,1,0,32,22202,545,27,18,10,9,10,105,134
Duncan Keith,CHI,D,2016-12-06,false,ARI,0,17,8,6,0,3,0,0,0,0,62,43915,823,11,29,18,22,8,0,0
Zack Kassian,EDM,R,2016-12-11,false,WPG,2,4,0,45,0,0,0,0,0,0,43,19866,484,61,6,11,8,8,1,0
Ondrej Kase,ANA,R,2017-01-12,false,COL,4,6,-2,12,0,0,0,0,2,1,47,20517,529,19,10,18,16,13,1,3
Melker Karlsson,SJS,C,2016-12-27,false,ANA,4,4,6,6,0,0,0,0,0,0,23,20065,516,23,21,13,8,5,0,3
William Karlsson,CBJ,C,2016-12-16,false,CGY,4,7,10,2,0,0,0,1,1,0,44,23959,586,12,5,17,9,13,148,185
Erik Karlsson,OTT,D,2016-12-10,false,LAK,7,20,4,16,1,8,0,1,2,0,68,45612,915,24,78,45,42,20,0,0
Evander Kane,BUF,L,2017-01-07,false,WPG,9,5,-10,39,1,3,0,0,2,0,80,31349,624,49,12,29,13,19,32,38
Patrick Kane,CHI,R,2016-12-06,false,ARI,8,19,3,16,2,5,0,0,2,0,85,37068,655,13,4,30,10,11,4,23
Sergey Kalinin,NJD,C,2016-12-29,false,WSH,1,1,-11,11,0,0,0,0,0,0,29,21372,519,42,14,7,6,3,23,39
Nazem Kadri,TOR,C,2016-12-13,false,SJS,10,8,-3,55,3,2,0,0,2,1,84,26833,650,39,12,34,16,23,199,227
Tomas Jurco,CHI,L,2017-04-04,false,COL,1,0,-11,4,0,0,0,0,0,0,33,17690,431,20,9,16,6,3,0,1
Roman Josi,NSH,D,2016-12-13,false,STL,5,12,1,10,2,6,0,0,1,0,85,41979,806,20,43,29,16,7,0,0
Jacob Josefson,NJD,C,2017-02-12,false,SJS,1,6,3,14,0,1,0,0,1,0,33,20857,480,25,10,20,8,6,112,104
Josh Jooris,ARI,R,2017-02-14,false,EDM,3,2,3,12,0,0,0,0,0,0,37,18689,467,32,13,8,2,6,98,89
Seth Jones,CBJ,D,2016-12-29,false,WPG,6,9,8,10,0,1,0,0,2,2,59,38939,838,30,54,16,18,10,0,0
Jyrki Jokipakka,CGY,D,2017-01-07,false,VAN,1,5,-2,8,0,0,0,0,0,0,16,24798,582,16,23,6,15,5,0,0
Jussi Jokinen,FLA,L,2016-12-31,false,DAL,3,5,-7,16,1,1,0,0,2,0,55,30407,658,8,13,17,26,10,18,16
Erik Johnson,COL,D,2017-03-05,false,STL,1,11,-5,4,0,5,0,0,0,0,58,36440,832,52,69,19,16,12,0,0
Tyler Johnson,TBL,C,2016-12-08,false,VAN,8,7,-5,12,4,3,0,0,1,0,57,30674,638,27,14,24,9,12,253,217
Jack Johnson,CBJ,D,2016-12-16,false,CGY,1,6,15,16,1,0,0,0,0,0,36,36144,777,34,45,15,10,6,0,0
Stephen Johns,DAL,D,2017-01-04,false,MTL,3,4,-1,19,0,0,0,0,1,0,33,30887,700,78,50,20,20,6,0,0
Marcus Johansson,WSH,L,2016-12-13,false,NYI,12,10,8,6,3,4,0,0,5,2,50,29770,581,13,0,16,22,16,7,9
Ryan Johansen,NSH,C,2016-12-13,false,STL,6,14,2,18,3,6,0,0,3,0,65,31196,671,35,9,29,14,14,246,233
Nick Jensen,DET,D,2017-02-28,false,VAN,3,5,2,8,0,0,0,0,0,0,34,27215,630,27,25,13,14,4,0,0
Boone Jenner,CBJ,C,2016-12-16,false,CGY,5,4,-2,14,0,1,0,0,1,0,68,25108,574,72,24,21,6,13,41,27
Dmitrij Jaskin,STL,R,2016-12-20,false,DAL,1,6,3,8,0,0,0,0,0,0,31,19473,464,48,6,14,6,7,3,4
Calle Jarnkrok,NSH,C,2016-12-13,false,STL,5,2,-1,4,0,0,0,0,0,0,37,23794,596,16,7,15,9,7,133,149
Jaromir Jagr,FLA,R,2016-12-08,false,PIT,6,8,1,18,3,2,0,0,0,0,65,28398,549,8,2,15,17,16,0,0
Matt Irwin,NSH,D,2016-12-27,false,MIN,3,4,12,6,0,0,0,0,1,0,47,27048,620,66,44,22,16,6,0,0
Jarome Iginla,COL,R,2016-12-14,false,PHI,3,4,-3,35,1,3,0,0,0,0,55,25562,547,31,8,19,9,12,6,6
Zach Hyman,TOR,C,2016-12-13,false,SJS,5,5,-1,10,0,0,0,0,2,0,60,27495,640,40,23,18,6,20,8,12
Ben Hutton,VAN,D,2016-12-10,false,FLA,3,4,-12,14,1,3,0,0,1,1,56,36701,738,23,45,19,24,15,0,0
Matt Hunwick,TOR,D,2017-01-01,false,DET,0,8,5,8,0,0,0,0,0,0,28,30028,700,44,45,17,21,17,0,0
Jiri Hudler,DAL,R,2017-03-02,false,NYI,3,7,-4,4,1,0,0,0,1,0,20,19848,485,9,3,10,5,11,3,2
Jonathan Huberdeau,FLA,L,2017-04-03,false,MTL,8,15,-1,13,2,4,0,0,2,1,75,30086,630,18,5,21,22,12,4,5
Marian Hossa,CHI,R,2016-12-09,false,NYR,14,6,6,6,3,3,0,0,4,3,64,29546,666,11,15,26,6,19,4,7
Bo Horvat,VAN,C,2016-12-10,false,FLA,8,8,-4,14,0,1,2,0,0,0,49,29010,683,31,10,34,7,12,253,227
Patric Hornqvist,PIT,R,2016-12-22,false,CBJ,7,12,9,10,6,3,0,0,1,0,104,27467,625,87,29,21,3,12,1,4
Korbinian Holzer,ANA,D,2017-03-22,false,EDM,1,5,-3,12,0,0,0,0,0,0,12,22914,505,62,27,8,10,2,0,0
Peter Holland,ARI,C,2017-02-16,false,LAK,1,6,-13,14,0,0,0,0,0,0,46,22064,477,23,4,20,7,6,135,162
Nick Holden,NYR,D,2016-12-08,false,WPG,3,9,11,8,1,0,0,0,0,0,18,33110,735,51,34,18,22,12,0,1
Mike Hoffman,OTT,L,2016-12-14,false,SJS,9,12,-5,27,5,5,0,0,2,0,87,28954,583,20,12,32,15,16,4,2
Niklas Hjalmarsson,CHI,D,2016-12-09,false,NYR,3,4,5,4,0,0,0,0,0,0,23,36866,802,10,60,6,24,9,0,0
Vinnie Hinostroza,CHI,L,2016-12-27,false,WPG,3,5,-1,10,0,0,0,0,1,0,40,19437,429,18,14,16,8,17,64,98
Thomas Hickey,NYI,D,2016-12-13,false,WSH,2,4,0,8,0,1,0,0,1,1,36,31233,644,36,54,16,16,5,0,0
Tomas Hertl,SJS,C,2017-02-19,false,BOS,6,9,0,12,1,1,0,0,2,0,67,28481,647,46,14,22,11,20,124,93
Adam Henrique,NJD,C,2016-12-11,false,NYR,6,8,-2,10,1,1,0,0,1,1,41,30731,665,33,23,16,16,10,214,233
Matt Hendricks,EDM,L,2017-02-16,false,PHI,4,3,-3,25,0,0,0,0,1,0,30,18717,464,51,31,7,5,3,84,63
Darren Helm,DET,C,2017-02-12,false,MIN,6,5,3,10,2,2,0,1,1,0,53,26247,627,43,10,12,13,13,165,152
Victor Hedman,TBL,D,2016-12-08,false,VAN,5,14,3,14,2,6,0,0,2,0,55,41626,792,38,43,28,25,16,0,0
Kevin Hayes,NYR,C,2016-12-08,false,WPG,11,9,15,8,1,1,1,1,3,0,47,27732,645,23,20,16,31,20,163,186
Jimmy Hayes,BOS,R,2016-12-18,false,LAK,2,0,-6,20,0,0,0,0,1,0,44,16823,393,44,6,13,6,9,1,8
Erik Haula,MIN,L,2017-01-07,false,LAK,6,5,2,10,0,0,0,0,2,0,54,23790,566,16,12,13,8,12,175,153
Scott Hartnell,CBJ,L,2016-12-16,false,CGY,5,11,8,11,1,0,0,0,0,0,38,21371,523,24,17,13,15,4,3,2
Ryan Hartman,CHI,L,2016-12-17,false,STL,5,4,4,6,0,0,0,0,1,0,59,20452,462,45,12,12,7,13,6,9
Martin Hanzal,ARI,C,2016-12-21,false,EDM,7,4,-13,31,3,2,0,0,1,1,64,30756,665,62,22,23,19,11,309,257
Jannik Hansen,VAN,R,2017-02-25,false,SJS,6,7,2,27,0,0,0,0,1,0,56,27459,638,20,8,21,9,15,0,0
Noah Hanifin,CAR,D,2016-12-10,false,SJS,2,7,-6,18,2,3,0,0,0,0,43,28435,597,19,17,17,17,9,0,0
Travis Hamonic,NYI,D,2016-12-18,false,OTT,2,8,-14,49,0,1,0,0,0,0,46,34686,642,36,60,22,24,8,0,0
Dougie Hamilton,CGY,D,2016-12-04,false,ANA,3,10,1,26,0,2,0,1,1,0,77,32454,749,38,30,22,18,5,0,0
Dan Hamhuis,DAL,D,2016-12-11,false,CHI,0,7,-1,8,0,0,0,1,0,0,35,33013,739,34,42,14,10,5,0,0
Taylor Hall,NJD,L,2017-01-02,false,BOS,9,16,-4,8,4,3,0,0,2,1,89,34164,667,28,15,28,14,18,2,3
Micheal Haley,SJS,C,2017-01-11,false,CGY,0,5,3,49,0,0,0,0,0,0,20,13894,353,65,10,9,11,12,15,29
Ron Hainsey,CAR,D,2016-12-10,false,SJS,1,6,-11,10,0,0,1,0,0,0,30,36939,758,43,38,13,20,6,0,0
Carl Hagelin,PIT,L,2016-12-10,false,TBL,3,7,6,2,0,0,0,1,0,0,60,27074,641,28,12,18,14,8,2,1
Carl Gunnarsson,STL,D,2016-12-30,false,NSH,0,2,-5,4,0,0,0,0,0,0,15,23013,590,21,35,11,3,1,0,0
Jake Guentzel,PIT,C,2017-03-08,false,WPG,9,8,3,8,0,1,0,0,0,0,51,25850,565,53,13,14,4,9,8,8
Radko Gudas,PHI,D,2016-12-28,false,STL,1,9,2,43,0,1,0,0,0,0,44,33251,742,113,70,34,24,11,0,0
Eric Gryba,EDM,D,2017-02-16,false,PHI,1,3,-4,42,0,0,0,0,1,0,30,27561,613,105,34,12,12,6,0,0
Mikhail Grigorenko,COL,C,2016-12-16,false,FLA,3,7,-3,8,0,3,0,0,0,0,38,24538,543,8,8,9,8,14,49,47
Andy Greene,NJD,D,2016-12-11,false,NYR,3,4,-5,2,0,0,1,0,1,1,32,36791,777,27,63,21,21,10,0,0
Mike Green,DET,D,2016-12-09,false,CBJ,6,10,-3,18,1,3,0,0,1,1,48,40910,811,24,34,22,23,11,0,0
Kevin Gravel,LAK,D,2017-01-14,false,WPG,0,2,4,6,0,1,0,0,0,0,25,23521,572,46,39,19,15,0,0,0
Tyler Graovac,MIN,C,2016-12-31,false,CBJ,3,0,1,4,0,0,0,0,1,0,24,16757,414,30,6,17,1,10,103,105
Derek Grant,BUF,C,2016-12-22,false,CAR,0,3,-2,19,0,0,0,0,0,0,26,17753,450,19,17,11,7,8,132,113
Mikael Granlund,MIN,C,2016-12-13,false,FLA,6,12,10,2,1,4,1,0,2,0,48,32633,695,18,17,23,13,10,5,6
Markus Granlund,VAN,C,2016-12-10,false,FLA,5,5,-11,8,1,1,0,0,1,1,45,28260,641,12,3,22,4,15,36,53
Michael Grabner,NYR,R,2016-12-09,false,CHI,13,4,19,4,0,0,0,1,1,0,62,22432,585,15,18,19,10,25,2,2
Shayne Gostisbehere,PHI,D,2016-12-08,false,EDM,4,11,-4,14,1,7,0,0,1,0,66,34723,713,8,34,52,28,7,0,0
Josh Gorges,BUF,D,2016-12-20,false,FLA,0,1,-3,23,0,0,0,0,0,0,12,32127,758,63,50,9,6,1,0,1
Cody Goloubef,COL,D,2017-02-23,false,NSH,0,3,-10,25,0,0,0,0,0,0,25,29451,674,22,30,5,7,5,0,0
Alex Goligoski,ARI,D,2016-12-12,false,PIT,1,11,-8,6,0,3,0,0,0,0,38,39181,796,37,54,11,14,2,0,0
Luke Glendening,DET,C,2016-12-09,false,CBJ,1,6,-1,10,0,1,0,0,0,0,36,23249,573,78,34,17,3,10,115,103
Claude Giroux,PHI,C,2016-12-06,false,FLA,7,18,-2,12,4,10,0,0,1,1,72,32599,717,21,10,30,12,10,345,284
Zemgus Girgensons,BUF,C,2016-12-13,false,LAK,2,3,-4,4,0,0,0,0,0,0,42,19710,464,39,9,13,6,2,91,91
Dan Girardi,NYR,D,2016-12-15,false,DAL,3,4,12,6,0,0,0,1,3,0,26,32083,720,52,78,11,21,3,0,0
Mark Giordano,CGY,D,2016-12-04,false,ANA,2,8,8,24,0,3,1,1,0,0,63,41367,856,22,67,27,7,17,0,0
Brian Gionta,BUF,R,2016-12-13,false,LAK,7,5,0,10,0,0,0,0,1,0,61,28883,601,25,11,18,11,8,12,12
Ryan Getzlaf,ANA,C,2016-12-15,false,BOS,3,23,-5,14,1,10,0,0,1,0,54,34283,729,35,29,30,28,23,215,188
Brendan Gaunce,VAN,C,2016-12-10,false,FLA,0,3,-1,27,0,0,0,0,0,0,20,14315,371,39,5,7,3,3,63,68
Johnny Gaudreau,CGY,L,2016-12-29,false,ANA,9,16,-11,0,1,8,0,0,1,0,81,31846,639,3,5,27,41,13,0,0
Jason Garrison,TBL,D,2016-12-14,false,CGY,1,3,-4,6,0,0,0,0,0,0,36,30603,678,29,39,23,15,6,0,0
Jake Gardiner,TOR,D,2016-12-13,false,SJS,5,7,3,12,2,2,0,0,0,0,47,34103,727,25,21,16,27,15,0,0
Brendan Gallagher,MTL,R,2016-12-10,false,COL,5,12,9,20,1,1,0,0,1,0,73,25506,603,27,9,26,9,12,19,28
Alex Galchenyuk,MTL,C,2017-01-18,false,PIT,10,14,7,18,3,5,0,0,2,1,49,27379,609,12,16,19,16,8,139,203
Sam Gagner,CBJ,C,2016-12-18,false,VAN,13,10,9,6,5,6,0,0,1,0,73,22816,486,3,5,22,8,5,45,56
Marian Gaborik,LAK,R,2017-01-31,false,ARI,5,7,2,6,1,1,0,0,1,0,66,25545,559,12,4,27,13,3,0,1
Michael Frolik,CGY,R,2016-12-04,false,ANA,6,9,4,10,0,0,2,0,1,1,65,27777,631,19,21,18,15,20,7,7
Cody Franson,BUF,D,2016-12-13,false,LAK,1,6,2,14,1,0,0,0,0,0,43,30964,685,27,29,13,14,5,0,0
Cam Fowler,ANA,D,2016-12-09,false,SJS,7,10,5,2,4,4,0,0,2,0,62,40263,791,13,36,14,26,8,0,0
Gustav Forsling,CHI,D,2016-12-18,false,SJS,1,3,4,2,0,1,0,0,0,0,33,25431,545,14,11,11,23,1,0,0
Filip Forsberg,NSH,L,2016-12-13,false,STL,3,14,-5,10,0,3,0,0,0,0,71,31129,709,40,7,39,15,27,5,8
Derek Forbort,LAK,D,2016-12-13,false,BUF,1,8,4,34,0,0,0,0,0,0,24,30444,698,57,66,12,15,3,1,0
Christian Folin,MIN,D,2017-01-08,false,ANA,0,3,11,20,0,0,0,0,0,0,21,26227,601,44,33,11,8,7,0,0
Marcus Foligno,BUF,L,2016-12-13,false,LAK,4,4,0,17,0,0,0,0,0,0,42,26548,591,87,21,14,10,10,0,1
Nick Foligno,CBJ,L,2016-12-20,false,LAK,10,13,7,33,5,6,0,0,1,0,62,31160,687,40,19,26,16,11,24,25
Brian Flynn,MTL,C,2017-01-04,false,DAL,4,3,6,4,0,0,0,0,0,0,30,21097,568,10,17,14,8,8,59,58
Mike Fisher,NSH,C,2016-12-20,false,NJD,9,9,-5,31,4,5,0,0,2,0,55,27734,634,56,21,17,2,9,265,215
Valtteri Filppula,TBL,C,2016-12-10,false,PIT,6,12,3,8,0,5,0,0,1,0,38,30080,619,10,14,7,14,12,223,273
Vernon Fiddler,NJD,C,2016-12-11,false,NYR,1,2,-4,19,0,0,1,0,0,0,27,21416,544,30,16,11,14,4,187,168
Kevin Fiala,NSH,L,2017-01-05,false,TBL,6,3,2,8,0,0,0,0,1,0,65,22302,522,28,7,18,12,19,0,0
Micheal Ferland,CGY,L,2016-12-04,false,ANA,4,6,-2,10,2,1,0,0,0,0,33,17882,450,60,9,12,12,14,0,2
Eric Fehr,PIT,C,2016-12-20,false,NYR,3,2,-3,6,0,0,0,0,1,0,30,18956,479,38,21,7,8,16,29,27
Justin Faulk,CAR,D,2016-12-17,false,BUF,5,8,-11,10,1,4,0,0,0,0,85,38872,756,52,29,35,23,19,0,0
Jesper Fast,NYR,R,2016-12-08,false,WPG,2,10,9,12,0,0,0,0,0,0,18,23035,566,43,13,9,8,19,9,11
Justin Falk,BUF,D,2017-01-17,false,TOR,0,2,1,11,0,0,0,0,0,0,17,21935,550,50,13,15,9,5,0,0
Radek Faksa,DAL,C,2016-12-08,false,NSH,2,7,4,17,0,0,0,0,0,0,45,27202,696,37,24,25,10,19,204,245
Robby Fabbri,STL,C,2016-12-11,false,MIN,8,9,-5,19,3,3,0,0,0,0,49,27492,621,34,10,18,6,15,11,8
Loui Eriksson,VAN,L,2016-12-10,false,FLA,6,5,-9,0,2,1,0,1,1,0,54,31879,680,4,11,13,8,9,0,0
Jonathan Ericsson,DET,D,2016-12-15,false,LAK,0,5,2,45,0,0,0,0,0,0,22,30772,717,40,19,13,13,1,0,0
Toby Enstrom,WPG,D,2016-12-10,false,CGY,1,7,-3,12,0,4,1,0,0,0,25,38133,796,9,40,14,17,7,0,0
Tyler Ennis,BUF,L,2017-02-18,false,STL,4,4,-3,2,0,1,0,0,0,0,51,21571,450,24,14,10,6,12,2,9
Deryk Engelland,CGY,D,2016-12-04,false,ANA,1,5,9,32,0,0,0,0,1,0,37,31131,704,55,49,13,17,6,1,0
Alexei Emelin,MTL,D,2016-12-10,false,COL,1,3,8,35,0,0,0,0,0,0,31,35932,737,102,51,13,34,6,0,0
Ryan Ellis,NSH,D,2016-12-30,false,STL,4,8,6,19,0,4,0,1,2,0,44,40795,797,34,56,22,16,12,0,0
Lars Eller,WSH,C,2016-12-16,false,CAR,2,2,-5,20,0,0,0,0,0,0,36,23079,513,20,8,21,13,11,137,160
Oliver Ekman-Larsson,ARI,D,2016-12-12,false,PIT,5,8,-6,18,2,4,0,0,1,1,61,40534,778,43,25,30,17,11,0,0
Mattias Ekholm,NSH,D,2016-12-13,false,STL,0,8,-4,10,0,1,0,1,0,0,46,39640,773,17,54,26,26,9,0,0
Aaron Ekblad,FLA,D,2016-12-08,false,PIT,6,2,-12,26,2,1,0,0,1,1,90,39080,686,54,24,32,22,12,0,0
Jack Eichel,BUF,C,2017-01-31,false,MTL,12,9,-4,4,5,5,0,0,3,1,119,33366,625,17,19,42,25,18,158,217
Nikolaj Ehlers,WPG,L,2016-12-04,false,CHI,4,18,0,12,0,3,0,0,1,0,57,29745,619,16,9,34,16,13,0,1
Joel Edmundson,STL,D,2017-01-07,false,DAL,1,8,-1,30,0,0,0,0,0,0,36,28576,700,59,36,15,9,4,0,0
Alexander Edler,VAN,D,2017-01-07,false,CGY,1,6,-7,8,1,1,0,0,0,0,51,39869,790,52,71,21,16,10,2,1
Jordan Eberle,EDM,C,2016-12-06,false,BUF,8,13,-3,4,3,4,0,0,0,0,81,29875,637,7,13,27,9,9,3,2
Patrick Eaves,DAL,R,2016-12-10,false,PHI,10,8,-7,10,5,3,0,0,1,0,71,28125,655,35,17,33,4,8,0,1
Cody Eakin,DAL,C,2017-01-26,false,BUF,1,3,-9,30,0,1,0,0,1,0,32,25902,644,31,13,19,15,6,188,197
Ryan Dzingel,OTT,L,2016-12-10,false,LAK,6,8,5,4,0,1,1,0,1,0,39,23503,539,18,13,13,9,11,2,4
Christian Dvorak,ARI,C,2016-12-19,false,CGY,3,8,4,6,0,1,0,0,0,0,23,23170,497,26,23,10,5,3,124,158
Brian Dumoulin,PIT,D,2016-12-12,false,ARI,0,5,-3,10,0,0,0,0,0,0,41,32357,751,48,32,10,14,7,0,0
Gabriel Dumont,TBL,C,2017-03-16,false,TOR,2,1,-2,25,0,0,0,0,0,0,25,15384,387,56,11,7,4,4,76,62
Matt Dumba,MIN,D,2016-12-13,false,FLA,4,7,10,20,1,2,0,0,1,1,53,34156,690,33,22,22,15,9,0,0
Anthony Duclair,ARI,L,2016-12-17,false,MIN,1,4,-1,10,0,0,0,0,0,0,33,22167,512,10,6,10,16,16,3,0
Matt Duchene,COL,C,2016-12-22,false,TOR,12,10,-9,2,2,4,0,0,3,1,72,31436,664,11,22,23,14,24,191,114
Brandon Dubinsky,CBJ,C,2016-12-20,false,LAK,3,9,7,24,0,3,0,0,2,0,38,29821,697,79,20,16,13,15,277,250
Jonathan Drouin,TBL,L,2016-12-28,false,MTL,10,10,0,6,5,4,0,0,1,0,81,28812,566,20,8,17,24,21,31,38
Leon Draisaitl,EDM,C,2016-12-06,false,BUF,11,11,-7,2,7,3,0,0,1,1,61,29047,607,8,11,25,21,19,215,200
Nic Dowd,LAK,C,2016-12-20,false,CBJ,3,9,-7,2,1,3,0,0,2,1,37,22729,538,72,16,13,9,3,157,169
Drew Doughty,LAK,D,2016-12-13,false,BUF,5,10,4,20,1,4,0,0,0,0,63,45028,923,47,49,23,30,2,1,0
Jake Dotchin,TBL,D,2017-03-27,false,CHI,0,7,8,31,0,0,0,0,0,0,45,31015,650,67,15,24,16,3,0,0
Joonas Donskoi,SJS,R,2016-12-10,false,CAR,2,6,0,8,1,2,0,0,0,0,49,24691,588,12,10,27,19,16,4,2
Max Domi,ARI,L,2017-02-04,false,SJS,5,11,-6,22,1,3,0,0,1,0,58,28526,602,20,11,21,19,15,3,4
Shane Doan,ARI,R,2016-12-12,false,PIT,3,6,-1,20,1,1,0,0,0,0,61,25717,542,48,13,15,12,4,48,50
Brenden Dillon,SJS,D,2016-12-13,false,TOR,0,1,-4,22,0,0,0,0,0,0,28,27051,617,69,22,16,8,1,0,0
Phillip Di Giuseppe,CAR,L,2017-03-19,false,PHI,1,6,-11,15,0,1,0,0,1,1,60,21343,494,71,10,22,8,10,0,2
Nicolas Deslauriers,BUF,L,2017-02-09,false,ANA,0,0,-5,21,0,0,0,0,0,0,14,11905,273,74,5,8,0,1,0,3
Andrew Desjardins,CHI,L,2017-01-17,false,COL,0,0,-7,6,0,0,0,0,0,0,29,15769,365,44,9,6,7,4,23,22
David Desharnais,MTL,C,2017-02-05,false,EDM,4,6,5,4,0,2,0,0,1,0,29,22150,513,1,6,7,5,11,66,76
Jason Demers,FLA,D,2016-12-08,false,PIT,4,6,-4,12,0,3,0,1,0,0,34,33908,676,35,31,30,12,12,0,0
Michael Del Zotto,PHI,D,2017-01-14,false,BOS,4,6,-8,14,0,0,0,0,0,0,51,33206,737,102,57,21,13,4,0,0
Danny DeKeyser,DET,D,2016-12-09,false,CBJ,2,4,-5,15,0,0,0,0,1,1,24,38058,810,31,52,15,19,6,0,0
Anthony DeAngelo,ARI,D,2017-03-13,false,COL,4,7,-8,20,2,5,0,0,1,0,51,30739,630,16,38,16,14,3,0,0
Brandon Davidson,EDM,D,2017-02-24,false,WSH,0,1,1,16,0,0,0,0,0,0,29,25864,604,31,46,12,16,3,0,0
Marko Dano,WPG,C,2016-12-29,false,CBJ,3,7,2,8,2,0,0,0,0,0,31,19264,466,63,10,18,9,13,1,3
Phillip Danault,MTL,L,2016-12-10,false,COL,6,6,2,6,0,0,0,0,1,0,46,21808,546,24,23,14,13,7,99,81
Trevor Daley,PIT,D,2016-12-10,false,TBL,2,7,3,21,1,2,0,1,0,0,44,35122,814,7,45,23,10,15,0,0
Klas Dahlbeck,CAR,D,2017-03-14,false,NYI,1,2,-10,18,0,0,0,0,0,0,25,22758,530,46,24,17,10,5,0,0
Austin Czarnik,BOS,C,2016-12-15,false,ANA,4,5,-4,8,0,2,0,0,1,0,39,22556,537,12,16,14,7,9,11,30
Matt Cullen,PIT,C,2016-12-10,false,TBL,7,6,4,12,0,1,1,0,1,0,34,23385,602,14,7,17,12,4,199,169
Lawson Crouse,ARI,L,2016-12-19,false,CGY,2,1,-9,23,0,0,0,0,1,0,30,19210,458,68,12,8,2,8,0,1
Sidney Crosby,PIT,C,2016-12-22,false,CBJ,23,14,7,12,8,3,0,0,3,0,96,32268,689,31,8,19,31,13,311,336
Joseph Cramarossa,ANA,C,2017-01-04,false,DET,2,4,-3,35,0,0,0,1,0,0,16,17042,438,64,14,9,10,5,2,0
Adam Cracknell,DAL,R,2016-12-11,false,CHI,2,2,3,0,0,0,0,0,0,0,36,17430,436,40,18,17,5,3,39,41
Charlie Coyle,MIN,C,2016-12-13,false,FLA,9,10,9,20,3,0,0,0,2,0,62,30013,644,34,28,15,13,13,12,17
Sean Couturier,PHI,C,2017-01-12,false,VAN,8,4,-3,16,0,2,0,1,1,0,51,30727,697,18,17,19,16,16,244,228
Logan Couture,SJS,C,2016-12-10,false,CAR,11,8,0,8,6,1,0,0,1,0,82,31030,696,17,27,28,33,12,111,194
Nick Cousins,PHI,C,2016-12-14,false,COL,3,5,-3,12,1,1,0,0,0,0,37,18566,441,26,11,10,5,8,61,95
Andrew Copp,WPG,C,2017-01-04,false,FLA,4,3,-1,6,0,0,1,0,1,0,33,20079,517,39,13,11,8,12,49,56
Brett Connolly,WSH,R,2017-01-13,false,CHI,6,1,5,24,1,0,0,0,0,0,36,18189,407,47,5,6,6,8,4,6
Blake Comeau,COL,L,2016-12-22,false,TOR,5,2,-4,24,2,0,1,0,0,0,40,26799,611,58,10,16,6,16,63,68
Ian Cole,PIT,D,2016-12-10,false,TBL,2,9,15,28,0,0,0,0,0,0,31,30132,681,64,56,24,17,6,0,0
Joe Colborne,COL,C,2016-12-27,false,CGY,3,1,-13,14,2,0,0,0,0,0,26,19893,471,35,7,6,8,5,36,56
Andrew Cogliano,ANA,L,2016-12-09,false,SJS,7,7,6,10,0,0,2,0,0,0,66,25495,650,26,13,9,8,11,2,7
Braydon Coburn,TBL,D,2016-12-08,false,VAN,0,4,-1,20,0,0,0,0,0,0,38,27413,610,32,22,11,10,0,0,0
Cal Clutterbuck,NYI,R,2016-12-15,false,CHI,2,8,5,12,0,0,0,0,1,0,49,25433,639,97,11,17,12,14,2,2
Kyle Clifford,LAK,L,2016-12-28,false,VAN,2,4,2,40,0,0,0,0,0,0,49,17619,417,60,2,13,3,7,0,1
Adam Clendening,NYR,D,2017-03-18,false,MIN,2,9,4,17,1,1,0,0,0,0,36,26369,590,19,25,17,19,7,0,0
Fredrik Claesson,OTT,D,2017-04-01,false,WPG,2,8,4,4,0,0,0,1,0,0,18,19759,482,47,16,8,13,3,0,0
Casey Cizikas,NYI,C,2016-12-13,false,WSH,3,9,6,16,0,1,0,0,1,0,29,24480,638,68,32,8,11,12,213,227
Jakob Chychrun,ARI,D,2016-12-29,false,NYR,1,6,-2,33,0,0,0,0,0,0,30,27905,617,43,45,25,18,4,0,0
Jason Chimera,NYI,L,2016-12-13,false,WSH,4,5,-9,18,0,0,0,0,0,0,39,22102,544,49,16,9,7,4,8,12
Alex Chiasson,CGY,R,2016-12-04,false,ANA,5,5,3,19,0,1,1,0,1,0,38,22300,545,30,3,10,8,8,0,11
Ben Chiarot,WPG,D,2016-12-06,false,DET,0,6,-4,10,0,0,0,0,0,0,20,24609,519,37,40,3,19,3,0,0
Zdeno Chara,BOS,D,2016-12-20,false,NYI,2,6,7,23,0,1,0,0,0,0,42,38942,737,49,54,20,23,17,0,0
Michael Chaput,VAN,C,2017-01-04,false,ARI,0,3,-4,13,0,0,0,0,0,0,15,17182,424,30,8,4,4,4,109,107
Cody Ceci,OTT,D,2016-12-10,false,LAK,0,2,-10,6,0,0,0,1,0,0,50,38720,882,55,64,18,29,9,0,0
Jeff Carter,LAK,C,2016-12-13,false,BUF,14,10,3,12,4,2,1,0,6,2,94,30681,662,35,12,31,11,8,273,222
William Carrier,BUF,L,2017-01-13,false,CAR,3,2,2,17,0,0,0,0,1,0,32,15239,403,82,5,11,3,5,1,1
Connor Carrick,TOR,D,2016-12-22,false,COL,1,2,5,28,0,0,0,0,0,0,39,28756,666,32,40,22,24,6,0,0
Daniel Carr,MTL,L,2017-01-12,false,MIN,1,6,3,6,0,0,0,0,1,0,39,17196,431,18,10,17,5,5,2,1
John Carlson,WSH,D,2016-12-13,false,NYI,1,12,0,0,1,6,0,0,0,0,70,39417,736,24,36,42,38,13,0,0
Brandon Carlo,BOS,D,2016-12-08,false,COL,2,5,8,17,0,0,0,0,0,0,38,37590,739,31,46,17,19,5,0,0
Brian Campbell,CHI,D,2016-12-06,false,ARI,2,6,7,10,1,2,0,0,0,0,29,31649,673,18,27,15,23,1,0,0
Michael Cammalleri,NJD,L,2016-12-23,false,PIT,9,10,-3,17,1,4,0,0,2,1,70,30198,617,22,7,29,14,16,9,9
Matt Calvert,CBJ,L,2016-12-27,false,BOS,5,2,6,16,0,0,2,0,1,0,42,24434,576,28,18,21,9,13,2,11
Drake Caggiula,EDM,L,2017-01-16,false,ARI,3,5,-1,6,1,2,0,0,0,0,35,22392,510,50,6,16,7,9,56,86
Paul Byron,MTL,L,2016-12-10,false,COL,9,7,9,8,0,0,1,0,2,0,36,24315,630,35,9,6,9,12,2,1
Dustin Byfuglien,WPG,D,2016-12-04,false,CHI,2,14,-2,29,0,4,0,0,0,0,72,46835,801,72,52,41,35,22,0,0
Alexandre Burrows,VAN,L,2016-12-18,false,CBJ,6,8,0,31,0,0,0,1,0,0,59,24242,605,17,4,14,7,22,0,4
Brent Burns,SJS,D,2016-12-10,false,CAR,12,13,4,6,3,4,0,1,2,1,120,40629,757,33,54,52,58,18,0,0
Alexander Burmistrov,ARI,C,2017-01-23,false,FLA,0,7,-6,10,0,1,0,1,0,0,17,20272,451,39,9,8,9,5,78,135
Andre Burakovsky,WSH,L,2016-12-21,false,PHI,3,9,0,6,0,1,0,0,0,0,47,23850,496,11,10,18,15,17,0,1
Pavel Buchnevich,NYR,R,2017-03-04,false,MTL,7,9,4,13,1,2,0,0,0,0,39,22500,531,11,5,18,17,10,1,3
Dustin Brown,LAK,R,2016-12-13,false,BUF,4,8,-12,10,2,2,1,0,1,0,60,26925,617,70,9,19,9,6,0,2
Connor Brown,TOR,R,2016-12-13,false,SJS,4,5,3,4,0,0,0,0,1,0,40,23827,612,21,24,13,4,11,0,1
J.T. Brown,TBL,R,2016-12-22,false,STL,2,2,-5,43,0,0,1,0,1,0,32,18324,438,44,13,10,5,4,3,6
Troy Brouwer,CGY,R,2016-12-04,false,ANA,6,7,-6,16,1,3,1,1,1,0,42,29486,665,63,23,15,12,11,12,26
Kyle Brodziak,STL,C,2016-12-11,false,MIN,3,2,-2,21,0,0,0,0,1,0,23,16536,456,25,15,8,2,8,87,106
Jonas Brodin,MIN,D,2016-12-13,false,FLA,2,10,4,14,1,2,0,0,2,0,40,33908,728,9,52,17,10,5,0,0
TJ Brodie,CGY,D,2016-12-04,false,ANA,1,6,-16,6,0,2,1,1,0,0,31,39349,845,12,35,16,28,22,0,0
Justin Braun,SJS,D,2016-12-10,false,CAR,0,4,0,6,0,0,0,0,0,0,28,34041,710,34,52,24,20,15,0,0
Derick Brassard,OTT,C,2016-12-10,false,LAK,4,7,2,8,1,1,0,0,0,0,60,29492,630,31,6,25,13,18,245,234
Tyler Bozak,TOR,C,2016-12-13,false,SJS,6,13,-1,6,1,2,0,0,1,0,49,27523,631,22,6,18,13,19,261,192
Brian Boyle,TBL,C,2016-12-14,false,CGY,6,2,4,29,1,1,0,0,0,0,41,19924,453,42,14,14,6,7,88,83
Johnny Boychuk,NYI,D,2016-12-15,false,CHI,4,6,0,4,0,1,1,0,1,0,62,33794,663,62,64,32,21,5,1,0
Jay Bouwmeester,STL,D,2016-12-09,false,NJD,1,5,-6,16,0,0,0,0,0,0,38,38333,849,24,31,12,17,5,0,0
Rene Bourque,COL,R,2016-12-18,false,WPG,9,3,-11,19,2,0,0,0,2,1,50,25183,580,40,14,24,5,14,0,3
Lance Bouma,CGY,C,2017-01-14,false,EDM,2,2,-1,15,0,0,0,0,1,0,24,19632,486,70,19,12,6,5,1,5
Reid Boucher,VAN,C,2017-03-18,false,EDM,3,3,-2,4,0,0,0,0,0,0,47,18655,412,16,10,10,5,13,0,1
Robert Bortuzzo,STL,D,2017-03-11,false,NYI,1,3,8,9,0,0,0,0,0,0,35,23992,645,60,43,18,10,3,0,0
Mark Borowiecki,OTT,D,2016-12-10,false,LAK,0,1,-1,54,0,0,0,0,0,0,12,23006,626,130,39,9,7,2,0,0
Nick Bonino,PIT,C,2016-12-10,false,TBL,3,7,-2,8,0,1,1,0,0,0,44,27867,673,20,39,10,11,13,214,223
Jared Boll,ANA,R,2017-01-06,false,ARI,0,1,-4,53,0,0,0,0,0,0,8,9948,275,28,7,5,3,1,0,1
Zach Bogosian,BUF,D,2017-01-26,false,DAL,1,4,-8,21,0,0,0,0,1,1,38,35357,736,39,54,10,15,7,0,0
Mikkel Boedker,SJS,L,2016-12-10,false,CAR,2,3,-5,6,0,0,0,0,0,0,27,24368,588,22,8,21,19,10,2,8
Nick Bjugstad,FLA,C,2017-02-17,false,ANA,4,3,-10,12,0,1,0,0,0,0,49,22794,527,41,4,16,11,10,78,84
Anthony Bitetto,NSH,D,2017-04-06,false,DAL,0,7,0,25,0,0,0,0,0,0,17,19514,491,42,24,10,7,1,0,0
Kevin Bieksa,ANA,D,2016-12-09,false,SJS,1,0,-2,28,1,0,0,0,0,0,43,33338,665,70,31,14,16,3,0,0
Alex Biega,VAN,D,2017-03-16,false,DAL,0,3,-1,16,0,0,0,0,0,0,27,23379,577,71,21,20,5,5,0,0
Patrik Berglund,STL,C,2016-12-09,false,NJD,1,6,-6,10,0,1,0,0,0,0,43,25041,628,50,13,24,7,10,175,158
Patrice Bergeron,BOS,C,2016-12-14,false,PIT,4,5,0,8,1,1,0,0,2,0,94,31542,678,19,16,34,8,12,374,271
Matt Benning,EDM,D,2017-01-05,false,BOS,0,7,4,8,0,2,0,0,0,0,37,28198,632,58,32,18,21,2,0,0
Sam Bennett,CGY,C,2016-12-04,false,ANA,6,9,-2,32,2,0,0,1,0,0,43,25864,584,48,9,17,9,19,89,105
Beau Bennett,NJD,R,2016-12-23,false,PIT,1,6,-5,8,1,1,0,0,0,0,47,23188,486,32,6,21,7,7,1,6
Jamie Benn,DAL,L,2016-12-08,false,NSH,8,16,-5,29,5,4,0,0,2,1,66,33911,795,43,17,26,15,24,121,94
Jordie Benn,DAL,D,2016-12-13,false,ANA,1,7,2,18,0,2,0,0,0,0,32,32580,747,18,54,22,13,2,0,0
Pierre-Edouard Bellemare,PHI,L,2016-12-06,false,FLA,0,3,2,2,0,0,0,1,0,0,44,24469,595,33,26,14,4,7,169,185
Matt Beleskey,BOS,L,2017-01-26,false,PIT,2,4,-9,32,0,2,0,0,0,0,52,25097,548,68,14,22,6,6,27,39
Anthony Beauvillier,NYI,C,2017-01-14,false,CAR,4,7,3,6,0,0,0,0,0,0,33,19929,454,31,11,11,11,8,21,24
Nathan Beaulieu,MTL,D,2016-12-23,false,CBJ,1,7,12,25,0,2,0,0,1,0,40,31041,643,29,44,16,36,7,0,0
Francois Beauchemin,COL,D,2016-12-14,false,PHI,0,6,0,12,0,2,0,0,0,0,41,35109,759,28,64,17,26,12,0,0
Jay Beagle,WSH,C,2016-12-13,false,NYI,5,6,7,6,0,0,1,1,2,0,40,21935,533,19,14,7,7,6,220,142
Tyson Barrie,COL,D,2016-12-14,false,PHI,2,11,-12,10,0,5,0,0,1,0,62,38790,790,15,27,30,19,9,0,0
Aleksander Barkov,FLA,C,2016-12-08,false,PIT,5,13,3,2,0,5,0,0,2,2,65,32739,644,20,14,20,13,21,204,222
Mark Barberio,COL,D,2017-02-07,false,MTL,0,6,2,10,0,2,0,0,0,0,29,25933,545,10,25,10,16,6,0,0
Ivan Barbashev,STL,C,2017-04-06,false,FLA,4,6,5,2,0,0,0,0,1,0,17,19019,448,31,12,10,2,7,74,111
Justin Bailey,BUF,R,2017-03-11,false,CBJ,2,2,2,4,0,0,0,0,1,0,32,17938,420,24,13,11,9,7,0,1
Josh Bailey,NYI,R,2016-12-13,false,WSH,5,12,3,2,1,3,0,0,1,1,56,31910,664,13,23,25,17,17,5,3
Sven Baertschi,VAN,L,2016-12-16,false,TBL,6,9,0,0,0,1,0,0,2,0,52,25134,583,16,10,11,5,12,1,0
Nicklas Backstrom,WSH,C,2016-12-13,false,NYI,8,17,6,16,1,10,0,0,2,1,61,31285,637,23,10,15,21,24,245,213
Mikael Backlund,CGY,C,2016-12-04,false,ANA,4,8,0,10,1,2,0,3,1,0,68,29899,683,18,20,26,15,17,257,264
David Backes,BOS,R,2016-12-18,false,LAK,7,9,0,27,2,2,0,0,1,0,70,30765,620,92,21,22,15,11,37,43
Cam Atkinson,CBJ,R,2016-12-16,false,CGY,11,18,6,6,5,9,2,0,3,1,83,30313,697,10,10,24,4,13,2,0
Andreas Athanasiou,DET,C,2017-01-14,false,PIT,9,5,2,9,0,0,0,0,1,0,56,21141,495,10,6,26,6,6,27,33
Viktor Arvidsson,NSH,L,2016-12-13,false,STL,9,10,3,10,1,2,2,1,0,0,92,26826,638,10,14,31,10,11,2,1
Joel Armia,WPG,R,2017-01-31,false,STL,3,3,-6,12,0,0,0,0,1,0,54,26052,599,25,10,13,12,16,2,4
Artem Anisimov,CHI,C,2016-12-09,false,NYR,11,12,11,18,2,3,0,0,4,1,46,31400,638,12,9,15,2,14,199,246
Sven Andrighetto,COL,R,2017-03-05,false,STL,2,6,0,4,0,1,0,0,0,0,33,19521,464,29,12,18,3,8,0,0
Andy Andreoff,LAK,L,2017-03-11,false,WSH,0,2,-2,32,0,0,0,0,0,0,24,18137,416,55,7,15,8,4,37,24
Josh Anderson,CBJ,R,2016-12-16,false,CGY,8,4,9,25,0,0,0,0,2,0,46,20386,514,51,19,13,12,7,6,16
Karl Alzner,WSH,D,2016-12-13,false,NYI,2,2,7,10,0,0,0,0,0,0,30,34008,731,33,49,13,18,8,0,0
Sebastian Aho,CAR,R,2016-12-10,false,SJS,4,9,-3,4,0,3,0,0,0,0,65,26394,587,10,2,24,18,9,6,8
Noel Acciari,BOS,C,2017-04-04,false,TBL,2,3,3,16,0,0,0,0,0,0,23,17272,414,75,5,8,4,10,11,18
Justin Abdelkader,DET,L,2017-01-20,false,BUF,4,6,-5,19,2,0,0,1,0,0,45,26828,576,65,10,17,9,9,3,7
Tyler Pitlick,EDM,R,2016-12-11,false,WPG,6,3,0,4,0,0,0,0,1,0,49,17004,417,64,10,8,8,3,7,6
Johan Larsson,BUF,C,2016-12-13,false,LAK,4,5,-6,14,1,0,0,0,2,0,38,29269,616,27,20,20,12,11,205,215
Erik Gudbranson,VAN,D,2016-12-10,false,FLA,1,4,-12,14,0,0,0,0,1,0,39,33971,717,63,37,13,22,3,0,0
